6.01181075632
6.02098487738
6.03360611229
6.04594381926
6.07727851793
6.09189011817
6.10258467404
6.10886369603
6.14742600499
6.30350267947
6.32200716331
6.33207791737
6.34640435817
6.37321106049
6.3971874453
6.41769179861
6.43887456916
6.45294017584
6.47108443207
6.48075846411
6.48469274838
6.5145680239
6.5380781175
6.58809295539
6.6037219471
6.64028883075
6.73391575981
6.73956140133
6.7621224102
6.79592098834
6.89799665746
6.95054487238
6.99366397749
7.06786201832
7.08782821011
7.11103278563
7.21213166226
7.22045965613
7.23069610957
7.23937206902
7.35792256327
7.37922955129
7.40266514167
7.43189103728
7.44858156975
7.48739310771
7.51011924488
7.52388239661
7.53252238087
7.57402895057
7.61987570017
7.66520412312
7.69285349187
7.75695424929
7.80902609417
7.83641839502
7.86846238941
7.90219828179
8.439539935
8.44701425478
8.49264784598
8.50870345064
8.55860664779
8.58717304057
8.59837802852
8.62283212712
8.64481232635
8.6911773669
8.70908723334
9.05253234181
9.0883488869
9.1473537681
9.61102346036
9.63227699269
9.64199871315
9.65208764673
9.66336430289
9.68725653913
9.6909347333
9.71094937648
9.71667822236
9.72187291353
9.75859391948
9.78564218377
9.80213809241
9.82642213942
9.84623479841
10.1177264366
10.2310504869
10.2599036337
10.3404117
10.4149341914
10.4273114494
10.646100883
10.7521000122
10.7978119347
10.8080314561
10.8334383456
10.8451039553
10.8883797133
10.8922662425
10.8986369246
10.9231359867
10.9431325305
10.978261442
11.0033638663
11.0344492573
11.0527857574
11.0636932816
11.0730343843
11.094683997
11.1436088387
11.1524067272
11.1651410381
11.2197056573
11.2475299542
11.3262575495
11.7072716021
11.8166672917
11.8456050726
11.9344147131
11.9741585558
12.0228382047
12.0405561916
12.0603039126
12.065019323
12.0956091273
12.1107021203
12.1275582146
12.1584783272
12.1627974806
12.2049614299
12.2248650836
12.2501180652
12.2618096498
12.2712169246
12.2990195274
12.3288143751
12.3359404453
12.3681605157
12.5569059302
12.5964623107
12.6042197934
12.6608724193
12.7311666477
12.7670293545
12.8322515
12.8648997293
12.9335430946
12.9804034666
13.0132773639
13.0197322154
13.0666370266
13.0757664812
13.1203932845
13.1371801171
13.2112332634
13.2842748878
13.2995071571
13.3194241316
13.3379108065
13.351196338
13.3587945323
13.3663877521
13.3960797089
13.4150908907
13.4434529253
13.4508341163
13.4871806022
13.4968459058
13.5004495644
13.5383967828
13.5592820873
13.56312664
13.5954468841
13.6241493799
13.6410449777
13.6842168201
13.7146444645
13.7345890544
13.7669429751
13.8096487178
13.8734924832
14.1434653489
14.2448014502
14.2873717897
14.4105572114
14.432945325
14.4822550721
14.5207364315
14.5354815834
14.6060385473
14.6449241204
14.8459575018
14.9080528171
14.970621138
15.4854362026
15.524743108
15.6096310066
15.6154712056
15.6307405111
15.6398866767
15.6674876341
15.6778615751
15.6971857038
15.7159076626
15.7357582753
15.7603116296
16.22218482
16.2467255699
16.2642358161
16.3034667572
16.348455431
16.41358791
16.6749021279
16.7129564438
16.8089359127
16.8159191221
16.8294225908
16.8419296468
16.8462830289
16.8610605342
16.8885855208
16.9085539898
17.0472653069
17.0695363055
17.0982904937
17.1376210387
17.1532561578
17.1918301766
17.2291491546
17.3791207558
17.4068524711
17.4534635685
17.4798597318
17.5020570075
17.5217143516
17.6018853046
17.7228962982
17.7627118341
17.8149830541
17.8608336712
17.9106547452
17.9403226118
17.9503942039
18.0110718913
18.017547535
18.0360168179
18.0718845071
18.0919993091
18.1322136522
18.1581143655
18.1941627537
18.2191836107
18.2254054027
18.2434002203
18.2620170211
18.2747283986
18.2855743373
18.3048768407
18.310334027
18.3477957933
18.4004239167
18.4083878139
18.4299026365
18.4419775767
18.46482207
18.4895198554
18.54648619
18.5887199223
18.6311803699
18.6590637156
18.7455317837
18.7596481039
18.7802361781
18.8345722571
18.8900157688
18.9541442354
19.0162678966
19.0733554637
19.1200899687
19.157490159
19.1798069265
19.2179832557
19.2268804456
19.2605045951
19.2658277706
19.2902697762
19.3137174394
19.3399297049
19.3587235673
19.3724866269
19.3833559165
19.4318731105
19.4414126022
19.5033812781
19.5865735459
19.6154149048
19.6352895764
19.6615259162
19.6721686248
19.7294548667
19.7490793657
19.7725921253
19.816197276
19.8702206014
19.9197909635
19.9586764243
20.0085835687
20.0264146678
20.1202597403
20.1891492541
20.2651994902
20.2871462824
20.3553879868
20.4070834348
20.4285307929
20.4565034936
20.4794636832
20.5154234368
20.5343872069
20.5514173944
20.5714505461
20.584806051
20.5894276632
20.6261827262
20.6422205901
20.6703863381
20.6987742226
20.8037132298
20.8655778936
21.6129190199
21.6253579123
21.6426302509
21.6653176862
21.766945359
21.7830897079
21.7875116314
21.7939311392
21.8256370179
21.8297145137
21.8588395463
21.8916134525
21.9333757795
21.9551442058
22.0620027606
22.1575438873
22.2055670026
22.2232165526
22.2389401117
22.2462550137
22.3010795281
22.3288453029
22.374822085
22.4027844264
22.4190786712
22.4764916465
22.5639556893
22.6599766517
22.6998513392
22.777030517
22.8149964213
22.8223639921
22.8379806417
22.8443924561
22.8648040898
22.8703289256
22.8887765145
22.8976403554
22.9034972187
22.9407968293
22.9742162578
22.9913068747
23.0848001757
23.1209914439
23.1796125147
23.1852276593
23.1944401085
23.2523303836
23.267585573
23.2919167857
23.3459369183
23.3601137401
23.3823374698
23.4082120583
23.41515509
23.4597713536
23.4764932601
23.5241228166
23.5805640809
23.5945731153
24.1395287022
24.1580650567
24.1637144672
24.1884712138
24.1967509897
24.25541861
24.2684281886
24.2732618494
24.2819089173
24.3113098897
24.4748864714
24.5003313582
24.5266395337
24.5631526068
24.6204787954
24.6496350994
24.693838206
24.7180693344
24.7753020102
24.8180981999
24.8817706925
24.9449103331
25.0346015497
25.082717948
25.2132992418
25.2538451807
25.2657771496
25.2845536818
25.3267119438
25.3424797932
25.3583290569
25.3866175606
25.3984883677
25.4070530441
25.4365782391
25.4622884274
25.5137067453
25.5239772635
25.5356320249
25.5472429544
25.5738365237
25.583634632
25.7185306964
25.7925118151
25.8138315454
25.8400934005
25.8863763866
25.9064189785
25.9243916546
25.9768314515
26.0477603495
26.1443485989
26.2242546604
26.2921294991
26.3873644918
26.4114132742
26.4218279476
26.4300894983
26.4744017551
26.481216889
26.4902196512
26.5170829034
26.5235633005
26.5634445103
26.5819279511
26.6154397177
26.6692467716
26.6903407565
26.7301746529
26.7677446548
26.8140871875
26.8443299648
26.8708664787
26.9083224712
26.9155329989
26.9214997907
26.9456680217
27.0102109666
27.0475819091
27.146739679
27.1527988183
27.2072081859
27.2204003172
27.2497506053
27.2909937763
27.3711009505
27.4319130417
27.4541155253
27.4743914446
27.6299456203
27.6482059944
27.6669889212
27.7112150618
27.7515861812
28.3877394292
28.4462797663
28.4857596365
28.5316021584
28.6100355814
28.6263371149
28.6327240937
28.714403796
28.7209316383
28.8122431063
28.830180411
28.8361012372
28.9083733186
28.9276053057
28.9516211745
28.9677616991
28.9851741728
29.0053607063
29.0158403728
29.0206535385
29.0519362742
29.061927609
29.080156121
29.1011726224
29.1226719904
29.1262862276
29.137266356
29.1499038862
29.1912955688
29.218729491
29.2670299868
29.2843254257
29.2924271694
29.3298940252
29.4085858484
29.6496573822
29.717500712
29.752842479
29.7952615778
29.8484175082
29.8525492553
29.9186513677
29.9246648722
30.0368657622
30.0611635287
30.0709191611
30.0938789497
30.1112535528
30.1260844514
30.1395120676
30.1490789347
30.1843246307
30.2420286814
30.2690893629
30.2867017935
30.296548878
30.3665913294
30.3838218557
30.4064123102
30.442457396
30.5371928486
30.5437565784
30.5755061572
30.6414489545
30.6776505657
30.6894155408
30.7141599077
30.7460540294
30.7631224972
30.8407394089
30.8815714548
30.8994515044
31.0092343029
31.2238774894
31.2346193819
31.2403231839
31.2526184431
31.2871246752
31.2930521737
31.3241573948
31.334130695
31.3569705836
31.3779803066
31.4248714138
31.4368127751
31.4502091329
31.4569222918
31.4652101754
31.4967422569
31.5095820938
31.6852321751
31.7023502388
31.7144498431
31.7711067476
31.7995013053
31.8265234269
31.8675644423
31.8790721729
31.9234653614
31.94910337
32.1092110935
32.1584146413
32.1779174788
32.2588116826
32.457180616
32.4696143909
32.5106277849
32.5755528813
32.5804443837
32.5963496747
32.6060703943
32.6351233764
32.6790175253
32.7073335128
32.7245620019
32.7283321966
32.7324816372
32.7723178761
32.7819751349
32.8470292706
32.9465738475
32.9630998486
32.9944040955
33.0144434759
33.0328234977
33.0821334938
33.1483646419
33.2528279783
33.3303343893
33.3682017513
33.4483692642
33.480684027
33.5233162476
33.5672110943
33.6150479803
33.6447516309
33.648940975
33.6552774575
33.6758986178
33.6900785985
33.7025683663
33.7437314601
33.7703085896
33.8786534136
33.9075333121
33.9923150442
34.0512947328
34.0733057714
34.1055427195
34.119376805
34.1730273942
34.2123476644
34.2268177554
34.2558909232
34.3079173723
34.3456452413
34.4028442838
34.4227580699
34.518588944
34.5249023994
34.5939696597
34.6579049047
34.7035096782
34.8274581126
34.8452457939
34.8537046393
34.8689446253
34.8805730001
34.9019061558
34.9159090361
34.9473929293
34.9665600122
34.9864645371
35.0052400618
35.0209629061
35.2026903521
35.2191512768
35.2311461317
35.2747203661
35.3087059711
35.3402594254
35.3927046713
36.0086851774
36.0207882863
36.0303497387
36.0455797146
36.0571832685
36.0930096733
36.1083016808
36.1195414898
36.1384113513
36.1461176576
36.1774718785
36.2154870247
36.2350123871
36.2965589047
36.3242226488
36.4527790262
36.4933096654
36.5190318121
36.5352261418
36.5697447634
36.5834761915
36.6803743492
36.7092650031
36.7351873345
36.7809950387
36.7850327775
36.8196521954
36.8779159135
36.9123029482
36.9172476801
36.9487607083
37.0033680832
37.0354010952
37.1280455094
37.1882862402
37.2257145869
37.2397237846
37.2634359393
37.2749408364
37.2825759761
37.3206201188
37.3344595064
37.3456635233
37.5216109973
37.5264305499
37.5567825217
37.5729586831
37.5762977218
37.6604983301
37.6918956626
37.7565384435
37.85405298
37.9044427191
37.9480937597
38.0084404496
38.0431872041
38.0753078823
38.1087166203
38.2313906703
38.2871395826
38.3189994134
38.3674310894
38.4132113194
38.4275741951
38.4471565784
38.5172114266
38.536275631
38.5453683106
38.5531877064
38.5880308417
38.600593492
38.6175182147
38.6254907617
38.6560427914
38.665914485
38.6921014934
38.7014725392
38.7379456955
38.7687476479
38.8043387121
38.8335197285
38.8831163864
38.8992499533
38.9479729725
38.9790080848
39.0042206628
39.1617897702
39.2477163275
39.2840230708
39.3015876132
39.6058132069
39.616035222
39.6251772189
39.6502863341
39.6608694332
39.6744284358
39.6861370934
39.7498557365
39.8016614382
39.8051483807
39.824742501
39.8496903881
39.890668429
39.9049639728
40.1749764734
40.1820838836
40.1948193945
40.2395224241
40.2452559919
40.3004767874
40.3173682584
40.816724755
40.8566664618
40.8705162464
40.8854000846
40.8996959239
40.9170375028
40.930188851
40.9606810954
40.979029882
41.0122338013
41.0487518692
41.077458071
41.119110046
41.1324454732
41.1640421499
41.1913835387
41.2271055648
41.3143447679
41.3607359047
41.3730505316
41.4256873659
41.446626337
41.5922360925
41.6559515189
41.7049902849
41.7299053256
41.8447996528
41.8643327905
41.9193312188
41.9309853338
41.9830486049
809
