6.01602019126
6.02933359562
6.05410833856
6.06903721439
6.07928715447
6.08569099909
6.08920661041
6.09363277939
6.09943598979
6.10430353692
6.11071485842
6.13620763178
6.14435533315
6.15416289434
6.16040571924
6.17867673545
6.18608377611
6.196331784
6.22208178385
6.23808045738
6.24440040032
6.26600366532
6.28816637361
6.29950240486
6.33913029127
6.34888955086
6.38061011519
6.40888899895
6.42105455061
6.45274435687
6.46414137512
6.47759474976
6.48493434321
6.51644623467
6.55070075337
6.87971159671
6.92252999995
6.94338527738
6.96245546624
6.98501682357
7.05049175371
7.09059785336
7.11290054821
7.12583441842
7.13993393941
7.15557577204
7.16596799535
7.19923380024
7.20588581747
7.33320593821
7.3491894715
7.37501966048
7.384550495
7.40369683526
7.44757165657
7.48386430333
7.4949536532
7.52124044711
7.54425936289
7.55834374547
7.57393391623
7.60832187586
7.63340961102
7.66029270597
7.69117182647
7.74252249775
7.79224196693
7.80553700652
7.89594686812
7.93001314282
7.97394564426
8.41456273917
8.43430479367
8.46477651207
8.4732345335
8.54035118505
8.55483355688
8.57975569575
8.60327941016
8.61895758418
8.66264735328
8.69302043669
8.69904795513
8.7201722802
8.73325460899
8.77471252194
8.81760825124
8.82957795815
8.83633138777
8.85977234487
8.88433052351
8.90743407761
8.9647133147
9.00360434822
9.04001873004
9.06579345129
9.1158581647
9.19571991494
9.28760749876
9.33890647997
9.38425390535
9.48024950925
9.64487122873
9.66508114098
9.68518522242
9.69461921843
9.7054238563
9.73983782557
9.75905191038
9.78789016118
9.80560751092
9.84954893684
9.87193554498
9.90201488653
9.91455071129
9.98821503298
10.0008796662
10.0098735566
10.0302570877
10.0529007912
10.0807970507
10.1251431422
10.1575587796
10.1824210777
10.2167724337
10.2559145177
10.2728534877
10.2898325734
10.3068917808
10.3431543012
10.4179814628
10.8146739538
10.8400433781
10.861162889
10.8816555942
12.01071958
12.0225884469
12.052106104
12.0876224781
12.0978629511
12.1057651144
12.1308229962
12.1355455129
12.1577866008
12.1759651686
12.2124904804
13.0829954487
13.1767742613
13.2054135066
13.2363562664
13.3666421709
13.3945557297
13.4201042406
13.4640023985
13.5092954463
13.5692305848
13.5861360841
13.6101395423
13.6250753506
13.6448004153
13.6701665737
13.6847906126
13.7226324322
13.768550569
13.80732924
13.8614470253
13.8939242762
13.9984949994
14.0680507984
14.1934316646
14.2294239848
14.2745413408
14.4154997418
14.4279464899
14.4627170078
14.4794869589
14.4922523457
14.5176787026
14.5466903864
14.5577207532
14.5783204283
14.985574277
14.9922161355
15.0243824088
15.0960742744
15.114920068
15.1879105416
15.2092412407
15.2316719258
15.2881798472
15.3384413105
15.6208903532
15.6446199175
15.6595775501
15.6828006157
15.686255388
15.7203191596
15.7851741978
15.9381173843
15.9767181757
16.0132751845
16.0590409826
16.0759975692
16.0903753491
16.1040558621
16.1166733581
16.1572810783
16.2063822877
16.2239658198
16.2277313359
16.2422966633
16.252476602
16.2875220617
16.3462699862
16.368144654
16.5081983849
16.5129496245
16.5427122881
16.5821836726
16.6167349816
16.8201288912
16.8274910831
16.8422290065
16.8504606215
16.9047567287
16.9174499254
16.9943617169
17.0097595514
17.0154419439
17.066019106
17.0819077422
17.0930662831
17.1004425385
17.1262999227
17.1429679344
17.1757413631
17.2054043022
17.4480464201
17.487107454
17.4908125735
17.5329960004
17.5654859999
17.7380298001
17.8301881807
17.8352232328
17.8591450048
17.9385065874
17.9920521225
18.0110741196
18.020042522
18.032477676
18.0617233691
18.0731040767
18.0794191891
18.0964845004
18.1039867072
18.1223351027
18.1480832469
18.1549478638
18.164634004
18.1982292401
18.2107628614
18.2401070205
18.2446673081
18.260118214
18.2830488011
18.2905392661
18.3310631149
18.3522827713
18.391176241
18.649220006
18.6775963646
18.7054585127
18.7582511342
18.8181049004
18.8562006125
18.8978851939
18.9273172342
19.0240457583
19.0742457928
19.0997982093
19.2048078377
19.2151359
19.2283741735
19.2524273571
19.2672993696
19.2856269628
19.3131427479
19.3195299935
19.3266856827
19.3449482945
19.3643683689
19.3813854981
19.4959243633
19.5341085009
19.5808685099
19.6054665661
20.1262633755
20.1535301942
20.1771616255
20.2029258812
20.2733005089
20.3329742045
20.3858348689
20.404230838
20.4161327704
20.4327015198
20.446095322
20.5097756659
20.5379146229
20.5740855926
20.6040404826
20.6488358481
20.6950352784
20.720448278
20.7548639781
20.7764744312
20.8155282434
20.841914939
20.852857472
20.8725183698
20.9012337429
20.9139610856
20.9517800109
20.9596605124
20.9903391617
21.0160518203
21.0672730385
21.0904150688
21.146370134
21.1878740418
21.2595924191
21.3054619101
21.334508112
21.6872356172
21.7160314673
21.7266430758
21.7577271058
21.7688636713
21.7839756358
21.8223707612
22.8149077483
22.8279923102
22.86042953
22.8696370368
22.9046917539
22.9196368108
22.9340731831
22.9589058707
23.0363435197
23.0508871419
23.1016550718
23.1247870108
23.1635618821
23.1893961945
23.2262545615
23.2517746238
23.3000928137
23.3288728143
23.3835822554
23.8272749399
23.9389031884
23.9893550081
24.0317145747
24.0408086522
24.0513591105
24.0648739904
24.0853757372
24.112180215
24.1306579158
24.1437453804
24.1577107602
24.1642483357
24.2002244521
24.2093005586
24.2222229346
24.2364593142
24.3348693355
24.5693881327
24.5990318777
24.6430918002
24.699870308
24.8467313544
24.9357076057
25.0211055604
25.1356530333
25.2190733219
25.2502483355
25.2903390324
25.310809894
25.3242413648
25.4084230135
25.4137964037
25.4269570129
25.4496111375
25.4636770393
25.4765545454
25.5136229861
25.5488707003
25.5829406466
25.6171255749
25.6395882011
25.6784219605
25.6997855223
25.730594757
25.7589920047
25.8151020987
25.8603936861
26.0083817301
26.0322414425
26.1103828212
26.1314955518
26.2224216546
26.2382480199
26.2693981997
26.3302193644
26.4506878555
26.4663299227
26.4937985217
26.5009005842
26.5207677203
26.5336109116
26.56297879
26.6626091898
26.6737837225
26.7734646736
26.7960182819
26.799648868
26.8266327642
26.8547674785
26.9071843565
26.924364532
26.9473374651
26.953334615
27.0009371996
27.0208264442
27.0516990103
27.1261438393
27.2280462444
27.2623822263
27.3331122937
27.3576665475
27.4088019717
27.4513475911
27.5191554992
27.6126547912
27.6227791269
27.6460068654
27.6507720026
27.8703330992
27.8886479996
27.9013753466
27.9295861131
27.9627594711
27.9995851724
28.0170212634
28.0915227891
28.119493809
28.2298761209
28.2647091511
28.3131474385
28.3174227082
28.5040597315
28.5500492426
28.6349806971
28.7208365663
28.7640248595
28.8307098508
28.8529588975
28.8640785993
28.8712859151
28.905745521
28.9222016661
28.9641908815
28.9772814097
28.988865813
28.9944443339
29.006093787
29.0207931358
29.035562992
29.0596418867
29.0738675489
29.1100021078
29.1367007564
29.1520422321
29.1687136687
30.0272959273
30.0361378874
30.0486022486
30.0629969194
30.0957005369
30.132532237
30.1398189769
30.1787047277
30.1935168945
30.2209135813
30.2323553283
30.3331075262
30.3575707814
30.3697634618
30.380929162
30.4841247876
30.5122288132
30.5430686072
30.5750567539
30.6227698173
30.6448895473
30.6705570126
30.7145339617
30.7471681623
30.8597047705
30.9940075479
31.142100528
31.2173143933
31.3193963391
31.3323617613
31.3583640487
31.4208828907
31.4530038923
31.4974698677
31.525794012
31.5328177383
31.5591061058
31.600157614
31.6097305499
31.6285683572
31.6456533691
31.6646284894
31.7310864347
31.8070624036
31.8775431351
31.8908181488
31.9930979122
32.0366290507
32.1432215357
32.1785831206
32.1849279314
32.2035977355
32.227209015
32.2332243115
32.2468393067
32.3492370477
32.416428597
32.4538089301
32.4628540202
32.5047633075
32.5242224326
32.5338710374
32.5480410488
32.5623835618
32.5696671154
32.625087131
32.6770104126
32.7380450038
32.752545214
32.767528896
32.8360338158
32.8689310134
32.8913234288
32.9332367486
32.958222467
33.1380416335
33.1569154887
33.1796387327
33.2279594814
33.2531289272
33.3090999704
33.3730883827
33.4347855265
33.5105416604
33.514151063
33.5411344042
33.5781441964
33.6253478171
33.6337827378
33.6443511243
33.670791506
33.6883561993
33.7005771282
33.7144471373
33.7182538928
33.7317438045
33.752773563
33.7778389615
33.7915890421
33.8321755245
33.8523347183
33.8879425184
33.8973293833
33.9248237798
33.943991834
33.9773572004
33.9815562397
34.0082721161
34.0462684485
34.0856958661
34.1609394115
34.1993542945
34.2444823231
34.2985619509
34.3224753232
34.3360725808
34.3802498121
34.4125641421
34.4159109714
34.4210854814
34.432074452
34.6316970205
34.6560807578
34.6636945465
34.7288664042
34.7639426111
34.8162916568
34.831572132
34.9073439603
34.9487125644
34.9671175236
34.9876995026
35.0095989212
35.0225494309
35.1093448029
35.1141313322
35.1406188439
35.156012394
35.1982502273
35.2143756308
35.2207142109
35.2673874445
35.3431633849
35.3816022451
35.465373153
35.4954237657
35.5298343467
35.6724224654
35.6936206883
35.7240282327
35.7700305398
35.8340135743
35.8378614454
35.9200313806
35.9732281134
35.9910709607
35.9947992547
36.0161689198
36.0374129286
36.0542976169
36.0611693705
37.0062176522
37.0766705302
37.1187038976
37.2182248593
37.2256734613
37.235394757
37.2547974703
37.274572542
37.3493862456
37.370799533
37.3973818256
37.4278330675
37.5448651787
37.5800661883
37.6938424009
37.7178269628
37.7772436241
37.9459955351
37.9735787718
38.044948574
38.0601545764
38.0640620271
38.098567804
38.1944370384
38.4373041226
38.4543176884
38.4872769118
38.5333453433
38.5505038959
38.567951949
38.6151996769
38.6257529563
38.6308923634
38.643055301
38.6621614043
38.6802324995
38.6929609268
38.73059598
38.766492678
38.8430266527
38.8969315307
38.9095995446
38.9513969851
38.9907940214
39.1257054842
39.1569578277
39.2068137259
39.215535115
39.2398973267
39.2818177318
39.3477022348
39.3768257084
39.4717999769
39.5342929935
39.5549145702
39.5951066312
39.6262022561
39.6417143404
40.039033475
40.0651906741
40.0781813031
40.0855404945
40.1089021018
40.1467013375
40.2914753068
40.3791277404
40.4733277224
40.8434719986
40.856538911
40.8603164316
40.8705291153
40.9203090135
40.9436468283
40.9692923879
40.980242989
40.9930502388
41.0109310699
41.0279141681
41.0587606758
41.0895251108
41.0962368503
41.1241325357
41.2220312651
41.2341493675
41.2544941915
41.2837672972
41.3074065909
734
