6.00580061364
6.02249013472
6.03113081957
6.05158020473
6.06674109719
6.07423943479
6.08198310936
6.08773342427
6.11630688588
6.12709591019
6.13678907877
6.14774135265
6.16303137843
6.17300340911
6.18156643287
6.1957336878
6.20186753279
6.22419325031
6.22967861497
6.25013487204
6.26221848428
6.28818618647
6.30779588482
6.39352253473
6.41143838207
6.43802276554
6.45693856163
6.46761539984
6.48047826199
6.52217737023
6.62953198601
6.67224228246
6.70904989744
6.72536852532
6.73906671702
6.75074159342
6.75438163491
6.76065948387
6.78580804944
6.82033769786
6.91105493207
6.91968196157
6.96295279166
7.11405915984
7.1942723853
7.21904803298
7.22510997645
7.26083291883
7.26777086604
7.2890149762
7.40860591659
7.43404246228
7.44822977571
7.49048797133
7.51426977233
7.53934972471
7.59267144469
7.62361196841
7.63949117766
7.95213246466
8.01844596995
8.02973177555
8.074194476
8.12395358932
8.16854917009
8.21719679313
8.40819723929
8.4147140119
8.47658279647
8.49602663485
8.51524142602
8.55778262086
8.57599158295
8.60858835622
8.62629002308
8.64426127903
8.67787974835
8.70433611672
8.72264896359
8.77040352454
8.7943432215
8.81268188763
8.82750857913
8.83634379574
8.84720785527
8.95468113777
8.98529644597
8.99796250599
9.01927536246
9.06963875116
9.11855439488
9.18677961463
9.22663636227
9.26041246372
9.42519450159
9.4872024265
9.5974531068
9.61634431027
9.62051245095
9.63377144395
9.66971664306
9.70975204145
9.78941722531
9.82704267845
9.92351229238
9.97006138838
9.9830048413
10.0209573732
10.1567184941
10.2097794563
10.2509310956
10.2912911693
10.3477352112
10.3616021746
10.3924476483
10.477521047
10.4956583652
10.5701836782
10.5883618413
10.6392105807
10.6948864606
10.7326007363
10.8297735166
10.8564288605
10.8916648697
10.9162151281
10.940792107
10.9596155845
10.9770207406
10.9817624676
11.04616355
11.0630967851
11.0694567294
11.0835521679
11.1331495287
11.146130306
11.1544258431
11.1769668963
11.2172481637
11.2697678768
11.3080763325
11.3221443883
11.3629049431
11.3847188518
11.4692275593
11.4874925968
11.5331797376
11.5864939218
11.623250316
11.6928624792
11.7186395084
11.7424815614
11.7737852041
11.8036340134
11.8663124002
11.9643293482
12.01738077
12.0304179986
12.0391059527
12.0492605196
12.0721736524
12.099390885
12.1485474824
12.1879418996
12.21067069
12.2600127438
12.2828881773
12.3396043733
12.3638742222
12.380961897
12.4016665976
12.4172313089
12.453061725
12.4790214385
12.5183328488
12.5867139878
12.6008817978
12.6256827734
12.6381595945
12.7299754807
12.7931638949
12.8161460826
12.8235327895
12.8386589362
12.9417725452
13.2165860201
13.2235293893
13.2554618077
13.2775851145
13.2935011242
13.316013897
13.330278489
13.3541377172
13.398298455
13.4027651853
13.4215180773
13.4436292564
13.4497202001
13.4803904453
13.5260598558
13.7086342695
13.7629279505
13.8111866694
13.8381646468
13.8662623717
13.9043328597
13.9592740587
14.0107458617
14.0802089453
14.1470332989
14.2391720707
14.2740648529
14.3610888582
14.3780883642
14.4203164523
14.4539102312
15.2949024721
15.3076024127
15.3582579163
15.5201907859
15.5837927059
15.6059573773
15.6311462566
15.6543493773
15.6615371373
15.7495360447
15.7709902293
15.8118001174
15.8248962195
15.850754089
15.8738067349
15.9073755892
15.91508869
15.9329761159
15.9661942506
15.9954696982
16.0153683406
16.0593021523
16.092399524
16.1091498104
16.1267153307
16.1981764846
16.2058926588
16.2385063703
16.2426036736
16.2664903269
16.3103035371
16.3694931442
16.3900968351
16.4547683387
16.4890378165
16.5417863777
16.633382293
16.6785876138
16.7168430983
16.7486686751
16.8689044903
16.9304798363
16.9487588145
16.9597606482
16.9711772044
16.9944149543
17.00394277
17.0787465682
17.0840911302
17.1561200972
17.1753744159
17.1944748351
17.2137997613
17.2288629418
17.2872553265
17.4255689991
17.4449277376
17.473169813
17.5671245821
17.7155246787
17.7782357106
17.8421976756
17.8673362067
17.8723472517
17.9282042328
18.0272732679
18.0320452174
18.0514933562
18.1043163004
18.130501424
18.1511786747
18.1641877117
18.1757473112
18.1879413411
18.1986640603
18.2076687227
18.2433133583
18.2506312427
18.2711744638
18.2767365919
18.2830960703
18.3058479426
18.3449007013
18.3699952059
18.3756993135
18.4013401867
18.4350971727
18.5199129249
18.556188831
18.6072832416
18.6557918227
18.7243035403
18.8289938145
18.8533704305
18.8746447849
18.9475105169
18.9520527846
18.9934875391
19.0587637265
19.0842711195
19.208838298
19.2150947483
19.2274202143
19.2352988553
19.248188603
19.2674081779
19.2789423864
19.4103216033
19.4212095486
19.4396938128
19.4661521942
19.4894454936
19.571953902
19.6018429082
19.635571837
19.680841836
19.685337203
19.738742805
19.7692858785
19.852759718
19.885985509
19.9714505094
20.3361484801
20.3959853833
20.4188832364
20.4437767702
20.4614176873
20.4921436887
20.4955721398
20.5189753427
20.5422369323
20.5829962801
20.5987244779
20.6162786985
20.6574814102
20.7221405246
20.7410786931
20.744448534
20.7808220726
20.8000339742
20.8151732302
20.8543574592
20.947449782
20.9510092055
20.9815533331
21.0335485807
21.0382311742
21.0478013329
21.1749057134
21.2172221489
21.2460093329
21.3049768534
21.3462884927
21.3984034272
21.4615231916
21.5180765869
21.5257486442
21.5693158293
21.5772459463
21.6122528452
21.6832972743
21.6889885619
21.6975078605
21.7010873954
22.1751258855
22.2400863351
22.6223049934
22.6259098855
22.6498055809
22.7257725535
22.7965896452
22.8165676998
22.8251456138
22.8294642121
22.8418641438
22.845297894
22.8666733082
22.875539436
22.8858712947
22.8926117079
22.9492085375
22.9955037913
23.0383882965
23.0585853127
23.2384562738
23.2695438371
23.3133633874
23.3418627889
23.4679703357
23.5284977415
23.5484987646
23.6021333437
23.6183048549
23.8398524172
24.0201779298
24.0899419798
24.1393053503
24.1517590622
24.1719516518
24.2023196673
24.21368261
24.2262437494
24.2513863019
24.280466613
24.3472873764
24.356729275
24.3990502292
24.4027535772
24.4386309507
24.4663654657
24.4942794848
24.5443781328
24.550937068
24.6005993328
24.6158457135
24.655727021
24.7056713908
24.7308651054
24.7784016757
24.8028038386
24.8642988679
24.9466753741
24.9936420393
25.0881092504
25.1242022431
25.1604472924
25.2089912931
25.239637183
25.3000372673
25.3403934807
25.3703968185
25.4020230786
25.4585835029
25.470915096
25.4879324277
25.5238396158
25.5412449335
25.5753552866
25.6141158205
25.6616196495
25.6653191708
25.6815197584
25.7042977972
25.7419177451
25.7638733795
25.787797124
25.8101081123
25.8211121185
25.8246202786
25.8625298431
25.8819269074
25.9562584033
25.9906738313
26.0473824014
26.1493202663
26.1555200612
26.1701741616
26.2098114679
26.3069432757
26.3378888622
26.3935952335
26.415703924
26.4786825594
26.4849671927
26.4968709981
26.5231339144
26.5470739493
26.5508575403
26.559076127
26.5890289519
26.6170807149
26.6241736011
26.6428201121
27.604013127
27.7290907878
27.7594262996
27.7671970826
27.7791579513
27.8640386028
27.9112358084
27.9415499593
27.9643602701
27.9729762411
27.99349333
28.0188147914
28.0306487617
28.0349404212
28.0608204856
28.0783114736
28.1495263685
28.1865867466
28.2235603878
28.2494377699
28.2655199042
28.2981277824
28.3033114982
28.3250881593
28.3352817805
28.3536577624
28.4321245916
28.46166306
28.4714157799
28.5393633454
28.5700944378
28.7033351946
28.7479975909
28.7773222054
28.8856517421
29.0930927574
29.1384444375
29.1551019284
29.1975557163
29.2165049355
29.2522721423
29.2892369368
29.7708694908
29.9033872564
29.9686786479
30.0100692142
30.0394060888
30.0506450944
30.0609001456
30.088674861
30.1050426798
30.1395729568
30.1450423552
30.2041218439
30.230117442
30.2561923637
30.540273582
30.6480318491
30.6835099496
30.7257115561
30.7465985277
30.8158986069
30.8362151367
30.9687339991
31.1282906057
31.1586294741
31.2247408999
31.2291018895
31.2447859787
31.4309191391
31.4621746736
31.4770019902
31.5034130271
31.5085250132
31.5395747727
31.5796753587
31.7848880056
31.8614246029
31.8923467042
31.9161616585
31.9221600063
31.935081808
31.9739340933
32.0218371349
32.039065063
32.0885033657
32.1153640746
32.1263537302
32.4142204647
32.4411887898
32.4491274795
32.4860313837
32.5034206187
32.5221204618
32.5335691091
32.5394094552
32.5669633613
32.5841593568
32.5957733068
32.6056339943
32.6349025454
32.6632049055
32.675024159
32.7059909522
32.7163207867
32.7490408837
32.809671267
32.870371318
32.9037222916
32.9086715747
32.9584565788
32.964123771
32.9824819499
32.9883460209
33.0197132757
33.0364996232
33.0810638967
33.0988494642
33.1715901878
33.2661427177
33.2844431301
33.4758869749
33.550707021
33.6146556732
33.6293029139
33.6503850035
33.6632332143
33.696432976
33.7209672498
33.7312880494
33.7488951131
33.7737540456
33.7890470324
33.8127350184
33.81832074
33.8386459817
33.8551970062
33.8757584186
33.8906704928
33.9119246529
33.9412070184
33.9881805642
34.0398104275
34.068419042
34.1558129122
34.1924528354
34.2318788525
34.2549758795
34.2870312021
34.3122166613
34.3176738246
34.3677143356
34.3996719955
34.4404171538
34.4745448321
34.5132170442
34.5741889618
34.8243376237
34.8320375288
34.9639649427
34.9801459036
34.9977377856
35.0153367219
35.0342734305
35.0422685564
35.0630624397
35.0765222494
35.0857430967
35.1012282291
35.1274281574
35.1484296729
35.1518014525
35.1964403465
35.2222539354
35.2752537598
35.3098206361
35.3569935613
35.401053791
35.4127124728
35.5037274329
35.5808343816
35.6455057674
35.8761109947
35.9022988229
36.0222899013
36.0350144851
36.0647968933
36.0745005915
36.0925644836
36.1105189589
36.14635854
36.1498188559
36.1662118798
36.2029474537
36.2209076834
36.226924922
36.2336604971
36.2438391388
36.2730215097
36.2877655536
36.3060561944
36.3221619491
36.3641208187
36.4182064327
36.4730405088
36.4792959634
36.5763251716
36.6051936091
36.627620153
36.6927331606
36.7226242861
36.7482976309
36.7807822893
36.8288314957
36.8672788394
36.9172027872
36.967934903
37.0014595784
37.0232598716
37.0333050873
37.1104701969
37.1758664217
37.1814235279
37.2132037445
37.2262913952
37.309928041
37.3263790378
37.3378470769
37.3594926011
37.3895885707
37.4046036719
37.4128668952
37.4279645985
37.4480390003
37.4634982785
37.6033004023
37.6241684559
37.6361729427
37.7013564889
37.7542759071
37.7752555405
37.8708173347
37.9276679852
37.931538012
37.9618109197
37.9822695452
38.0105854051
38.3285352443
38.4197382306
38.4666541992
38.4879984308
38.4984826783
38.5027773113
38.5183277304
38.5243940139
38.5374864426
38.5648963571
38.5845272798
38.6398853248
38.6689201101
38.6926619008
38.7209578356
38.7644497672
38.7895626326
38.8026163716
38.8161022271
38.8576736465
39.2372887057
39.2526641237
39.2911105487
39.6142967679
39.6248312106
39.6327397657
39.6476524144
39.6740840273
39.6907504069
39.7034963124
39.7228092587
39.7312572951
39.7547766378
39.7935646545
39.799860552
39.8300015285
39.8820653348
39.8971271854
39.9242489145
39.9512945178
39.9593983308
40.0511064848
40.0770026304
40.0876715847
40.1509849595
40.1825881076
40.4567779
40.5080498697
40.6425503218
40.6769978681
40.6938361286
40.7412782862
40.8190728895
40.8495520148
40.8602432373
40.9429986889
40.9559691772
40.9904447692
41.0011885669
41.0245349542
41.0372168022
797
