6.00874128264
6.01701578373
6.02090330146
6.03267843121
6.0402145523
6.04514099621
6.05546272001
6.05960444256
6.07584525526
6.08406043616
6.09932002135
6.11440074046
6.13170928337
6.13986598003
6.14785408335
6.15764773658
6.17386078864
6.18416322708
6.20152197649
6.20677942657
6.22462926791
6.24531942598
6.28940302981
6.305986523
6.34111521785
6.37144991878
6.41475975887
6.43242119656
6.43977512829
6.46297923804
6.52662768341
6.55089124718
6.56089076525
6.58320837428
6.58766205884
6.60211820877
6.6251117329
6.67101043595
6.70031747071
6.8026151744
6.8360564693
6.86168540219
6.88829227546
6.91733384096
6.93268423415
6.94168681336
6.98174541196
7.02026161589
7.05074162357
7.07822578734
7.11114154659
8.40941383588
8.42931784376
8.46029016859
8.49823447478
8.50919855049
8.51797036054
8.54703756709
8.55750783043
8.56977397005
8.59247638927
8.62144964893
8.64447885173
8.7572734804
8.76220501704
8.78834651331
8.82173622193
8.82847694584
8.86518826757
8.86855302421
8.89476620235
8.92483595069
8.93562275299
9.00990338099
9.15267230935
9.22387361002
9.28481668283
9.32531511591
9.36042665
9.41214436432
9.47964528521
9.49757113432
9.51250419692
9.70751116418
9.74621515202
9.75740945578
9.77997322883
9.78742501805
9.79817359649
9.81641778387
9.87995256782
9.9257738398
9.93266901384
9.96136331481
9.97712122593
10.0185596333
10.0384471696
10.0777915141
10.0950574893
10.1144604125
10.1180183476
10.1633775696
10.2080220502
10.2237416718
11.5367978981
11.6316808002
11.673039014
11.6770873775
11.7365625705
11.7421880134
12.0197316358
12.1438585386
12.6077778359
12.6462568848
12.670012179
12.6841552066
12.7397600594
12.7640819947
12.8581766709
13.002361088
13.1063076073
13.1331602349
13.1838219921
13.204755351
13.2115655922
13.2324108498
13.2425985485
13.2579293059
13.2922083589
13.3102745489
13.3138497996
13.3353096284
13.3479637082
13.3792188316
13.3949009658
13.4040981005
13.4181813165
13.4346469324
13.7060531077
13.7269969404
13.7319023819
13.7726964808
13.8870010382
13.9108013384
13.930110814
13.9991369407
14.0534129483
14.1018880543
14.125309339
14.2001494258
14.2415631325
14.3535322699
14.3825354192
14.4105835611
14.4153481076
14.442411024
14.4527362597
14.4632135909
14.5007098303
14.5213329734
14.533418306
14.5414063021
14.5531372935
14.5614615578
14.5846993372
14.6116799848
14.6188688186
14.6635015697
14.7177987777
14.753245503
14.7750715784
14.791786908
14.814516614
14.874053976
14.888129477
14.9421289623
14.9799901784
15.0141868771
15.0403268773
15.0710789205
15.1078586291
15.1205614252
15.1314956679
15.1682425554
15.2783260627
15.3443512158
15.4542394569
15.5986930228
15.6198422256
15.632836345
15.6391632551
15.6801129448
15.720681967
15.7341579179
15.7780386844
15.7907482758
15.8185124505
15.8474723816
15.9321835522
15.9379764083
15.9608885181
15.9942481368
16.0584089243
16.0750707328
16.0907725915
16.1799258035
16.2396932409
16.2952991687
16.3344344644
16.3572459313
16.4119971668
16.4424937387
16.4832014813
16.5021054599
16.5323230137
16.5913101545
16.6555451635
16.7071599542
16.7232643248
16.9039646911
16.9132267288
16.9266278151
16.9473640963
18.0168844504
18.0271004765
18.0520280495
18.1241877432
18.1440635669
18.1661354886
18.1828106327
18.2011515606
18.2155368514
18.2329863235
18.2624007246
18.2946206109
18.3302493066
18.3355990125
18.3556797376
18.3653333554
18.383157534
18.4004510339
18.4299658534
18.4414557781
18.500707927
18.5589148095
18.6230273311
18.6415985463
18.6697039793
18.7107638707
18.8601691145
18.949743002
19.147932704
19.2181138116
19.2243820277
19.2413156828
19.2626238666
19.2792310975
19.308699822
19.3168137473
19.3433939128
19.3510443339
19.3838540722
19.4554120135
19.4691336341
19.5297759639
19.5567001075
19.5739574048
19.6008370805
19.6144101384
19.6392840191
19.6576087274
19.7128428605
19.7508515054
19.7623066304
19.8222794113
19.8710181436
19.8774832408
19.945907969
19.9605507808
19.978813369
20.0315840448
20.0763751977
20.1058215207
20.1406053015
20.2287775924
20.266726248
20.3460238907
20.4262295901
20.4354357845
20.4514831956
20.4688135411
20.4726540512
20.4868986757
20.5000936683
20.5148005498
20.5245276434
20.5483326696
20.5643886923
20.5926340238
20.6044609152
20.6122867702
20.6458175945
20.6682831673
20.6986544387
20.7103683403
20.7140700581
20.8139380985
20.8333255839
20.8907700055
20.9277692547
20.966981233
21.0603587213
21.0851933815
21.1044468306
21.1598777639
21.1816906568
21.2178512359
21.2737134519
21.3071925736
21.3539633244
21.4857150392
21.5106208848
21.5950178113
21.5991682697
21.6224842807
21.6395629862
21.6581281133
21.6819578899
21.7324151459
21.7523067355
21.7641481463
21.7823035681
21.8022759509
21.8175038892
21.8314910993
21.8450204705
21.8656207072
21.8885322878
21.9248831666
21.9594001469
22.0009211794
22.0136012834
22.0353827021
22.0735323717
22.0934559029
22.1373762725
22.6763141942
22.7105384726
22.7329073589
22.8172076484
22.828022655
22.8542847915
22.8626716667
22.8970390712
22.9182917044
22.9499146421
22.9727568328
23.0004418637
23.0164750036
23.045512975
23.0560028604
23.0657215589
23.0773874166
23.116916976
23.1435374654
24.0243296296
24.041396391
24.0859472452
24.1262395644
24.1363956301
24.1611507881
24.1711912666
24.1835653013
24.2034433668
24.2390871039
24.2617891465
24.2878364837
24.312035802
24.3339997258
24.3703579955
24.3878071439
24.6397163517
24.6653852974
24.6987899096
24.7205255904
24.777355816
24.8783380011
24.8869330782
24.9260208706
24.9732530286
24.9934789967
25.0605236456
25.075273341
25.1912999625
25.2277074981
25.2518711583
25.2612580074
25.2713029611
25.2913304135
25.3009737209
26.0946731559
26.1442305618
26.3806461194
26.4141479388
26.4257329269
26.4419070894
26.5092273854
26.5753892139
26.6004189113
26.6079317301
26.6622720085
26.6819180807
26.7316770456
26.7697782737
26.7813682083
26.8093309385
26.8274262324
26.8614005938
26.885020037
26.9493918926
27.2912198127
27.3706519742
27.4773913535
27.517907961
27.5551298197
27.6034160362
27.616409368
27.6364586112
27.650087595
27.6743462684
27.7024756969
27.7070503789
27.7378304047
27.7606488846
27.7771252563
27.7973612627
27.8185713867
27.8295012832
27.838774645
27.852392898
27.8929260555
27.9203531885
27.9507415042
27.9584791849
27.9879919418
28.0265491596
28.0717783905
28.0880555191
28.1003987547
28.1136558811
28.1547458617
28.2382210139
28.8270657795
28.8394699439
28.8680025648
28.8784005466
28.8867129297
28.9062358479
28.9432450713
29.0157659752
29.0234590759
29.0693997821
29.1265907602
29.1490470917
29.1988242508
29.2247225231
29.2389077973
29.2491878732
29.3278056034
29.3466662808
29.3775498731
29.4264039021
29.4948299699
29.5371262712
29.5421726181
29.6253734819
29.6659349298
29.7091432109
29.7838893958
30.0241264745
30.0452064289
30.0661933963
30.0840874112
30.1081629152
30.1169890104
30.1478418261
30.1565139304
30.1799203572
30.1869116402
30.1984350636
30.2325424616
30.2536364648
30.2584899188
30.2933858161
30.3185438174
30.3384319423
30.3630611242
30.3725688277
30.3801527345
30.3862015009
30.407003687
30.4280186878
30.5159833939
30.5627132
30.5780815794
30.5976656585
30.604035265
30.6366704946
30.7336838595
30.7736432545
30.8306930822
30.9043384486
30.947798649
31.0021877536
31.2181903572
31.2460177704
31.3138568087
31.3398884288
31.3469485761
31.3746530973
31.4003001656
31.4147380356
31.4464460548
31.4748491358
31.5065449966
31.5224171052
31.5550900196
31.9433670832
31.9493366603
31.9844553455
31.9932249324
32.0123207487
32.0645198386
32.1035775781
32.1774338483
32.3228626467
32.3889042164
32.4209073052
32.4668823881
32.4882849575
32.5187602496
32.5357928754
32.545656348
32.5734403574
32.6111942359
32.6435510318
32.6642221912
32.6852747811
32.7456370782
32.7595909844
32.7825025243
32.8014852517
32.8245330445
32.8426358467
32.8610630369
32.896576903
32.9981481851
33.0185639168
33.0601885855
33.6122348002
33.6365630175
33.7033116052
33.7159004951
33.7266402185
33.7352183731
33.7507246512
33.7908240903
33.8076984025
33.8468866554
33.8707271521
33.8951886971
33.8991569196
33.9083453435
33.9493293648
33.9920053302
34.0054772409
34.063052566
34.1098530732
34.2970442371
34.3116443334
34.3566602455
34.3863026376
34.4971203395
34.5318921356
34.5683400464
34.6978833789
34.7744470279
34.8142306356
34.8350944118
34.8695451153
34.963741782
34.98058737
34.9913026713
35.027376213
35.0334768902
35.1613493507
35.1976285261
35.2113515117
35.2338441923
35.2700647223
35.3510581063
35.3717811552
35.4041903054
35.4279860351
35.5532375883
35.6121825458
35.6595018912
35.6924783971
35.7127242552
35.8312397434
35.9115286579
36.0163020987
36.0261555273
36.048818114
36.0711225164
36.0954195239
36.1097469786
36.1344180636
36.1436374778
36.1774705815
36.2036005945
36.3066614956
36.3422243207
36.354603377
36.3680186646
36.4065628147
36.4322855139
36.4422642061
36.4481206843
36.4799292866
37.1911535209
37.220611528
37.226554523
37.2548405674
37.269681245
37.3124353193
37.3490897863
37.3768016829
37.4080112075
37.4314628227
37.4382924557
37.4455054014
37.4768640733
37.4816452273
37.5132057784
37.543810107
37.6215625195
37.6474637118
37.6559282346
37.662676381
37.8253292964
37.9774142158
38.3876659608
38.4184038653
38.4313184222
38.4442283663
38.456547106
38.4651241076
38.4820788674
38.4992944522
38.5388241898
38.5856261505
38.5891051671
38.6222731678
38.6691206739
38.6857923777
38.6974331555
38.7669090551
38.7848389719
38.8621556952
38.8693705777
38.9300893822
38.9371364624
38.9515571522
38.9978406875
39.030021099
39.0672143824
39.0745527248
39.109432184
39.1437689888
39.2011329851
39.283389261
39.2902574851
39.32850648
39.3671441355
39.4159419677
39.4491764566
39.6123167922
39.6567808389
39.6667156381
39.6770552383
39.6962346019
39.7204779071
39.7298395376
39.7488494725
39.7773786558
39.7990253085
39.8100523125
39.8386111819
39.8599960017
39.9828257988
40.0143341768
40.077089849
40.1249184684
40.176672618
40.2507079553
40.2667024463
40.3074568827
40.349971605
40.3567873742
40.4003473423
40.4392796739
40.5243686125
40.5429437174
40.6737072073
40.6779937768
40.8452235731
40.8924690331
40.9025745954
40.9091592175
40.9478395823
41.320244693
41.327471088
41.3504510935
41.3801259777
41.4811079047
41.49477656
41.5007955238
41.5695187983
41.5880277568
41.6276654064
41.7240333297
41.8099595811
41.8163684327
41.8225221042
41.8573771747
41.9507946309
41.9770049038
738
