6.00333501334
6.0151974426
6.0417478932
6.05032744959
6.06082336845
6.07957029314
6.10072503895
6.10690056083
6.13205537569
6.15606926459
6.17282102795
6.18840755472
6.22990162482
6.34924946367
6.35781183544
6.37783969953
6.38993329875
6.45125387884
6.49217469017
6.58819763914
6.62233715292
6.65477455136
6.69916504142
6.70717938641
6.75963222907
6.80664811304
6.84831861884
6.86965998615
6.88522340396
6.92860607033
6.95419174949
6.97238606438
7.03432447784
7.08393699208
7.15778499985
7.2810317564
7.28601126569
7.32226373953
7.34671448863
7.37297826728
7.40327809307
7.45598607042
7.49156886554
7.50503361071
7.51827586291
7.54139161642
7.59959270687
7.63179973028
7.68079062295
7.7032821259
7.71200561139
7.73601371202
7.77442247188
7.82137481395
8.16406971393
8.17716848559
8.19819297164
8.25847080779
8.32573708525
8.3853330799
8.40870831524
8.41621752451
8.44060927315
8.45149449224
8.46110960389
8.48048849129
8.52356128566
8.53913768517
8.55254243354
8.55850576002
8.57870683847
8.58864333703
8.60294878736
8.64092076621
8.6560993803
8.66964801195
8.67424614391
8.72412937219
8.73407024033
8.7572017129
8.77205129151
8.7842483611
8.85224689727
8.87921346666
8.90906031372
8.92567861164
8.95148545085
9.07556856976
9.09610763408
9.12508466153
9.13282399627
9.20031777562
9.20763151487
9.22864652657
9.28336416784
9.28959548185
9.30139471444
9.30736263003
9.60804385804
9.61286624271
9.62102394389
9.62950602536
9.64587422305
9.69592576102
9.84779524356
9.93564794011
9.97404364728
9.99306153683
10.0333523464
10.0812702718
10.1926116781
10.2538075897
10.2586496628
10.273189957
10.2863014053
10.2901008431
10.3032763652
10.3462105405
10.3797667608
10.4387577511
10.4557319411
10.4759367079
10.5155725713
10.5345860887
10.5757317223
10.6127616604
10.6311023421
10.6465877664
10.6944055879
10.7176935273
10.8108562766
10.8256105454
10.8602871111
10.8811837394
10.8897757287
10.9024092993
10.9219956012
10.9322441394
10.9709644663
11.0212505063
11.0694671216
11.1230778285
11.1504216827
11.197756623
11.283842681
11.3305505787
11.4290524786
11.4346958107
11.4468375385
11.468264932
11.4783303736
11.4837532881
11.492341641
11.5105977457
11.5435916932
11.6302928765
11.7011096952
11.7084468283
11.7189597189
11.7938847769
12.0140386399
12.0384871637
12.1269885535
12.1359161958
12.1519883676
12.2414105726
12.2556046616
12.3085886316
12.3184066996
12.3279014965
12.3516221821
12.3801955627
13.0868390531
13.105242362
13.2266779184
13.2410313421
13.2611246397
13.2793604876
13.3438169765
13.3723231882
13.4149816486
13.6076296815
13.7250198478
13.7362667781
13.7912725135
13.8272788224
13.844223323
14.2577600447
14.3020671633
14.3477554101
14.5063173815
14.5327065286
14.5963991088
14.6157305213
14.8771408433
15.0521843161
15.116214002
15.158384265
15.1737535035
15.1950197954
15.2565910782
15.2860977104
15.2989781534
15.3275680942
15.3483130196
15.3790145778
15.4713330945
15.5062407072
15.5129181999
15.6134585799
15.6421111142
15.6496685949
15.6867746025
15.7026917405
15.7162893446
15.7306594984
15.74721492
15.7742748976
15.785186069
15.7932634149
15.8116121256
15.8484184063
15.8900222607
15.8975693172
15.9400648931
15.9728417317
15.9897627543
16.0173833654
16.0588762309
16.0750169364
16.1208068845
16.1441554873
16.1917849553
16.2090736083
16.2590133503
16.2782802741
16.2861308079
16.3160406663
16.3244427552
16.3518261944
16.3880749588
16.807377944
16.8220161203
16.8642621373
16.8886453292
16.9012001789
16.9078556787
16.9214671486
16.9636269523
16.9763090827
17.0013762247
17.0087342637
17.0521573544
17.0758715355
17.0915903588
17.1000246845
17.1097066381
17.1293045761
17.1339106854
17.1497733467
17.1807396267
17.2182288649
17.2433967646
17.2535499727
17.2855893408
17.30280278
17.3742738456
17.9403261669
17.9902185964
18.0120381032
18.0376406984
18.0526920415
18.0639499539
18.0889064561
18.1209894214
18.126392783
18.1451471389
18.1516397926
18.2217015848
18.2424865811
18.2613081331
18.2727164309
18.2925688137
18.3002760708
18.3510462631
18.4028755842
18.4207904201
18.4404921101
18.4871032926
18.5133936863
18.5315793395
18.5639452382
19.2164167347
19.2344965183
19.2473222836
19.2618666676
19.2909545151
19.3079762528
19.3123861361
19.3840286823
19.6091996214
19.6307955659
19.6704904571
19.6818087061
20.4433565963
20.4500712075
20.464776894
20.4825872333
20.4900153659
20.5045440514
20.5219328042
20.5356993635
20.5624378419
20.576280341
20.5985156014
20.6230951291
20.6345117373
20.6673659518
20.6824469229
20.7416737803
20.7561786294
20.7760753891
20.8161421147
20.9979180013
21.0061590695
21.041552608
21.0710190373
21.1020900557
21.1384566521
21.229402335
21.2807285123
21.3097915923
21.3444757827
21.3917089482
21.5191271574
21.5370622028
21.5813087313
21.6042116384
21.6209122092
21.6400608793
21.6561455667
21.6644089315
21.6899057581
21.7241453976
21.74201441
21.7606940723
21.7859614921
21.8130434663
21.8202166792
21.8408956642
21.8667617959
21.8824972405
21.9156543176
21.9256229723
21.9421510237
21.9546365626
21.9907413968
21.9965453351
22.0310549953
22.0678733664
22.1045443418
22.1174614487
22.1233716811
22.1568712191
22.1632952682
22.5709988616
22.6498096048
22.7158256115
22.7417202813
22.8111585196
22.8263792505
22.8389079495
22.8698605002
23.0160128708
23.0246844106
23.0608369441
23.0963638431
23.132211034
23.177561986
23.2045941772
23.5235907745
23.5718574277
23.6116295962
23.6361951531
23.70934155
23.9370359439
23.9615167711
24.144427633
24.1554903459
24.1706264676
24.1914329966
24.2229360312
24.2327898276
24.2442821379
24.2708106717
24.2793195294
24.2916262734
24.3277093063
24.4139296133
24.4236147451
24.4875394818
24.9973108687
25.0710273392
25.2160218966
25.2368236987
25.2449414976
25.2694237835
25.2917581007
25.3052029165
25.3093859764
25.3169039601
25.33246068
25.3738520977
25.4031141359
25.7438214188
25.7909849115
25.7979383243
25.8326189713
25.913578155
25.9416851219
25.9468063619
26.0191251658
26.0932988394
26.1181689465
26.2590001533
26.3134720487
26.3199771212
26.3536372893
26.4920031479
26.5177917147
26.5283307832
26.5510809966
26.5791497278
26.6426546664
26.6575271416
26.6765690047
26.698224579
26.7253805233
26.7501980136
26.7851917044
26.8031607163
26.8495870718
27.1855552163
27.2869133558
27.347898716
27.3792229641
27.4554687405
27.6109032724
27.6159194606
27.6552819467
27.6828056818
27.6985450496
27.7117554493
27.7240122521
27.7352444201
27.7465387921
27.7519206069
27.9662267248
28.0982713873
28.1412334477
28.1822151555
28.2195068416
28.2680464992
28.3041204191
28.3542471703
28.360659294
28.3871028448
28.4720139164
28.503636363
28.5602181936
28.6864980848
28.7605451455
28.8067911134
28.8254082482
28.8324326545
28.8498435193
28.8666250186
28.8857703876
28.8988607912
28.9139896912
28.9406338134
28.9569807223
28.9786190864
28.9901412289
28.9995057181
29.0160218173
29.0470633418
29.0897512438
29.111351654
29.1427695419
29.1484964224
29.1828847934
29.2320148571
29.2441273698
29.2955100752
29.3254630811
29.3322529087
29.3534840683
29.4504229486
29.4761178449
29.5016212996
29.5103566389
29.5485259028
29.5923683561
29.6307101328
29.6545592638
30.0226045948
30.0479959517
30.0729252652
30.0937211103
30.1653014233
30.1909496342
30.2078070927
30.2289161693
30.2379548291
30.2427094539
30.2504053642
30.2808160709
30.3126801144
30.3271228603
30.3549064051
30.3615873266
30.3931100596
30.3979515719
31.2166951759
31.2246361524
31.2358726539
31.2610909533
31.2739125189
31.2909588378
31.3153865807
31.3202141302
31.3556884707
31.3735092
31.445758074
31.5650062581
31.628512548
31.6700048114
31.7112553082
31.7337387752
31.7685278338
31.8208251769
31.8353702981
31.8404809933
31.8606880314
31.8799168421
31.9096664894
31.9359165414
31.9748225658
31.9955727903
32.0771392565
32.2791421106
32.3438957384
32.4089254894
32.4318084974
32.4468068781
32.4650375747
32.4836493887
32.5024005889
32.5197986857
32.5497652747
32.5590084395
32.5941696118
32.6044476224
32.6213523826
32.6500454192
32.6696055874
32.6803293979
32.7926443263
32.8003601265
32.8415484393
32.8816680162
32.9125615057
32.9892523916
33.0097109728
33.0130741742
33.0355856892
33.227450173
33.6324750356
33.652340693
33.6660108405
33.682576959
33.7042287043
33.7110510322
33.7147868179
33.7266110596
33.7511082635
33.7994580771
33.826198796
33.8553833977
33.8731568907
33.8851496534
33.9000706893
33.9230598283
33.9491037225
34.0025673113
34.017182671
34.0456264876
34.0789689236
34.0888378419
34.1307372524
34.2218051727
34.2477506664
34.3022665835
34.4327583774
34.441391283
34.4879641763
34.8157138423
34.8349319989
34.84464852
34.977543408
34.999663757
35.0096508374
35.0198554995
35.0344274675
35.0543892505
35.0623445623
35.0840242763
35.1302965403
35.1633008599
35.1866752253
35.2350091557
35.2861586952
35.3182407596
35.344130565
35.3762933318
35.4073737592
35.4467976602
35.4886081346
35.5821254855
35.5866753373
35.6339114945
35.7016436131
35.7260577812
35.7746291042
35.7784377533
35.857620568
35.9627473176
36.0161407861
36.0235914424
36.0446901744
36.0587717768
36.1107091456
36.1426049596
36.1654999394
36.3424764939
36.3550959352
36.3789937397
36.3906627438
36.6004060033
36.6163059464
36.6488816185
36.6972737691
36.7692798624
36.7866312776
36.8637175113
36.8862239038
36.9400264688
37.0245251958
37.0947447828
37.1436604341
37.2718805664
37.3070917851
37.3244875855
37.3483290894
37.3780107987
37.4217733052
37.4393647982
37.4640738302
37.4820552462
37.5219235966
37.532033047
37.5456324169
37.644691132
37.6656415519
37.6713907141
37.7156048639
37.7731387307
37.7917778373
37.8421256114
37.9144493492
37.9300109352
38.0334077684
38.0743450365
38.1267994279
38.2373065085
38.2776357367
38.3351771105
38.3892558116
38.4264992901
38.438728582
38.4688830671
38.4758278896
38.4821291845
38.4930559704
38.5075735926
38.5235190366
38.5466198361
38.5579926708
38.5850317026
38.6098024517
38.6295954665
38.6519204858
38.6656715812
38.749982681
38.7741191413
38.8320501658
38.8789447024
39.0493181648
39.098768489
39.1445626788
39.1857577188
39.241857974
39.2684686148
39.279964349
39.3417363357
39.3768445202
39.4042496083
39.6068355609
39.6115018976
39.6318612953
39.6452464113
39.6580321028
39.6775562201
39.6933063895
39.7032300268
39.7152979238
39.7196638101
40.2970885528
40.3093834468
40.3328021701
40.3751538587
40.3921064976
40.481483672
40.5797036082
40.6641747522
40.7221319651
40.8157731185
40.8321277431
40.8391450432
40.8787894175
40.90886296
40.9177005828
41.0336268956
41.063090596
41.0721112656
41.1206329912
41.1333838486
41.2626543354
41.2969375254
41.3137534114
41.3423413428
41.3628631743
41.3707964763
41.3944000709
41.4385388292
41.4464207828
41.5546493904
41.6642513043
41.6863933954
760
