6.00688698928
6.02500501134
6.07329363459
6.07923947591
6.33549207041
6.3564640073
6.36527166435
6.39784412329
6.42073296334
6.99459851054
7.0443901693
7.07554164064
7.08820981669
7.11905078761
7.13891540428
7.16219884387
7.18787993672
7.20811074364
7.21787956986
7.23064481164
7.25505970445
7.26622906538
7.27879554108
7.29146915012
7.29667558286
7.31766050702
7.34804987226
7.36909339665
7.37941483134
7.40912650703
7.43035807306
7.44499853671
7.45170788801
7.47964388884
7.49809222325
7.52227000318
7.53928503475
7.55029463981
7.56362279256
7.58622249638
7.62190525369
7.64914708682
7.68387508523
7.70098221051
7.72633459072
7.74087525515
7.76659696266
7.78133132856
7.78689424713
7.95626886923
7.96880337756
8.09163293757
8.10231877146
8.15179429644
8.2297424091
8.30769622036
8.32687224733
8.41820392259
8.42765861616
8.43803804535
8.45454619574
8.46590385788
8.47682041897
8.60222158484
8.61304507071
8.6250848384
8.64293359607
8.6704535178
8.70267933679
8.71418452655
8.74544563897
8.78149152491
8.78861971301
8.85915820238
8.88510569463
8.90931791699
8.96746832555
9.13243310514
9.1591443633
9.18559719151
9.21267039896
9.42179246166
9.43163988735
9.52245053868
9.52831688536
9.63152424185
9.64787263962
9.66237796568
9.68882118855
9.75608177996
9.77091085634
9.77570405533
9.8191254542
9.83615302196
9.89469336497
9.91347482328
9.94410554876
9.97125712957
10.0019325975
10.1121486294
10.1288303481
10.1596225392
10.1943036001
10.2215301012
10.2857249679
10.3571367155
10.8335709491
10.8704812228
10.9009284373
10.9069417726
10.9222497226
10.9306510356
10.9522142402
10.9776453373
10.9976308282
11.0262127576
11.047692791
11.1417806699
11.3261930027
11.3770705852
11.413339307
11.4434625406
11.449626223
11.5040401102
11.511213002
11.5187054143
11.5400278564
11.5657528262
11.6228454927
11.6490643752
11.684592567
11.7061914802
11.8146487548
11.9003665278
11.9311196395
11.9817624789
12.0088423482
12.0284539577
12.072136393
12.1027831742
12.1221365289
12.1359573324
12.1532455917
12.1613894036
12.6868910599
12.698744671
12.7321289225
12.770627128
12.7764525004
12.8235577651
12.8383856106
12.9339055094
12.9482387238
12.9816803648
13.004814729
13.0442288787
13.1230340996
13.1918610726
13.2091400431
13.2157955365
13.2343613259
13.2609291903
13.2796421923
13.3669405148
13.376103504
13.3907919775
13.4051593886
13.4341240481
13.448880495
14.4247618988
14.4512722074
14.4698860864
14.4800512004
14.4844379963
14.507210639
14.5271513602
14.5446223399
14.5698992015
14.7204833399
14.7662887483
14.7769257727
14.8216139004
14.8380531218
14.859056621
14.8862628455
14.965358975
14.9819813398
15.0278862872
15.0698315511
15.1010382357
15.1733950126
15.2379371492
15.2540849731
15.3040502201
15.3703565061
15.516879101
15.5389628897
16.8744672432
16.8871763807
16.900463721
16.9188110947
16.928945541
17.0044984306
17.0425820861
17.0668079973
17.0868625827
17.1081003018
17.1456306009
17.1563626298
17.1855535502
17.2088301502
17.2579964472
17.3283302237
17.3654951982
17.3843105411
17.3878351905
17.4018294431
17.4301960759
17.6842858448
17.7131065907
17.7362650712
17.8027224929
17.8707672884
17.9452847286
18.0137131799
18.0487992425
18.0628367012
18.0730497091
18.0812797823
18.1081433638
18.1319084484
18.1359204616
18.1496290869
18.1686462279
18.1910579688
18.227075231
18.2436807786
18.2704152771
18.2922708395
18.3002782432
18.3150408004
18.3219104957
18.3386298106
18.3630878534
18.3983571976
18.4206009831
18.4331099452
18.4601959472
18.4806357335
18.4851287834
18.4928359498
18.5246203851
18.6205891353
18.6426579859
18.6611041747
18.6836614454
18.725023111
18.7660214601
18.8276602342
18.9178425823
18.9709633089
19.0663018684
19.090467761
19.0947192326
19.1057722569
19.1098606667
19.1502331424
19.1808089239
19.2082573372
19.2196633207
19.2391630128
19.2581338666
19.2882428536
19.2938555353
19.3152400998
19.318883929
19.3315330172
19.3491270806
19.3949687618
19.4383808762
19.4478966675
19.4714754261
19.4791971299
19.4926954234
19.5053667365
19.5476608116
19.564075564
19.5752538591
19.6108167695
19.6293804054
19.6526082222
19.6807807645
19.7258689275
19.7477446509
19.7618305406
19.8224406201
19.8526303909
19.9000617718
19.9357140237
19.954163883
19.9866568097
20.0062052607
20.0121534621
20.3008254498
20.3108061459
20.4132048549
20.4416303416
20.4487247883
20.4523470663
20.463442943
20.4866032709
20.4980969304
20.5191064593
20.5906529999
20.6419717612
20.6608249631
20.6763077969
20.7752777817
20.7889719981
20.8639654091
20.8894788123
20.9134901309
20.9236226607
20.9721125069
20.9974550492
21.0433332602
21.0644589815
21.1164468795
21.1280658166
21.1556687992
21.1747186039
21.2329455573
21.2648460747
21.3391904115
21.3745923834
21.4026816311
21.4387038486
21.4652326267
21.4979194867
21.5711650962
21.6204662082
21.6560905934
21.6812341502
21.8976174067
21.9369988814
21.9978572215
22.0122139124
22.0249033361
22.0303285876
22.0712596721
22.1559815546
22.1781022156
22.1893281987
22.2186198305
22.2410683464
22.2558331144
22.2815764838
22.3178048442
22.3318111626
22.4015106051
22.4728063461
22.5205953624
22.560834945
22.5714917977
22.6558390106
22.7105026838
22.8173752761
22.8230147979
22.832124725
22.8380745946
22.8480296231
22.8719665184
22.8776610299
22.8926820722
22.9199020568
23.1437665568
23.1769449617
23.2009510668
23.2403971636
23.3880514548
23.3918745901
23.4307217638
23.4389460649
23.4709707217
23.4918538275
23.5460097622
23.5516928412
23.5942855035
23.6204110816
23.6271171978
23.6394321144
23.680735193
23.8543357511
23.8720691835
23.9569991458
23.9878823946
24.0286416417
24.0533564509
24.0617387271
24.1733828178
24.3187736653
24.3413893415
24.3517159463
24.3860986071
24.3916114541
24.478497944
24.4886484714
24.5502669675
24.5993968826
24.8557897409
24.9180056623
24.923313524
24.9361800852
24.9532819297
25.0075763984
25.0852375415
25.1672058373
25.2142719675
25.2291253987
25.2445421258
25.259739928
25.2768854756
25.2882154679
25.302177741
25.3231019749
25.3451994386
25.3925563174
25.4186681421
25.4470501949
25.4662276148
25.4867170668
25.5117360906
25.5758250416
25.5928788555
25.6099643102
25.6761921678
25.7546776247
25.8017375213
25.8452667985
25.8510566434
25.8654902742
25.9253487307
25.9538350423
26.1262896637
26.2092169864
26.225100921
26.2552755125
26.3322688444
26.4090809665
26.4297542388
26.4432032076
26.4739267499
26.5034026082
26.52856067
26.5804016154
26.5916323001
26.6235517406
26.6336529079
26.6516597752
26.6986284672
26.7235056843
26.7362241957
26.7529999674
26.7902537565
26.7940255929
26.8087958507
26.8587861215
26.892754175
26.9049604873
26.964299411
27.0535042571
27.0772946541
27.429421108
27.4549818076
27.4971855943
27.5902415738
27.623684216
27.6414390168
27.6690452116
27.68311887
27.6918636321
27.7229573628
27.7568555046
27.7894216452
27.8082751545
27.8402817249
27.8507957462
27.8583789625
27.901367053
27.9292902853
27.9901549397
28.0164170075
28.0460333343
28.0678354502
28.1221165457
28.1681746144
28.2887746284
28.3257023195
28.3630046093
28.3831017946
28.3928970051
28.4314953822
28.4734118522
28.5301084446
28.5891957671
28.7688365779
28.7834048733
28.8083263268
28.8210904844
28.8454407269
28.8722707114
28.8782363158
28.9014554666
28.9172518538
28.9395361621
28.9667537842
28.9732234292
29.0121321537
29.0398551458
29.0956948893
29.1362246571
29.1488233939
29.1714310682
29.1866010731
29.2067245902
29.2704899231
29.3495123632
29.3589833951
29.3758464895
29.4371404273
29.4423887868
29.5848578824
29.5962739865
29.6731061199
29.7106786164
29.7485311787
29.8170973314
29.9518190667
29.9873246276
30.0034405667
30.0192516408
30.0326633005
30.0377863663
30.0860595275
30.2234961638
30.2352852832
30.2576383561
30.2733258786
30.2878537363
30.3009487202
30.3217562137
30.3452466341
30.3584939352
30.4007559459
30.4118878336
30.4399568696
30.458279857
30.4621630124
30.4711550334
30.5007040784
30.5087939548
30.6839695142
30.7214409962
30.7584019039
30.7883360036
30.8065616496
30.8104103051
30.8340640832
30.8791491166
30.899029226
30.9055433309
30.9258799926
31.0081715116
31.0265932566
31.0825098935
31.1297197916
31.2058053118
31.2156411225
31.2263875529
31.2865819986
31.3314744171
31.3395766345
31.3600297604
31.4446828949
31.475545989
31.5024000855
31.5370076922
31.5502584133
31.5642818093
31.5985594779
31.6102762747
31.6308083854
31.6679420324
31.7226101931
31.7449014741
31.7792991245
31.8544383528
31.8600177243
31.8751826411
31.8904416302
31.9228058031
31.9598600933
32.0162367099
32.0362087358
32.2353232555
32.2423546347
32.3461203763
32.4046474026
32.4616448582
32.5120318136
32.5173531213
32.5237983225
32.5355477591
32.628988268
33.0928259265
33.2037256955
33.6065709689
33.6167798398
33.6228415214
33.6432683153
33.6531960641
33.6717483123
33.6957622704
33.7187928385
33.8062462672
33.8192628169
33.8417922867
33.8562097229
33.8779934521
33.8829871503
33.9076811601
33.9386513732
33.957167924
33.973904941
34.0329606874
34.0633161813
34.1087529656
34.141811956
34.1659572516
34.1999372846
34.233436166
34.3142723485
34.3216073059
34.3512056874
34.3879369047
34.4116487709
34.4718531799
34.4796062793
34.5098710386
34.5292081589
34.5925366743
34.6357073143
34.6619395597
34.8153804678
34.8217724809
34.8701249147
34.8969837595
34.924613313
34.9377580691
34.963221634
34.9895045807
35.0241001464
35.0509335454
35.065403345
35.1004586964
35.1148711374
35.1434681573
35.1773106325
35.211106547
35.2211995911
35.2293407129
35.3330304909
35.3420432094
35.3460880019
35.3758109638
35.4103228494
35.4137138582
35.4675724894
35.4852304295
35.4979787798
35.5371125628
35.6304914121
35.6738840664
35.6777583968
35.9299475954
35.942231812
35.9829484318
36.0202350831
36.0316196195
36.0604667459
36.092264216
36.0960234832
36.1196005667
36.1407214031
36.1498036994
36.1631834177
36.1728247389
36.2508933907
36.2782534156
36.3716252748
36.3976371126
36.4327818093
36.4425878434
36.4681381349
36.4739296388
36.4892825242
36.5416285297
36.5814808516
36.6185108055
36.6934561948
36.7388419136
36.7949953366
36.9190564149
36.9549209958
37.0821621865
37.1959568116
37.2370101188
37.2646584536
37.2919260873
37.3071999778
37.3366982829
37.3428095108
37.3741990423
37.3839825687
37.4060205378
37.43862905
37.5172999726
37.5300452727
37.5355395989
37.5546265891
37.5708142209
37.6099931092
37.6329012587
37.6760279112
37.7005090722
37.7335288334
37.7881723635
37.8714051368
37.939688843
37.9675726925
38.0270045462
38.0583402566
38.0756855711
38.104599319
38.1214174512
38.2084505226
38.2192282207
38.236956913
38.3136953209
38.3208748021
38.3859255314
38.3912094639
38.423914065
38.438203617
38.5147100601
38.5312418682
38.6031671993
38.6096869209
38.6382006577
38.6474800867
38.6567181548
38.680719943
38.6932571275
38.7314850311
38.7546238159
38.8137869927
38.8274155431
38.8476454061
38.8758599019
38.8928553933
38.9116161655
38.9244993605
38.9581116284
38.9867593283
39.018300936
39.083689794
39.2165684034
39.2884212418
39.3073867706
39.372955343
39.4142553704
39.4383056888
39.4803197159
39.6058727024
39.6129087707
39.6264072602
39.6402798752
39.6610454424
39.6749111295
39.6968431265
39.7077969686
39.7250512392
39.8687594625
39.8872770284
39.8966690091
39.9107261722
39.969208787
39.9924983013
40.0707851561
40.0778380357
40.1001133283
40.1566942743
40.1887687515
40.203942587
40.2340634115
40.799469946
40.815586035
40.8238304876
40.8377288644
40.8516920654
40.870285467
40.8776796468
40.9509044057
40.961126322
40.9841639205
41.0031221671
41.0119559162
41.0186597729
41.0655994725
41.0932602836
41.1000403677
41.1572630853
41.1791000056
41.2092644734
41.2255805566
41.24671073
41.2795572011
41.3185460817
41.345158613
41.3609682256
41.3681123603
41.4075729095
41.4329407311
41.4711542176
41.5031480047
41.5244036835
41.5732556053
41.6351695184
41.7081975312
41.7283829615
41.8080033821
41.9540316158
842
