6.00351370726
6.01511871897
6.02178012223
6.03581952137
6.06251786367
6.07635029996
6.09004593511
6.10869503767
6.11690545235
6.12290333554
6.13411118639
6.14967383013
6.17173911713
6.18815166649
6.20912311369
6.22160518773
6.26205356127
6.28534201122
6.29149392118
6.31273046
6.32588188149
6.33853970817
6.3453768003
6.3691664305
6.42449405376
6.43042004833
6.45152966646
6.47638148703
6.52085323338
6.55299138574
6.57126248421
6.59323758055
6.5982251553
6.64502851165
6.66807132086
6.68114729872
6.69394665055
6.71186909635
6.74885068498
6.79253518684
6.8106243526
6.85148436909
6.91687686426
6.99369435695
7.0398074598
7.06007323397
7.08283756731
7.10091843631
7.15118613524
7.16085889945
7.20952836761
7.23249959102
7.24560276994
7.25589056298
7.28864654626
7.29804438901
7.39754661081
7.43512070426
7.44606273526
7.45560283329
7.47454465397
7.48798510551
7.50864030746
8.09443506264
8.1118870114
8.21424299918
8.30611734311
8.34814967504
8.39582610117
8.42170152512
8.43043953399
8.44448934169
8.45391455449
8.47894744292
8.50353975653
8.51373080375
8.53812598106
8.56478672891
8.57506151676
8.59601036521
8.60725687958
8.6221368205
8.6466002367
8.6622499837
8.68828426723
8.91214765261
8.95332001921
8.96294673033
9.03362389961
9.03946725868
9.06836611756
9.0934990693
9.1155748824
9.16473751898
9.19234616822
9.25957971105
9.29762851417
9.39294724234
9.40999177411
9.41387304334
9.46250589289
9.51816394536
9.62814452549
9.6475079698
9.67059907635
9.68630313245
9.69553375001
9.79095687944
9.81909996967
9.87324316129
9.89076339525
9.92781963732
9.9509161475
9.98827848617
9.99357349298
9.99990606482
10.0393565485
10.0437148898
10.0552215393
10.0827072818
10.0963537859
10.1086676267
10.1213368941
10.1542138498
10.2194344029
10.2471295706
10.2977730693
10.5345458912
10.5414035936
10.6535471766
10.8111455867
10.835505306
10.86425887
10.8896237774
10.9190595721
10.9401833897
12.0197166501
12.0342493628
12.0747286435
12.080609578
12.0950637693
12.123300464
12.1361721726
12.1475317623
12.1668533075
12.1930163538
12.2350763813
12.287092831
12.2939268018
12.3144349223
12.3217063182
12.346445444
12.3842862482
12.3937653195
12.6355860795
12.6458852548
12.6906157177
12.7151794466
12.7353676111
12.7461329211
12.8124036414
12.8310141083
12.8766547554
12.9292827231
13.0387159052
13.0591834837
13.1989151667
13.2083090523
13.2522815308
13.2688833094
13.2759310497
13.3048673311
13.3364140062
13.3505470054
13.3770773406
13.3996217672
13.4435808205
13.4532507255
13.4707312686
13.4955386337
13.526254682
13.5444399498
13.5853112541
13.6283803192
13.6633878465
13.6837513728
13.7177680277
13.7700557246
13.825059515
13.8572682894
13.8688951188
13.8839584417
13.940870068
14.0171352095
14.0457503679
14.0620541227
14.0677825639
14.0857591048
14.2571025543
14.3261123704
14.3522899569
14.4149560614
14.4352933881
14.4599150345
14.4667688601
14.4927755787
14.5262788442
14.5438043675
14.5563363655
14.5658715722
14.6166247926
14.6372751213
14.6471102207
14.6624056511
14.6764264582
14.7002155035
14.7351821945
14.7464081085
14.7678749612
14.7769766265
14.8059747211
14.8308668551
14.8512113384
14.9038204925
14.9352543035
14.9620680086
14.9739724493
15.0284475556
15.0404111512
15.0730564431
15.0954892902
15.1215449057
15.1694310256
15.2179644988
15.2790054959
15.3199450805
15.4514529576
15.5107108871
15.5199067837
15.6215116863
15.6334403095
15.6736604738
15.7126545806
15.7973301038
15.8119128058
15.8283297053
15.835635067
15.867952485
15.8859769225
15.8975246603
15.9698124168
15.9888331061
16.0090247268
16.0716688353
16.078400447
16.1123958355
16.1308327173
16.1374909934
16.1605253688
16.1789358146
16.1908075355
16.2086439167
16.2535571892
16.3445683449
16.385165958
16.4334144011
16.5534370092
16.6565368891
16.7285882927
16.7787752447
16.8073804466
16.819079505
16.8512855821
16.8579197938
16.868516813
16.8869244595
16.8935029266
16.912848637
16.9565976499
16.9727194357
16.9997316932
17.0125377797
17.0587980761
17.0678173918
17.1604843946
17.1838413964
17.214611263
17.2305262626
17.258822534
17.2855493347
17.2903233056
17.3521175932
17.4016070704
17.6163357518
17.655299683
17.778351189
17.8364626104
17.9149592042
17.9481249209
17.9668256738
18.0153369371
18.0218044149
18.0294520112
18.044231075
18.0570480228
18.0681518944
18.1132142327
18.1217370951
18.1331655982
18.142522531
18.3330319295
18.3559029094
18.3851038077
18.423043412
18.4777317841
18.5093779079
18.5436936909
18.5865924538
18.6229478528
18.6864754596
18.6901035277
18.7260903678
18.7692719217
18.7954171786
18.862161978
18.9033540711
19.0706278178
19.1791640818
19.2152922154
19.2380635302
19.2476303181
19.2846784406
19.2967225893
19.3012279062
19.3177074232
19.3233596272
19.3431221304
19.3586493005
19.3669613047
19.3836733902
19.3985669876
19.4052313215
19.431381912
19.4357238246
19.4448185443
19.4867059403
19.5065997831
19.5675574651
19.6027289279
19.7111970363
19.7441611357
19.7512303978
19.7917222254
19.8307919038
19.8705445236
19.8760356985
20.2084450647
20.314022417
20.3476175672
20.4098926989
20.440592849
20.4666300642
20.47005414
20.4905476828
20.539161275
20.5594884359
20.591934003
20.6095550188
20.6254692619
20.6610833712
20.6926187191
20.7350981454
20.7521086769
20.8053695755
20.8742626503
20.8872375557
21.0463967251
21.049754224
21.0760351259
21.1014245498
21.1529228313
21.239157297
21.2783602653
21.3179465339
21.3892215381
21.427800487
21.4433166378
21.5552988577
21.6111996848
21.6363034488
21.6490697142
21.7028704713
21.7224894229
21.7325951209
21.7425464566
21.7505834424
21.7713760267
21.7924298134
21.8186760781
21.8426469041
21.8582557038
21.8960252801
21.9640380204
21.9892557427
22.0170792029
23.1178466027
23.1402289811
23.1914035013
23.2302443114
23.3096318044
23.3713162418
23.4092952862
23.4192434682
23.4482855823
23.5090337723
23.5701114804
23.6038394132
24.022618416
24.0331002002
24.0522614204
24.0579167563
24.0724366631
24.0808162923
24.0855538536
24.0993304642
24.1463575131
24.1613279486
24.1724811311
24.1914311742
24.3312813504
24.3675282215
24.3820250714
24.4720974296
24.5057611176
24.5108659972
24.6074497576
24.9001720438
24.967752406
25.0036077427
25.2100989372
25.2155415015
25.2898318264
25.3322617754
25.3604099131
25.3847712971
25.4038961479
25.4306779156
25.4598570361
25.4930642617
25.5198254398
25.5234496378
25.5498754293
25.5873165007
25.625161556
25.6382380837
25.6723246724
25.7139622987
25.7569202702
25.8114573976
25.8418599649
25.9009157143
25.9568529656
25.9778232184
26.0511120518
26.0786131953
26.3227230856
26.3999823089
26.4114688167
26.419354601
26.4525798548
26.4852826929
26.4900518104
26.5374509922
26.5465384562
26.5572896312
26.5720769152
26.596232933
26.6051532565
26.6217657064
26.6377385763
26.6422967576
26.6660466678
26.687831037
26.7053452915
26.7399552856
26.7575323563
26.7685892064
26.8070722807
26.8441154162
26.8778591952
26.8852208196
26.9050158669
26.9254288875
26.9460749978
27.0990207486
27.130039242
27.1659613276
27.1873762165
27.2512998893
27.3004375206
27.3702110686
27.4122991842
27.4424760014
27.5008788004
27.5640951782
27.6110398258
28.4255770804
28.4788874906
28.5906238402
28.6386396562
28.6968218961
28.7688639041
28.8361581379
28.859782161
28.8693196024
28.8879289652
28.9084763422
28.9182354722
28.9302504056
29.0983252446
29.143663943
29.1683342878
29.1762628313
29.1882461988
29.2146303491
29.2527896923
29.261057201
29.2644238238
29.3194071782
29.439599373
29.4953925508
29.5777555544
29.6384136968
29.6593199757
29.7303065258
29.7386306588
29.7910875615
29.8005712381
29.8190163162
29.9112853854
30.0033648584
30.0220687991
30.0569491889
30.0679157009
30.1002819998
30.135466826
30.1980927948
30.2079831217
30.2313415648
30.2535351065
30.2920271053
30.3108717121
30.3645852176
30.3967773051
30.4472825032
30.4622923935
30.5042875909
30.5925807941
30.6709548318
30.8417704009
30.8501467401
31.0432156624
31.0896788397
31.1899570704
31.2085224284
31.2184827639
31.2461262728
31.2676052557
31.3092429233
31.4151939767
31.44662126
32.0201357954
32.0510103037
32.1135189062
32.3173974151
32.4175303132
32.4267026354
32.4377935467
32.4541480167
32.4665828365
32.4928634085
32.4967243862
32.5079064813
32.5401567635
32.5651456219
32.60245462
32.6231683636
32.6408165408
32.6502430626
32.6765091979
32.7038028657
32.7439752659
32.7587919293
32.8231421963
32.8498262842
32.9373516576
32.9573530085
32.9968515564
33.065029948
33.1154387999
33.1375848039
33.2104773619
33.2867521884
33.3452324052
33.4155260694
33.5860792364
33.6944172206
33.7248373699
33.7383721459
33.8044873933
33.846927349
33.877670336
33.8820812831
33.8913252272
33.9045326011
33.9211767772
33.9598558283
33.9738116751
33.9813621096
33.9860861399
34.0217595575
34.0536842252
34.0930351709
34.1483282569
34.2107231789
34.230735151
34.3093675675
34.3470316612
34.4186355809
34.5466375535
34.5664633124
34.5965901841
34.6344901204
34.7120573726
34.8124215422
34.8202192462
34.8360334566
34.8546211308
34.8584574659
34.939856701
34.9648643882
35.1374998543
35.3648565905
35.4204156235
35.4511852419
35.4781828658
35.4883689614
35.5274438781
35.5808420753
35.5944438408
35.6162212178
35.7539066034
35.7978022954
35.8319213875
35.8476537752
35.9699478363
36.07063611
36.0972656873
36.1006800715
36.1503943367
36.1898258516
36.2214896057
36.2607094619
36.2714214682
36.2807030791
36.2959850923
36.3127536572
36.3265961126
36.3311458914
36.340228512
36.3512288104
36.4025321515
36.5128647974
36.7045447368
36.7293228214
36.7374369386
36.7867848688
36.8207482395
36.9696525628
37.034181614
37.0613369013
37.100682636
37.1472925939
37.2333318409
37.2385218971
37.2524592312
37.2668541815
37.2739825271
37.4059099974
37.4370960602
37.4671758733
37.4779762381
37.4875207062
37.500106808
37.5315624008
37.5639679963
37.5856494341
37.753257885
37.7851957442
37.8575248546
37.8999191215
37.9630078497
38.0052520986
38.040476861
38.0677408261
38.081155483
38.114230136
38.1746222172
38.4342289347
38.4589944083
38.488380171
38.5079871126
38.5181140998
38.5326238359
38.5563869625
38.5695429383
38.5829090355
38.6405403736
38.6523819908
38.7103919187
38.729573703
38.7964803602
38.8706250646
38.9162834766
38.9407139997
39.0215264394
39.0296357539
39.0335045136
39.0668172034
39.0925010264
39.1396490894
39.1708100771
39.2140003786
39.2366215354
39.2427482515
39.2570303929
39.3684741964
39.3999191765
39.4382335428
39.4817647263
39.4981656018
39.5088462861
39.6086608616
39.6267912095
39.6382661351
39.647135466
39.727452545
39.7580967931
39.780198073
39.7840654362
39.8061486121
40.1193549242
40.2700736642
40.2845688786
40.2972845268
40.3221081721
40.3851330107
40.4716950635
40.5578896048
40.6354914468
40.7244190719
40.7919897275
40.8116631278
40.8234819948
40.8329201157
40.8472870798
40.8732405671
40.891645263
40.8950919397
40.9088996869
40.9568265676
40.9761984494
41.005789102
41.0318413779
41.0468258523
41.0592891574
41.0782255002
41.0894569741
41.111785794
41.1614221331
41.181339429
41.2020122932
41.2234179153
41.2754493277
41.2887789978
41.3230046057
41.391652639
41.4180059206
41.4938188718
41.5390875925
41.5989019102
41.6554819043
41.69639203
793
