6.04627358464
6.09151638095
6.13606363312
6.17191199858
6.18779798825
6.19811547573
6.20959120987
6.22409816652
6.23437662833
6.24497737017
6.45487071205
6.46137309506
6.48486597703
6.53627419753
6.54885088459
6.55979646711
6.60202505175
6.67796555674
6.70641655044
6.94601879978
7.05140869809
7.08935349796
7.16567732375
7.21864430867
7.22888959612
7.2502739427
7.26892658121
7.27564724283
7.30670099472
7.32130270504
7.33259549241
7.33968628035
7.35530297225
7.43224795068
7.45083340611
7.47723258428
7.48238552226
7.50866599069
7.53648443585
7.58081273044
7.60329937885
7.61463756259
7.61986558225
7.65390849598
7.69012234786
7.72146462942
7.73580309048
7.77717928043
7.80430706807
7.89747657027
7.94023453314
8.00768936328
8.08763679848
8.10862393711
8.18862288751
8.23169239291
8.43723675838
8.45310816653
8.46183292105
8.47887759758
8.50530174227
8.53662547838
8.54533763565
8.55109544813
8.63279502578
8.64058301641
8.64597790009
9.24792977988
9.27073984341
9.34877434208
9.41198950124
9.47462261595
9.62075752624
9.64968039888
9.66584355961
9.67991706985
9.68936795067
10.5549188927
10.611975236
10.7199854849
10.7736410504
10.7917571936
10.819328205
10.8245034256
10.830379953
10.8523132128
10.8580108132
10.8840737717
10.8916784026
10.8974018304
10.9159830999
10.9205700796
10.9569899402
11.1240513087
11.1399537513
11.1442507597
11.2085502619
11.2422485014
11.2674094582
11.2834001515
11.2875867179
11.4025654542
11.4257642497
11.4435925594
11.4536600034
11.4808025283
11.5225067684
11.5723292291
11.6055638181
11.6495165759
11.7121492974
11.7558084989
11.7920267624
11.8093602374
11.8716789062
11.9244099944
11.935947224
12.0240594128
12.0329251772
12.0457461964
12.0559233355
12.0681119809
12.0769727072
12.1144591321
12.1380480921
12.1803327489
12.2126161061
12.2331716734
12.2499334816
12.2882302273
12.3285779777
12.3472364949
12.3836031451
12.4219539661
12.4460554467
12.4690272781
12.4785729574
12.4959361657
13.2154806953
13.2771678237
13.3158481471
13.332734913
13.3455439425
13.3644092628
13.3783699461
13.3834092338
13.3892006489
13.412460822
13.4185174391
13.4225936388
13.4474178626
13.4653677417
13.4882910176
13.5520749886
13.6022403673
13.6433402155
13.6636822618
13.7472953562
13.7740120402
13.8041468961
13.8241483099
13.8772305253
13.9599772793
13.9966485735
14.0494677643
14.137784654
14.1934620616
14.305002108
14.346810375
14.4189527022
14.429200973
14.4434365428
14.4500589431
14.472516919
14.6199618336
14.6299027978
14.639311392
14.6613713524
14.7102515007
14.7318272784
14.7450347439
14.7641582833
14.786349462
14.7949344615
14.8079241705
14.8529228078
14.8701502343
14.9001861594
14.9296480942
14.9908783274
15.0232298555
15.0305410323
15.058406054
15.0868391222
15.1368677507
15.1744676021
15.2472775237
15.3335728735
15.385001325
15.3923361181
15.4692355771
15.5080976969
15.5709090415
15.6046604088
15.6128699652
15.6271444807
15.6436401593
15.653458121
15.6750073867
15.6937402112
15.7013613431
15.7332863152
15.7534745925
15.7909176259
15.8287910706
15.8547505921
15.8611304687
15.885010799
15.8909687025
15.9019642802
15.9179672481
15.931401714
15.9675118525
15.9844993129
16.06307865
16.0839744588
16.1169250206
16.1357144157
16.1409845298
16.1697481672
16.2457400201
16.258836776
16.3099956137
16.411045214
16.7362286516
16.7722348316
17.0426748584
17.059391011
17.0807091713
17.1029481024
17.1184202969
17.1400333928
17.2117847775
17.2467123709
17.2996513814
17.335799244
17.3759889263
17.379461131
17.4052587535
17.4278557031
17.4794426535
17.5184461713
17.5322699461
17.5455066459
17.5771705804
17.614046353
17.6407280362
17.6440878949
17.7608829515
17.8271767796
17.8773411137
17.8818680007
17.889500678
17.9659961587
17.9769390392
18.0092706733
18.0184282214
18.0527641734
18.0595223679
18.0858734647
18.3249970613
18.3494931818
18.3691237084
18.4078164306
18.4194698012
18.4381661101
18.4624764595
18.4683277483
18.5009803117
18.510559969
18.5654143591
18.5940028538
18.630948937
18.6554286143
18.6911673028
18.7194955959
18.7478870443
18.7793566627
18.8561603449
19.2150486747
19.2549718611
19.2620386883
19.2727847171
19.3263859249
19.3829937225
19.3877791155
19.4124191418
19.4258821191
19.437142157
19.4726202576
19.5007270952
19.6241169966
19.6495319807
19.6837899975
19.7038564746
19.7224359341
19.7512677319
19.8178455252
19.8514737819
19.9619703241
20.0113187632
20.0901860023
20.1100537246
20.2531508245
20.3556323641
20.422694192
20.4330957252
20.4461123761
20.4702827618
20.4846097558
20.5139133862
20.5328548924
20.5568855272
20.572614047
20.578155842
20.6650817141
20.6977423786
20.7460477065
21.1224346483
21.1705790352
21.1889240508
21.2039150042
21.2315787659
21.2727258169
21.4948003751
21.5431568259
21.5732400898
21.6048244151
21.6235051524
21.7199909973
21.7332496283
21.7396592619
21.7941914858
21.825412833
21.8434714343
21.8800259103
21.8949649613
21.9425414059
21.9839607779
22.0085816861
22.0150273233
22.0456952819
22.0525704115
22.0710092963
22.1067007868
22.1189984986
22.1307528481
22.1368013717
22.2447071398
22.2766110346
22.3187819772
22.3749094086
22.4144656299
22.4184464245
22.5453259636
22.635678061
22.7420838058
22.7903468357
22.8266126113
22.8541217107
22.8771293744
22.9222808365
22.9604557869
22.9646745625
22.975224232
23.0012597968
23.007761919
23.0320571295
23.0472610791
23.06687081
23.0794360587
23.0926795086
23.1248461674
23.1594795189
23.19188216
23.2681121833
23.3120432196
23.5656124846
23.6059663488
23.6325387591
23.7316735602
23.7454050485
23.8073564589
23.8348171859
23.9219118545
23.9478794139
24.011943531
24.025730092
24.0374928794
24.0479753423
24.0660871365
24.0908381769
24.0983102698
24.1203288664
24.1324372653
24.1657844178
24.2139955523
24.2392733633
24.257460655
24.2977508161
24.3189852243
24.3332686032
24.3441411267
24.3566072706
24.4200669181
24.4313191711
24.4514854699
24.477251883
24.5045995276
24.509041771
24.5346968879
24.5852562267
24.5990127984
24.6642826458
24.7023118043
24.7115731986
24.7810997243
24.8134355558
24.9297559013
24.9913073845
25.0159859968
25.042706896
25.1283299049
25.1777823437
25.2157439968
25.2354170299
25.2440840905
25.2527115766
25.273964169
25.2819100629
25.2997572763
25.3267549719
25.3446784093
25.4065366676
25.4430974073
25.472610804
25.4928371523
25.5253557517
25.5400687479
25.5445056375
25.5621545122
25.578118792
25.6260712201
25.6375632308
25.6975151336
25.7224355901
25.7592312037
25.8002459718
25.8516726039
25.8784703507
25.9281023827
25.9819714091
26.0364932917
26.106380119
26.2915593502
26.3107487132
26.424909794
26.4363040742
26.446333749
26.4620800592
26.4752268486
26.4890703356
26.513826811
26.5202998449
26.5337865999
26.5643579633
26.5859287523
26.6141896602
26.6266323705
26.7463524593
26.7786334845
26.802945114
26.8104602135
26.8257479983
26.8405439157
26.9255168706
26.9447896476
26.9793483359
27.0142751805
27.0361276131
27.0472009339
27.1075713097
27.1489734421
27.1571593909
27.3927415597
27.4481780322
27.5222167618
27.5771400387
27.5901293619
27.608190686
27.6169179321
27.6428965009
27.6737458285
27.6843152162
27.7140218578
27.7354822373
27.7467022224
27.759973402
27.782635372
27.8103065519
27.8449596573
27.8689221495
27.8860711404
27.896785053
27.9074270976
27.9176423501
27.95895505
27.9886803071
28.0120354362
28.031898194
28.0775659963
28.0919477397
28.1211883286
28.1805909949
28.2001458145
28.2239491179
28.2850952462
28.2890384783
28.3586958933
28.3860804951
28.4475836105
28.5376972551
28.5757174996
28.6000535208
28.6044695822
28.6383025478
28.6974706859
28.7296554971
28.8642979476
28.8742519488
28.8894391327
28.9354049541
28.945213354
28.9506061989
29.0138008824
29.0202216778
29.0537166319
29.0865078895
29.1974225949
29.2383072294
29.3196443287
29.3388533959
29.405182915
29.4531837251
29.457903632
29.4710228383
30.004680291
30.0256136147
30.0437355349
30.0626367655
30.0917326308
30.1412331608
30.2111777892
30.2211935682
30.2341077039
30.2516817822
30.2562379277
30.2770086159
30.3172846463
30.3551693681
30.3804921756
30.435541898
30.5126433767
30.5500065996
30.5842006059
30.6159816448
30.6732873192
30.7027294942
30.7514620762
30.8718974003
30.9095200714
31.0376159434
31.1079029392
31.205781943
31.2292923901
31.247658913
31.2619726848
31.2663114352
31.2772519714
31.2909900866
31.318459636
31.3446000369
31.378091141
31.3845626985
31.4579344772
31.4641813638
31.4906168285
31.5122265478
31.558750336
31.5738393083
31.5880842603
31.6113650213
31.6458322636
31.6649636035
31.6806167412
31.716896445
31.783144709
31.8188685792
31.8409871212
31.8557326014
31.860657239
31.9020750234
31.947348658
31.9726990811
32.425577784
32.4373026939
32.4724710508
32.5123350361
32.5220313956
32.5379069074
32.5704783718
32.6272608115
32.8649471265
32.8885401828
32.9312628932
32.9655004239
32.982032397
32.9888020552
33.0236872309
33.0570371598
33.1349695917
33.1897313512
33.2259459576
33.651091183
33.6594578569
33.7288573411
33.7425286842
33.762283316
33.7908548934
33.8014818998
33.8457732546
33.867219415
33.8984672014
33.918534593
33.9305934842
33.9410009284
33.9539059874
34.0173617001
34.0657601331
34.1112074195
34.1264825274
34.135995166
34.1395209275
34.171182385
34.1906431119
34.2555497813
34.2868377121
34.3217772906
34.3252084642
34.459478246
34.5016226908
34.5340605622
34.6888730092
34.7386721942
34.8048194046
34.8182847379
34.8378236626
34.8547540613
34.8677384882
34.8887782609
34.9067444887
34.9590497388
34.9763528372
34.9898277322
35.0097390732
35.0219813624
35.0625370367
35.1136691134
35.1232923443
35.1427053966
35.4735094354
35.4940682055
35.7534893778
35.7650357381
35.8372119754
36.0167019139
36.038478295
36.0692518325
36.0861101076
36.1389415352
36.1498967797
36.155746562
36.1609716048
36.1805876212
36.2206734667
36.2463988084
36.2614251512
36.3048864707
36.3154955473
36.6224175588
36.6482632802
36.6929269882
37.2317318998
37.2491859365
37.3293374012
37.3435030054
37.3492348365
37.3843579844
37.4095828303
37.4465717275
37.4819986732
37.5171406152
37.6018203622
37.6053875668
37.6093696699
37.6634127306
37.6916824447
37.7080830889
37.7295417495
37.7731861233
37.8159422183
37.8296649568
37.8703820314
37.8956991313
37.9931100864
38.0114036451
38.0747721995
38.1263428397
38.1303628145
38.1344395225
38.1755220564
38.422666839
38.4429847851
38.6522978699
38.6666249527
38.6988995448
38.7141304915
38.7425608789
38.7608296641
38.7921860758
38.8039184105
38.8337420247
38.8672717276
38.8912270814
38.9010490835
38.9601816315
39.0642505189
39.0834023576
39.1444353617
39.164379162
39.2767043551
39.5123537462
39.5414388231
39.590278135
39.6064361272
39.6485070105
39.6692057598
39.6834809308
39.7668974017
39.8050969132
39.8565048486
39.871585643
39.8876155481
39.9413820079
39.9629325682
39.9785857863
40.0234455906
40.0420858779
40.0687347064
40.2404411043
40.2753988952
40.2912279189
40.3266135602
40.3620891107
40.4337382271
40.4532201173
40.4728906091
40.5359395697
40.5500736314
40.6187246566
40.7058197442
40.7649739111
40.8587457382
40.8864586064
40.8999626321
40.9046356015
40.9257131759
40.9646327114
40.9752857719
40.9952608574
41.019503941
41.0645419026
41.1006942199
41.1123877742
41.122662697
41.145857449
41.193468652
41.2186639277
41.2475590278
41.3127837102
41.3400138519
41.3649426183
41.3846448551
41.4084302651
41.4136646609
41.6330134654
41.6983619293
41.7562048626
41.7748043127
41.826796879
41.9258735725
41.9293687358
41.9982612051
813
