6.01408991636
6.02890336549
6.0412602831
6.06080762121
6.07884934425
6.09207365294
6.10085982243
6.1102512019
6.11937020444
6.18720656571
6.20067865013
6.21791648347
6.22812758469
6.25375061887
6.26739413345
6.28514872773
6.47818330422
6.48912108081
6.52418021503
6.55943729901
6.57704976082
6.65257234164
6.91208822412
6.94731035141
6.99633407239
7.03144425615
7.04889906463
7.10818251728
7.13534001264
7.21018377187
7.22439062121
7.22824653069
7.24479632942
7.2645351603
7.27803406869
7.29173736576
7.36023787884
7.37729549862
7.39403664778
7.41901465346
7.48361319881
7.49926062897
7.67582190345
7.69307695892
7.70496560312
7.70894285899
7.75451430333
7.8048144977
7.85526584763
7.87242074633
7.90990415058
8.22899723645
8.25902484139
8.31518638938
8.36489326222
8.41995140598
8.43548348154
8.4511737502
8.46562302035
8.69432964788
8.71325679329
8.74537268018
8.75651737025
8.78669865018
8.8030967029
8.82357941984
8.86808761555
8.89355316445
8.90336820556
9.02931802928
9.0405510226
9.11599034636
9.14658996438
9.1619641388
9.28674537759
9.37117350501
9.43040275129
9.55409259986
9.63145404273
9.65114530032
9.67002069662
9.69343734037
9.71332662779
9.7227609986
9.73057404927
9.73577034622
9.74175673821
9.79697150403
9.84144634178
9.85919427143
9.86289477115
9.89460886503
9.90680748297
9.96943694939
9.98817098174
9.99921024956
10.3050013038
10.4081153975
10.4672666683
10.5494104217
10.5671329021
10.5910650751
10.7199402386
10.7821907304
10.8831161378
10.8977494282
10.9193039671
10.9396155219
10.9501949159
10.9832071197
11.0646147172
11.07623997
12.0099125587
12.0208035221
12.0341474874
12.0422590924
12.0706048698
12.1028505488
12.1115521314
12.1586069647
12.1662537344
12.1777245596
12.2000656944
12.2123301198
12.2700319004
12.2960609854
12.3053271138
12.3186601868
12.3537273546
12.3622423449
12.3830865533
12.4072602604
12.4365940128
12.4413412025
12.6358032477
12.7040834671
12.7577748031
12.7757622523
13.1722426089
13.2043195548
13.2378431001
13.2486957859
13.2610363813
13.289355769
13.3136302492
13.3260019319
13.3492197275
14.4164778838
14.4653566597
14.4825201255
14.4966584863
14.5231644161
14.5304254488
14.6677948461
14.6714468338
14.6831706229
14.690224386
14.7264773174
14.7353554882
14.7597586106
14.7724136342
14.7996730577
14.8268639409
14.836763433
14.8419211431
14.8666097568
14.8962287824
14.9343802256
15.0725999565
15.213520028
15.231749499
15.3454526033
15.3946679156
15.6115656329
15.6182750545
15.6613463169
15.6849895401
15.7012372338
15.7231661522
16.843490521
16.8470337515
16.9912128745
17.033190378
17.0377295612
17.1660805505
17.169809078
17.1941227326
17.225618596
17.7633362976
17.8342164436
17.8846976106
17.9207292358
17.9751852172
18.0111798951
18.0254007451
18.048337358
18.0862403649
18.0952239972
18.1046602362
18.1240624119
18.1413844854
18.1655950119
18.1836163523
18.2252509896
18.2403210296
18.2602621221
18.2797169422
18.2938165455
18.3041923966
18.3348741012
18.3574764955
18.3846985478
18.4282817225
18.4855119611
18.6086494449
18.638796191
18.6660769218
18.7597324196
18.7877790113
18.8100955843
18.8392826103
19.0145957193
19.1001716919
19.2285022986
19.2370085003
19.2529877297
19.2734684103
19.2964435465
19.3325591678
19.3457998905
19.3529792498
19.4098693791
19.4243584425
19.4632575077
19.5133239672
19.5411728517
19.5700399551
19.6016297052
19.638823188
19.712430361
19.7560096006
19.8145746918
19.8625254326
19.9104363334
19.9146917204
19.9690984088
19.9844853279
20.1301692323
20.2181147273
20.2529211885
20.3162765867
20.3527631084
20.3827712188
20.409309369
20.4373538853
20.4627503521
20.4779979396
20.4909647968
20.5009157623
20.5209824842
20.5644380639
20.601524968
20.6305325373
20.7425197809
20.7625030399
20.8051914355
20.8231853978
20.8399523891
20.877158615
20.8815010029
20.8905952317
20.9497098661
21.0010416777
21.0437187942
21.1110636715
21.1547452168
21.1795200086
21.2486330669
21.2922967209
21.3620128495
21.3941148103
21.4406449185
21.5176835764
21.60724573
21.6305714474
21.6534311667
21.6674440389
21.7078723659
21.7287201047
21.7443164349
21.7918125716
21.7995630373
21.8195857365
21.8321592468
21.8357313142
21.859748292
21.8901183466
21.9025099237
21.9296875962
21.9348744119
21.9520819118
21.9836705149
22.0419954722
22.0832850378
22.1134977448
22.1648792606
22.2008803514
22.2205081501
22.444276996
22.4565101752
22.5781455977
22.6592726366
22.6952104023
22.7841786926
22.823432012
22.8922805415
22.9126509159
22.9318022084
22.9480859872
22.9758819238
23.0097174546
23.0201817748
23.0380002379
23.0646160601
23.0811557735
23.0942942992
23.1217885477
23.1645122679
23.1928019655
23.3972292251
23.4388671332
23.4709923512
23.4999197442
23.5210473693
23.5521992576
23.5579431967
23.6262218336
23.6647090951
23.7369700372
23.7752177793
23.819124064
23.8232202973
23.9031259645
23.9782193068
24.0239839887
24.0579308153
24.083368285
24.1027787563
24.1205706016
24.7458943954
24.8146114315
24.8564682806
24.9914489514
25.02262109
25.0709744352
25.1142352742
25.1402280867
25.1568069927
25.1754301038
25.2137556777
25.2397789888
25.5051657908
25.5298729698
25.5662788584
25.583623896
25.6214026929
26.3686399723
26.4167276338
26.4374291093
26.4474793549
26.4722653105
26.5032778757
26.5236833054
26.5382626705
26.5579450232
26.5940790248
26.6216178127
26.6329073417
26.6460233294
26.7372830356
26.7931777028
26.8124744272
26.8553542055
26.8902192984
26.9223560525
26.9609459643
27.00028978
27.1270439211
27.1421744
27.1723865193
27.2433677676
27.3320468267
27.3558476417
27.3816579426
27.4014793288
27.6183876793
27.6280757419
27.6526488886
27.6702286659
27.6973582453
28.1944883694
28.2471619584
28.2534331117
28.2866935884
28.298303481
28.3099334782
28.3360112225
28.3546984809
28.4102551984
28.4459770919
28.4704848483
28.493966658
28.5342171073
28.5517845434
28.6277430186
28.6580852033
28.6828380278
28.7867357793
28.8134929943
28.8702250615
28.9006233084
29.1182701752
29.155204245
29.2043660472
29.2077710698
29.2830179318
29.3034628676
29.3330848856
29.5252171582
29.5325892219
29.6072937615
29.6659397482
29.7355289642
29.7406634711
29.8514370439
29.8975961282
29.930821738
29.9618251205
30.029085132
30.0448435564
30.0718333651
30.0944106847
30.1290195985
30.1677556306
30.180946726
30.2266415003
30.2447683583
30.2750470974
30.5021416017
30.518135473
30.6717666947
30.6848168103
30.740786212
30.7810470639
30.8265589059
30.8758192452
30.8919677373
30.9988112237
31.0890537323
31.1447647253
31.1917295544
31.2132522286
31.2175137139
31.2317084984
31.2422160041
31.2522440235
31.2752535696
31.2947583354
31.3066907959
31.3228948304
31.3414328299
31.3485348353
31.3576800056
31.3744764775
31.3820950733
31.3884787178
31.4064105948
31.4377116202
31.4616815267
31.474616092
31.4844768948
31.5098891657
32.1886885593
32.2132155466
32.2459539816
32.2952241627
32.3694296539
32.3745395988
32.3937535774
32.4214985693
32.4775789027
32.4976944148
32.7028000508
32.7119722929
32.7437796212
32.7843041267
32.7931445992
32.8148370071
32.8720937684
32.9034081245
32.9267715849
32.9677927564
33.0071723559
33.0512024283
33.084814188
33.1057434553
33.1351947439
33.1770086575
33.2111981599
33.5291965345
33.6099338363
33.6156418303
33.6316519017
33.6367595993
33.6761933848
33.6920497188
33.6992746795
33.7466338339
33.7666737078
33.7844427851
33.7943477824
33.8025278108
33.8421447485
33.8821858097
33.8981677406
33.904991599
33.9157343548
33.9875269351
34.0313772673
34.0503051768
34.0891747415
34.1375271416
34.1817024526
34.2111230046
34.2539786107
34.2671094955
34.3087104866
34.3137218182
34.3256121735
34.3421168657
34.3658194092
34.395604968
34.4557102523
34.4898618124
34.5100909612
34.5817419983
34.6437450326
34.6484265995
34.6576439972
34.6671030114
34.7068024039
34.7856416048
34.8252092116
34.8403209916
34.8560555088
34.8884033897
34.9423061562
34.9472298047
34.9539871587
34.9801867142
35.0003065349
35.0195516621
35.0365407323
35.0559841392
35.088340261
35.1458293514
35.1857959188
35.6650188027
35.7135392305
35.7339343691
35.7813566214
35.8995715397
35.9710055775
36.0183915105
36.0392953733
37.156325853
37.1763798574
37.2157044549
37.2302823756
37.2539409458
37.2581683667
37.2695285452
37.2990816332
37.3110043466
37.3328543743
37.3618357936
37.3711044727
37.3922689845
37.4057474796
37.4273099869
37.4493586311
37.4594642913
37.4933966226
37.5474602167
37.6584155063
37.6846591363
37.6966504296
37.7398879008
37.7449515646
37.7878867866
37.8381130742
37.8673011675
37.9294167979
37.9609389391
38.0749587663
38.0972613656
38.1482961429
38.2011912522
38.261265142
38.336404922
38.3480416916
38.3587734771
38.4205364333
38.4400741154
38.4530180228
38.460451711
38.486157543
38.4977386408
38.5283419385
38.5552623766
38.5777481103
38.6482885303
38.6613811824
38.6831733755
38.716427874
38.7343100768
38.7567612286
38.7859336458
38.8100911407
38.825952538
38.8442277821
38.8588739461
38.871112123
38.9113067458
38.9281603884
38.9973556957
39.0034124905
39.1010621857
39.1449828228
39.1910305054
39.1956590249
39.420769849
39.4623836215
39.5018231786
39.6948077736
39.7061226559
39.7206775855
39.741671947
39.7550456255
39.7599191749
39.7680456268
39.7840547222
39.800563077
39.8298397347
39.84732766
39.8526522026
39.8589361223
39.8732559082
39.8825551473
39.91998123
39.9614833487
39.9921368669
40.0762484136
40.1134284851
40.1231010134
40.1632907818
40.221829898
40.3319080923
40.4052648875
40.43819366
40.4794342576
40.5091276709
40.5676145586
40.5872744181
40.6227820687
40.6650652042
40.7849883438
40.7927559032
40.7974699703
40.8091803222
40.8156688339
40.8460851006
40.8535656146
40.8656900573
40.8821882259
40.8949742962
40.915627932
40.9383257482
40.9541448264
40.9609851371
40.9829145542
41.0020066617
41.0207923151
41.034788435
41.0496609418
41.0669320011
41.0801721102
41.1000745567
41.1399253763
41.167720829
41.1803498807
41.222665939
41.2386970252
41.2500050936
41.2624472247
41.2807707439
41.3057827829
41.3448300292
41.3558533711
41.370171712
41.4242823134
41.4474229395
41.5257926054
41.5629652844
41.6518397024
41.6799922536
41.8283689867
41.8493226917
41.8690056178
41.933459242
720
