6.00530934205
6.01807477403
6.02605275002
6.04028595259
6.05100620553
6.05922041433
6.06462385631
6.07038066401
6.08221850456
6.1043788923
6.11120263268
6.12756409792
6.14405680941
6.15807773448
6.16745826858
6.18014745828
6.19558738679
6.20355693366
6.21226343551
6.21957879023
6.22612113567
6.24801369635
6.25865679343
6.28660731871
6.3083195607
6.32933379945
6.40885746124
6.42795989499
6.43350775264
6.47343723785
6.49537809783
6.84057626872
6.86831434273
6.90963941503
6.92663940585
6.95564054743
6.96300294229
6.96659819557
6.97314774526
6.99508116026
7.20993571444
7.21782329019
7.22939319739
7.23922959472
7.2496385389
7.26791621201
7.27614044217
7.305429361
7.33206942759
7.34705676719
7.45969552137
7.46673697438
7.4778238983
7.51040124075
7.51846951594
7.54357936495
7.55306361132
7.56314737564
7.59184925693
7.62854233238
7.67014661943
7.68987494602
7.69727883115
7.71728978367
7.73421168317
7.75206194526
7.7796739779
7.81911438194
7.83172779742
7.86850858448
7.91632722239
7.92852084536
7.97426237123
8.01965244486
8.02333339761
8.02712883453
8.07697532958
8.08931741966
8.10543932364
8.16044860395
8.25372818236
8.26749837838
8.29392598147
8.34047859279
8.41553757502
8.42234174775
8.42855707931
8.45140502204
8.46058492145
8.46779666701
8.47276474411
8.48374447937
8.49717134263
8.54774491095
8.55542782857
8.56620822103
8.60682951446
8.61029034056
8.61410116009
8.66340845001
8.691377727
8.84107185003
8.97244294163
9.07999216314
9.08360803664
9.08695387236
9.13119748686
9.1475255252
9.2060341799
9.21988477979
9.2304655694
9.28131373917
9.31973560608
9.36203730675
9.55191270988
9.58246264019
9.61708845113
9.64937152979
9.682327236
9.70723026588
9.72490501338
9.73599697654
9.77060783752
9.78879203489
9.79897651597
9.80542474618
9.85724944798
9.8783888201
10.4884183077
10.5440622808
10.5689092028
10.5775913424
10.6348654649
10.6420856969
10.7115342725
10.7900027239
10.8137001176
10.8360366505
10.8489752579
10.9536952002
10.9634966465
10.9817580153
10.9858779026
11.0078650912
11.0197374365
11.0457422962
11.0759007584
11.0925399878
11.1543070886
11.1770002285
11.2123165874
11.232495645
11.2524935221
11.2765394719
11.2877954226
11.3384344289
12.0181882993
12.037084974
12.0662626163
12.0841937339
12.1018109578
12.1111798129
12.1329005883
12.1431411124
12.146610417
12.1913309684
12.2025581843
12.2422929831
12.2647555631
12.2832488012
12.3185911958
12.341758301
12.3653841391
12.3759311228
12.4143361993
12.4291740669
12.454964222
12.486693048
12.6913333998
12.7162520782
12.7666426123
12.8456210308
12.876619144
12.924591491
13.035068927
13.0925512217
13.1479419822
13.1992189474
13.2208151066
13.2452079356
13.2622135594
13.301322695
13.3160354216
13.3378745174
13.3574113421
13.4814451733
13.5130951392
13.5500712786
13.5923159466
13.6372669918
13.6535949128
13.6918001348
13.7359988639
13.7628437688
13.8019127846
13.8096793849
13.8377841518
13.8686366992
13.8862569573
13.9045159025
13.9150750249
13.9393329103
13.964174126
14.0557540292
14.06952501
14.1037385793
14.1254460705
14.1672890383
14.4183644586
14.4370204365
14.4482498751
14.460468733
14.4762603192
14.5254114825
14.54334973
14.5537030703
14.5784653452
14.6047911884
14.6388613707
14.6674938223
14.6770110395
14.7635647383
14.8187428694
14.8599426996
14.8750302044
14.9824187526
15.0299328592
15.0562437529
15.0958292998
15.1124243854
15.148039549
15.214661605
15.4085713765
15.4413570279
15.5311657546
15.5963999697
15.6426735026
15.6537437976
15.6758910374
15.6839726051
15.7624446276
15.8405989587
16.4404044584
16.4920746089
16.5509008868
16.5935102307
16.6392394038
16.6434927827
16.6663030815
16.8302661329
16.8850166097
16.9922826453
17.0353931385
17.078756974
17.1181145054
17.1855297868
17.234446543
17.2790060985
17.3071703609
17.3702938511
17.3948637733
17.4344416533
17.4716810975
17.47759212
17.5132144847
17.5947937089
17.6355554266
17.6600191602
17.7410184922
17.8062674952
17.8097996882
17.8590561159
17.9162637434
17.9803022818
18.0116856208
18.0597047678
18.066863238
18.0734542758
18.0861203415
18.1103686008
18.1224709072
18.1520607628
18.1755763656
18.198750104
18.2318257855
18.2797230937
18.3028382116
18.3241686681
18.3320239823
18.355762581
18.3964080278
18.4041777141
18.4427076911
18.4647782804
18.4761413326
18.5072956742
18.5151856204
18.5222314756
18.5635980778
18.5723775073
18.6152033343
18.6574909955
18.6766405108
18.7063202732
18.7491859486
18.7690281314
18.8227965399
18.8317624395
18.9906291739
19.019618954
19.2171915373
19.2472244583
19.2650168143
19.2756829384
19.2986812398
19.3138635689
19.343778125
19.3609539346
19.3720468916
19.3929131106
19.4023300561
19.4206729169
19.4463997342
19.4679237968
19.4788449532
19.4999854379
19.5311188731
19.5536511308
19.6482912456
19.6548255642
19.6645980982
19.7353107067
19.7607962854
19.8265047924
19.8563981391
19.8728521799
19.8813511121
19.9271979008
19.9490117101
20.0351563973
20.0902449505
20.2251211393
20.2304779064
20.2797705359
20.4403472279
20.459839861
20.5393087736
20.5510233851
20.5592251162
20.5949849195
20.6210710832
20.6370981366
20.6441898597
20.655184625
20.673955356
20.7188636148
20.7551182341
20.8155210321
20.8558790141
20.8924576879
20.9148997887
20.939701127
20.9991031254
21.0094714143
21.0505397389
21.5448586149
21.5830722788
21.5915074825
21.619893222
21.6423317344
21.6600394195
21.6827059837
21.6986476027
21.7189611147
21.7343389036
21.7540921758
22.0434974123
22.0507897127
22.1039449723
22.1327281901
22.1398270076
22.2746668717
22.3163369937
22.3762369906
22.4054798912
22.4930876613
22.5316811631
22.587038601
22.6390384403
22.7523181899
22.7668558328
22.8158529606
22.8519323775
22.8620015634
22.8716504996
22.8949459383
22.9104392346
22.9329432439
22.9416180761
22.9553536392
22.9898748839
23.0194496886
23.0271901104
23.0306463014
23.0944546963
23.1180628305
23.1469768515
23.1624644762
23.19899473
23.2975513861
23.3201236716
23.3566148289
23.3897879395
23.3971667793
23.4509908413
23.5144552957
23.5310377084
23.5612693947
23.5931937784
23.6385952273
23.7184502027
23.7696149452
23.8242625231
23.8939521365
23.9544473621
23.9816617242
24.0175692137
24.0211946144
24.0330924117
24.1008355357
24.1972882508
24.2116727699
24.2272595579
24.241383852
24.3081595568
24.3200314137
24.3534224058
24.3655287583
24.3938625939
24.4097325924
24.4232519595
24.538892298
24.5631608575
24.5776721242
24.609781822
24.6362148075
24.6651135552
24.7204627013
24.7849797764
24.8327653655
24.8373135393
24.856189181
24.8722868987
24.9050767754
24.9488494393
24.9739486374
25.0237834748
25.0764283773
25.0926733583
25.1854749599
25.2064600011
25.2221060721
25.264673887
25.2754147293
25.3001309485
25.3127245219
25.3316330013
25.3484117487
25.3908523139
25.4212799423
25.4278533984
25.5109812854
25.5592347934
25.5792458997
25.5972976374
25.6318470173
25.6580013875
25.6621713353
25.7132421477
25.7536990064
25.7884959617
25.8068707305
25.8246859577
25.8550825586
25.9119684696
25.9321973102
25.9623043248
26.0646072968
26.0868728682
26.2036601719
26.2402731447
26.250283941
26.4066887998
26.4158606446
26.4709553283
26.4980661722
26.514621926
26.5255518596
26.5439925338
26.5646607445
26.5869712092
26.6075567878
26.6181694297
26.6475187538
26.6641333963
26.6839952504
26.7320898477
26.7609483972
26.7886329191
26.8149461815
26.8186763411
26.8434468481
26.8614178656
26.8658634839
26.9085836117
26.9234597895
26.9455369739
26.9796144611
26.9863851566
27.0045504014
27.0378331053
27.1081712112
27.1260424456
27.1784839889
27.1917949162
27.2426899422
27.269805845
27.3009132895
27.3044903898
27.3588328037
27.3911479023
27.4006979762
27.4188950614
27.4444104188
27.5300273526
27.5335737473
27.5386994452
27.6082902429
27.6248118203
27.6388078243
27.6546760183
27.6670563742
27.6734918875
27.6892952086
27.7062427762
27.7550046575
27.7866592009
27.8134070494
27.8397315064
27.857772766
27.88684619
27.9030870155
27.9457117771
27.9686664622
27.9807271204
28.0231278321
28.042952358
28.0464015758
28.0812552111
28.1171041343
28.1902453791
28.2100081862
28.3146241423
28.3689776736
28.3965242517
28.4253268812
28.4568056647
28.4744165837
28.5086362589
28.5557508259
28.6586623714
28.7110034084
28.8138580993
28.8225979112
28.8348101913
28.8428557425
28.8572945791
28.931025044
28.9438631171
28.9526849204
28.99019372
29.0159825638
29.125349978
29.1719808619
29.2014058805
29.2279243162
29.3368061102
29.458743784
29.5220065319
29.5559916251
29.5967182658
29.7708963853
29.7770035255
29.8029443946
29.8550559364
29.8745304521
29.9780307513
30.0198410623
30.0325664635
30.0473148098
30.0758273242
30.0806276175
30.0849112732
30.1084467788
30.1137822835
30.196018664
30.2150926086
30.2309354744
30.2540964702
30.273327443
30.2988629429
30.3779677073
30.4050098893
30.4413624955
30.4716389676
30.4907413984
30.5088959541
30.538860748
30.6885384696
30.7088800423
30.7446623764
30.7814206399
30.7958768937
30.8338164851
30.8668667268
31.0257213543
31.1132293703
31.1648305052
31.2214451614
31.2389919032
31.2491193879
31.2699907448
31.2955646564
31.3374828947
31.3551452855
31.4100795737
31.4382295561
31.5180143003
31.5313124367
31.5416769727
31.557065442
31.5659595011
31.6098546725
31.6541091264
31.6747646581
31.7154164966
31.7529433162
31.822177181
31.8575470227
31.8908273583
31.9417506769
31.9516227834
31.9803343635
31.9844119479
32.018922689
32.0759326711
32.2815006314
32.3709371439
32.4104361278
32.4174588009
32.4247926682
32.4346880535
32.4500117437
32.467802502
32.5125399286
32.5186905119
32.5276464455
32.5646088169
32.5840232633
32.6071779966
32.6780737697
32.7064267391
32.7211740334
32.7349677714
32.7508976486
32.8521914204
32.8629513133
33.2343500363
33.3553151394
33.3759956065
33.5670679462
33.6312054937
33.6721771633
33.6899699564
33.716847598
33.7444074155
33.7530079197
33.7760501019
33.8276247804
33.9171278739
33.9634585043
33.9814593566
34.0551538886
34.0664360663
34.1229284292
34.1369091721
34.1930784308
34.4474355919
34.5153802528
34.5600895843
34.5667548077
34.6402450631
34.6624969457
34.6914251586
34.7191346652
34.7537798581
34.7858535332
34.8527676852
34.8808220719
34.913307205
34.9334975444
34.9387718628
34.9486115347
34.9581950044
34.975414802
35.0289055174
35.0430713033
35.049150554
35.0674122589
35.094586042
35.1130938402
35.127757463
35.1343964027
35.1959388526
35.2073044201
35.2183535244
35.2752617439
35.2806527301
35.3011348761
35.3097578029
35.3356084848
35.3745324684
35.4134510842
35.4204714231
35.4822601665
35.6048658082
35.6405222583
35.7020076809
35.7210927585
35.8646925809
35.9196316846
35.9466840778
35.9968334694
36.00911495
36.0223910125
36.043366953
36.0598649607
36.0715194222
36.086818256
36.1029597555
36.172753457
36.1830781099
36.2054412142
36.2175285612
36.258696186
36.2778297662
36.2979896167
36.3224626029
36.3534471091
36.3832660606
36.4284341932
36.4489229365
36.464731466
36.4834104117
36.5102157264
36.5143860853
36.5349556687
36.5868864377
36.5949207267
36.6405435463
36.6688849697
36.7009307638
36.7409964944
36.8407212832
36.8863909812
36.9223235433
37.1740710748
37.2070550512
37.2236695232
37.2400223434
37.2642405325
37.2802753409
37.2844097995
37.3070445328
37.3149511365
37.3464151448
37.365780344
37.3743845047
37.3934288812
37.4075322286
37.437531263
37.5305420282
37.5468876169
37.5702713527
37.6054784018
37.6458114418
37.6551449281
37.6934539992
37.7076931784
37.7199304471
37.7768116468
37.8595413761
37.8712650453
37.8976795592
37.9316308016
37.9713241273
38.022350024
38.0444618814
38.1072325849
38.2048775831
38.2634710961
38.3045025237
38.3953879646
38.4076392428
38.4320463456
38.4425375854
38.4519293262
38.4728488179
38.521070576
38.5439604977
38.5508811363
38.5854512145
38.6080398213
38.6255227165
38.6475191331
38.6510238531
38.7023188864
38.7066643081
38.7167846925
38.7381157269
38.7566465415
38.7820887623
38.8013711213
38.8276048979
39.0570487473
39.0908591228
39.2901110274
39.3399696132
39.392787835
39.4022459694
39.4544171947
39.5396434751
39.6112746959
39.6310916432
39.6384767157
40.3641259875
40.3837847951
40.3992199311
40.5555029476
40.6238993953
40.6612742838
40.7167485634
40.8696211566
40.8920767895
40.9372882185
41.279525242
41.2981877943
41.3545926993
41.4873012587
41.5529468528
41.5857344217
41.6537762047
41.7009719321
41.740068805
41.8461147755
875
