6.00778306254
6.01743817619
6.05899456332
6.07270415929
6.08605704712
6.09650179445
6.10312042939
6.1200530863
6.13498460645
6.17897193401
6.19846200683
6.24042631105
6.29495950452
6.31206569747
6.34289694284
6.3474870743
6.40766797981
6.42553327052
6.46077003561
6.49200968695
6.50879216446
6.5132932594
6.54971010481
6.55715190905
6.57346256743
6.59462017532
6.60432660086
6.62769993012
6.64522672079
6.67589963173
6.71796003226
6.76055369044
6.80944451748
6.84242134053
6.91452225655
6.93674209145
7.00644762753
7.07429747838
7.12423324556
7.18372143918
7.20963386139
7.21696535191
7.25238554735
7.27535495377
7.29556826145
7.30203672547
7.31983131429
7.3517680258
7.36932456323
7.38016707879
7.39918337858
7.41660646639
7.44176435774
7.45582174396
7.48007372501
7.5251567651
7.54620235513
7.55973637124
7.57684767952
7.60832271729
7.64884766752
7.67389829031
7.69874096542
7.7136353383
7.74589757573
7.76715334959
7.81840477219
7.86705627267
7.88410324008
7.89941270346
7.90736555651
7.92443302236
7.93486806242
8.02819999333
8.03287230588
8.05086789732
8.08997352878
8.20315136323
8.24214006184
8.27176792209
8.30192447643
8.33890259638
8.34328079007
8.40589536755
8.41849686048
8.42570169125
8.45137937755
8.46271270937
8.48418891173
8.5292011806
8.54952302653
8.55973147353
8.64778212046
8.67204659072
8.69246928146
8.71663697031
8.72687055442
8.75309989795
8.77826448006
8.84133197982
8.85879942602
8.90458729232
8.91328995155
8.96271234517
8.98683470866
8.99891214628
9.02489952257
9.03687314732
9.05316456393
9.05833670996
9.07765401301
9.12537940318
9.17836503413
9.21356289608
9.25322343478
9.26875694804
9.60844723352
9.63235670888
9.66188716296
9.68087691845
9.69193745008
9.7146155882
9.74267338189
9.78175168241
9.81004423357
9.85946890148
9.89558230806
9.91174214793
9.92211397583
9.93796061161
9.96347498063
9.99658282022
10.0084897199
10.0273815975
10.0367637913
10.0564682664
10.0999866538
10.1474695049
10.1814188903
10.210167245
10.2431408112
10.2726316065
10.3420674027
10.4034333297
10.4297859203
10.4422651876
10.4589471312
10.5142825638
10.5661228087
10.570392328
10.6541287483
10.7033236577
10.8094325955
10.8261778838
10.8575260668
10.8667616806
10.8907565509
10.9061562637
10.9286909712
10.9401560702
10.9645034853
10.982413764
10.9989761944
11.0086587312
11.0237331159
11.0779074854
11.1796398554
11.1946419002
11.2026430992
11.2099240971
11.2422071732
11.2867078791
11.3467031111
11.3582922936
11.3896733743
11.4137332181
11.43653772
11.4732756257
11.5269891825
11.5941354362
11.6276531733
11.7453820231
11.7998475285
11.884064328
11.9076579597
12.0329567909
12.0484818292
12.0544642932
12.061900484
12.0849889852
12.0923291962
12.3118174656
12.3470313459
12.3895117983
12.4327762862
12.502130044
12.5992842783
12.6040300925
12.7297117657
12.77007367
12.7918558721
12.8174164094
12.8209847031
12.8505490865
12.9058569313
12.9430013667
12.9659421953
13.2066494735
13.2196878235
13.2369542744
13.2639718422
13.2802346472
13.2855826564
13.3283617891
13.344258889
13.3573975657
13.3631546145
13.3841082045
13.4171111675
13.4310641921
13.4425506741
13.4783051554
13.5842122252
13.6000649501
13.6254195353
13.6608978148
13.7142879269
13.7470693282
13.7826901021
13.8007188193
13.8142448791
13.8384573864
13.97116772
14.0862948357
14.1990358725
14.2499887215
14.2925258595
14.3678886834
14.4124237807
14.4315836909
14.4581554702
14.472840415
14.4812320688
14.497987123
14.5199214477
14.5393782476
14.5450182701
14.7304942076
14.7395421312
14.7619856516
14.8207279492
14.8368666497
14.8408653681
14.8822908572
14.9141861712
14.9377036661
14.9575938302
14.9933308255
15.0050222709
15.2847705133
15.3469055184
15.48685245
15.5835415852
15.6294077298
15.6456794126
15.6712543475
15.7011036111
15.7050074606
15.7312884179
15.7747837824
15.805243568
15.8368588171
15.8613345599
15.9589377302
16.0567723363
16.1480067338
16.1545055795
16.1953187822
16.2178219597
16.251777719
16.2893940128
16.3127637498
16.3316321729
16.3873170898
16.5304268693
16.5417473501
16.5730156816
16.616646051
16.6951758384
16.7598542965
16.8071008982
16.8111440072
16.8490266948
16.8764278498
16.8970518703
16.9226559398
16.9442625342
16.9516450821
16.9597081618
16.9857610911
17.0003111365
17.0226791162
17.0472740682
17.0893592721
17.0988979877
17.1315429539
17.191350206
17.203519529
17.2426370569
17.531694727
17.5949515755
17.5987918515
17.6403862396
17.6868255266
17.7635637481
17.791360398
17.855440701
17.8660444059
17.8749445687
17.9166262015
17.9573673966
18.0112690661
18.027013018
18.0352250472
18.0709582776
18.1466466251
18.1676487019
18.2067982646
18.217398078
18.2892340909
18.3091292836
18.3449067176
18.3758358423
18.3818983453
18.4148906276
18.4486689139
18.4808348348
18.5250725367
18.5400066586
18.57468295
18.601367107
18.6193974863
18.6501120674
18.6617174305
18.7206278077
18.7301140648
18.8235560097
18.9912502713
19.0311894408
19.2167902689
19.2279139471
19.2376684459
19.2568467321
19.2768628325
19.2975894547
19.3309684758
19.356759098
19.4603325109
19.5056673249
19.5608901629
19.5748524929
19.5958479651
19.6003855233
19.6608305287
19.6819865232
19.7164044338
19.7709548323
19.7998555876
19.8131538791
19.8474850631
19.8874659106
20.0938060945
20.1395520511
20.1888599196
20.2594491999
20.2756833092
20.3263870118
20.4121513564
20.4190400212
20.4413110721
20.4486504429
20.4576762252
20.4867911224
20.5878643558
20.5986397415
20.6851677807
20.7070054759
20.7308531108
20.7724430866
20.7842456916
21.6091264118
21.6299442838
22.8246605909
22.8377877446
22.8488778573
22.8721853536
22.8893001395
22.9043015105
22.9172305097
22.9532112663
22.9933050398
23.0864027016
23.0994343517
23.1200811199
23.1343086194
23.156919251
23.1699266904
23.2064682619
23.2176937316
23.2396007562
23.2733714659
23.3041358206
23.329030776
23.3450056951
23.3656636096
23.3910831402
23.4740645226
23.5112799597
23.557485674
23.5726465673
23.6041520535
24.0212480479
24.0792975684
24.0936344151
24.1046263954
24.1095735124
24.1172950418
24.1369382521
24.1611089207
24.2225147524
24.2576598298
24.2720139348
24.4179469379
24.4351616872
24.4498392516
24.4567265299
24.4833651276
24.4900904353
24.5223571781
24.5819950847
24.5945759293
24.6840437339
24.6874600723
24.980946776
25.1759080907
25.2081697149
25.2210612298
25.2331546246
25.237229522
25.2507486492
25.2578120643
25.2641116156
25.2846455922
25.3242587339
25.5939182554
25.6192234158
25.6467036161
25.6518377143
25.6666682962
25.6746828993
25.8295259137
25.8631331178
25.9577053718
26.013736049
26.0264427138
26.0928333517
26.1080910897
26.1414536644
26.1558506106
26.3941203188
26.4263075855
26.4735004539
26.5199906393
26.5338450507
26.5444203866
26.5553924688
26.5625332518
26.6707385536
26.7223628114
26.7807904741
26.7916980534
26.9091579912
26.9187631274
26.9449791199
26.9783950881
27.0610897352
27.0917911606
27.275133012
27.3314412899
27.3627604782
27.52295126
27.53238121
27.6112237853
27.6361633739
27.730752511
27.751154187
27.7634791834
27.7996138454
27.8608994184
28.1979937299
28.3908695093
28.4428653923
28.4640197938
28.4875733597
28.529290965
28.6029917493
28.6427900502
28.6995169117
28.7188694225
28.8257066721
28.8408582071
28.8493951196
28.8657119231
28.8932961326
28.9351199583
28.9464166823
28.9612823525
28.9913065394
29.022931148
29.034637509
29.0822723997
29.0900399979
29.1567508472
29.1852518133
29.199602448
29.3194494855
29.3855492455
29.4191077756
29.4412511709
29.4744381047
29.5045985225
29.5465478489
29.6102733978
29.6610166062
29.6799071878
29.6899410811
29.7211756942
29.73137822
29.8148109746
29.9787199694
30.0184747522
30.0241950216
30.0355851461
30.0539444424
30.0642154268
30.1517544422
30.1623680443
30.1927441082
30.3164442222
30.3251965258
30.3827491643
30.4215200616
30.4382059514
30.4753341196
30.5124551837
30.5375898271
30.5625131863
30.5912067104
30.6942487744
30.7034162949
30.7745732974
30.7783416042
30.850024471
30.8664979099
30.9023323057
30.945131099
30.9514839951
30.9835271489
31.0491769572
31.0589520889
31.1400353177
31.1530778494
31.2055465215
31.219655803
31.2444436707
31.2502214977
31.2626799134
31.2863779651
31.3141839893
31.3314061616
31.3451142404
31.4916457303
31.5145598757
31.5198072149
31.5652980389
31.5796104108
31.6184681548
31.6428564854
31.6862156567
31.7026835389
31.7166806337
31.7285133013
31.7378754819
31.7559740752
31.7980581251
31.8146043012
31.8299213586
31.8801124803
31.8963675551
31.9167228547
31.9249627253
31.9400469518
31.9769457853
32.0460236425
32.074467379
32.0919116829
32.2480440866
32.299658622
32.3209619363
32.4716481662
33.0852071305
33.14672338
33.2659211147
33.323705457
33.3801553894
33.4366760823
33.480391281
33.5694826205
33.6060249948
33.6368267666
33.6629071167
33.6677614745
33.6927908801
33.8384074205
33.9681555722
34.0214685827
34.1239410444
34.1516397181
34.1851118071
34.218081499
34.2763307903
34.312853105
34.3654293102
34.4287271775
34.4551285891
34.5147453071
34.6010379152
34.634721418
34.7037820567
34.7584059132
34.8056843294
34.8219094318
34.8426420327
34.860148053
34.9057437053
34.9154917635
34.931706456
34.9580188934
34.9914384371
35.010709098
35.0224957485
35.1125566673
35.1296071114
35.1484484974
35.1690876144
35.1982886143
35.2548127149
35.2870749598
35.3539232765
35.4019959492
35.4080613931
35.4256885354
35.4393221358
35.4732803082
35.6221118053
35.698067948
35.7405681045
35.8086466501
35.8731716785
35.9925999147
36.0099538645
36.0223758541
36.0440633098
36.0802449182
36.0994815368
36.1225057453
36.2018368572
36.2286321446
36.2481294135
36.2650607182
36.290439014
36.2938683775
36.3373225625
36.4003809709
36.4112188529
36.4149117874
36.4284802217
36.450327984
36.4793643506
36.5053449939
36.5482157156
37.2139441009
37.2306739069
37.2714998813
37.3160298578
37.4073283108
37.4438935884
38.4034838756
38.4197901132
38.4531415059
38.4710017811
38.482553753
38.516201789
38.5312384209
38.5440122104
38.554564301
38.5913170227
38.598119652
38.6413257261
38.6841055653
38.7120543264
38.7922385717
38.8258806052
38.8509044842
38.9120156646
38.9228405152
38.9306636713
38.9532767771
38.9836462082
39.0234234628
39.3861993097
39.4132072241
39.4810186301
39.5729025669
39.6033656842
39.6178015447
40.8087645215
40.8218040741
40.845746277
40.8560134964
40.8645171482
40.8885942611
40.9168859297
40.9464022119
40.9607276129
40.9778296566
41.0031487151
41.0149416921
41.0329166436
41.0481555756
41.0785298866
41.124419071
41.1620031317
41.2359436985
41.2634313751
41.2825907275
41.2941024838
41.3244449635
41.4322127937
41.457849663
41.6251106838
41.7197179231
41.7860810547
41.8236101969
41.8394799963
41.9395139693
41.9577129058
757
