6.00598884424
6.01557044315
6.02512390217
6.04769622616
6.23883388731
6.2768627638
6.30905915359
6.33985334635
6.35061454357
6.36968714216
6.3737136525
6.39454009739
6.40261216937
6.41660522792
6.43196535253
6.46357612816
6.50796419247
6.55484201731
6.57260925646
6.61122699597
6.64946094823
6.68084190822
6.73327260924
6.79005466653
6.82319144854
6.89462838996
6.90672263472
6.94251914272
7.00120549777
7.01659849029
7.0415058251
7.09703597992
7.11801402045
7.15387830123
7.19165897283
7.21283811851
7.24330343306
7.26747036008
7.28891105269
7.29537084904
7.33715353506
7.35465152756
7.3772636298
7.39951225347
7.42978793166
7.44511584297
7.47082945273
7.4834853837
7.51594266741
7.53139593157
7.55501312396
7.59388748193
7.6209147406
7.64260327802
7.66352510679
7.69218728956
7.75576917894
7.83223267805
7.88554911843
7.92582446114
7.94787158429
7.99672409011
8.0460825818
8.05942025189
8.06596821932
8.11751203852
8.20058427644
8.36155930553
8.37110656193
8.41368147933
8.42293755078
8.43440210121
8.45847565901
8.46728828884
8.4907664969
8.54036156347
8.57547897521
8.59733253882
8.61988286415
8.62851074177
8.65042982982
8.6548322956
8.78444750123
8.86959962838
8.91390110557
8.92040707785
9.02350006086
9.08914636241
9.11494895673
9.16962682129
9.20356835415
9.28905332799
9.33917908301
9.4272263666
9.52603790267
9.627423035
9.6458658943
9.6667945961
9.68100333186
9.68987216239
9.76290723194
9.76827850405
9.8464702079
9.86601294765
9.86983847311
9.89227485293
9.91495459543
9.9595826651
9.99185205796
10.0143665783
10.033916211
10.1096364286
10.1553202118
10.2403489997
10.2501021288
10.3153372092
10.3527197501
10.3957554141
10.445616437
10.5008430887
10.5671144316
10.6430841121
10.7045413479
10.7335994486
10.7992266543
10.81349603
10.8199918276
10.8285888823
10.8508334924
10.8760826394
10.8934318292
11.0054237628
11.0255537025
11.0577840985
11.0842115467
11.1126821601
11.1339113537
11.1391299293
11.1612409955
11.1711160487
11.1888334853
11.2190327581
11.2672183285
11.3032174431
11.3260549579
11.3937821054
11.4287385292
11.4575253792
11.4962189263
11.5031897052
11.5131634709
11.5287021118
11.5976161341
11.8665510872
11.9220964107
11.964660239
12.0074766596
12.0202398502
12.0404813659
12.0532500958
12.071430237
12.1039242361
12.1200305642
12.1340315257
12.1631086789
12.1737169447
12.1806090662
12.2253180769
12.4621151303
12.489948405
12.5278049869
12.7117858476
12.8908853233
12.9108507175
12.9692278249
13.0323362422
13.1059897165
13.1531713693
13.1875793106
13.2294641811
13.2399047176
13.2490021402
13.2703866153
13.2827992653
13.3276113731
14.0095527975
14.3652218245
14.5253516611
14.5310112476
14.5577926011
14.5872826469
14.6439097221
14.6478219799
14.6611934629
14.7513334765
14.7875915402
14.8091944589
14.8223833917
14.8636338788
14.9708788027
14.9854618559
15.1266502746
15.231950834
15.2827972151
15.2891052108
15.3037521922
15.3977858038
15.4456488896
15.4713966823
15.5584166401
15.5991981221
15.6264751278
16.4898595561
16.5661326485
16.6201428648
16.6580105105
16.7030810155
16.709790446
16.7446673639
16.815405416
16.8570248803
16.8765727206
16.8856112561
16.8914340672
16.9081087406
16.9335486174
16.9865339999
17.0092391696
17.0420524861
17.0554821782
17.0990007762
17.105416316
17.1148219205
17.1222030785
17.1335247671
17.1849345982
17.1920365911
17.2183550328
17.266280022
17.2978978371
17.3454607518
17.4120968387
17.4547703022
17.4989351862
17.5135791997
17.5649256628
17.6374198112
17.6866235568
18.0093964935
18.0611765289
18.0663883445
18.094931083
18.102523345
18.1445063881
18.1575194918
18.1767046764
18.1928022443
18.2122948362
18.3362684468
18.3557180339
18.4463519187
18.4894184348
18.5063006666
18.52515546
18.6119190766
18.6327023881
18.7245911145
18.7582446263
18.773441662
18.7904667584
18.8263810921
18.8975723205
18.9012757077
18.9395779939
18.9981111779
19.0168097599
19.2349850512
19.240110923
19.2450173203
19.2909338826
19.2970778299
19.3006078733
19.3184554396
19.3273546685
19.3777257799
19.3920133193
19.4018372137
19.4147303877
19.4531107392
19.4678247193
19.6925312899
19.7084098195
19.8391709241
19.8668451103
19.8928137128
19.9419667841
19.9695722883
19.9789710948
20.0254939784
20.071268213
20.1390999762
20.1997492922
20.3238757708
20.3342761091
20.3861767329
20.4110297231
20.4238565267
20.4420163526
20.4531354792
20.5047151911
20.5336947323
20.5740171839
20.5965863172
20.6205268208
20.6437350141
20.6614737423
20.843287922
20.9091244032
20.9585291999
20.9633761516
20.9784818142
20.9835167352
21.0226335607
21.0795376878
21.1016732324
21.1268923467
21.2837881472
21.2891374997
21.3095498682
21.3172648923
21.3414796252
21.367927116
21.4660539752
21.6338921471
21.6482884488
21.6800687573
21.6982846727
21.7094139813
21.7345152001
21.7677179412
21.7978335324
21.8186945762
21.8404747709
21.8633776849
21.9468365521
21.9642058822
21.9760817612
22.0471799733
22.0678455768
22.2352248682
22.2540043984
22.3605342991
22.3902622997
22.4971246591
22.814922217
22.8579265968
22.8725324785
22.9015200745
22.9387236095
22.9645634021
22.9782105206
22.9937545549
23.0135534448
23.0258490857
23.0371746255
23.045494709
23.0657826607
23.082311163
23.0868622705
23.1203084489
23.1589335332
23.1729474524
23.1782167203
23.1908315188
23.2175101753
23.2685421738
23.3106942394
23.3507440174
23.4213055041
23.4459640556
23.5464180592
24.0116245466
24.0294508709
24.0878599442
24.1153683321
24.1304781435
24.1779931252
24.212246544
24.2172036021
24.2327295711
24.2598525782
24.2846241529
24.301736326
24.339185117
24.3670111983
24.3783108566
24.4423481027
24.4882453082
24.5421631549
24.5582971879
24.6246559078
24.6433852783
24.7419217749
24.7828572385
24.9538165549
24.9687348391
25.0398959362
25.1156196175
25.2839134167
25.3039805703
25.3140973598
25.3231356708
25.3581763597
25.3694142451
25.387793335
25.4066814641
25.4216146225
25.4482956621
25.4533501099
25.4691420656
25.5588231716
25.6212819531
25.6856338236
25.7084959636
25.7475893625
25.7652799291
25.8165460118
25.835403908
25.885815764
25.9291950052
25.9482935368
26.0544425529
26.0976135121
26.146946116
26.4617905765
26.49019923
26.503542712
27.2498233775
27.266900775
27.3177063167
27.405873929
27.4651897526
27.5713856682
27.6035933418
27.6123237012
27.6307486609
27.6411442909
27.6569700663
27.6756215735
27.70194368
27.720762417
27.7501161637
27.7640519917
27.8155749983
27.8585447151
27.8899308802
28.0141422828
28.0349977554
28.0589480833
28.1087575408
28.1469365533
28.1715541854
28.2263880231
28.2788425753
28.291868343
28.3506925392
28.3934007194
28.4598137868
28.4912069238
28.5342528949
28.570471722
28.6306579381
28.6578012505
28.7236869605
28.7852841952
28.7951823765
28.9384721559
28.9920411498
29.0115149162
29.0227395916
29.0529401629
29.0683233188
29.0815770751
29.1023843654
29.1712624749
29.2431480702
29.2681259682
29.2924614331
29.3275411043
29.3589986875
29.6020506348
29.6844875485
29.7641452819
30.0178961926
30.0661371429
30.0799397317
30.1020738154
30.121318716
30.1723027249
30.1974889682
30.22766437
30.2580192079
30.2904426018
30.313577949
30.3374097865
30.368221884
30.4755176439
30.4874491271
30.5185437985
30.5398537698
30.5823308107
30.6093380304
30.6127622873
30.6512539043
30.7146531293
30.7250893104
30.7404626721
30.9164405066
30.9511691392
31.0250499024
31.1283929208
31.2234187504
31.2324708924
31.2421045506
31.2551605171
31.3259181078
31.3496612775
31.3641677471
31.3851990415
31.4354946899
31.451064268
31.4649139162
31.4701205214
31.5042745196
31.5288351864
31.5456145628
31.5734277023
31.6134244418
31.64362735
31.6637668043
31.6796794589
31.7021161403
31.7301764679
31.7755628775
31.8287816702
31.851088993
31.8792288755
31.8941875829
31.9500886973
32.0059820732
32.050667208
32.096150817
32.1360058529
32.1671515616
32.1961015627
32.2974701422
32.3133872322
32.3393559124
32.5176287374
32.5244098218
32.5349737214
32.5602324564
32.5861762857
32.5991648559
32.6152109394
32.7819274804
32.7971413709
32.8093700869
32.8648578675
32.876579514
32.9018660934
32.956727885
32.960238492
33.1386148111
33.1786971332
33.2097497604
33.2148274982
33.2278885694
33.2501606469
33.2719758205
33.2969334506
33.3430650094
33.540556426
33.6117096466
33.6304786131
33.667867805
33.7193589816
33.7482349979
33.8488047019
33.8721154857
33.8885750597
33.9596782755
33.9879667429
34.8146556621
34.8419164831
34.9038741429
34.9155207645
34.9501782475
34.9688752257
34.9964703156
35.0085231211
35.7500117404
35.7890261426
35.8397460727
35.9433343837
36.0611511188
36.0656332139
36.098126072
36.1412777977
36.1506493975
36.1643731069
36.3650974669
36.391203617
36.4129053165
36.4383404311
36.5876006748
36.6270437426
36.6690711215
36.6780114939
37.2176143603
37.2301907423
37.2437578692
37.2491848695
37.2589866479
37.2629120097
37.2797419576
37.2897827883
37.3052314
37.315818697
37.3196982924
37.3286784644
37.3572632104
37.385752614
37.4089954462
37.4219614733
37.4402907851
37.469778563
37.4963320216
37.5187031721
37.5352662874
37.5557261653
37.5714280095
37.5930242341
37.6325483666
37.6569645864
37.6748941501
37.6966016889
37.8149032464
37.898119804
37.964872612
38.0442553943
38.1449142429
38.4068974991
38.4280045167
38.4359466413
38.4920583708
38.540152318
38.5549331379
38.5757663091
38.5915556737
38.6109411745
38.6253794756
38.6434941579
38.7356533893
38.7430725867
38.786215669
39.5537617777
39.5633251793
39.5898322471
39.6105024312
39.6171332238
39.6257314075
39.6455286176
39.6717863771
39.679859238
39.7027914945
39.7286712803
39.769081967
39.7991136822
39.8091268197
39.8159187601
39.8795674551
39.9021445988
40.0576816937
40.0788582421
40.0930518651
40.1013495859
40.1682268065
40.2192630178
40.3128438797
40.3334603984
40.3483333848
40.3868287843
40.4457070785
40.5412048408
40.551664586
40.6234264415
40.6722281665
40.7546372137
40.7787845535
40.8233546816
40.8294257557
40.8436059673
40.8590316464
40.8851250396
40.8904137654
40.9023540975
40.9117554104
40.9152681672
40.9269126864
40.938625626
40.9503941398
40.9967437561
41.0336366781
41.0464199966
41.0753332537
41.1326798137
41.2161471591
41.2466071222
41.3242171026
41.3614258117
41.3730019862
41.429585416
41.4538576732
41.4892055124
41.5709550676
41.5929403978
41.6266230568
41.6585427727
41.7197208047
41.7768383949
41.8459765172
41.8738014074
41.9980894367
734
