6.01364248119
6.02255531084
6.03438891217
6.09044319119
6.09642037995
6.20596934129
6.21175318183
6.22180706806
6.24221589702
6.26451525151
6.29085126718
6.30651985691
6.33735211619
6.36264914974
6.39603792734
6.42716245902
6.5111204941
6.52275865685
6.54195481762
6.54988925044
6.55867599207
6.56571727907
6.60878876738
6.66728556474
6.67069892154
6.72285254188
6.76688413129
6.78522877609
6.87568665315
6.88850787184
7.00739084498
7.10530055506
7.13338620479
7.18545484031
7.19936651289
7.28476459342
7.29702618188
7.30572769298
7.32092556199
7.33253876673
7.34856294026
7.37354064966
7.38955721818
7.4229723187
7.46013574024
7.46796250135
7.55858437104
7.57371392447
7.66028637521
7.67595307025
7.71080857336
7.72794442416
7.74817739284
7.77503987069
7.7934484312
7.83662602581
7.88724183488
7.91564721055
7.97208793211
7.99178528619
8.00591691761
8.01192668549
8.05998535941
8.09298266486
8.14745233588
8.21144586603
8.29005448649
8.35572971704
8.37398458421
8.41805875674
8.42992502346
8.45668087079
8.49105011046
8.50450590439
8.51050478424
8.52211909757
8.52788202864
8.54093214001
8.56931320268
8.59525895557
8.60191315841
8.63347671975
8.63691210348
8.64233222282
8.67461753204
8.70961177269
8.76664154515
8.8377541436
8.88519037108
8.90557575374
8.92578611428
8.96950279117
8.99838817986
9.09082186517
9.09420523104
9.1123140671
9.12162929966
9.20684650413
9.34634890375
9.35192493568
9.41989826088
9.47498150849
9.51797256817
9.56180790028
9.60774222627
9.62725625145
9.65760093011
9.67229043396
9.67879417195
9.69234416192
9.72306919261
9.73965109464
9.74391184922
9.75486898261
9.78534868742
9.9948264347
10.0577206899
10.0844405807
10.1104121169
10.1198509228
10.1360940114
10.1640619367
10.2185028836
10.2274508071
10.2448277787
10.2497057707
10.27622231
10.2846804979
10.2944142213
10.3051858854
10.3404827262
10.3591112771
10.4324686715
10.5197876858
10.539790258
10.5604051112
10.6386806264
10.699940489
10.7249521678
10.7300538158
10.7652842553
10.8186883751
10.8283955039
10.8410102307
10.8575679126
10.9350247954
10.9556720807
11.0264808186
11.047228005
11.060576213
11.0881358535
11.1061394989
11.2095726612
11.2395004906
11.2880830286
11.334184777
11.3521928207
11.4166339958
11.4437262316
11.4626551103
11.4661951033
11.4920139485
11.6256227183
11.6864689849
11.7379891389
11.8210977339
11.8381821143
11.9209800812
12.0173607988
12.0388254429
12.0539702009
12.0762796628
12.0950702365
12.121614739
12.1423857926
12.146733243
12.1760592839
12.181864714
12.2144050328
12.2250589224
12.2318853564
12.3308830118
12.3572241942
12.373024193
12.3920318419
12.4128878775
12.4344205132
12.5001984021
12.515993922
12.5829935567
12.6457612325
12.6566236721
12.6872457263
12.7219375762
12.7685654143
12.820526656
12.8592922364
12.9083802517
13.024137169
13.066029302
13.2573102077
13.287041868
13.3104772132
13.3315435912
13.3863510766
13.4096788671
13.4408228741
13.4460384167
13.4718558079
13.4934070778
13.5132140816
13.5195170206
13.524021812
13.5605403543
13.5657088419
13.5781547943
13.6071765282
13.653213573
13.685805303
13.7067462805
13.7252272303
13.7687856438
13.8516838707
13.8858980644
14.4104819561
14.4261482556
14.4393949317
14.4549102976
14.4670448547
14.4848635915
14.507907275
14.5220714691
14.5285013335
14.5453723885
14.6000290994
14.6252627238
14.6377659547
14.6485551309
14.6586103161
14.6654285601
14.6695087462
14.7449345772
14.7531503508
14.7758537227
14.798400942
14.8208499818
14.8338078454
14.8747669711
14.9244050867
14.9718300475
15.0041530452
15.110001227
15.1627056184
15.2206710449
15.2280490437
15.2553873327
15.636488097
15.6477330179
15.6634506908
15.6936565652
15.7126773001
15.7302721497
15.7536201441
15.8695822159
15.8892900399
15.916849537
15.9538278968
15.9661408069
16.0273998242
16.0553943584
16.520757799
16.6385995067
16.7439866233
16.808996626
16.8192262783
16.8468794119
16.862977331
16.8685378579
16.8870618725
16.8969115805
16.9110104138
16.9488359338
16.9738630114
16.9787311681
16.9947350552
17.0171585398
17.0572640668
17.0839844897
17.1127093439
17.1648188928
17.1802503683
17.266438995
17.3197658178
17.4835309045
17.5242785664
18.0142358891
18.0503076464
18.0621663681
18.0828222896
18.0939796056
18.1308917819
18.1458810371
18.1741997814
18.2208975383
18.2407284112
18.535540051
18.5955177233
18.6122628894
18.6713828855
18.705447343
18.7417361791
18.7954140498
18.8469637866
18.8996968204
18.9685926158
19.0790287076
19.1095158395
19.1501554707
19.1907911367
19.2156296364
19.24115918
19.2559033697
19.2700625849
19.3015550729
19.3319302836
19.3383487908
19.345063854
19.3570965229
19.3650645955
19.3837688558
19.4044705612
19.4347364392
19.4495545191
19.4914485746
19.532255148
19.5730621886
19.6081590367
19.6197246712
19.6513762449
19.6639102053
19.9518844099
19.971976064
19.9965085647
20.0550040094
20.1147591799
20.1533024543
20.1977167507
20.2500755076
20.3146545044
20.3750900972
20.4483918377
20.4543858184
20.4806373393
20.4861630085
20.5197867471
20.5319978437
20.5429283972
20.5755787593
20.6209860249
20.7531598149
20.7745209144
20.8195685986
20.8497873445
20.8553239501
20.868160163
20.8955601291
20.9173484956
20.9297686315
20.9912981806
21.0409017128
21.0764319315
21.1023547578
21.1626547286
21.221076667
21.5119949989
21.5640689987
21.5899585701
21.6158750806
21.6558090773
21.6666082198
21.6814401711
21.7081644391
21.7308677523
21.7371129455
21.7454736698
21.770686942
21.7755157322
21.8083534935
21.8138419542
21.8352771794
21.8647438396
21.8928310363
21.958217881
21.9931317349
22.8446266436
22.8542627721
22.8689070007
22.9056825843
22.9136181001
22.9349875758
22.9649707833
22.9874510404
23.0293476693
23.2410250041
23.4941711169
23.5181620953
23.6041735568
23.7570047297
24.0236685737
24.0597329462
24.0759097879
24.0971000781
24.1188712568
24.1505126575
24.1659495959
24.1876564697
24.1979260678
24.2215093853
24.2287886355
25.083472956
25.1044975997
25.1463218655
25.2127467119
25.2277176939
25.2441491045
25.2516412865
25.3249275827
25.3442492489
25.3551925613
25.367682555
25.4125288316
25.4179520962
25.442323287
25.4726536434
25.5284274718
25.5408204185
25.5776036751
25.593410611
25.6148628083
25.7042480667
25.724854466
25.7549460286
25.7937398827
25.8401117292
26.353747155
26.3874664228
26.4245233479
26.444734059
26.4512808364
26.4834635991
26.5482784466
26.5590782293
26.5658630833
26.6120466202
26.6248615415
26.6516186339
26.6899467809
26.7426426607
26.7629122973
26.7807144819
26.8416975935
26.8712814597
26.9512786825
26.9801346656
27.019592674
27.0265282451
27.0962477141
27.1109903132
27.1492533418
27.1810521634
27.2301507062
27.2335597755
27.2555057764
27.2783127196
27.2958373952
27.3477739894
27.4131345071
27.4829945858
27.54546381
27.6119078203
27.6278098796
27.703563057
27.7161035135
27.7340121897
27.8547972763
27.890183185
27.903598202
27.9338855765
27.9427895966
27.9536612641
27.9679857102
27.9931231551
28.0487648288
28.0973552798
28.181924697
28.2102653804
28.2771498247
28.2987857657
28.3472918478
28.3796238511
28.4431853326
28.4570454469
28.4776426496
28.5123559869
28.5283675272
28.7850399916
28.8471493058
28.8652361881
28.8893412608
28.9151709036
28.9356988652
28.9563093573
28.9717773279
28.9822219973
29.0008452606
29.2214151711
29.2639318808
29.5443053409
29.5654157277
29.6240950241
29.7085123988
29.7455935986
29.8770243089
30.0047035375
30.0101482584
30.0188263282
30.0352174898
30.0463352607
30.0678313066
30.0928995311
30.1495208342
30.5076155253
30.5260784266
30.5450416726
30.5638405875
30.6177824605
30.6480023351
30.6861623665
30.7024455816
30.7159086122
30.7194818881
30.7481776246
30.754488654
30.7855828549
30.8143070382
30.8591191257
30.884702656
30.9549498339
31.0274947434
31.1071267354
31.2564927414
31.2770842779
31.2896441853
31.318127539
31.3273980449
31.3716626806
31.4801501862
31.5342933779
31.5575564286
31.5869750611
31.634581833
31.6438967306
31.6764170369
31.7088640796
31.7334853801
31.7588597116
31.7669489565
31.8631210638
31.8717501304
31.9006940836
31.9523694819
31.9871065137
32.0413897185
32.1760543412
32.1794053235
32.1930459145
32.3921927559
32.4120906504
32.5223528148
32.5544512403
32.5988823924
32.6096864266
32.6132840594
32.71111705
32.7398700006
32.7666649911
32.7753173734
32.804080082
32.83428239
32.880312571
32.9811932641
33.0018084114
33.0426592225
33.0643924412
33.1156119795
33.1693654288
33.1746165152
33.1782545596
33.2508133088
33.2853511109
33.3149236067
33.477107374
33.5157538298
33.6177296027
33.6314386849
33.6513191825
33.6743451218
33.6981574046
33.7092454726
33.7206382532
33.7578652697
33.7753392196
33.7923485591
33.8250947651
33.8382746703
33.8534350752
33.8613463601
33.8827949087
33.9175637427
33.9835934082
34.0430047905
34.0519627585
34.0908829576
34.1768960956
34.2041627985
34.3383102052
34.3932806052
34.3983343683
34.462871898
34.5299303572
34.642562011
34.6521459023
34.6768279988
34.7991960781
34.8171916021
34.8475857545
34.8692370679
34.8786848083
34.9194185839
34.9473376564
34.9655856756
34.9899572146
35.0038067322
35.0238364106
35.040801265
35.0687346373
35.0810085036
35.2296835356
35.2502517212
35.2857683413
35.308564967
35.3993218301
35.4192660904
35.4258886528
35.4566997562
35.5012361178
35.5273270899
35.5957429031
35.6260879112
35.631053353
35.6502581918
35.8242767338
35.9067567079
36.0249569338
36.048211746
36.0561257884
36.0774075602
36.0923353548
36.108201272
36.1157842214
36.1337948922
36.1468560791
36.1616908679
36.1665620277
36.1887936091
36.2052142029
36.2621479872
36.5506468815
36.5793265416
36.6218660052
36.6391590327
36.6600465976
36.6650619887
36.7107360571
36.7463878844
36.8380991126
36.9017617315
37.0980605935
37.2398341975
37.2736153672
37.2993391528
37.3114289217
37.3386277769
37.3533995729
37.367276899
37.3969085682
37.4131063951
37.4230653244
37.4681501975
37.5317614899
37.5650173663
37.5959602718
37.6288313768
37.6628930613
37.7046910414
37.7276064538
37.7640320486
37.849049312
37.9028043916
37.9376450083
37.9936226996
38.4323878346
38.4441231426
38.4853603952
38.4969258309
38.5289354089
38.5665157522
38.5740240691
38.6027107703
38.6189072639
38.6298899463
38.6461414792
38.6596356864
38.673808017
38.7420012537
38.752733465
38.8142598563
38.8502330712
38.8752693932
38.9794176393
39.0071592699
39.0747753227
39.1107666927
39.1348174003
39.1564785788
39.190295803
39.2666749401
39.3573961257
39.3911122063
39.3952607456
39.4255002855
39.4878016272
39.5620544384
39.5868141635
39.6090920545
39.6180788094
39.6237959788
39.6488209078
39.6743773947
39.6839388221
39.9401103194
39.9579912953
40.2449923597
40.2742999769
40.3883458926
40.4150606402
40.4702267378
40.5060385421
40.5347811418
40.6168116502
40.620325461
40.6729027442
40.6790650847
40.7091663158
40.8060498826
40.864763423
40.8734767315
40.8937729047
40.9029449295
40.9202940106
40.9487247898
41.0019258745
41.0110068256
41.033586481
41.0502654467
41.0538027358
41.0654181428
41.0768425094
41.104328075
41.1165254849
41.1366790676
41.2595630946
41.2790960295
41.3177895133
41.3482690481
41.3712278835
41.4104027003
41.4152118303
41.4794970973
41.5004148815
41.5358854999
41.597148062
792
