6.02590002096
6.03159137135
6.04519123567
6.05641927826
6.09827589743
6.10809308471
6.11492730725
6.12279132509
6.13510576513
6.14457347646
6.14994534715
6.16412570165
6.18603500409
6.2009739664
6.21019805742
6.23171753919
6.27028446922
6.27553328108
6.31159433328
6.32884322209
6.3490731117
6.36319184113
6.38164298772
6.39178920625
6.40621935492
6.46637604839
6.52814548487
6.54127548915
6.57557887102
6.58870207347
6.63479497571
6.66539050004
6.69583222216
6.74253121846
6.75939420684
6.84665438111
6.86580559465
6.89266827122
6.91350877206
7.21332623179
7.24108209082
7.2575977558
7.26847368901
7.28943223786
7.32816660171
7.44653089146
7.45362143325
7.46701773098
7.50803472483
7.51622185837
7.52567319423
7.54626798929
7.56520028552
7.58542159721
7.59792208827
7.63276196321
7.70754923207
7.72649495587
7.74401463783
7.86245744659
7.87764420717
7.91509699058
7.96502296607
7.99594920617
8.03019880685
8.10436236664
8.15624105505
8.2028000514
8.24714274069
8.28541750423
8.30655018296
8.32479068339
8.47955398369
8.50007960782
8.5171940003
8.52909366156
8.54437518189
8.54847808295
8.59922105989
8.64807552112
8.72434779616
8.74737643915
8.77324907484
8.77660798268
8.79109516557
8.80702853422
8.81270189311
8.84273327891
8.89609070087
8.93621955904
8.96890658691
8.9787267525
9.01062770654
9.03814919296
9.06376111696
9.10464239442
9.1512446072
9.20228354589
9.22733110299
9.25909891148
9.28845689415
9.31064822697
9.56063901153
9.61602962818
9.74460037701
9.76915109427
9.78309820338
9.79194718088
9.80627956079
9.84484801666
9.8894846325
9.91076238811
9.93427223903
9.94848529758
9.9937692148
10.011142923
10.027635553
10.1705398082
10.2158314596
10.2267335799
10.2533246204
10.3300515893
10.3438969615
10.3751847438
10.3817791149
10.4407507218
10.4634411614
10.4798986092
10.5467349317
10.5805115621
10.6556149585
10.7491467386
10.825778123
10.8358991173
10.8704087365
10.8949220926
10.9301154939
10.9484174439
10.9776452603
10.9820848945
11.0075161606
11.0308359293
11.1196529997
11.1340513896
11.1644395537
11.1724989218
11.1853412412
11.204422278
11.2096789567
11.2309334296
11.4164131841
11.441870426
11.5179444719
11.5539585342
11.5702711585
11.6194371851
11.6532918727
11.6758204316
11.7371466715
11.9160618705
11.9206214692
11.9453359455
11.9813639292
12.0640902329
12.0950258778
12.1070475581
12.1379914829
12.1509267086
12.1594980359
12.2098863438
12.2441553656
12.2657928106
12.2953994121
12.3323026757
12.3622253665
12.3797886634
12.4893620108
12.5531853104
12.6045510954
12.6332103508
12.6530110837
12.6943505113
12.7386316254
12.7867751555
12.8052351282
12.9490566615
12.9725928716
13.2048146151
13.2182562591
13.2358999393
13.2461034911
13.2746437717
13.2843911415
13.2979501053
13.3177292981
13.3381186316
13.3494982832
13.355543202
13.3773010356
13.383855868
13.4108017373
13.4172107143
14.0408377089
14.0539942093
14.126648395
14.163915643
14.186670803
14.288058954
14.3104294117
14.4093128714
14.4149006074
14.436178706
14.4485486396
14.4614151397
14.4734532259
14.5044637296
14.5263063661
14.5513461195
14.5598012696
14.5846992291
14.620635135
14.6866076317
14.6979349874
14.7395988315
14.784622387
14.8282280752
14.8560408617
14.891202658
14.9083162043
14.9348320793
15.0507798046
15.068903139
15.0906526322
15.4551395385
15.485812253
15.6073667316
15.6231269279
15.635755749
15.6410238605
15.6528391838
15.6717727167
15.6953498484
15.7054626171
15.7212599961
15.725333932
15.7319880871
15.7487841618
15.7815197168
15.7893569254
15.8184096611
15.8414167494
15.8616993061
15.8928860489
15.9298612774
15.9485764672
15.9765264544
16.0103739133
16.040799554
16.0743430905
16.0967386381
16.1521748006
16.2089459282
16.2452880046
16.3007002324
16.3828620049
16.4242591388
16.5190691863
16.6075809189
16.6384974965
16.6574715232
16.7162178283
16.7235501209
16.8365727648
16.8607918589
16.8830335606
16.8987123306
16.9075322368
16.9141188884
16.936063021
16.9479058337
16.9802739915
17.0072471824
17.0164103924
17.0369254826
17.0621909585
17.1132507656
17.1316760204
17.1647506026
17.2179860274
17.2554323415
17.3006676528
17.3783363315
17.4004136908
17.4510321618
17.4894849964
17.5077292233
17.630721743
17.6764881867
17.7220743429
17.8068541059
17.838012701
18.0632841837
18.0852259761
18.1161674874
18.1217310501
18.1328298907
18.1745462283
18.180440137
18.2015883138
18.2134071155
18.2379590149
18.2734401431
18.3294146942
18.3330421805
18.7721796831
18.9248789814
18.9468227488
18.9981008386
19.0634962814
19.1086647767
19.2060975029
19.211881446
19.2354285092
19.2456572025
19.3189483663
19.3364067827
19.3470408043
19.3586782866
19.3830379952
19.3964410358
19.4415377024
19.4489841084
19.4617214607
19.4681541384
19.4825754979
19.492735039
19.7410463884
19.7613079825
19.7735551578
19.8036512554
19.862400001
19.8940830862
19.9386809024
19.9906482648
20.1734726477
20.2276955702
20.4160399454
20.4339868915
20.4461145792
20.4777821887
20.4944281841
20.6029813512
20.6141814638
20.6304143164
20.6456025579
20.6627478178
20.6792974229
20.6921394181
20.7159634123
20.7425142882
20.7553441644
20.7643603702
20.7946782553
20.8049453275
20.8235089731
20.8354977068
20.8533606397
20.8613722003
20.8821117254
20.927301129
20.9344883547
20.9495046995
21.0043945119
21.0125878818
21.2459122831
21.3139234528
21.3555168236
21.3930134205
21.4891491931
21.5346450375
21.5383045763
21.5659896658
21.6426154035
21.6613559679
21.675998616
21.6881226499
21.7149023945
21.7307682309
21.7457060062
21.7598788519
21.7750692657
21.7840675267
21.8144395508
21.8337456268
21.8610366676
21.8741129205
21.9007246329
21.9109789639
21.9191386834
21.9544501635
21.96522371
21.9728717981
21.9876340741
22.0427241572
22.0832182306
22.1014816733
22.112683105
22.1534263256
22.1965034139
22.2339327159
22.2582596746
22.2770096959
22.3049975683
22.327356613
22.5914899366
22.6362617665
22.6679028401
22.6744920257
22.7229332827
22.7445190349
22.8359441668
22.8504534381
22.8629644576
22.8826403406
22.9182029529
22.9286748744
22.9670061039
22.9977312015
23.0117946892
23.0157290046
23.0265754871
23.0352024502
23.0436111171
23.0609209112
23.0816345085
23.0918165376
23.1479283676
23.1625470706
24.0441775216
24.0535620241
24.0772300878
24.0857105447
24.0895921376
24.1124441585
24.1287432924
24.1460200834
24.1661976537
24.1836858256
24.1949284551
24.2298107334
24.2381101194
24.2419351836
24.2618573956
24.3100381068
24.3282248943
24.3427413808
24.3766534396
24.3875952191
24.3996920765
24.451690008
24.47768705
24.5073116896
24.524025895
24.5617424258
24.5696937735
24.5909744194
24.6132581674
24.6772230352
24.7597942695
24.7841318948
25.1404083749
25.2080185082
25.2385800604
25.261742356
25.2815320125
25.3749937965
25.4010070057
25.406351246
25.5016418065
25.522936816
25.5297130732
25.6545495325
25.6778043474
25.6847429759
25.688147301
25.7370311968
25.7893504445
25.8123211372
25.8536655977
25.9299355114
25.9734358758
26.0250852555
26.0390830432
26.0556248228
26.4279518242
26.4514551334
26.4628113984
26.4778101261
26.5070560017
26.5608708532
26.5675530813
26.5937801368
26.6193601809
26.6909766734
26.7410237307
26.7568578036
26.7770777932
26.7957650983
26.8127818343
26.8254574559
26.9320768029
26.9873879062
27.0232082139
27.045541518
27.0645711206
27.099144612
27.1306217707
27.1690540081
27.229970543
27.2899336444
27.3254521736
27.3564335372
27.4093635518
27.4529271964
27.4857026374
27.4907704786
27.5094872896
27.5797447694
27.6121115309
27.6249942169
27.634084056
27.6597613288
27.6798860354
27.6854288151
27.7187807308
27.9386611447
27.9686999893
27.9839846502
28.016633633
28.0237475387
28.0781976281
28.1084718829
28.1494049636
28.178153337
28.2292081906
28.2632626531
28.2990994793
28.3327893939
28.3980075902
28.4516383947
28.5082485435
28.5231552154
28.5620182837
28.5985592817
28.6654295217
28.6706927124
28.6994012341
28.7132470296
28.7611684256
28.7780533887
28.822578817
28.874763678
28.8900208632
28.8993899498
28.9820840582
28.9988957772
29.1190251431
29.1289511476
29.1749152648
29.1916837824
29.2493709785
29.2707649895
29.3260608105
30.0055377978
30.0277257135
30.0376604938
30.0482803478
30.0833368326
30.1322213217
30.1402550455
30.1468250276
30.2096606095
30.2244454995
30.2331163291
30.2611211397
30.2704487692
30.3294428884
30.3393025713
30.3695973757
30.391256963
30.4242945922
30.4702570275
30.4994746537
30.5129521184
30.5326385849
30.6700277556
30.7242102625
30.7832942161
30.8010318135
30.8443392041
30.9248257809
30.9483426663
30.9749290854
31.0462637996
31.0817996116
31.1143993797
31.2665374657
31.2861811403
31.30041479
31.3128587332
31.3353744977
31.3489599817
31.3637003505
31.3899294651
31.413002639
31.431051091
31.4613722539
31.4823826519
31.5053800222
31.5341501136
31.7022468065
31.7475022162
31.7599599158
31.76535133
31.8017956756
31.8586728457
31.9232247937
31.9873647008
32.0125640009
32.0236263536
32.0636816715
32.1223589305
32.1862660111
32.2172780579
32.2667035665
32.4061360404
32.4143234197
32.4377681489
32.454153467
32.4633017248
32.4723113851
32.4882124675
32.524238502
32.5378705576
32.5436278289
32.562663194
32.5735527309
32.5953578267
32.6228905319
32.7842758826
32.8092513728
32.8411439483
32.850894254
32.8925778334
32.9208252299
32.9713911808
32.9833557366
33.1280734536
33.1333445144
33.1975068434
33.2252213612
33.2310013469
33.3375101632
33.4999809983
33.5400199962
33.6325308186
33.6584935586
33.6705902642
33.6813578641
33.7120096913
33.7769329777
33.8042745234
34.7715077777
34.9278270053
34.9607572123
34.9887069143
35.010136933
35.0236192473
35.0682517751
35.086556755
35.1163794832
35.1331778637
35.1413020455
35.1595305999
35.1887796966
35.2057847672
35.2393741251
35.2679976901
36.0112704243
36.0156598675
36.0381312063
36.0542857847
36.0597839457
36.105152355
36.1183384242
36.1289758346
36.2208252444
36.2578328467
36.2693341338
36.2940118775
36.6032067102
36.6161978556
36.6291976653
36.6532279855
36.6773987286
36.802065386
36.8414447004
36.8461956998
36.8770337697
36.8817491239
36.9249080691
36.9872909336
37.0256810749
37.1431237278
37.152050301
37.2065981945
37.2253038948
37.2564083139
37.2640071684
37.2733547489
37.2904786936
37.3314951826
37.3525939742
37.3804037544
37.3945229856
37.4235278906
37.4401023025
37.4601818611
37.4742306564
37.490072517
37.5096719334
37.5362625298
37.5806744719
37.592988819
37.618856146
37.7311730028
37.743924281
37.774401738
37.7787323653
37.8323365174
37.8909456629
37.9377343036
38.0491566722
38.1962357301
38.2607616175
38.3287939204
38.4083768958
38.4164492571
38.4282008862
38.4440618524
38.5663230273
39.1237015501
39.1295401698
39.1865445982
39.1956824271
39.2578417513
39.3222974239
39.3473169844
39.3530522288
39.3947386213
39.5585554593
39.5628723827
39.6179258825
39.6256613062
39.6407621924
39.6977255252
39.7315571357
39.7560674729
39.7782035029
39.794934362
39.8045036053
39.8115260376
39.8803708638
39.8850740494
39.9394062836
39.9528730959
39.9677668518
39.9810982094
39.9963626385
40.0583294838
40.0631659276
40.1926263672
40.2421064188
40.2815341705
40.3144442327
40.3332464499
40.3902249761
40.4742685027
40.4952997326
40.5430571621
40.5466487149
40.5856849079
40.6330866545
40.640593903
40.6776132054
40.8097767329
40.822713285
40.8313546428
40.838692527
40.8521534326
40.8716156334
40.8965436654
40.9197777861
40.9461194326
40.9594558308
40.9745868682
41.0895349593
41.1020770586
41.1332969671
41.1503232462
41.1805770853
41.2251302972
41.2527466336
41.4906294983
41.5242260087
41.5525348003
41.6000124828
41.66455828
41.763362944
41.7923451446
41.889617176
41.9796566679
822
