6.00722942823
6.01189978158
6.01806010205
6.02543620456
6.03887561966
6.04384666842
6.05435004479
6.06182718919
6.06951813276
6.09727668108
6.10976429131
6.13143481652
6.13881004677
6.14316670751
6.1576240702
6.19598717675
6.2076567358
6.8238978091
6.84517176499
6.9002857867
6.91662936394
6.92305497277
6.94430826141
6.99914825186
7.0253695797
7.04750190649
7.10974289448
7.13112923512
7.16936552237
7.196636319
7.21704759061
7.23582786137
7.25252268457
7.26248987923
7.30048323593
7.31093872826
7.33113560047
7.33787744958
7.35818646857
7.46608853042
7.48050223768
7.49677103549
7.52105664791
7.56813060389
7.77221355882
7.79479385538
7.80985138275
7.86671088582
7.91186642935
7.95458492054
7.96891283694
8.01914451995
8.09469554953
8.11062516232
8.22757208352
8.31683173617
8.33897168625
8.36647650225
8.42397338065
8.44658899662
8.48751951555
8.52384060299
8.5385613089
8.55685785177
8.5835391653
8.60614336415
8.62618630832
8.64041582614
8.68604936123
8.68957429033
8.6952113944
8.73916159677
8.81587766964
8.85724022944
8.8789252345
8.89691085666
8.91407848395
8.95385008728
8.9792304347
8.99259758084
9.00716751406
9.62944484108
9.68388799444
9.70447627211
9.71576859065
9.74928401715
9.75651858262
9.77272340364
9.7996228025
9.81844187403
9.87037593563
9.90508704322
9.95231317562
10.2750638174
10.3446824326
10.3644218407
10.3854488436
10.4380675996
10.460245741
10.5423618326
10.5703332062
10.6236127666
10.647404256
10.6839207117
10.746395472
10.8275082716
10.867434799
10.9350647586
10.9709924856
10.9933561413
11.0100297155
11.0167191713
11.0490755059
11.0896049641
11.0956857354
11.1917245932
11.2006084621
11.2557870598
11.2990788089
11.351354637
11.3975580455
11.4693790719
11.5210917284
11.5567366795
11.6154860897
11.6451529116
11.7314878967
11.7397490084
12.0192915721
12.0384208464
12.0582535183
12.0784668223
12.0885966072
12.0994116574
12.1132428464
12.1259347108
12.1418449401
12.1639855777
12.1763801583
12.1927269232
12.2070086682
12.2127047791
12.2511143042
12.346920526
12.3752893398
12.384995736
12.4068154564
12.4278305469
12.4685832319
12.4737604495
12.5047275381
12.5123347136
12.521865272
12.635907221
12.6936190743
12.7363787719
12.7535312636
12.7814947492
12.8132246881
13.2094762315
13.2311716566
13.2442982515
13.2879811226
13.3261717853
13.3942758626
13.4160496537
13.4241415578
13.4684053947
13.482882595
13.4957719877
13.5098199086
13.5151055226
13.6670417296
13.6887926515
13.7018610935
13.7391211318
13.8520362039
13.8840949927
13.9194158305
14.1811360435
14.2087439888
14.2894834505
14.3148318752
14.3497229022
14.4106197575
14.4425504078
14.4912962722
14.5141767906
14.5420609199
14.5781853676
14.5909407107
14.6146171649
14.6266334506
14.6885149005
14.7714125205
14.8864774196
15.1948786876
15.2150654843
15.2656441654
15.32213878
15.4577231873
15.5097851907
15.6045017213
15.6210381694
15.6414137047
15.6663392638
15.6761410685
15.6804249276
15.7105970323
15.721574891
15.7357905521
15.7467354578
15.7707929106
15.7970955837
15.806303392
15.8457175002
15.8792391551
15.8887945141
15.9102498081
15.9370385727
15.9900266352
16.0367190235
16.0610610851
16.0750145555
16.098604981
16.1292318173
16.1692020199
16.2378528421
16.2971658174
16.3023173499
16.5660844558
16.6364483445
16.7078078927
16.7239293726
16.7929313481
16.8285846096
16.8386562437
16.8668070906
16.8787663947
17.2531980802
17.4328613112
17.4883561653
17.5400510287
17.5586630311
17.5899127083
17.6841246048
17.7650090602
17.810784436
18.0240913552
18.0302585504
18.0514357188
18.0709243996
18.0837549029
18.109405939
18.1172305763
18.1432459613
18.167208839
18.1925998086
18.2024580913
18.2155173719
18.2258519121
18.2669728965
18.2861172984
18.3450535201
18.3599109527
18.3746716579
18.3982807117
18.4202006898
18.4431845891
18.4746582153
18.5203461088
18.5377487772
18.5652160869
19.0564094624
19.0977767886
19.1659670326
19.1829105265
19.226491547
19.2376078355
19.264742811
19.292535038
19.3406739866
19.3490202269
19.3532808099
19.372056128
19.3875324396
19.3978794149
19.4135896341
19.4460538051
19.4512241052
19.4878221285
19.5020308953
19.516981488
19.5447407145
19.5580407747
19.57118931
19.5951217054
19.6311286882
19.7137360965
19.7484299842
19.8382441013
19.9024728498
19.9280872457
19.9457085175
20.0472870019
20.0961926964
20.1880286434
20.237978684
20.3156729737
20.3852962109
20.4044403837
20.4217952506
20.503226164
20.5236787327
20.5342255762
20.5427167468
20.6413651461
20.650154857
21.5264873055
21.5595241916
21.6139294584
21.6181171972
21.631563156
21.6532821334
21.6613631651
21.6690159902
21.6843449126
21.7038640503
21.7121789013
21.7303713919
21.7429658915
21.7900902723
21.811863676
21.8356532583
21.8675967624
21.8786269831
21.8937246752
21.9274714521
21.9637337428
22.0053190259
22.0356930698
22.8049017757
22.8191450388
22.8381205108
22.847624462
22.8703010194
22.8771148678
22.8937625699
22.9563184229
22.9936152872
23.0121590527
23.0216630153
23.0347403343
23.0487281033
23.0592178959
23.0741446983
23.0862873884
23.0931222315
23.1082790572
23.1572557649
23.1785418828
23.1916375919
23.2052323014
23.2398099921
23.2693771805
23.2953162704
23.3036128016
23.4908068352
23.5364840792
23.5509178849
23.5904416379
23.6898739658
23.7169180956
23.7708159089
23.8306080286
23.8493935701
23.9041719219
23.9123187017
24.0708232218
24.0817468752
24.085869283
24.089801777
24.101229051
24.1172489386
24.1673021594
24.1753334001
24.1815111849
24.2086570716
24.2441742715
24.2616577558
24.2660369638
24.309415626
24.3479799643
24.3765681828
24.3935739282
24.4171246825
24.4631616447
24.4828419346
24.5332497233
24.560035349
24.6111572368
24.6259829225
24.687930934
24.7183005063
24.7409073733
24.8876501243
24.9397910725
25.0288417536
25.1195824567
25.1513443755
25.1830455235
25.2091234184
25.2171171682
25.2229352023
25.2294501794
25.2533048147
25.270250711
25.2788609903
25.3134286753
25.3268743118
25.3303551797
25.3532713437
25.3711477821
25.4068712216
25.41464108
25.4384662831
25.4638371542
25.5123168669
25.5566132451
25.5819668876
25.6054270761
25.6145116334
26.474285756
26.4842873303
26.4997819258
26.511127398
26.5863612234
26.5980365464
26.6121030486
26.6358779841
26.6575849362
26.6785380886
26.7015845325
26.7402567945
26.7450229871
26.7606898178
26.8164342443
26.8227844865
26.8494239877
26.8616576975
26.8923877507
26.9242513581
27.0175887381
27.607734372
27.6211822847
27.6611398929
27.7032274935
27.7235939984
27.7404596687
27.7499750803
27.7689548429
27.798080255
27.8638432344
27.8996498471
27.9175363298
27.976283426
28.0027083939
28.0182514894
28.0580917473
28.0935754638
28.1561802634
28.1885921895
28.340487022
28.36593926
28.3818928587
28.4067720419
28.4284888553
28.5340072407
28.5882751089
28.6785998886
28.7352097188
28.7455499665
28.8149577555
28.8244112401
28.8348686968
28.875976155
28.9211190148
28.9480155729
28.9620532156
28.9826444627
28.9982340462
29.0169851968
29.0338892773
29.0484476959
29.0893837861
29.1022498514
29.1172780999
29.1462989891
29.1800686614
29.2262509566
29.2369869089
29.262991635
29.3075883438
29.3335438646
29.3937659757
29.4261612029
29.4546545221
29.470570694
29.4910902699
29.5554634643
29.6204029725
29.6415802509
29.6610765267
29.676137698
29.723611975
29.8356003714
29.8784188527
29.9963047016
30.0389965751
30.047658888
30.1531342118
30.1642282753
30.1881050795
30.2275256639
30.2497713628
30.266981989
30.3218255082
30.5038671129
30.5111116973
30.5384577546
30.5759508813
30.5797720587
30.5867688338
30.6246647416
30.6795575044
30.7132372404
30.7542257777
31.2101152121
31.2387098651
31.2504606137
31.2636030032
31.2713232806
31.3030467004
31.3291316372
31.3602422452
31.371995575
31.3842305762
31.4001401711
31.4192467557
31.4835380494
31.4989186904
31.5062085447
31.5223045557
31.5363671513
31.5558176225
31.5749271368
31.9635566457
32.041189004
32.069122127
32.0730938873
32.0846100377
32.1553252102
32.2047411645
32.2685024196
32.3103146409
32.3865259118
32.4302512924
32.4459981354
32.4738147713
32.5106536013
32.5364715217
32.5546820186
32.5742210437
32.6113094203
32.6227863325
32.6642191222
32.6950783582
32.8221863431
32.8486562377
32.9607983062
32.9924856704
32.9965305503
33.4021456148
33.414384695
33.4911048107
33.5279541506
33.555224982
33.6158809636
33.7699725473
33.7882479405
33.804878913
33.8174380069
33.8382494491
33.8507089204
33.8575342991
33.8887521419
33.9060686031
33.9110796616
33.9338097377
33.96272597
33.9815062803
33.984884494
34.0236433788
34.0596828194
34.809261921
34.818344578
34.8265102426
35.0577558215
35.1027031895
35.1246542061
35.1483741098
35.1743585858
35.1896572816
35.21827431
35.2279186794
35.2385727938
35.2692676159
35.2892818263
35.2958053945
35.3284223069
35.4263583692
35.448707755
35.6404476366
35.8403370259
35.8843777531
35.9989611238
36.0121133494
36.1083950062
36.1261329443
36.1572966097
36.1703009291
36.2050943199
37.2051159489
37.2281879681
37.2471820223
37.2596297715
37.3056696125
37.3446185816
37.3733030899
37.4092953715
37.4253946945
37.432188091
37.4500102227
37.4589924399
37.4937556099
37.5102359951
37.5286015103
37.5555977157
37.5795878553
37.6061785822
37.6146389921
37.6694489384
37.6974354597
37.7424036536
37.7595066415
37.8076226969
37.8680377717
37.9111540982
37.9301169185
37.9460030864
37.9851772736
38.0210572457
38.0375908797
38.1461090156
38.2019203692
38.2081643844
38.3038066461
38.3332347563
38.340263637
38.4092514504
38.4387863019
38.4429750443
38.4564948934
38.5155304239
38.5529922811
38.5878220732
38.6121647459
38.6483513626
38.6552793739
38.6839309963
38.7024766287
38.7237193712
38.7411471512
38.7636553473
38.7734746438
38.7951654339
38.8143379939
38.8197268925
38.843132498
38.9287717848
38.9782534917
39.104724276
39.1158264872
39.1675170996
39.2415977649
39.2871507863
39.316425388
39.3468565752
39.391869751
39.4496679278
39.4561877203
39.4792139721
39.5518018569
39.5695774924
39.6169903585
39.6361252631
39.6603466329
39.6747395692
39.6860452672
39.7048805286
39.7099279702
39.7245974822
39.730984335
39.7408854055
39.7552294373
39.7856521199
39.7913124519
39.8331745558
39.8540588935
39.8819990961
39.9017841241
39.9198189495
39.9295123569
39.9432751897
39.9749184973
39.9935182092
40.0162309414
40.0425000265
40.0543398977
40.1030813582
40.1677885867
40.2442829617
40.2666246593
40.3240929884
40.3368988695
40.3755431135
40.4173526855
40.4943780475
40.5671633114
40.6256050214
40.6832484875
40.732888227
40.7603094449
40.8095807635
40.8315671578
40.8488978507
40.870831607
40.8793061815
40.9062413295
40.9132059184
40.922060647
40.9371499803
40.9526587539
40.995382395
41.0192131641
41.0522324916
41.546694412
41.6026095521
41.7053677444
41.7402546264
41.7639183874
41.8133946549
762
