6.00846142722
6.01337645723
6.01820390366
6.03082661056
6.03474417469
6.06174344122
6.07682401117
6.08966252199
6.10734525283
6.17662293395
6.18497262517
6.19234940915
6.19831054771
6.21874071393
6.25460570341
6.27004127059
6.30391664526
6.33560410784
6.34479663801
6.3567903749
6.36773011283
6.39122299361
6.39777701888
6.44166085939
6.49437714436
6.62630347563
6.67743969877
6.69051508592
6.74516095667
6.77226729552
6.89176664601
6.8958144171
6.93138187568
6.95538030581
6.97086587547
7.02436330269
7.03892441097
7.09358056823
7.19445867488
7.22638673871
7.23752118124
7.2622746167
7.27579442449
7.28511018557
7.30412364722
7.31529531018
7.33807261932
7.36605862166
7.39302877778
7.4043416766
7.41393582145
7.49512657931
7.51975876491
7.52401009137
7.52949717903
7.61499489253
7.63747545152
7.64791911193
7.66626609601
7.70981853643
7.73562014703
7.76815652388
7.77214171812
8.21247551593
8.23625415963
8.25151173446
8.25673557559
8.28952548706
8.30427785415
8.35330836037
8.39336724155
8.41632941749
8.42778716941
8.44503073175
8.46415882362
8.47886862316
8.50256171345
8.52550703331
8.56225590193
8.57365567616
8.58353568238
8.59746094347
8.6087791738
8.61957606086
8.6740618285
8.69348257314
8.6969709788
8.73410295924
8.74600750188
8.76988353529
8.78550269801
8.7981793436
8.84470769914
8.88123025933
8.90293651469
8.92713664136
8.97679342937
8.98376643575
9.04658292798
9.14032376625
9.17206726855
9.21270918792
9.23900265057
9.26668984795
9.28766156978
9.32407417789
9.35639013364
9.37268996798
9.4366314715
9.53198196765
9.57242596076
9.60335436021
9.62170392309
9.62996116591
9.64473955907
9.64926126168
9.67987987645
9.69296800248
9.70281799793
9.71964397424
9.73745872794
9.77457352627
9.80356685497
9.80987410157
9.84700611523
9.86531280385
9.9007861978
9.93862311464
9.94853350869
9.95989671085
9.97744270003
10.0132179673
10.026719714
10.0764876296
10.3051650365
10.3308162094
10.4249133574
10.4917516625
10.5074590966
10.5153888757
10.5477078459
10.5731003601
10.651934699
10.6988988794
10.7323761515
10.7944344319
10.8659573806
10.8947574581
10.9873253074
11.027054359
11.0429490133
11.1114783682
11.1336377149
11.1526549959
11.1627499604
11.1673436187
11.2405524959
11.3223913408
11.3767231356
11.400532677
11.4141977672
11.4564173589
11.5002469613
12.0086375611
12.0210867367
12.041377923
12.0612375585
12.10295191
12.1317814931
12.1466214704
12.1597419652
12.189484088
12.1948669501
12.380399742
12.4167788595
12.4289500051
12.4469428993
12.4590878847
12.6439105026
12.7006155709
12.7278033251
12.7728725537
12.8132367226
12.8395858536
12.86607603
12.9144566411
12.9181203273
13.0338349782
13.2144401507
13.2415351155
13.2637363884
13.290568037
13.3027818874
13.3497326533
13.3913483317
13.4322893202
13.4571765849
13.4801550966
13.5041097323
13.5142172901
13.5445621342
13.555045846
13.5883096503
13.6081626786
13.6336289618
13.6614930818
13.674651436
13.678432064
13.7359395804
13.7603684569
13.7833212854
13.7976186968
13.8026707172
13.8124509735
13.8247637402
13.8746704615
13.931690137
13.9709678141
14.0105488379
14.020287503
14.0943896072
14.1111950064
14.2457334141
14.2763268336
14.2894844951
14.2978851076
14.3581668386
14.4231171519
14.4389948877
14.4489518251
14.4607201537
14.4930431686
14.5264519072
14.531455071
14.5353686778
14.5551429569
14.580978527
14.5853595194
14.6193895543
14.6378064322
14.6558958302
14.6624075972
14.6868746224
14.6932835375
14.7222954789
14.7537058825
14.7916419702
14.9911028216
15.0221809942
15.0606493337
15.0642999145
15.1932411337
15.2332936552
15.2587947493
15.2633129557
15.2799245365
15.3460890389
15.3616903639
15.3803500932
15.3905335897
15.4244695671
15.4558169941
15.4890109827
15.5020581149
15.6142962125
15.6304835102
15.6624357196
15.6685280856
15.690526215
15.7014213772
15.7197374005
15.7319116785
15.7616231698
15.7759773848
15.7873782931
15.7992134662
15.8327614997
15.8435308902
15.8476363927
15.8584774516
15.8660934221
15.901271024
15.9168467788
15.9363596618
15.9519799892
16.0324971125
16.1275162939
16.1325902859
16.1770501548
16.699684362
16.7629243278
16.8554421616
16.8793830768
16.9271473141
16.9440283188
16.9583908477
16.9669197953
16.9869524809
17.0070382602
17.0550165529
17.0837393188
17.0914850748
17.1003514851
17.129745893
17.1892728869
17.2515407931
17.3846189334
17.4065717973
17.4521830577
17.4942174677
17.5272364842
17.566021216
17.5711116709
17.6330035541
17.6849120899
17.746864768
17.7954986834
17.8348692888
17.9840082019
18.010062241
18.0281600599
18.064444391
18.0909989875
18.1046811584
18.1188499691
18.1274959449
18.1452330506
18.1558449493
18.1789782683
18.194621532
18.2072377936
18.2661367042
18.283260823
18.3235723984
18.3393475637
18.3713690275
18.3785698942
18.3828604885
18.3956691542
18.4247793028
18.4556409793
18.4685048768
18.5882577123
18.6672256426
18.6841641382
18.732625443
18.736717236
18.795881057
18.8356511725
18.8707596481
18.9022703465
18.9268905087
18.9751707028
19.0355069761
19.3206086524
19.3398900732
19.384086379
19.3985906952
19.4118745998
19.4818685009
19.5113761888
19.5364386453
19.5556792385
19.5756053115
19.6150238351
19.6554071853
19.7111493192
19.7632156609
19.7957892605
19.8066793977
19.8579947797
19.9832970305
20.0003412476
20.0122771191
20.0219537722
20.0526332816
20.1650337687
20.2464144154
20.2790777736
20.3708681053
20.4132398081
20.434519412
20.4401425982
20.4698959499
20.4839607567
20.5095292556
20.5381889029
20.7019040509
20.7094569279
20.7463834223
20.7700613646
20.7780242885
20.8020975476
20.8190132234
20.8470638424
20.8851996565
20.9093254279
20.9624982194
21.1159168631
21.1438077049
21.157367176
21.2226698751
21.2588686129
21.2763588356
21.4458018907
21.4836179082
21.5558818962
21.6569778055
21.6718478013
21.6786583391
21.7511017994
21.7788992945
21.7961634205
21.8011987659
21.8375475565
21.8521640755
21.8665075559
21.9385584305
21.9697215397
22.0025633714
22.0099693905
22.0863883124
22.0977794755
22.1367495783
22.1630938509
22.1779710662
22.2217301645
22.2608802903
22.2915208602
22.352298757
22.4585706192
22.5352428449
22.615621659
22.6273463839
22.6588179874
22.7019403701
22.7451663312
22.8119183105
22.8497761935
22.8654683762
22.887595125
22.9232855996
22.9403486057
22.9607881104
22.9666887969
22.9757302291
22.9957322567
23.013782499
23.0441265084
23.0579000628
23.0768303103
23.0949108036
23.1060669898
23.1593189429
23.1820007406
23.2152750328
23.4158022128
23.419632962
23.4442902643
23.4659797345
23.5240423376
23.7511059265
23.8161192513
23.8580673087
23.9149716025
23.9898299721
24.0137067637
24.0440429209
24.0558901702
24.1375956133
24.1454107607
24.1508649018
24.1682865842
24.1899023195
24.1934731816
24.331113678
24.3467220483
24.3638201834
24.4890412012
24.5240070183
24.5646550744
24.5926746902
24.6329270381
24.6819405384
24.7395267683
24.7597744531
24.7681940514
24.8698922423
24.9190912626
24.9551228654
24.9926103292
25.131565938
25.1865509203
25.2128395242
25.2572993164
25.2669808489
25.2905055433
25.3148941875
25.3225235709
25.3407272711
25.3907035221
25.431669903
25.4355296478
25.4575185771
25.4793206643
25.4966732651
25.5170142233
25.5407425119
25.6124871191
25.6460351702
25.6595854605
25.7002714627
25.7155326441
25.7451580021
25.7665813791
25.7912745308
25.7961251874
25.8160395342
25.8567523532
25.8740207057
25.9648340936
26.0235850687
26.0627279953
26.0783132338
26.0832154629
26.13964486
26.1974712389
26.2053061787
26.2391669168
26.2934281891
26.4285802197
26.440896702
26.7161812103
26.9758064388
26.9820682599
26.9963513463
27.0456014896
27.0703047728
27.0789781325
27.1150854975
27.1572504832
27.2618453848
27.3180772049
27.3620272394
27.3825592466
27.4433157214
27.4879503162
27.5329327969
27.6531717675
27.6691813933
27.7070252199
27.7126672603
27.7354011019
27.7695561848
27.8032520612
27.8432998447
28.0733214879
28.0999348209
28.3803008032
28.4224544438
28.7184154007
28.7857601388
28.8174906124
28.8328078638
28.8985853883
28.9238829033
28.979718783
29.0018776151
29.0240470327
29.0476355743
29.0748978697
29.0889591757
29.3011218959
29.3268121956
29.3498218336
29.3639295373
29.6594377354
29.7084103887
29.8688675289
29.9379039673
29.9775424126
30.01028878
30.0396282171
30.0546537123
30.0672225683
30.1013806817
30.17239507
30.2006297574
30.220050957
30.2482125038
30.3012302953
30.316418286
30.3240759588
30.3591674753
30.365390376
30.4139259514
30.579099096
30.6229535447
30.6877750876
30.7095723179
30.8052925198
30.8566070619
30.887455543
30.9348736582
30.9628961695
31.0162840469
31.0932480373
31.1298848668
31.2744734072
31.2862502204
31.3084147194
31.3221927286
31.3717351504
31.3851987776
31.4159820949
31.4266270967
31.4411680597
31.4837797188
31.5055067364
31.5203622268
31.5543834086
31.5664145814
31.6353372164
31.6427003782
31.7536488401
31.7574964099
31.8073680879
31.8587533239
31.8657507346
31.8880663123
31.9342246774
31.9654979262
32.0048618404
32.0879984035
32.0965997177
32.1031266722
32.4249846296
32.4303372499
32.4619332923
32.4868781391
32.4920674884
32.507356456
32.5234811653
32.5518722819
32.5822146222
32.611590767
32.6398833663
32.6610170995
32.7117459976
32.7331371099
32.7473754301
32.7874691727
32.8154619835
32.8544992884
32.8769071081
32.8986378288
32.9864390989
32.999584524
33.080316704
33.0925627877
33.1375902164
33.2052432385
33.225478476
33.2406346631
33.263647942
33.3025224602
33.3429865815
33.3752059968
33.4643030159
33.4975537577
33.5521438741
33.6184075256
33.6272838891
33.659142763
33.6730612602
33.6890395961
33.7222942971
33.7355416815
33.7516597204
33.7653695804
33.7852453913
33.8121829903
33.838621722
33.850853919
33.8850247688
33.9049047794
33.9274988405
33.9458445058
33.9769905008
34.026997439
34.0471673838
34.0870544169
34.0989495766
34.1226434691
34.1429765352
34.1666212461
34.1979312035
34.2324893224
34.2619760462
34.303993209
34.3497027791
34.3687370268
34.3728553564
34.402810021
34.4237509382
34.4991694671
34.5903168921
34.8280276694
34.861586641
34.8736123502
34.8799142268
34.9220911728
34.9267508427
34.9547409868
34.9773411751
34.9912126114
35.008034755
35.0280954106
35.040626077
35.0718878075
35.1147334629
35.1491697532
35.1968764903
35.3145583668
35.3601014633
35.443089894
35.580269821
35.5893559012
35.7046552899
35.8237493611
36.0063514754
36.0350009852
36.0395085295
36.0540398418
36.0822720632
36.0949344552
36.1336533402
36.1624635201
36.1995493836
36.2096791766
36.2151607878
36.2307541765
36.2766342383
36.3344679958
36.3466891464
36.4032528595
36.4247342433
36.4467596486
36.4525728851
36.7978622213
36.817980144
36.8365039497
37.0255598045
37.0770440452
37.1075475863
37.127864443
37.1518572536
37.1937522621
37.214772713
37.2461408421
37.2567413593
37.2805690242
37.3015303675
37.3179304946
37.3571691664
37.384595353
37.4092854698
37.4436669457
37.47263876
37.5565538224
37.5943555338
37.6015874487
37.6126148758
37.6504365899
37.7895913553
37.8720922885
37.8944343392
37.9468510535
37.9534519087
38.2011933395
38.2311528838
38.2981611243
38.3838075721
38.4040958815
38.4174419347
38.4414233571
38.4522730952
38.4932864308
38.5117252854
38.5596961939
38.6068668118
38.6142105046
38.644628027
38.6518533811
38.6711110662
38.6874032492
38.7065753456
38.754017638
38.7591261391
38.7786473114
38.8033972525
38.839382614
38.8750281356
38.9336461917
39.0181549182
39.0331184181
39.0881286379
39.1520943334
39.1827989811
39.6100674167
39.6428482368
39.6483559084
39.6588391171
39.6638759661
39.6683835906
39.6747192892
39.6839135912
39.6944110853
39.7063430284
39.7357512994
39.7649016571
39.7834639633
39.8035851098
39.8187431741
39.839865611
39.8893842539
39.9009545892
39.9252798182
39.9286228967
39.9416113368
39.969195198
39.9815338964
39.9914399099
40.0115417516
40.0195844447
40.0573938157
40.092167688
40.1684208957
40.2378628955
40.3513123035
40.4033801525
40.4344443059
40.5384477464
40.5863419239
40.8372292744
40.8505895431
40.8692186161
40.9025023593
40.9238090505
40.9640838343
40.9853063616
40.9946260134
41.0081939996
41.0265982619
41.0374062292
41.0538845905
41.0846400657
41.1143451069
41.1377037941
41.1583954572
41.1675683983
41.1909088292
41.2176941882
41.2372421723
41.282144912
41.3194105054
41.3528193553
41.3910877385
41.4316382066
41.461673999
41.4777847455
41.5942017412
41.6084680966
41.9341083576
41.9735333002
41.9883052516
876
