6.01471330114
6.0265398491
6.03466493188
6.04684774658
6.06746542208
6.18544703293
6.19430601899
6.20667697335
6.21410159703
6.22205670769
6.25001209082
6.26503296158
6.26841242442
6.28128019169
6.29134404642
6.30002180186
6.31505808712
6.33121964891
6.36052773083
6.38083028904
6.39489354589
6.40689184611
6.42561119694
6.44689376324
6.45411740012
6.48415249387
6.50172266012
6.52515654914
6.53538132441
6.57359793983
6.5924245383
6.62490859978
6.68599718095
6.74643945933
6.75583865695
6.85084655909
6.8770179905
6.88887858271
6.90420423744
6.95990000715
6.97945007393
7.03044243384
7.06203284305
7.08395334618
7.19537684407
7.20861394042
7.23134327882
7.24718506009
7.26374670225
7.29255661555
7.30069539363
7.32334551182
7.33960516649
7.34686081169
7.36190135328
7.37952331799
7.49914193857
7.51154125538
7.54387421364
7.56121142544
7.57442546104
7.60144544195
7.61922763313
7.65636953904
7.79644407232
7.81592170427
7.83493697417
7.86674536612
7.87032839586
7.87435494861
7.89534827081
7.92203655929
7.95833956311
8.10132063993
8.11887396502
8.14552877958
8.15551473117
8.20713375624
8.22444310516
8.26415702893
8.30319691638
8.43276276485
8.47688604458
8.49544395627
8.50423537822
8.5084495648
8.63987372383
8.65420257917
8.66842971169
8.69311510554
8.7058570655
8.73024088663
8.74825070012
8.75950106718
8.80241349637
8.8289996688
8.87938759253
8.90677872117
8.95639391538
8.96998404221
9.05495129869
9.08029578631
9.14136810182
9.15553311485
9.17341096144
9.23003119023
9.2477988402
9.25742109776
9.35434363809
9.43273930299
9.61926563198
9.70009780294
9.71184755521
9.73730481432
9.76606655675
9.78520244408
9.82784802399
9.86874976756
9.90333205362
9.93809666334
9.97526298709
10.0253162875
10.0534038076
10.0778320863
10.1008054064
10.1363600621
10.1706450475
10.1747729515
10.2522978135
10.2775402915
10.2954816107
10.3741701601
10.3969845912
10.4143071632
10.4288782594
10.4622749852
10.5379368683
10.6441997677
10.7057431069
10.820280059
10.8362389713
10.8528848484
10.8830570994
10.8981944081
10.9197895435
10.9391330743
11.1261984066
11.1342499987
11.1661983759
11.1997604196
11.2228887419
11.2269341766
11.324136874
11.402317619
11.4521468969
11.4838179572
11.5085543858
11.5919506199
11.6079890509
11.6122059204
11.6731075504
11.7480509246
11.8668658879
11.9035522657
11.9664916002
12.0508433539
12.0567998118
12.079118239
12.0937839035
12.1187111431
12.1320818663
12.1665186594
12.1732173758
12.2205050225
12.245205235
12.2698000876
12.3092922708
12.5093548039
12.7803051917
12.7892746682
12.8364562242
13.2073954308
13.2175173216
13.2282541443
13.2601935472
13.2807621178
13.3085068756
13.3347914758
13.3697205369
13.404535404
13.4211928235
13.4433491148
13.4689512806
13.4780870216
13.4878476984
13.6021327772
13.6283336131
13.6511267917
13.7459160081
13.7767187933
13.7855049115
13.7981926749
13.9092676251
13.9280894768
14.077666869
14.1024971229
14.1192949146
14.1463069295
14.2138589592
14.249857408
14.3392546289
14.3558356358
14.4072416527
14.4129364171
14.4213834137
14.4388705887
14.5039767408
14.5177599025
14.5307315982
14.5550345699
14.5652621
14.5821258803
14.6017792899
14.6857791936
14.7039000989
14.8334444527
14.8442625307
14.9463664386
14.961350388
14.9768849329
15.0273410785
15.0579485847
15.1064349021
15.1630417388
15.3080714941
15.3266575629
15.3980414374
15.45175306
15.4956766068
15.5762544494
15.9335162009
15.9472728288
15.9528080777
15.9565653549
15.9779153881
15.9986299003
16.0235993388
16.0688758827
16.1035625094
16.1487384992
16.1569610771
16.223824082
16.2492582859
16.2936030237
16.4011192082
16.4185901628
16.4848585734
16.5143749337
16.5214110673
16.7590447082
16.8160056257
16.8307038793
16.8601449707
16.8895686546
16.9021002116
16.9396687861
16.9679898056
16.9877987647
17.0104211804
17.0329349632
17.1161605668
17.1317207839
17.1555195155
17.1681857053
17.2090710041
17.2345125433
17.244540229
17.2525678475
17.2790477333
17.3004968623
17.3492932513
17.3599693045
17.447277711
17.5095305545
17.5391452218
17.5595278109
17.7026105751
17.800832665
18.0156975745
18.032991754
18.1121684522
18.1577840111
18.1621149731
18.1727396775
18.196690223
18.2132903449
18.3340646453
18.36920798
18.3869610503
18.4382203286
18.451801505
18.4862248348
18.5315586023
18.5481430869
18.6123960797
18.6228286417
18.6465775188
18.6801150406
18.7262609978
18.7416752973
18.7802842971
18.7996880716
18.8284119187
18.8422005626
18.888358595
18.9014135932
18.9280238492
19.0532114764
19.2127235084
19.2204598258
19.2283831854
19.2562002183
19.2729888996
19.2866898796
19.3086012386
19.3371668976
19.3553821947
19.3806064188
19.3986507885
19.4160993843
19.4478219255
19.5535090677
19.5746094419
19.5932448751
19.6195855025
19.6274276807
19.7207928316
19.7595226661
19.7745932518
19.7871456883
19.8084820116
19.8157207408
19.8512637805
19.9763623697
20.0340390292
20.0554260272
20.073490773
20.1056256871
20.1394685719
20.1788496632
20.2475428323
20.3046501568
20.3345116774
20.3815835934
20.4317186755
20.5205215666
20.5622435597
20.5849199804
20.6145381135
20.6322869916
20.6556935911
20.7004316819
20.7644228154
20.7734496097
20.8292409326
20.8763488055
20.8970350995
20.9298849564
20.940561982
20.9701213616
21.0123273481
21.0158743166
21.0364529228
21.0948816642
21.131158015
21.1538621264
21.2063731849
21.2327394352
21.2899871288
21.327588358
21.3587152491
21.3754488486
21.4292670862
21.4551062071
21.5523692311
21.5738734289
21.6084199873
21.6258560029
21.647226934
21.6696726039
21.7752639625
21.7876986798
21.8140230651
22.8257663775
22.8640205854
22.9528679887
22.960811466
22.9695486061
22.9985136159
23.0375133039
23.0516206922
23.0661170409
23.0975665832
23.1012624019
23.125042432
23.1499552612
23.1749600838
23.1941659591
23.2195609106
23.2547160678
23.3126437134
23.3560151536
23.374835483
23.4047040609
23.4316844606
23.4710571384
23.5230465261
23.5283533429
23.5770286376
23.5907768859
23.626000632
23.6436259562
23.7036602087
23.7408775357
23.8239279202
23.9310846381
24.0065690103
24.0116889861
24.0617748889
24.1302421498
24.2440075513
24.2995938017
24.3092229063
24.3594423456
24.3744960951
24.416785463
24.4450332058
24.4666081598
24.5101073439
24.5452489772
24.5974619084
24.6115194724
24.6276088666
24.6548447966
24.664121091
24.6783597903
24.7350354813
25.0437462818
25.2335165881
25.2483160763
25.4232961207
25.4482782231
25.4607882386
25.4920059652
25.4974527463
25.5078710885
25.5580263999
25.5701889785
25.5923234206
25.6169443325
25.6807234694
25.7069544512
25.738194939
25.7509461767
25.8063313197
25.9416629621
25.9805002614
26.009350261
26.0640598865
26.2783101373
26.2989686908
26.3318362408
26.4071587421
26.4219645554
26.4447814168
26.4490487924
26.4650443744
26.4794407494
26.5191284052
26.5357199022
26.5463529134
26.5517812207
26.569260173
26.9570340732
27.0346733795
27.0462225268
27.0687267478
27.1202146637
27.2675725306
27.306776695
27.3282593771
27.4067382617
27.4614046658
27.5115326092
27.5922020297
27.6106772439
27.6194546501
27.7192168017
27.7310121386
27.7371393318
27.7552647206
27.7929282996
27.8125549009
27.8215921842
27.8287502396
27.8529480416
27.8870641531
27.8973670075
27.9050645443
27.9775660043
27.9850325871
28.0325166919
28.0580969178
28.0695468041
28.1069294338
28.1617764012
28.1856150359
28.2426750459
28.4434535232
28.4540434798
28.5045949062
28.5640303018
28.6137995477
28.8428447773
28.8586601497
28.8753612579
28.8946575677
28.9259476424
29.0168520503
29.0668285808
29.0754065687
29.0908394279
29.0943186062
29.1191921861
29.1359329771
29.1524852685
29.185397273
29.2243171025
29.2485191128
29.2622192864
29.2784844391
29.3134242664
29.3571639136
29.4328144272
29.470387587
29.5004069912
29.5151929688
29.5566936245
29.6054859391
29.6454969449
29.6891229549
29.7050421114
29.8305638353
29.9201022677
29.9921244616
30.0061765585
30.0596230233
30.086431057
30.090525791
30.1066771561
30.1271989095
30.1444813055
30.1574044401
30.1668798209
30.1769384887
30.1875178773
30.226989465
30.2497194884
30.2565032178
30.2764792079
30.2906472131
30.2999811736
30.3215236468
30.3420944283
30.3815858354
30.3876135405
30.4063343037
30.436769736
30.5035968071
30.5189335902
30.5357871357
30.6067712883
30.650102597
30.706485356
30.7444166885
30.8010589879
30.878127113
30.9456812708
31.0744837971
31.1365666652
31.2077125203
31.2335177589
31.2584473246
31.267623453
31.2900092194
31.2935490206
31.314947726
31.3420196057
31.3881543413
31.3976718941
31.4339091478
31.4525289588
31.4902237924
31.4955786894
31.5075040097
31.5274313277
31.5346114553
31.5747782828
31.6074524902
31.6266671426
31.6481293282
32.0706947807
32.0752245059
32.112238433
32.1478222553
32.1741931186
32.2421039068
32.2796454688
32.3280393345
32.3719719404
32.4157390523
32.4230015989
32.4312417007
32.5343094944
32.5490079226
32.5644919212
32.6265959613
32.6522470289
32.7308289904
32.7560317185
32.7669860002
32.7993441886
32.8331202556
32.8479460964
33.4656299659
33.5032903108
33.5536971224
33.6347968797
33.6475801504
33.6597704315
33.675462999
33.6954401794
33.7131923135
33.7359376624
33.7473326069
33.7911101127
33.8103135089
33.817935894
33.8435886737
33.8759869335
33.9072314368
33.9194966739
33.9298074602
33.9733492276
33.9994909832
34.0287559056
34.0487619179
34.0603114857
34.0641783761
34.075447757
34.1149586451
34.1349221986
34.1446700213
34.1856039485
34.2317050206
34.2509838418
34.3529438601
34.3805392782
34.4449733797
34.4673665307
34.5080008147
34.5787278806
34.5985074997
34.6049401349
34.626568352
34.655646906
34.7705291787
34.8081408791
34.9330059979
34.9443651635
34.9550045761
34.979586903
34.9880711588
35.0264347985
35.2041064241
35.231535786
35.2621770735
35.3179669268
35.4270190068
35.4322973986
35.4491679922
35.4699593662
35.4935379771
35.5629951483
35.5987614057
35.6265993959
35.673945345
35.8858637516
35.9470436131
36.0377723368
36.0747379487
36.0981364024
36.1261965991
36.1341819294
36.1442666204
36.1730806051
36.2036956442
36.2460972299
36.2596239454
36.2750060256
36.3086362271
36.3234067638
36.3379941609
36.3830608521
36.4033052857
36.4365196339
36.4729588192
36.5168558214
36.5313153695
36.5668690383
36.6149189356
36.6377550566
36.6825770807
36.7222952201
36.7516458189
36.7834038841
36.8138843906
36.893110321
36.903624466
36.9104958374
36.9469606056
37.0736487454
37.0948298972
37.1184731479
37.1763489972
37.1904423681
37.2155795869
37.2258617819
37.2337703171
37.2519829964
37.2622956594
37.2928909441
37.2987358563
37.3204995708
37.3634269755
37.3694802718
37.393107135
37.4319106904
37.5365958076
37.5595783695
37.5983078653
37.7176916214
37.7347549975
37.7556326994
37.8924354791
37.9714727281
37.9976712718
38.0018388265
38.165306118
38.1846285651
38.1966961193
38.2007495473
38.2227800511
38.2742954435
38.3102055694
38.341300959
38.3833807656
38.4964261683
38.5114640151
38.5407961752
38.5659730039
38.6073237229
38.6371768623
38.6556657981
38.6849388714
39.0704510816
39.1601757968
39.2221953667
39.2453667661
39.2544348104
39.6110001849
39.6622866027
39.6673962588
39.6946089952
39.7260772885
39.7325506506
39.7391195587
39.7535034171
39.7802334207
39.7955477522
39.8130248769
39.8712811361
39.8930434884
39.9330140924
39.9670373209
40.0117373825
40.0255165704
40.0583532531
40.0721177053
40.0797010827
40.0954258445
40.1021188174
40.1173192617
40.1337232462
40.231284271
40.2537311564
40.3979829868
40.5801648037
40.5984420998
40.6271153704
40.7706821003
40.810183305
40.8282798647
40.8379651638
40.8450074395
40.8660863187
40.8910124928
40.9376464192
40.9434626222
40.9508159939
40.9925095237
41.0053271564
41.0102548261
41.0410703521
41.064633998
41.0727235416
41.0901921545
41.2030344261
41.2324535301
41.2381847898
41.2758044529
41.3439662049
41.3697898407
41.3907713615
41.4479082621
41.4930353218
41.5132090796
41.5389830367
41.5819915473
41.5925833943
41.6304896514
41.6651162117
41.6877641561
41.7290183191
41.7616458412
41.8380141154
41.8584850179
847
