6.01557822223
6.01999494578
6.02444423874
6.0606316369
6.07279521397
6.10570968431
6.12242248208
6.13002029331
6.14109651248
6.14919650533
6.17534279461
6.18431808207
6.19982768108
6.20460351726
6.22690421391
6.25926240051
6.30452751205
6.3241505636
6.3629166545
6.37498038368
7.18816171217
7.20982079392
7.21909024929
7.23283742385
7.28963426364
7.29348272797
7.3135416533
7.3242368858
7.57163314498
7.59580377285
7.6277624214
7.68837593821
7.73928579839
7.76773432752
7.78978469899
7.81322694009
7.91576323373
8.09972309087
8.14843867264
8.17363728901
8.20280845494
8.22271825661
8.2353499821
8.26360119327
8.29506280929
8.3103878005
8.34652770123
8.38234857858
8.41244576732
8.42012270781
8.42841024434
8.44815312531
8.46471492269
8.47849235427
8.50564828789
8.52353874739
8.53319219141
8.61901848716
8.93326613748
8.94797231153
8.97479696299
9.00231153334
9.05399315938
9.1629559893
9.2216546062
9.27563463838
9.32654961563
9.40439792067
9.61259491384
9.64037521566
9.64557547152
9.66161945159
9.70734417465
9.72020935361
9.72552592395
9.75951800633
9.78351635744
9.78764936819
9.83005836937
9.86057764405
9.87632738321
9.94570930945
9.96299605952
9.98149405631
9.99844700027
10.0464714336
10.0777253774
10.1041086779
10.187666796
10.2176321834
10.2832592481
10.2999769134
10.3659753175
10.4756738995
10.5235834283
10.5759591732
10.6310602704
10.6377258636
10.7259060532
10.7360407269
10.757531968
10.8360143359
10.8442701159
10.8658236749
10.9396871154
10.9951210223
11.0276305376
11.0718560041
11.1028712278
11.1123297989
11.1316759441
11.1583502299
11.1663801176
11.188281897
11.2015636142
11.2217102839
11.9029707997
11.9861030957
12.0208077824
12.0643746662
12.091760555
12.1066470739
12.1127794736
12.1349991494
12.1459768659
12.1773624862
12.1908827885
12.2224897391
12.2351501939
12.2749799604
12.2805388663
13.2114933036
13.224465611
13.2441332475
13.2528938286
13.2776155734
13.3081232746
13.3358836064
13.3457935545
13.3924093514
13.4306364694
13.4572711769
13.4872575976
13.581580012
13.6142676537
13.6182511686
13.6337660239
13.6690045423
13.8203058576
13.8641066732
13.8777575788
13.9200297393
13.950852873
13.9690408588
14.0405005877
14.1134146451
14.1474735304
14.1958031785
14.2513289668
14.3499067902
14.3802811338
14.4251849056
14.4442972051
14.4483200994
14.4542621668
14.481798072
14.5003659284
14.5398102155
14.5618416192
14.5955787791
14.7069352363
14.7395370332
14.7716035108
14.8213125989
14.837231014
14.8605305555
14.9105728925
14.9171168489
14.9412872136
14.9579490925
14.9814160125
15.024605064
15.2248800765
15.2818654447
15.3560222979
15.3650704747
15.3729489747
15.5909678789
15.6155702517
15.646093873
15.6654374879
15.6784952855
15.686620412
15.6970312621
15.7224082983
15.752385124
15.7734421482
15.8000146759
15.8327105771
15.8527406447
15.8604003542
15.8937752484
15.9285996338
15.9392349231
15.9585128294
16.0103641509
16.0237444769
16.0438367713
16.0794177575
16.1043639818
16.1324319604
16.2634324452
16.2909530824
16.3143570191
16.345524175
16.369275028
16.423100663
16.4584536292
16.5184008579
16.593262758
16.6429700773
16.730183481
16.7404956996
16.7570766861
16.775003457
16.8176021026
16.8433405318
16.8546406729
16.9019673292
17.0300217864
17.0532200395
17.0769418078
17.0867719827
17.1480189615
17.1726846338
17.181981969
17.2312161518
17.2346834813
17.4251712189
17.4398042412
17.456497465
17.4739778725
17.4908815113
17.5734217884
17.6237272852
17.6686116332
17.7002440275
17.821658076
17.8965954426
17.9302662723
17.9826221184
18.0794954189
18.1249283027
18.1515275302
18.1590646741
18.1738008435
18.1850891628
18.2534002247
18.2744509319
18.3159113863
18.3446760573
18.3648181607
18.3847309986
18.4046526859
18.4312792058
18.4629081399
18.4964593799
18.5318678703
18.5426537062
18.724251143
18.7361069749
18.9044909064
18.9158969092
19.0291097674
19.0363928588
19.1161221525
19.2190091618
19.230087553
19.2496266384
19.266100495
19.2756784204
19.2911277688
19.2990040896
19.3218583107
19.3333563987
19.3400262874
19.3579542864
19.4030843006
19.5030721501
19.6099059878
19.6612845018
19.7404868048
19.8003388235
19.8271544068
19.9015311277
20.0201008334
20.128470153
20.1624448535
20.177808539
20.2012242176
20.2523167361
20.2921378376
20.424702515
20.436827613
20.4817303235
20.6667489906
20.6743276033
20.6900777744
20.7415713438
20.8635458783
20.8712530063
20.9007566024
20.9548178908
20.9744199556
20.9912165883
20.9969366535
21.039273234
21.0594008886
21.0823506096
21.1665577096
21.204938301
21.2949319603
21.3119841259
21.466415972
21.4790729822
21.5137956003
21.5784724237
21.5992427134
21.6095295132
21.6147836443
21.6578845516
21.6616080233
21.6831687838
21.6945975301
21.7004435327
21.7204708174
21.7285242099
21.7526205175
21.7861282399
21.8119594821
21.8379308453
21.8591632471
21.9518542288
21.9644348711
22.0893831137
22.1242288523
22.168135604
22.2149643501
22.2668105808
22.3481592619
22.3792200173
22.4511369934
22.4573268268
22.4734035595
22.6486383431
22.6684556377
22.8138331453
22.8277419803
22.8495546663
22.8555642985
22.8687875204
22.8901616378
22.898079034
22.9250779928
22.9424962835
22.9569265036
22.9814633925
23.0201755351
23.0423892983
23.0633714285
23.0774053947
23.2258948786
23.2463460246
23.2678373141
23.3025575443
23.6033544437
23.6491534009
23.660541917
23.6875433669
23.7503587483
23.9335808138
24.0120959376
24.0167708712
24.0349218337
24.0434303875
24.0587803446
24.0800573555
24.104072513
24.1221004078
24.1331691669
24.1527760773
24.1781788689
24.2009226519
24.2260343954
24.2332683357
24.2647940339
24.2751151213
24.3271852452
24.3582468758
24.4185051737
24.4259861714
24.4570995668
24.5484617695
24.5578318934
24.571952315
24.6167570948
24.6734195547
24.6862963933
24.6896765952
24.7262111292
24.7489596912
24.8418821802
24.8663584547
24.9401051764
24.9873039949
25.0731308536
25.1591392582
25.2230847786
25.2325349862
25.2645855143
25.2680738831
25.2899055986
25.3131047331
25.3337511454
25.3482808972
25.3584701558
25.3676295913
25.3976643273
25.4206599635
25.4519702355
25.4639740076
25.4786139768
25.5101039373
25.5204142849
25.5351219561
25.5526687042
25.6178002736
25.6442645003
25.7296209203
25.7701659821
25.8277508926
25.8583352338
25.9130793627
25.958379884
26.0055857752
26.0319895162
26.0403872182
26.0732422601
26.100782438
26.1078167666
26.12876635
26.1331591027
26.1827683883
26.2170877156
26.4522430082
26.4736925257
26.4950595447
26.4984407417
26.5557054461
26.5894552853
26.6311576869
26.6428386776
26.6483274012
26.6715604822
26.7401256508
26.7641421654
26.7966123214
26.9823203036
27.0274624218
27.0418133463
27.0524543161
27.1014575395
27.1082050955
27.1466614149
27.2307067507
27.2348777342
27.2755834693
27.3096620107
27.4153740978
27.4708004215
27.5009462048
27.5478839349
27.608474124
27.6307461181
27.6500793861
27.6634417052
27.7702184741
27.7990329629
27.8181059415
27.8238592971
27.8300991733
27.8495671978
27.8535611553
27.8640955152
27.8752901994
27.8945175367
27.942528725
27.9611068818
27.9774324033
27.9959426422
28.0210455689
28.8160409986
28.8396777936
28.8528419642
28.8735478684
28.8911632141
28.9119904533
28.927384439
28.9711176365
28.9931615304
29.0342334089
29.0534394015
29.0849196865
29.1056137643
29.1107905588
29.1413443978
29.152232501
29.2717450154
29.3196020467
29.3593479253
29.3929787487
29.4083797289
29.4497365942
29.499087954
29.5253011012
29.5872431123
30.0156098592
30.0273887819
30.0363384631
30.0633223567
30.0775980103
30.0903870177
30.1119347852
30.1177771436
30.1299433497
30.1693922314
30.1883916998
30.3109555563
30.3355367398
30.367521454
30.4627737319
30.501346801
30.5340636656
30.5526324417
30.5870070221
30.5986122072
30.6254159816
30.648909007
30.772611504
30.8068085012
30.9326300089
30.9515603954
31.0690060078
31.2150743898
31.2285399723
31.2383026956
31.2499423465
31.2908609159
31.3035765266
31.3266644951
31.3504579031
31.3617048919
31.3792876772
31.3883113712
31.4416908
31.4726352789
31.5199136117
31.5273292156
31.5466565738
31.5855534034
31.6309812549
31.6669531209
31.8577291958
31.8644078254
31.8833412772
31.9547041804
32.0205843161
32.0370273586
32.1058373067
32.1398657471
32.1800510179
32.2966506294
32.3370045116
32.386797999
32.4123908049
32.4203792836
32.4263614796
32.4308134461
32.4783745352
32.4971112957
32.5006816961
32.564701651
32.7289924235
32.7976737471
32.8237840836
32.8434734233
32.8539432666
32.9002658745
33.0708438563
33.0765177903
33.1812925387
33.2513929977
33.3239775949
33.398140042
33.4333360556
33.5176983638
33.5635195888
33.6167107373
33.624737624
33.6463667379
33.670717961
33.6876860272
33.7354789369
33.7644500901
33.8497187218
33.8718555267
33.89208858
33.9318440823
34.0318779653
34.0572717977
34.0970173044
34.1977850406
34.2416225337
34.3097267256
34.3296696507
34.3395400245
34.3940875207
34.4670566991
34.5390789173
34.5548749991
34.567303021
34.6497460419
34.6771570632
34.7094676392
34.7190477177
34.7868787625
34.8458168732
34.8832078364
34.8986371382
34.9266689902
35.1552042696
35.1917311093
35.2102359259
35.2763943901
35.2909582899
35.3090875364
35.4211353436
35.446546294
35.4938925948
35.5568770345
35.5847103008
35.5899546295
35.6258666626
35.6786671803
35.695497037
35.714938552
35.7674701572
35.78046219
35.8038941184
35.8525819439
35.889458293
35.9136497156
35.9254407269
36.0055517915
36.0118058127
36.0388429864
36.0611067004
36.1087573353
36.1253267309
36.1383972909
36.1892008641
36.21373905
36.2357561852
36.2591102309
36.2677021928
36.6103069294
36.6290229123
36.6635341069
36.9025613855
36.9242800349
36.9864633993
37.0649152298
37.1270465054
37.2051840345
37.2504299076
37.2698534087
37.2872844154
37.2945589206
37.3181340954
37.3348860045
37.3772739539
37.4732177249
37.5045379917
37.5142696891
37.531819734
37.5661045627
37.6062573204
37.6583117393
37.7048760819
37.7140269524
37.7223728454
37.7892651691
37.8538968577
37.9091139466
38.0117500038
38.0638986301
38.0829359056
38.1503203044
38.1725409291
38.2120019348
38.2855989035
38.305280299
38.361295665
38.4379674339
38.4606760658
39.6633226563
39.6773804377
39.7010745127
39.71176083
39.7269181437
39.7488067471
39.7741486857
39.7869769498
39.8096520482
39.8573495173
39.8707445751
39.9518991626
39.9847918717
40.0054752475
40.0218220718
40.0463451479
40.0517581645
40.0964606352
40.187777138
40.2129571501
40.2700437002
40.5656836093
40.6353500343
40.6565264061
40.6762833296
40.6800910439
40.7413589091
40.7808838979
40.8291258566
40.8600575489
40.8715500538
40.8769229305
40.8839564454
40.9015814833
41.034921541
41.0448196062
41.0580211272
41.0869485643
41.1954170908
41.2087739315
41.2141496221
41.2504957161
41.7435736127
41.791307607
41.8460884555
41.8998021841
41.9051055059
41.9120571989
41.9656304314
41.9731281563
765
