6.01195065291
6.03487280218
6.03980149499
6.06244381006
6.09300007298
6.10258202148
6.12548001974
6.13050291807
6.14869959523
6.15530421417
6.17570951052
6.18959978955
6.20204053665
6.21095079103
6.23383743346
6.25053798636
6.26238523306
6.27901655142
6.30263699534
6.32417260058
6.34340946722
6.36852673457
6.38919808006
6.41635567807
6.43767104788
6.45935482088
6.47240816846
6.49386767163
6.49771464009
6.52559739087
6.54041658211
6.55248399306
6.60010706975
6.61945090395
6.63281781827
6.68223512578
6.69820739899
6.72865820323
6.75405222789
6.78073833536
6.82021635839
6.85504314817
6.88316939003
6.94700916865
6.98988059036
7.00326999867
7.01782967303
7.10254010801
7.1092213784
7.15345034531
7.19706215501
7.22346002947
7.23468315746
7.69910621107
7.71766546131
7.74727300204
7.77610378035
7.81715460352
7.8630254465
7.8824185063
7.91476542308
7.95012720108
7.99418425195
8.04420241069
8.07037723253
8.14887628439
8.16223495402
8.26582601826
8.31609423716
8.36907037832
8.39128227792
8.41631471992
9.55192786736
9.57432796067
9.60620479352
9.61664468082
9.63021902505
9.66170604899
9.67057511026
9.68647240334
9.70849262656
9.73472268086
9.75804314455
9.78186398181
9.80703933819
9.81332447925
9.81737459148
9.82292292257
9.82801461863
9.84021397585
9.85460100753
9.90175479455
9.90732099814
9.93002344944
9.95475134849
9.97376522845
9.99453757733
10.01185163
10.0297282064
10.0641819626
10.1100476194
10.1230617308
10.2286457064
10.3665051138
10.3898990984
10.447180234
10.839033753
10.8661581428
10.8828521724
10.8896442778
10.9016024877
10.9060528283
10.9202938172
11.0206735674
11.0438940577
11.0862947168
11.1250685382
11.1630666557
11.1721806156
11.270967539
11.2857591389
11.4036407606
11.4304856084
11.5601641866
11.6408294426
11.9092328592
11.9886515386
12.0478468504
12.0751426213
12.0876587924
12.1057702078
12.1547307787
12.167334078
12.1909802255
12.2145007768
12.2240780247
12.2521510434
12.2780962857
12.294766374
12.3225729059
12.3402923011
12.3440551997
12.433338036
12.4667287644
12.5264877433
12.6291889745
12.6846155228
12.7064503839
12.7518073088
12.8197701589
12.8408083201
12.9400450591
12.9658720314
13.0908176116
13.1461467335
13.1720823144
13.2248528757
13.4744835821
13.4998093426
13.5600354927
13.5984625325
13.6078286213
13.6657215225
13.6762579864
13.6978456554
13.7382624597
13.7679380702
13.8183386696
13.8578266333
13.9656249475
14.0143132809
14.0350264005
14.0549847607
14.0692984119
14.0874152609
14.1146809136
14.163389649
14.1990453668
14.2060083862
14.3062468385
14.4149401008
14.4233183325
14.430342368
14.4487759338
14.4587560331
14.4825052922
14.5094151704
14.5401038288
14.5484625574
14.5947143569
14.6184581425
14.6490615741
14.6754872339
14.7019560188
14.9254935705
15.0352449299
15.0456274454
15.0499305498
15.0584689655
15.3484600682
15.3795351796
15.4519912945
15.4794072132
15.5596787013
15.5888979406
15.6127475475
15.6179250264
15.6564786492
15.6819348274
15.6982084171
15.7045560135
15.7294225732
15.750124795
15.759828934
15.7853289504
15.7956556996
15.8927652377
15.8986365679
15.9102312514
15.949324385
15.9538561209
15.9946703876
16.0013323435
16.0632691693
16.0820397841
16.1495396538
16.1802835691
16.2055751654
16.2592042725
16.2965663796
16.3028891174
16.3260037502
16.3718103439
16.3856235493
16.4046849022
16.4859064622
16.5575988751
16.6493853905
16.7464173619
16.8182040648
16.8624521184
16.8781059205
16.8854437821
16.9099881444
16.9162379762
16.9309888022
16.9541449615
17.018515589
17.02696789
17.0451460376
17.0796238799
17.0891993493
17.2652845318
17.3414320293
17.406589994
17.4136281298
17.5090002233
17.5985494182
17.6734686698
17.7042465166
17.7171219115
17.7560715734
17.81781391
17.8320315665
17.9038361121
17.9201527873
17.9648349864
18.0813800688
18.0920495724
18.1075715223
18.1212465405
18.1351839216
18.1457450049
18.1629214531
18.189067111
18.2129207748
18.2244812446
18.2559530185
18.2734401409
18.3171575012
18.3548723566
19.215667934
19.2421355628
19.2526857715
19.2571505252
19.2655658679
19.2858871581
19.2961010784
19.3707530629
19.3980684004
19.4149084743
19.4425205242
19.4567444227
19.4774030125
19.4847960884
19.4978072645
19.5117151326
19.555251614
19.5720711878
19.6073424618
19.9132775717
19.9587375987
20.0123821848
20.076988068
20.134365892
20.1449407281
20.1990699534
20.2415566408
20.2985127548
20.326822309
20.4135694849
20.4409758429
20.4772287988
20.5106775691
20.543527872
20.5673580554
20.5755048115
20.5953940245
20.6326804637
20.6616159682
20.6722105699
20.7031884598
20.7204493993
20.8020378357
20.8069813607
20.8223500893
20.8525981697
20.8709795478
20.9007499
20.917907658
20.9614418848
21.0194031954
21.0837206102
21.1292334563
21.1370954714
21.1967417889
21.2262109033
21.2434067636
21.2947213999
21.3392205133
21.3794977027
21.3840811203
21.408043885
21.4226623549
21.4455274895
21.4502607585
21.5089055931
21.5829952851
21.608666239
21.6477255692
21.6827583104
21.7018973227
21.7293039793
21.7679736029
21.7871087372
21.856510691
21.8667482524
21.8811178409
21.8962768867
21.9104874622
21.9321667756
21.9472884396
21.9812095283
21.9935169316
22.0661221877
22.078848553
22.1179147488
22.1508349771
22.2199396968
22.2263754955
22.3625419924
22.4081004506
22.4348630103
22.4699080873
22.5644279488
22.6162341085
22.6574786316
22.7240684348
22.809222619
22.8275877007
22.8341919234
22.8497416336
22.8608940262
22.8860116618
22.8977579719
22.9123359859
22.923798444
22.9427566554
22.962939033
22.969483835
22.9931791362
23.0240136487
23.0809188042
23.1056658273
23.3802473137
23.4138379131
23.461463075
23.5077231213
23.5424856124
23.561364788
23.6202077954
23.6645977584
23.6717330857
23.6966070713
23.7566902702
23.7897866993
23.8596872851
23.9527004137
23.9636473707
24.0238221937
24.0431963078
24.0798862982
24.1143271934
24.1316280827
24.1469197717
24.1632025206
24.1763027336
24.1872328084
24.1950939032
24.1992081796
24.2219830658
24.27638688
24.3113103912
25.1614670932
25.2098782457
25.23288594
25.2537319394
25.2875355976
25.2932578997
25.2984849922
25.3077383789
25.3273415003
25.3373083034
25.3633412617
25.4021629747
25.4216262802
25.4938532744
25.5044790041
25.5162929127
25.5481836205
25.5814406228
25.5938629263
25.6034515176
25.6161891573
25.6562186114
25.7005516706
25.7298081825
25.741886561
25.7673064704
25.7893194743
25.8420848164
25.8601668848
25.9036434697
25.975444356
26.0142380955
26.0443195591
26.0797943858
26.1958358726
26.2536569176
26.2879198029
26.2915000256
26.3318727339
26.3530402864
26.4271644158
26.4555556265
26.4648357596
26.4872141327
26.5138938254
26.5368082843
26.5690408801
26.594782377
26.5991186177
26.6182419918
26.6434228934
26.6612952603
26.7331589375
26.7556212205
26.7671808744
26.8144333363
26.8800668787
26.8985450175
26.9542227542
26.9812927951
27.6096899145
27.613346662
27.6194205846
27.6450617747
27.6536092551
27.6606280355
27.6898319252
27.705451041
27.719572668
27.7303448842
27.745811294
27.7703720914
27.7976281585
27.8193563287
27.8301918607
27.8555857961
27.8707887726
27.8799039168
27.89948999
28.0361952249
28.058261633
28.0646291639
28.117427507
28.1305766281
28.1456026403
28.2030678012
28.219144631
28.2454230137
28.3263612186
28.4134848809
28.5389693933
28.5541088839
28.5714563904
28.5884028858
28.6026315636
28.631182401
28.7535358419
28.7989410064
28.8137335607
28.8388962364
28.8558198351
29.7024039588
29.7655611983
29.7987440746
29.8734532603
29.9200072999
29.9601113561
29.9957553914
30.1737069141
30.2910768398
30.3068925108
30.3408425418
30.3603106025
30.3773476935
30.3885247465
30.4167334878
30.4426632758
30.4802818313
30.5317740232
30.5426380713
30.5577344834
30.5696392985
30.5868712885
30.6519182517
30.8504840452
30.8662216885
30.9049622119
30.9497925163
30.980125934
30.9893366925
31.0595018213
31.0726752236
31.0802015223
31.1094543242
31.2261970006
31.2349713889
31.2501030082
31.2741120314
31.2985234785
31.3065049255
31.3987225219
31.4917108043
31.4978574164
31.533040386
31.5797562816
31.6136848438
31.6375571919
31.6691891961
31.6875855894
31.7065246158
31.7728306026
31.7787049682
31.7979093048
31.8232302081
32.1406109786
32.3085788526
32.6556068083
32.6746592455
32.6812303824
32.7822541551
32.8116089653
32.8240879602
32.8450989175
32.8898937314
32.8989542893
32.9165800689
32.9678376878
33.0802467276
33.2351134816
33.2773504679
33.6151038509
33.6388774789
33.6548162356
33.6703079377
33.6916849651
33.7196348843
33.7367532539
33.7635514688
33.7767229267
33.7899933113
33.8239046708
33.8328807187
33.8560223996
33.8742727185
33.9014077504
33.9355042189
33.9790546674
33.9976461088
34.0175178989
34.0358452998
34.0656277064
34.0888663111
34.8081524493
34.8171848324
34.8373736528
34.8708568124
34.8750241797
34.8870217714
34.8954206646
34.9414848113
35.0742811343
35.0896598084
35.1009389828
35.1195860771
35.1461219082
35.1741533528
35.2244994359
35.2543475748
35.2752950424
35.3257146806
35.5543116876
35.6123374753
35.6347409835
35.6677908775
35.7096502344
35.749905937
35.805223281
35.8230723352
35.8423533661
35.8660215828
35.9348916394
36.0420542298
36.0583054515
36.0704837457
36.1050159763
36.1258820677
36.1587764478
36.1750764485
36.1789186696
36.1828731354
36.2020736625
36.2109349373
36.2206606483
36.2280535828
36.2456815049
36.278777707
36.3057335569
36.4226122086
36.4616419283
36.4895439551
36.5096516047
36.5281041304
36.5865448611
36.6186342979
36.638553521
36.7011541602
36.7691837874
36.8088376003
37.0664009959
37.0750369135
37.2243269987
37.237290098
37.2673768923
37.2778648864
37.4170484772
37.4272549007
37.4505156395
37.5001808795
37.51339737
37.522614859
37.5412276387
37.5608632309
37.5834418464
37.6829044346
37.7084294378
37.772910159
37.8417369145
37.8616376174
37.9015545885
37.9252322102
38.0420990059
38.1033732146
38.116654564
38.2031800903
38.2584506629
38.3175013321
38.4171422639
38.4540912922
38.4818876145
38.4971496664
38.5199922426
38.5538941647
38.5791236124
38.60633304
38.6861238649
38.8344437939
39.6202667624
39.6276280369
39.6367255423
39.6436763748
39.6626502976
39.6712049324
39.6890868381
39.7040550612
39.7488956522
39.7771581771
39.8120349669
39.8180980998
39.8300314277
39.862959533
39.8924084399
39.9152172761
39.9823911777
40.0116128286
40.0411928833
40.0669413561
40.0875845875
40.1356951387
40.1412447058
40.1733933016
40.3593734502
40.4403527496
40.5907493924
40.6237498234
40.7020188216
40.7869733213
40.8171366861
40.826086587
40.8555433114
40.8710286791
40.9275019365
40.9817921652
41.0225141919
41.027133279
41.0396142267
41.0482090966
41.0726159025
41.0826099447
41.1090505429
41.3774972923
41.4203830184
41.4520542036
41.466545237
41.544609945
41.5699663963
41.6344067618
41.6734719427
41.6982745023
41.7348958332
41.8169930678
41.8546142979
41.8650042443
41.9668699226
766
