0.202025
0.232400
0.255300
0.261900
0.266400
0.269075
0.276500
0.279200
0.279400
0.285300
0.296725
0.303600
0.312250
0.357300
0.360675
0.380750
0.382600
0.405925
0.406175
0.414225
0.494700
0.506700
0.519925
0.584100
0.644675
0.737475
0.767025
0.794025
0.799825
0.899775
0.988425
0.991625
0.998025
1.035425
1.041075
1.091525
1.114425
1.145375
1.155100
1.162225
1.215600
1.290175
1.304300
1.367600
1.373700
1.432600
1.498200
1.516425
1.583475
1.592375
1.716600
1.792825
1.942550
2.159400
2.236875
2.384500
2.454675
2.467850
2.590050
2.702775
2.746175
2.770350
2.969625
3.144400
3.165025
3.299300
3.328775
3.397100
3.569175
3.712975
3.730000
3.798875
3.825275
3.897700
3.902500
4.075900
4.267050
4.734375
4.916350
4.929450
5.118150
5.134300
5.419225
5.428575
5.473600
5.679625
5.686050
5.795225
6.243350
6.428375
6.559250
6.878450
6.882500
6.995525
7.054200
7.113000
7.123850
7.261075
7.345125
7.527200
7.690400
7.772700
8.347150
8.417250
8.455850
8.803225
8.840600
9.190600
9.546800
9.745500
# 110
