$ Stimulation Interval(ms): 1200
$ Delay(ms): 0.000000
$ Number of data : 286
$ TSTOP : 12010
$ PN stimulation current max : 0
$ LN stimulation current max : 0
8.57500
21.45000
33.40000
50.57500
62.17500
78.20000
102.97500
121.17500
137.82500
180.55000
195.85000
209.60000
240.87500
256.57500
330.92500
350.65000
382.25000
394.57500
408.62500
431.62500
471.25000
484.70000
525.30000
539.15000
599.40000
617.00000
836.60000
874.85000
907.37500
924.82500
1019.37500
1052.10000
1114.35000
1131.85000
1197.12500
1208.37500
1222.52500
1264.20000
1275.35000
1304.20000
1319.15000
1356.05000
1371.60000
1382.72500
1397.17500
1442.80000
1461.50000
1487.47500
1503.17500
1517.50000
1532.95000
1547.87500
1584.15000
1623.55000
1676.30000
1741.20000
1763.35000
1776.97500
1789.82500
1811.20000
1850.32500
1882.32500
1996.92500
2022.65000
2071.95000
2091.35000
2109.82500
2215.82500
2231.22500
2248.32500
2402.00000
2520.47500
2568.67500
2583.77500
2606.07500
2620.90000
2634.07500
2693.62500
2720.77500
2735.42500
2776.82500
2812.75000
2825.65000
2880.50000
2939.85000
2973.55000
3001.05000
3034.12500
3096.87500
3144.67500
3245.95000
3353.45000
3580.75000
3595.90000
3608.90000
3650.32500
3689.12500
3721.37500
3735.30000
3753.75000
3767.55000
3784.15000
3816.42500
3831.07500
3913.40000
3927.02500
3983.10000
4048.07500
4075.60000
4110.87500
4150.80000
4194.07500
4218.50000
4337.12500
4352.27500
4457.45000
4511.12500
4705.55000
4752.95000
4769.45000
4788.62500
4807.77500
4822.85000
4845.10000
4874.47500
4887.35000
4899.27500
4934.67500
4945.95000
4960.77500
4988.02500
5003.55000
5026.50000
5065.42500
5082.52500
5131.92500
5146.17500
5187.75000
5201.25000
5320.67500
5334.92500
5358.07500
5377.30000
5425.00000
5483.67500
5500.57500
5527.27500
5556.12500
5592.57500
5633.87500
5650.97500
5687.80000
5740.52500
5824.77500
5931.97500
6010.50000
6034.10000
6055.35000
6078.55000
6148.60000
6185.65000
6223.50000
6244.80000
6300.37500
6357.35000
6431.57500
6535.35000
6602.40000
6709.60000
6725.82500
6766.72500
6803.55000
6854.82500
7192.42500
7208.80000
7222.87500
7268.15000
7284.00000
7317.32500
7329.30000
7341.75000
7430.17500
7474.22500
7497.80000
7555.07500
7644.52500
7693.50000
7742.10000
7765.00000
7788.27500
7852.70000
7958.67500
8000.27500
8047.80000
8152.00000
8243.05000
8260.30000
8280.17500
8408.42500
8440.55000
8453.60000
8494.60000
8532.95000
8546.45000
8578.22500
8626.20000
8641.12500
8700.30000
8740.65000
8784.70000
8853.60000
8896.67500
8987.35000
9020.65000
9040.50000
9070.72500
9089.62500
9140.15000
9154.47500
9230.90000
9361.55000
9382.32500
9430.52500
9559.90000
9608.95000
9621.07500
9711.77500
9727.25000
9741.60000
9757.65000
9775.52500
9792.10000
9804.02500
9819.72500
9858.60000
9886.12500
9911.70000
9924.12500
9941.97500
9953.62500
9984.32500
10002.27500
10061.52500
10075.77500
10089.07500
10266.57500
10282.12500
10303.75000
10323.47500
10338.52500
10478.47500
10594.92500
10619.10000
10661.02500
10744.42500
10776.15000
10793.02500
10809.15000
10821.40000
10862.72500
10891.90000
10905.22500
10957.07500
10974.20000
10987.72500
11001.17500
11074.12500
11152.20000
11178.90000
11210.85000
11263.20000
11280.17500
11307.47500
11321.75000
11358.32500
11377.77500
11420.82500
11484.85000
11509.50000
11530.05000
11559.90000
11664.35000
11774.22500
11894.52500
11910.07500
12009.12500

