6.00267958464
6.00598281423
6.01620693207
6.01832264951
6.02646242837
6.03836881841
6.04034889241
6.04480959969
6.05184704655
6.05465561738
6.07977794487
6.08544705251
6.09007762467
6.10302909603
6.10664226732
6.11433706667
6.14356713046
6.15445279834
6.15503893722
6.16207635612
6.16772091252
6.173178418
6.17662063728
6.18540508861
6.5634918273
6.57486679869
6.57623098158
6.60258860804
6.64113961213
6.6676223897
6.67249779415
6.67778036199
6.68569143382
6.72380439804
6.74054710243
6.75118613011
6.76763719383
6.80450838269
7.0265025722
7.04794251211
7.06040825096
7.09896396171
7.11222055527
7.12342295586
7.16752719742
7.35112837292
7.39942650875
7.43262693129
7.45648148676
7.48377086204
7.50953868425
7.52618708171
7.56142190333
7.71141246395
7.74314436746
7.76043030825
7.78408167279
7.80454099176
7.88218363815
7.96208966105
7.99820905432
8.03300397101
8.06353157508
8.08639149669
8.16590859156
8.25398057246
8.31727631103
8.45684653644
8.50543802564
8.53392963756
8.58338714317
8.61126384797
8.62898871019
8.66742766774
8.71584656272
8.83198624738
8.86149831018
8.88971814994
8.91565213098
8.92045662755
8.95800758551
8.99035542638
9.02100055353
9.02744532108
9.09348941433
9.12238787412
9.18400105889
9.19330552236
9.20047413069
9.21876705889
9.31000278093
9.41162719201
9.44783128733
9.47557175571
9.47984204584
9.65470804229
10.2068089524
10.2125224405
10.2829122774
10.4003715432
10.4349526515
10.5140220128
10.5468664249
10.6005287056
30.2841331308
105
