6.00096789183
6.00496441877
6.01851959756
6.02130307281
6.19959039132
6.20305002959
6.21090197886
6.2182053603
6.22739058158
6.23184729914
6.23627798795
6.25140887205
6.25889160786
6.28326063734
6.30416326792
6.32241253989
6.34863026021
6.35155352271
6.35985959583
6.36408601862
6.3676910493
6.38204768396
6.4010806646
6.40302096151
6.41703717738
6.4265045522
6.44307635512
6.46858740619
6.73190824299
6.74490860735
6.75339080881
6.76326468055
6.77141118457
6.79341388843
6.818123414
6.82771408359
6.85919079697
6.90660251655
7.15575255568
7.16413717767
7.19588608696
7.2284556136
7.40921570249
7.4473877617
7.5021919692
7.54469751561
7.57241627173
7.60215916513
7.6412987931
7.65782692194
7.66033251216
7.68920323791
7.71283415448
7.71834980953
7.75896514611
7.80109969104
7.84936892357
7.86607762453
7.89370583394
7.97206900887
7.98604311984
8.08075809782
8.13367597178
8.23799179505
8.28987515139
8.32760089346
8.35052431886
8.37363947707
8.47785356106
8.50731842644
8.53766415638
8.66829338196
8.69055215707
8.7282443453
8.81328842404
8.8737660499
8.95270510956
9.00241347657
9.03970236984
9.10048865042
9.13807551324
9.17903321798
9.20400638791
9.30905481584
9.42913018329
9.7857886167
9.89505401679
9.93361942616
10.0071240232
10.0786760126
10.2075782057
10.4440441725
10.5065266228
10.5565223217
10.6182598196
10.689704027
11.0657235115
11.0854733829
11.0955302306
11.2197517839
11.2545466706
12.3298920761
12.3887429048
12.5343056774
12.7975436893
12.8217978691
12.8815817116
13.0674448375
13.2897006417
13.4460085586
13.6006492617
13.7162438835
13.8671594045
14.1568986574
14.2842459509
14.5882502345
116
