6.01088309844
6.02903291925
6.0450585444
6.06872383672
6.07615240928
6.0838753844
6.0944529799
6.10154005739
6.11354226972
6.12316595743
6.13588024603
6.13667709319
6.14005051805
6.14540008252
6.16217491006
6.16651452604
6.176785402
6.18625246903
6.19238793389
6.21508217365
6.28546810974
6.31854538787
6.33382629889
6.34087612071
6.36734938917
6.37906900639
6.39336954167
6.40449047103
6.41796415255
6.4257000179
6.43938471493
6.44787892506
6.47445491605
6.49935478009
6.51681891804
6.56025289963
6.59676176373
6.60305850371
6.61149999185
6.62519349878
6.64148111472
6.66000072568
6.67863275288
6.71601637108
6.74435190273
6.79382079683
6.80278251768
6.83121386144
6.8514156138
6.87743203047
6.89781687016
6.90716919749
6.92683281305
6.93280771497
6.99152631669
7.01480181222
7.06321587398
7.07813834299
7.0956762111
8.14050186376
8.19236838384
8.25529520017
8.29627794892
8.35905905697
8.38405735613
8.41398884987
8.45971708288
8.53254532772
8.59045282139
8.6642611251
8.70771015354
8.7484314302
9.04930008084
9.21062416223
9.27734928411
9.43158529637
9.4748162106
9.80152228175
9.89107214383
9.99774138065
10.0405816693
10.1198506252
10.3231002674
10.387946864
10.4677917619
10.4963264581
10.5025216437
10.5667015815
10.6165588041
10.6555750196
11.1637831314
11.2919697058
11.3608098848
11.4358687792
11.4981220077
11.555627452
11.6199199958
11.7556052097
11.8061423466
11.9438319302
12.1857666663
12.1985968458
12.442346432
12.5294505702
12.5514970638
12.6906693644
12.7293909869
13.4426809975
13.5800376234
13.7079613414
13.9560459255
14.1597265794
14.2238501734
14.5941192638
114
