6.00785968379
6.01042744041
6.01113379719
6.01752400246
6.02054658064
6.03192984282
6.03359032967
6.03858149657
6.0468356547
6.27064101805
6.29226022542
6.29690451669
6.31780388212
6.33054817663
6.35881774764
6.37480200617
6.38553461168
6.39746944933
6.40223641121
6.41487916994
6.41777385794
6.4340019142
6.46330507647
6.47517850418
6.47665032968
6.48008608767
6.51812880783
6.52784490602
6.53712625094
6.55179851416
6.55856646922
6.62501750242
6.63848096302
6.69956504312
6.79912015925
6.81129685404
6.83563655453
6.83850619481
6.8794371603
6.90100562363
6.92520786439
6.95153192087
6.97997815129
7.0046085655
7.14510530912
7.18208872167
7.2020077876
7.25575713384
7.25878434812
7.28297163693
7.29836662566
7.31534305709
7.39884208055
7.43427485724
7.48793653458
7.51546615362
7.56098928736
7.65255857099
7.66781887093
7.67719643531
7.72987868198
7.75680037554
7.76164422116
7.78092830853
8.08832218895
8.20741534591
8.23930750536
8.28743613517
8.32893040685
8.34858242379
8.48095238777
8.52613559981
8.54784835791
8.59118629479
8.61086410447
8.63570577663
8.63954510313
8.69424847229
8.72289140042
8.7397949404
8.74442994193
8.79138985163
8.82495199975
8.88282079945
9.07767133398
9.11363098889
9.32801644932
9.39377434837
9.48639059352
9.54499144251
9.58379591549
9.58917875407
9.63967872778
9.65906693479
9.76027386606
9.81227737463
9.92902955801
9.97369000778
10.2684177395
10.3904578336
10.4888072374
10.6722956006
10.7342425357
10.8254101317
10.8665353707
10.9528924206
11.0790828948
11.1345361989
11.2003876957
11.2988499692
11.3513674557
11.4538042692
11.5003531647
11.6182998972
11.76294237
11.7870821032
11.8645173622
11.9818202585
12.117742209
12.1407797637
12.309053289
12.4281330406
12.4428131094
12.4684507411
12.5842292464
12.8733335605
12.9322575514
13.0488041603
13.4591628819
13.5324540567
13.5916304186
14.5466101342
132
