6.01022009315
6.02026773571
6.03086310871
6.03539560135
6.04125958897
6.0439482219
6.05493099053
6.06035220169
6.08247195211
6.08650680517
6.09096432587
6.10144469104
6.15182571241
6.15423762789
6.17299968359
6.17731800613
6.17900446438
6.17987564519
6.183776026
6.18910378808
6.24873106193
6.25233109412
6.25781297436
6.26615329173
6.27990812336
6.29276980521
6.30398978828
6.31539921672
6.3184722051
6.32651043111
6.35113268238
6.35326214099
6.35422946792
6.37154585529
6.38011332892
6.40288642496
6.40885964914
6.43107458017
6.43962106826
6.46409056165
6.46677290351
6.47853788527
6.49969795524
6.5147980428
6.52552334024
6.52728928994
6.55202083415
6.56891117854
6.60007078331
6.61260572947
6.6160668149
6.62736409164
6.63926481908
6.64962357234
6.67119364688
6.69378967455
6.70608834818
6.71799898479
6.72053980413
6.77636057401
6.78850950584
6.8137756047
6.82911317548
6.93332293324
6.95496756428
6.97661502728
6.99454457741
7.01417215306
7.04289211374
7.05292887564
7.09571956052
7.12624816341
7.15257930691
7.20054078895
7.22643951929
7.25446159373
7.26165124858
7.28942485733
7.30195473842
7.35596475172
7.37754271021
7.49449044594
7.50986117248
7.55432743974
7.5661227452
7.59325758825
7.6242138881
7.6365909746
7.69510381197
7.75363973988
7.76856715823
7.78404092746
7.8217036656
7.82994145215
7.85088385114
7.88107535392
7.92061475918
8.01016987466
8.04590368183
8.07281218556
8.14861160332
8.21338649111
8.29521217833
8.33794096665
8.38281336665
8.44316808718
8.479521561
8.56502022255
8.61772446033
8.66324437054
8.72364812081
8.78678190667
8.81054657616
8.83537067447
8.87688031158
8.92474631208
8.95388737594
8.9968001219
9.00937220177
9.07835423397
9.09184541785
9.15238387156
9.19165630232
9.2227097209
9.28481421432
9.34684189637
9.3939394593
9.46468922821
9.59677998206
9.60643315293
9.73709050299
9.7469079644
9.75774629689
9.76920047501
9.86228305249
10.5958239495
10.6766875838
10.7795311054
10.8324540837
10.884131752
10.9612194444
10.9824864085
11.039386965
11.2168096642
11.2702014377
13.4265268444
13.8068399149
13.9227625856
14.1037349602
14.3022159557
14.5760850678
151
