6.00529756442
6.00636946014
6.01994392115
6.02069669457
6.0212259334
6.03203022779
6.04870737418
6.05634029782
6.06891135745
6.07368850086
6.08268511551
6.09322768872
6.10537515167
6.11381657857
6.11705249272
6.12972167562
6.14124870354
6.1557445694
6.29575898201
6.30784442273
6.31219649852
6.32535101369
6.33894526527
6.34446028377
6.35304008679
6.35415418706
6.36327066348
6.36861909781
6.3821397563
6.41217003663
6.41437315782
6.42603415426
6.4354971387
6.44519073061
6.45508096493
6.46423655659
6.47616353301
6.48896846178
6.51503894461
6.53035124539
6.56031589475
6.57731073431
6.58635101297
6.61467051699
6.64637676903
6.68220375951
6.70022576055
6.74563471509
6.77550040245
6.79675766472
6.81878596253
6.85156068288
6.86249533191
6.88324866767
6.89411604946
6.90218748056
6.92384304201
6.9528622428
6.96215171593
6.98173967915
7.02238597557
7.03315445371
7.0745725983
7.13451030387
7.1426778061
7.15180771925
7.17083209424
7.1950018494
7.20801965927
7.24474191858
7.26808590238
7.28321903148
7.31027937925
7.32809710716
7.3506821632
7.35338513128
7.43768322684
7.46198437491
7.47438629104
7.49554043772
7.51069566593
7.57708434324
7.59551822884
7.69423965184
7.6984235492
7.72349186241
7.76760571988
7.79822439435
7.84247057775
7.87088419553
7.88407063272
7.94913807651
7.97951713922
8.03546465458
8.07403259027
8.12015449845
8.14336842545
8.18089769148
8.24435080223
8.31549324233
8.38819964551
8.51147306985
8.53293267189
8.58296954363
9.18451246198
9.1890676116
9.27144902953
9.30586325204
9.31226910763
9.32929078842
9.3390078566
10.1692830768
10.2196831249
10.6731431192
10.7016327024
10.8283719133
10.9191461212
11.4147389772
11.4398095087
11.5507598042
11.5612565248
11.6010002218
11.7757939675
11.8364434119
11.9040968602
12.3281560831
12.4637364589
12.4770727588
12.5945621729
12.6164968274
12.6826896712
12.7415933394
12.8527429837
12.9551860442
13.1827610509
13.5634011036
13.8051344351
13.8813035947
14.1455096505
14.4218547904
14.4532960997
14.6103070361
142
