6.00987563154
6.01925337526
6.02746733789
6.03005196093
6.03410103942
6.03895495981
6.04831733237
6.07579884124
6.08290436989
6.0894258547
6.10041657502
6.10141592631
6.10758964372
6.11104802392
6.13413730693
6.13830069477
6.14252381965
6.18437605329
6.19807427786
6.2054888792
6.21246557812
6.22786911247
6.23078619296
6.26335963861
6.26866852586
6.2713061269
6.27663192297
6.28610410992
6.29441444699
6.30878646833
6.42329572412
6.43555763294
6.47211180539
6.47301483926
6.48604566276
6.49268161704
6.50847348319
6.60021198275
6.62270964388
6.64648816429
6.66062803942
6.66757096549
6.70213157042
6.71885182774
6.74197690971
6.75928542326
6.76616236016
6.7717994444
6.79509904154
6.8024442976
6.86711033822
6.94758530648
6.95422164266
6.95633665877
6.97046419665
7.05102417412
7.07408881565
7.09011706845
7.11524331494
7.13612102845
7.16529846179
7.17079173001
7.17339083475
7.56569887139
7.57043708102
7.61775508504
7.66496960984
7.70852640774
7.72822743153
7.79314131677
7.81398569199
7.82897307056
7.86174194465
7.88015883278
7.91286097525
7.93981211894
7.96605256701
8.03961900286
8.0913930093
8.10595673922
8.13513813355
8.21223153385
8.29490857357
8.32427299888
8.34300698391
8.35931890737
8.36441074876
8.39135160458
8.39553887826
8.45022425222
8.53530996284
8.62317353483
8.69893603603
8.73033206548
8.76710851382
8.82820439912
9.01295276425
9.1246604933
9.15073548715
9.24530397674
9.29029928326
9.32972582532
9.38150959447
9.47098697988
9.49924195503
9.57674385322
9.61762479567
9.7173705556
9.77528948168
9.81890496302
9.83210133926
9.95382747341
10.0299233785
10.1599944135
10.2261219464
10.2818772075
10.2933170938
10.4164320815
10.4236240923
11.1293427518
11.1477552779
11.3984230616
11.4704213774
11.57133015
11.7612743136
11.8281440763
11.8420309788
11.9028562436
11.9114809807
12.2425975503
12.3733206261
12.4766790975
12.4917098841
12.6907950562
13.3827691514
13.5472877841
13.8131952583
14.0372995031
14.2416940036
14.4164853639
14.5384354304
141
