6.00511344108
6.0117172175
6.0178680695
6.02490496905
6.02993960062
6.03742483095
6.04412269719
6.05527799976
6.06513772853
6.07578319938
6.07844601208
6.09337873089
6.10188431786
6.10760550968
6.12103358397
6.12732971271
6.12993481079
6.13695339961
6.14370040695
6.14754147355
6.15514930561
6.16314209727
6.18428833854
6.19590021135
6.2041103882
6.21972965642
6.23671078339
6.240139901
6.24535681123
6.25015741172
6.26023615249
6.28618013464
6.29514369306
6.31400772411
6.32244916777
6.35856660362
6.37021601583
6.38460135088
6.40004990609
6.40319249358
6.41659278547
6.42809367021
6.43027080103
6.44415305145
6.46415223445
6.48135623858
6.48584463804
6.5045664323
6.54695621478
6.55191989186
6.56114476319
6.56840251218
6.58085137343
6.58859304409
6.60535436078
6.64674227473
6.65406030486
6.68857812096
6.70078840287
6.71033834247
6.71745151258
6.7316392004
6.74344002889
6.75242655163
6.78383203748
6.81587023643
6.86199969473
6.88372733396
6.88717393841
7.06307913644
7.073164193
7.07711734184
7.08850246877
7.1071563928
7.13195195059
7.15819711603
7.16496943674
7.17868110918
7.54640173654
9.48873369084
9.52244709481
9.57892996387
9.68768238482
9.69218738982
9.82145955589
9.87831397918
10.0506435257
10.0659748563
10.2294713999
10.3910974978
10.4163515199
10.4292277314
10.5257631818
10.5681694448
10.828186126
10.8828818633
10.9570596244
10.9660518527
10.9954063031
11.0680227909
11.1049775218
11.1792333756
11.3368903665
11.4341302514
11.4860714722
11.599287172
11.6762576347
11.7851599122
11.8068992071
11.9499958179
12.0052174056
12.2415209919
12.3731790985
12.6855546182
12.7591192901
12.9811299051
13.1452236886
13.2102675273
13.774402183
13.9426044225
14.1603586696
14.2285407136
14.7889916198
123
