6.0061228454
6.02138399476
6.02853941926
6.04720366371
6.12159262243
6.12659483032
6.13927925357
6.15263682623
6.15353014449
6.16254817601
6.16448061542
6.17040457521
6.18466114671
6.19366777451
6.20769820798
6.21274178464
6.21361507166
6.22601341176
6.23290820893
6.25014960202
6.26474323797
6.27726000101
6.29338929178
6.32074237197
6.33126998319
6.34962581919
6.38178471945
6.3988917473
6.40427499163
6.4212297534
6.44062196403
6.4577084286
6.4705597547
6.48097927768
6.48428051913
6.55032888858
6.56161069373
6.57611366314
6.57780122276
6.60847661083
6.62383021734
6.63480526439
6.68986699184
6.70174842302
6.73337214847
6.76784195979
6.77503518914
6.78433997268
6.78638460501
6.80546912115
6.81525276149
6.82125907402
6.83701687199
6.86407285263
6.86904068554
6.884666276
6.90556648955
6.90726388903
6.95545089375
6.9947497498
7.01506027529
7.03541447961
7.06825203757
7.09365927996
7.17319886736
7.19437656355
12.4733896406
12.6353452299
12.7914305794
12.9351889073
13.1014407123
13.2673524918
13.3659928105
13.4236867727
13.6776728511
13.7218512261
14.2009557851
14.3463128745
14.3817788062
14.5284993449
80
