6.00529062352
6.01881938805
6.03513181676
6.03907068207
6.04109057928
6.04705732745
6.05903836069
6.0681715398
6.07693825666
6.09277654015
6.10004628425
6.10499281398
6.11074062893
6.12416272914
6.13413788744
6.14278512845
6.14447447904
6.14829366414
6.15838842243
6.16825565115
6.17367091395
6.17876492719
6.18804293702
6.20548580457
6.20629171621
6.22056256847
6.23061182534
6.23806347621
6.24116904511
6.26924877292
6.2738426951
6.28009475018
6.29415537227
6.29663697604
6.29812453908
6.31323706394
6.35462839625
6.36083068603
6.37015167307
6.38257117428
6.39618275171
6.40733859331
6.41030590454
6.42145405922
6.43312837063
6.45294922217
6.46918945872
6.48088147037
6.49933655796
6.51309014015
6.51514298134
6.53991053019
6.69658921898
6.70894357848
6.71074596223
6.72091223241
6.78092931769
6.82048025066
6.8426865834
7.06036455244
7.11128793932
8.69412090853
8.72848724559
8.76691101386
8.81650788465
8.89404547845
8.99146011245
9.0200938151
9.02959007678
9.18228697903
9.23017866244
9.37031343228
9.38541734402
9.39018878512
9.43654962725
9.5311067084
9.54960950999
9.6273121484
9.64556569115
9.66094365426
9.70710567506
9.74556058482
9.7917785212
9.84448381541
9.88739383782
9.96110935158
9.98317796581
10.1164460749
10.1807136143
10.3395098832
10.4064455443
10.4740973299
10.8120456491
10.9561314916
11.0322365471
11.0898393644
11.2955886503
11.4636452775
11.5031280604
11.5743366486
11.7079053374
11.89219516
12.0862293767
12.1350612655
12.2479479391
12.3634895639
12.4582371587
12.638585163
12.6534506514
12.7420417137
12.9514218138
12.9617717397
13.1203551786
13.2664951689
13.3639355707
13.5300655713
13.6127718944
13.7265202454
13.77780832
14.1450927752
14.3358441543
14.4757802692
14.4942392888
14.8225040268
124
