6.00481051031
6.02433571554
6.04399551813
6.05165855346
6.05626638066
6.07900149614
6.08570590292
6.08896877977
6.09493912549
6.09550859344
6.12372012013
6.13218612438
6.14511117012
6.15963898232
6.16985656344
6.17897306859
6.19439338806
6.20526652696
6.20748524676
6.21632311266
6.22358989215
6.24381208686
6.25119000363
6.26556720675
6.27542584091
6.27955393957
6.28555498829
6.2928280312
6.30187566378
6.30884998566
6.3540741437
6.35632560482
6.36770231483
6.385245304
6.40211288352
6.41776760907
6.42671693455
6.45966973911
6.46657225009
6.48679670576
6.49828806364
6.51148389893
6.54962799946
6.55097273409
6.57299048819
6.57933080136
6.59336298103
6.60376261623
6.60999912016
6.63438927693
6.64609563375
6.65229291254
6.67990051761
6.68977162177
6.7006676707
6.71987904433
6.7269665605
6.73671244325
6.78074656596
6.79146552504
6.89507819055
6.91382286901
8.3938518568
8.43578883314
8.44592328395
8.52079311097
8.57796831374
8.61202846276
8.64946920062
8.74501046173
9.05540104167
9.14666210695
9.26991665833
9.30319580397
9.37723242349
9.40240802415
9.43243976805
9.46095705667
9.54352009315
9.59511574399
9.63940704883
9.72174143773
9.77277978743
9.80288752142
9.8292960791
9.93563620149
9.97355149656
10.0537547759
10.2050768714
11.4250710294
11.5417145448
11.5953333527
11.6097224615
11.6648852336
11.8334852805
11.8445278359
12.0806440688
12.1498778475
12.2486567811
12.3109750978
12.4765620402
12.5269440741
12.7148969982
12.9199797718
13.033530955
13.2787639169
13.2936215151
13.4621732191
13.5925900492
13.6236325395
14.1956490686
14.2788973372
14.5774406623
113
