6.00651247862
6.01589355901
6.0179321571
6.02003795615
6.05980619864
6.0718231073
6.07234307217
6.0842775408
6.08784161664
6.0955216852
6.10528020474
6.11208123634
6.12017939076
6.14810024506
6.1602215305
6.1772706794
6.1899642585
6.2053613462
6.20940562279
6.21143733189
6.22595394537
6.26709745027
6.27496564152
6.27567591172
6.28129366242
6.30225255221
6.31606120938
6.32609220291
6.35081119032
6.35909707912
6.36175373534
6.37005735326
6.38333091052
6.38484262704
6.41526887858
6.4172989912
6.42588007724
6.43610150307
6.44073514541
6.47377106587
6.48433976801
6.49970549752
6.51536955631
6.52826593689
6.53482830252
6.54317052448
6.55564832617
6.59858323838
6.61340169646
6.61505438715
6.62489422366
6.64311006894
6.67348079734
6.68543470171
6.68647467516
6.69984041181
6.70279742634
6.73938178014
6.74216579311
6.75110067675
6.83063620925
6.83362705689
6.85404144455
6.85583877512
6.8749036363
6.88587398901
6.93858231181
6.96583603256
6.9994899845
7.04537842116
7.05586520744
7.08572189485
7.12600219693
7.16688923902
7.19985103808
7.4922579655
7.52682882573
7.57454910635
7.66067905371
7.66955360523
7.71777347665
7.76269125323
7.80359608809
7.81979723447
7.85571138462
7.89680265418
8.14637495232
8.35419624037
8.53826376588
8.59801686333
8.64324996328
8.74768055614
8.78469128778
9.64729811526
9.74454049805
9.76837672628
9.86696314016
10.0545148881
10.4515495733
10.4908105323
10.6001532563
10.642055266
10.7011511822
10.7676491181
11.0996426079
11.3003875518
11.4111979266
11.4700887384
11.5516061379
11.6007502166
11.6540547658
11.7133435541
11.8269820149
11.974888463
12.149711535
12.5092357987
12.5250838319
12.6847980761
13.2681490978
13.2834510072
13.5527555206
13.733821455
13.8417666517
14.0955430213
14.1579687377
14.4769642067
14.7488883725
127
