6.01680536908
6.02214324003
6.02870156683
6.04342958778
6.05392231444
6.05515400177
6.05900415533
6.06960937478
6.07748661027
6.08071993807
6.08410817633
6.09063468735
6.09514568842
6.10506464985
6.1091090826
6.12011451062
6.12616486037
6.13842135711
6.14560507928
6.15500303974
6.18400411606
6.19395348729
6.20573723181
6.20711802367
6.21518616516
6.22160269282
6.2328189656
6.23492013424
6.24937062625
6.25827964404
6.28089850131
6.28485479996
6.34165144581
6.34865063171
6.36600298943
6.38090142789
6.42435774117
6.43048313233
6.43470800119
6.48800990359
6.52553789716
6.56079097177
6.57589471741
6.59109767861
6.61741166513
6.63657411546
6.65884655994
6.86176201017
6.98839492738
7.0255773171
7.06742889162
7.07446366515
7.08761356422
7.10547821228
7.10901001408
7.11606782282
7.13107076878
7.15144873028
7.16611881549
7.2338115588
7.25192942003
7.27084894157
7.30095316114
7.39055231695
7.41245547104
7.44172791899
7.50102082273
7.54057669757
7.57092575055
7.58593160047
7.61710080575
7.66613491407
7.67830663775
7.70096140527
7.73876479911
7.74664609473
7.78158862548
7.81192393296
7.84531306681
7.8582651001
7.87730043622
7.91615000355
8.00685949056
8.0506525426
8.10357351428
8.12939173593
8.13323927233
8.29540779237
8.36945986465
8.40507403564
8.43364975953
8.45262525234
8.52828096853
8.6370451995
8.65462148288
8.70099686772
8.76235161163
8.81446148117
8.86765616227
8.90767882829
8.9827854936
9.03685102073
9.17665399295
9.24248879045
9.2804032588
9.34815119439
9.41901358151
9.4976593803
9.56806202901
9.62229032522
9.67586686609
9.6994211723
9.75307922673
9.8799394671
10.0187988604
10.0848382836
10.1242206102
10.2398401856
10.2817584849
10.3948810275
10.4976767636
10.5955178624
10.6869529263
10.746241773
10.9549723883
11.0543368308
11.3008143328
11.3799060858
11.4272809706
11.5071744497
11.5139333277
11.6366307238
11.7249410881
11.8541555724
11.9488594705
12.1127486488
12.2297869885
12.4274282266
12.5670772274
12.8950001349
13.0846408915
13.5453938726
13.7850363709
15.6228643655
144
