6.00348148592
6.03150587287
6.03217737558
6.04558752273
6.05142610685
6.07070438039
6.07185774577
6.08455249286
6.10464035859
6.11496612332
6.12223650148
6.13171963146
6.15476385783
6.16305363865
6.17734254605
6.18585310401
6.20732774761
6.21200114794
6.22186617693
6.23539685679
6.256794842
6.26675837894
6.27690994909
6.29081361853
6.29924161754
6.31776387494
6.36493363639
6.37753054017
6.52549656437
6.55965175823
6.63276599658
6.63669696288
6.63937644837
6.64465007195
6.66527027928
6.68461238106
6.70181086844
6.70988687203
6.7172343347
6.72816959957
6.75242124046
6.7737750108
6.80428224748
6.82166525295
6.85678798789
6.85890239977
6.87663268777
6.88260849236
6.89092183829
6.89276926498
6.93598350171
6.96603944969
6.97980389941
7.00500050143
7.25522315163
7.38798677974
7.42280534435
7.44867903467
7.45680150315
7.47357968849
7.48966333997
7.52211350989
7.52739838228
7.54029721809
7.54219952421
7.60589107921
7.62981346246
7.65384512607
7.70608612736
7.7086019318
7.78137821269
7.81924101575
7.89526216428
7.91957877622
7.93146560088
7.99069223603
8.13153307859
8.13517980421
8.17106191876
8.43281286918
8.61197511757
8.65898838026
8.82704844577
8.90005721049
8.95497248046
9.17633350962
9.32786523557
9.38478736954
9.46478562884
9.50742152959
9.54122736821
9.60328587755
9.65917977099
9.75670251565
9.79966329552
9.85619990058
9.88749348084
9.91836002675
10.0357126568
10.0753210996
10.1795189233
10.2816665395
10.4339374214
10.4607702651
10.4872784624
10.5399096203
10.7754859001
10.8346992021
10.8500523785
10.9226697787
10.9820255534
10.990355371
11.0478119485
11.1573225039
11.1973065759
11.232651695
11.2881444901
11.3585221024
11.4989077619
12.3596429559
12.4885278192
12.6125865709
12.8240805093
12.9272770346
12.9661919693
13.4125052945
13.4651454482
13.6228184363
14.4875976539
14.6589649211
130
