6.00671174576
6.01302081349
6.03408447831
6.03743739386
6.0413278631
6.04749870754
6.04814920006
6.06047325252
6.0738397151
6.07739028653
6.08167838322
6.09329545733
6.09795818513
6.10070501392
6.10665491016
6.12312241605
6.12637493846
6.13862342281
6.14142319516
6.15264811554
6.15524968691
6.16261622561
6.17416079608
6.18440109727
6.19364044025
6.2022685546
6.21975813259
6.23015113922
6.24055090819
6.25425548637
6.25664626455
6.26130423258
6.30687403135
6.32408917903
6.33141329009
6.34311015384
6.3454821653
6.35589666845
6.64803339983
6.67418303612
6.6859091293
6.70405195728
6.73126235203
6.76142337688
6.78872010738
6.80744213194
6.84023559432
6.8638602277
6.88365475412
6.89518476211
6.93462917673
6.97487079136
6.98641150938
7.1240753198
7.16144478218
7.20148160441
7.24412859116
7.25167962704
7.29010701251
7.34360840943
7.3563786962
7.37012378344
7.38752066536
7.43346346271
7.45598702999
7.48342868376
7.51268148036
7.5253743607
7.55890709211
7.57588841657
7.63105511173
7.68515514384
7.70661083188
7.80245390203
7.84086870146
7.86112498345
7.88157535104
7.97134070416
8.02001532863
8.07274276595
8.13036023744
8.1377375017
8.14211886376
8.19384459499
8.24151522925
8.24557645569
8.27004718369
8.30840418421
8.4023117988
8.42290504239
8.59624675516
8.67977245923
8.71355355577
8.7538239036
8.90984151198
8.94939303284
9.05436067497
9.14907465365
9.22368453204
9.5747221908
9.66811682427
9.7113266484
9.75088224931
10.0504705168
10.0799841339
10.1350288548
10.2436802445
10.2718397413
10.3068395648
10.3650014464
10.3934280185
10.4567361845
10.5074844827
10.616267612
10.7004799926
10.7092182262
10.7992779377
10.9695508407
11.0565771483
11.1423277382
11.303810248
11.3776787859
11.3956625856
11.5067629301
11.6218246185
12.1615497824
12.2321089702
12.3645364883
12.5397808624
12.6294712222
12.750010099
12.9461711917
12.9569211101
13.1589725168
13.5044841899
13.5830373391
13.7103241722
13.8917326129
14.1792971445
14.4548326243
14.5323108492
141
