6.00139858914
6.00637464309
6.01110502499
6.02935575372
6.03542696692
6.45625154833
6.47225855061
6.48833446608
6.49598524994
6.50711327012
6.53213587577
6.69445282528
6.7147870263
6.74762194096
6.77295307618
6.80626350689
6.83850449179
6.85248978917
6.85386036438
6.86469761614
6.8676606057
6.87317912066
6.89632566301
6.91046654244
6.9731287525
6.99882679765
7.04080724325
7.0688543115
7.09713330825
7.1286896586
7.13089215371
7.17083083056
7.18245271784
7.22761059102
7.24224697048
7.2867620037
7.33254728556
7.35061300846
7.37889162063
7.38346693194
7.39080775329
7.42045809923
7.47849040496
7.51414603909
7.54403404029
7.59008541489
7.60880325391
7.66112730226
7.73618077115
7.81529121897
7.85754634495
7.93151000843
8.03687221161
8.06532600259
8.09469406144
8.20945366792
8.23988210156
8.30117005215
8.33290229952
8.36119552006
8.42467733011
8.49408131038
8.55769829291
8.58198794151
8.62424657509
8.67897835422
8.75216363483
8.98557182933
9.03723247943
9.13290028055
9.14421926957
9.24729278351
9.27494945444
9.35495596861
9.49898840545
9.55508803902
9.62353701156
9.69307683517
9.81076229595
9.84577680884
9.92830126662
9.9545705019
9.9931960775
10.0175068794
10.0760377163
10.1519742373
10.6452461632
10.7204742453
10.7706824236
10.8161685993
10.8323668432
10.9876231053
13.9642046253
14.1086212674
14.3214451102
14.6494175273
96
