6.01207283572
6.01434196305
6.01817192132
6.02140066784
6.03022057609
6.07448973332
6.09391189018
6.09970496809
6.10796444685
6.11695445666
6.11811513471
6.13172778786
6.13697503575
6.14460818006
6.15504160894
6.16050874122
6.16784628568
6.17644687744
6.18692278005
6.20141030984
6.23587932885
6.23968241915
6.24440973547
6.25070713827
6.25966005843
6.26871083118
6.31431304092
6.3178239642
6.32124200576
6.32635264293
6.33271939503
6.34622099518
6.3652733333
6.37574619553
6.38903631549
6.70002289965
6.70470700024
6.72144261263
6.76872373113
6.7759134238
6.79829813224
6.80963890078
6.81483160256
6.82957036679
6.86712903382
6.89691100377
6.90249888653
6.96650442237
6.98241841502
7.01672087824
7.02263735664
7.02984048159
7.06715497503
7.07489461993
7.07669928806
7.08081992918
7.10394577177
7.13008529247
7.3417404603
7.46174667183
7.47048847772
7.51354099425
7.56696817374
7.60074790043
7.6528892764
7.70683159314
7.74436325414
7.83153219556
7.86584191346
7.94349567578
8.02789050846
8.15557451879
8.20971497367
8.22789268138
8.26335090878
8.29240058707
9.40262076423
9.43557147092
9.4900165536
9.5962443717
9.69420397561
9.84082983661
9.95982225314
10.0345003271
10.0608713177
10.138402581
10.2245876985
10.2701762249
10.4321668849
10.437342896
10.4805416076
10.6661384582
10.7837302809
10.8212252723
10.9006770772
10.9588668349
11.0187019552
11.1067558331
11.1878000652
11.4341603187
12.0380829353
12.0995392265
12.1093599773
12.2315244703
12.3555747472
12.5038594375
12.6517066065
12.660734716
12.8020322894
12.8608168118
12.9100705688
13.2569116687
13.3646385181
13.4277204664
13.5946745119
13.8218927236
13.895046928
14.0282676289
14.0516118605
14.7210342684
120
