6.00225360979
6.01090369376
6.01875182698
6.02099198987
6.02151984196
6.02811235014
6.04074943315
6.04955435039
6.05238028946
6.05455837929
6.06181445442
6.06981934769
6.07080944984
6.08185465914
6.09345104441
6.10019087175
6.11378365331
6.12114856139
6.13063694356
6.14247412756
6.1460682859
6.15636728234
6.16937920255
6.19554532353
6.20925573281
6.23824962901
6.25608648719
6.27520773033
6.29091395637
6.34364939238
6.36212105343
6.37387668327
6.37781642601
6.38444800247
6.39329586762
6.39794548607
6.40767450793
6.41412109864
6.57053720617
6.64826616725
6.67465547457
6.68357109642
6.6849833076
6.71271284731
6.73397406508
6.76132112765
6.76731706106
6.78635239008
6.79523748151
6.81090223474
6.81352951169
7.02125308191
7.06058599587
7.07469518182
7.07981585607
7.103567515
7.12164613521
7.18731923742
7.20275905381
7.27182737832
7.28387638427
8.22813737228
8.23357855359
8.23983385225
8.24351136879
8.29985420504
8.46731109965
8.49557226226
8.70158179793
8.77793828548
8.78661365155
8.97880110012
9.17719682724
9.19434180677
9.55790907699
9.90066502318
9.96547349455
10.0485950865
10.1455428434
10.19349965
10.3677243522
10.5061510318
10.5563140781
14.8338039054
84
