6.01338929944
6.02354771862
6.0409576143
6.07383501179
6.07528707773
6.08112905779
6.08423927888
6.15330755781
6.15390152863
6.16361033568
6.16814576169
6.1728773856
6.17988198987
6.24903629755
6.26574727698
6.27839334611
6.29163158224
6.32523628841
6.34055106545
6.42037859401
6.42475851975
6.43353005407
6.48953677011
6.49640726442
6.5157719543
6.52214830196
6.53780752095
6.57010794187
6.58034902099
6.58627905584
6.6254403884
6.66211400702
6.66777301072
6.682909217
6.69396278556
6.71088196715
6.74325973047
6.7901414738
6.97265075006
6.97891626189
6.99230323725
7.01692437977
7.03081037697
7.03630604039
7.06701227925
7.12444387643
7.13299074754
7.13908896495
7.1409613546
7.16241992853
7.16464240643
7.20515859818
7.21831186594
7.24038205253
7.2695618158
7.2856167471
7.28972987557
7.31457826445
7.32629614588
7.55966683879
7.74729811877
7.86337567073
7.88581088806
7.93228525407
9.07297375171
9.14651409379
9.17905916868
9.26227911774
9.45546966634
9.47544841781
9.50596407992
9.69151378249
9.78176829394
9.83371245564
9.84076008331
9.91373991545
9.99267639007
10.1117610089
10.1558523437
10.1857335441
10.4736712137
10.5811464796
10.6894965461
10.752339122
11.4274445472
11.4417737851
11.4911150714
11.7406489933
11.8768022383
11.9831670414
12.0834473132
12.1181106267
12.3756474387
12.7222991344
12.965026591
13.1287093846
13.1412664396
13.3380872064
13.5285172531
13.6108541114
13.6743724244
13.8423987997
14.1222447378
14.2778534628
14.5271153349
105
