6.00353543675
6.00590294895
6.00650084579
6.01569975878
6.02170885779
6.02775773287
6.03297565161
6.0472259293
6.05879866728
6.11956055998
6.12240507676
6.13041762019
6.14650109931
6.15739820144
6.15830052488
6.17759444595
6.18200659618
6.18759038465
6.20194762751
6.20764988137
6.22184197176
6.22367264632
6.23444825109
6.24007377733
6.24635308535
6.25644532956
6.28108607991
6.28988690938
6.30218913463
6.31633972346
6.31742069832
6.33596782631
6.3442320403
6.35216111199
6.37295881983
6.38170169362
6.41683315614
6.42776981233
6.43434715404
6.43518992463
6.44319084086
6.46346920787
6.48430931002
6.49271384697
6.50055623708
6.62626901424
6.64159215049
6.65445389209
6.67370030962
6.68250199835
6.70177179615
6.71958146105
6.75221097491
6.77371758011
6.78920525437
6.7907545279
6.81212932454
6.82614651125
6.88114396486
6.89531679346
6.9974940774
7.0088402377
7.01206254753
7.34266006096
7.35613094726
7.38515386891
7.46010060855
7.50694050706
7.52997492516
7.55160021529
7.57075784089
7.6858422114
7.70538156165
7.79119316258
7.82609444112
7.89304050335
7.90940217449
7.93137002492
8.01218480675
8.04879557808
15.7811066013
81
