6.00459304429
6.02581898569
6.05662140468
6.05851043726
6.06669449572
6.0711231837
6.07655404381
6.08146353624
6.09305077888
6.10311266778
6.11426070753
6.11897387195
6.12161583126
6.12772314937
6.13509252486
6.14160446568
6.14439114227
6.14579418089
6.14657040672
6.16464187767
6.17004380362
6.18174583263
6.18910505566
6.20509032702
6.21022483219
6.2175538791
6.23223533084
6.23977935055
6.24657971627
6.25522600383
6.28571142269
6.29176207319
6.29332106595
6.33620074573
6.34532072379
6.36612960236
6.37500973192
6.39031067385
6.4047078972
6.41644505059
6.42498310889
6.43020230003
6.45639153206
6.46331974188
6.48571699997
6.49208993075
6.51161632054
6.51399941567
6.51834334212
6.53508653264
6.5485056202
6.58225375443
6.60775281954
6.61865432414
6.6569318158
6.68145916031
6.69055363521
6.7067881333
6.71502434501
6.73549739578
6.75691222323
6.76046269205
6.78371507751
6.79824550875
6.83087297684
6.84551620947
6.86697567619
6.90644998669
6.91150618667
6.94341617905
6.94723879816
6.97623059166
7.00106293903
7.0245922772
7.04538754508
7.05998758189
7.09473367783
7.12274432333
7.13826732034
7.20861913047
7.26432093434
7.28042266955
7.30791913927
7.32501216053
7.3722379156
7.47076798848
7.50729675229
7.53890519618
7.56940933453
7.58829667375
7.62517077831
7.63243059049
7.65470022521
7.77772185733
7.88326631078
7.89780341897
7.95222940457
7.97495614206
8.01294012585
8.0256602931
8.08577838746
8.10604124241
8.15599201402
8.18998494176
8.28068898471
8.30307455254
8.36296849264
8.39444712777
8.40639128064
8.68379393667
8.77585919985
9.08388782738
9.141540869
9.19316428302
9.19991636123
9.22481608759
9.24126229177
9.45343617102
9.45997386962
9.54278508623
9.57343484271
9.58283187464
9.58960050449
9.62545574226
9.71648009476
9.85009320551
9.88801781452
10.0539980857
10.1771559065
10.3337880512
10.3863956014
10.4275835255
10.6286114788
10.7300578894
10.7630934202
10.9934435589
11.044642088
11.1056845952
11.267504265
11.3649217834
11.5314695793
11.6921201533
11.81878655
11.8839245802
12.0288768226
12.4657905483
12.5537006472
12.7417637672
12.8427703113
12.9763305821
13.0915749645
13.2809143746
13.5499594536
13.6656888724
13.6866087019
13.9136718619
14.0256906635
14.1239075048
14.4529408209
14.6571408909
160
