6.00058224704
6.01529235778
6.02821048073
6.08985997659
6.10057580593
6.14410299637
6.14868145493
6.16198873272
6.24653386133
6.26751321399
6.29310448024
6.29880828773
6.29986583077
6.30448240936
6.31145375985
6.35285249461
6.35380348284
6.36695911306
6.37344112913
6.37607035283
6.37727777802
6.39114545318
6.42541470887
6.42977749752
6.43569237443
6.44121561845
6.4606372755
6.49761562226
6.5722677944
6.59227267289
6.5962699858
6.61245462355
6.6208948425
6.63387117816
6.69231966028
6.69476281487
6.73496805155
6.75911995759
6.80397905518
6.80840390712
6.86924692378
6.87563911476
6.87825090418
6.89212547705
6.94887270987
6.95850143194
6.96650514241
6.97669791291
6.98855583539
7.03745177383
7.0993711388
7.13235990223
7.15709301251
7.16671887316
7.17960862594
7.22084161153
7.23047890994
7.25391162969
7.26597597788
7.28827429172
7.29498921443
7.36121012785
7.36519354796
7.48681734168
7.51804286212
7.54585275979
7.58107008481
7.59848708082
7.62869209472
7.63782436222
7.70521016299
7.75888357706
7.83303184305
7.88348193536
7.91838611551
7.93697510225
8.00912044963
8.03080019614
8.1027912179
8.14192054752
8.20870036443
8.4824067138
8.53577758667
8.5596962832
8.57545887181
8.5978278628
8.63935924021
8.68520552765
8.72301232045
8.77016996332
8.91056497511
8.92024282426
8.96849361606
9.08558340419
9.11341172253
9.20662458363
9.23298075345
9.27173338484
9.38657145324
9.39037063736
9.42121791458
9.49723435266
9.58329881449
9.61824012062
9.64839367434
9.70107365757
9.9968397692
10.0203661889
10.0917991399
10.2321939884
10.2441152253
10.3268715076
10.334469028
10.5242594494
10.6781369438
10.7735298274
10.8408935524
10.8957478686
10.976538466
10.9923303687
11.3489309817
11.3585034631
11.4393162295
11.5914876772
12.0387960258
12.060181463
15.4765734363
127
