6.01376008636
6.01941739184
6.02839965725
6.04132105813
6.04461128627
6.08826593757
6.10165011625
6.10797949647
6.10884103072
6.11710056931
6.12449400906
6.13170423957
6.13260024136
6.14536467553
6.15282304293
6.15724328415
6.16188179585
6.24059807408
6.24875242
6.25229578638
6.26162760793
6.27194499919
6.2827387882
6.29009197588
6.30865324727
6.31286210345
6.32040206321
6.34900404777
6.36511723637
6.3811815292
6.38838304208
6.39526663717
6.40187024563
6.42069449118
6.43965874177
6.4558517048
6.51573712385
6.9810777318
7.02728727293
7.05012475716
7.05290595937
7.0625751759
7.0913610392
7.09576308139
7.21242264192
7.2417636265
7.2541728469
7.27955908873
7.32176606394
7.43813493739
7.47030456732
7.47923775336
7.49622902622
7.5425304032
7.56207958162
7.64544684289
7.6580044276
7.66559208715
7.78718985889
7.83930108853
7.87599697409
7.90343548687
7.90681067395
7.93614876333
7.96181978312
7.98965625138
8.09316900796
8.16288820326
9.86850076289
9.90755502003
10.0882755083
10.5638591255
10.5742896137
10.689509674
10.7431500233
10.8872784958
11.0687791112
11.1660218635
11.25391822
11.2876264308
11.3523034621
11.3812480398
11.4338820929
11.4827249924
11.5961434149
11.666135168
11.8024170505
11.8519601138
12.2097303713
12.3488817389
12.360565518
12.7992371759
12.9783879472
13.1698809995
13.3139687207
13.4708337392
13.7968430217
13.9554625988
14.1301916562
14.2566611795
14.3954052024
14.4649991101
14.5731122322
103
