6.01246063803
6.02253768306
6.04880577992
6.05436087312
6.05980650664
6.06047945351
6.07241306602
6.08423006527
6.08493438673
6.09599717132
6.09730163701
6.10608231116
6.15764054291
6.16326473565
6.16895075353
6.21212105066
6.21602217134
6.21696022725
6.22181296646
6.22289722366
6.23333788139
6.23567157927
6.23827092358
6.25346465598
6.26262606385
6.28287996735
6.29449140526
6.29815321449
6.32932015325
6.33010652461
6.33107415912
6.35985365406
6.36549570892
6.37439976534
6.37552642175
6.39477908064
6.40410875124
6.41866796883
6.43617494639
6.44814039679
6.46515081441
6.54627176851
6.54976979613
6.55637559864
6.5800160263
6.60173024129
6.62070802029
6.62612613611
6.65561399112
6.66162296093
6.67049471015
6.68987303798
6.73243695788
6.74168416573
6.74399896975
6.75517197081
6.78455136043
6.80146226968
6.8127719176
6.85823690612
6.87688065371
6.89746172296
6.9114373735
6.96487796709
6.98436571298
6.99673076658
7.1624609238
7.19659464623
7.21907377715
7.24887510648
7.29507604965
7.34146934206
7.39640730275
7.4123891389
7.43681380121
7.47129810124
7.49201896357
7.53050192588
7.54194243508
7.59328395194
7.671256255
7.70828740373
7.87145312192
7.9044052517
7.94070715167
7.95939131609
7.97797692185
8.00473644319
8.02717069834
8.143473372
8.18596014027
8.22856217162
8.26433911946
8.26993232577
8.29882187376
8.37133352723
8.42290785733
8.43381149682
8.49789332932
8.56115098464
8.60944581736
8.68330831826
8.75095474184
8.8108045179
8.81553768523
8.87659188512
8.92296061464
8.957646904
9.00291571878
9.03588880929
9.1247161697
9.24376866355
9.30703349013
9.37939310069
9.46610790068
9.50224960603
9.56229446933
9.6625879525
9.77850268608
9.81684376423
9.84491803687
10.0607207734
10.0681777038
10.1277583266
10.2878717389
10.3081857247
10.3576089101
10.4389426213
10.4587165009
10.5300929673
10.6480664836
10.713432592
10.843119497
10.8786009302
10.9591976323
10.9940455641
11.1553738971
11.2243822404
11.3479850862
11.4626095957
11.5831701706
11.6379324512
11.7239970692
11.8680019178
11.8932299225
11.9868848053
12.1591371473
12.1830385939
12.3465297144
12.4257252371
12.6679204063
13.3238293741
14.7179209313
153
