6.00300420597
6.01089051882
6.01427813664
6.01751505261
6.02124798063
6.04327674329
6.05442521973
6.06316601514
6.06631739804
6.08796551263
6.0947345182
6.11079740165
6.11933967402
6.12307534196
6.13563241353
6.14131432746
6.15099521295
6.15454527012
6.1659909876
6.18751467504
6.20056900138
6.2060186344
6.20812134936
6.21368532195
6.21986719805
6.22513011468
6.23762581308
6.24256868525
6.25689347056
6.26540188965
6.26885699572
6.28117623562
6.28954712329
6.30513995382
6.32092060859
6.32729434976
6.33508642665
6.34604179241
6.36202817161
6.37678045404
6.42390931769
6.43305452474
6.43489537086
6.43646993003
6.45226713662
6.46389878412
6.50373062215
6.51465188163
6.51932021268
6.52782568832
6.53429783646
6.54337634019
6.56888686529
6.58422063474
6.60375970694
6.61416189895
6.62776245764
6.67725851699
6.67908043752
6.68657134248
6.70863768122
6.71843303486
6.73135531999
6.74258947006
6.75772463506
6.76071317987
6.78498285574
6.79390225283
6.79859315021
6.8154921566
6.8451134793
6.85197830435
6.86056049914
6.87650261985
6.88633767449
6.91857310602
7.01808837407
7.02617817669
7.03432060026
7.04445849792
7.07562696272
7.09215654895
7.16093809708
7.17957307872
7.19859219898
7.20645921303
7.24116798654
7.27688416701
7.3808797124
7.41602145778
7.43820873958
7.44924127812
7.47575567306
7.51359675984
8.15982222121
8.23437719947
8.30575837973
8.35887577672
8.4048220856
8.41941040316
8.5103289282
8.55679675812
8.58058440757
8.62121195811
8.65124232426
8.68113202318
8.7463778744
8.81484721763
8.89866534942
9.32544835633
9.41751790961
9.43216506303
9.46804971857
9.50737602614
9.64250472501
9.68393603583
9.79171394993
9.88400908635
9.96695199595
10.0769496044
10.1415536691
10.2372912832
10.5021876066
10.5882787616
10.6698654944
10.7274566862
10.7849282129
10.8365120312
10.9183364456
10.9518529479
10.9768755346
10.9924188761
11.0764075453
11.0834731222
11.2804309431
11.3820264638
11.4622644339
11.5929397145
11.699478683
11.7833637065
12.2608545996
12.3913169237
12.4830592929
12.6750958779
12.9524443881
13.0545003245
13.1873995141
13.2525640309
29.7033452436
149
