6.00083884349
6.0086998533
6.01721200432
6.0256283419
6.03159960333
6.03426966298
6.04576376948
6.05633397404
6.0765793138
6.08768019504
6.09915271969
6.099673812
6.12551013667
6.1310237419
6.13640382761
6.15828441231
6.16580590426
6.16827861663
6.17961131958
6.18937872743
6.19056759733
6.22226962215
6.2379370165
6.24324234272
6.25158828767
6.26701607581
6.276463113
6.28587090295
6.29406424734
6.31109594156
6.33059807229
6.34432899466
6.35563103881
6.37069138344
6.37233542519
6.38747588759
6.40691319227
6.47486610398
6.50064574695
6.50556817459
6.51686819708
6.51982682129
6.54318621302
6.55450444472
6.5789111952
6.59959620144
6.60921423567
6.61053110266
6.6164959994
6.66060997937
6.67268352551
6.68051661073
6.68658266532
6.7340184327
6.91021619205
6.93854123776
6.95493768032
6.97490323876
7.01329313845
7.44263162052
7.46252804647
7.50510516376
7.52456475949
7.54002131437
7.62248441804
7.74531769258
7.78165266469
13.5446254598
13.7451235278
13.9555185753
13.9671534721
14.032708204
14.1000163765
14.3877894474
14.7904769194
75
