$ Stimulation Interval(ms): 1200
$ Delay(ms): 0.000000
$ Number of data : 78
$ TSTOP : 12010
$ PN stimulation current max : 0
$ LN stimulation current max : 0
8.95000
52.45000
68.15000
85.35000
129.72500
645.85000
675.85000
910.47500
1209.35000
1266.10000
1403.87500
1437.90000
1536.47500
1984.37500
2408.70000
2447.42500
2724.30000
3091.22500
3190.45000
3609.05000
3643.57500
3659.20000
3803.22500
3883.02500
4143.25000
4437.30000
4809.47500
4851.85000
4893.97500
5218.60000
5276.77500
5417.67500
5597.35000
5789.77500
6008.20000
6034.00000
6060.00000
6088.95000
6458.82500
6595.27500
6709.87500
6749.25000
6789.17500
6930.70000
6958.40000
7191.82500
7209.02500
7255.32500
7296.77500
7448.02500
7535.92500
7874.82500
8409.20000
8425.25000
8525.10000
8552.25000
8576.95000
8747.47500
9262.17500
9311.87500
9477.05000
9600.80000
9653.07500
9841.32500
10047.85000
10117.57500
10479.15000
10809.97500
10839.95000
10861.02500
10878.35000
10915.27500
11082.02500
11431.45000
11589.52500
11680.90000
11906.27500
12008.57500

