6.01777939719
6.02430066522
6.02803503285
6.05061029156
6.05729204965
6.06871856942
6.07967478576
6.09771211808
6.11075460218
6.13473680862
6.14526607931
6.16479412923
6.21864748558
6.24017809834
6.24904003996
6.25642233591
6.27326986339
6.27833438649
6.30698452741
6.32999902521
6.66241863817
6.69097340506
6.70934090946
6.72192875607
6.75294042047
6.79584099565
6.85230873952
6.85596156291
6.89111009271
6.93639984509
6.9630866993
7.02295610518
7.02903224144
7.03256150533
7.07284445145
7.20546612349
7.2105809546
7.22761773151
7.23603863108
7.25264092208
7.25879909404
7.28803582095
7.30938990966
7.330597906
7.34170171384
7.3585567428
7.37657370914
7.40221011095
7.4235957438
7.43796246815
7.44404590645
7.45120938757
7.59192108036
7.63043109817
7.68226469623
7.73972951946
7.76248298975
7.77616881481
7.81402302209
7.87600487931
7.89800343262
7.91591446427
7.93126975544
7.9796062104
8.02346949484
8.03011890839
8.05879589385
8.06677752844
8.08229491193
8.10128027807
8.19135370934
8.20922501624
8.23141737443
8.25924521479
8.28790875886
8.30166473373
8.32579557612
8.34717514188
8.39097298871
8.44370405071
8.46353428384
8.46810515195
8.49845360406
8.51292829724
8.5197766867
8.53008062696
8.56544457884
8.56895411225
8.60663781336
8.61386571359
8.6290442023
8.64070254639
8.67904070303
8.71179959554
8.73318741441
8.74493640861
8.76954406667
8.79815404823
8.81953885343
8.83335797029
8.88539404527
8.92256940993
8.99367961416
9.02419812932
9.04961379138
9.09062775326
9.12258481819
9.39836100498
9.41640378743
9.43673944276
9.46794759053
9.60882063063
9.62661093153
9.64180657039
9.6667089048
9.69025127015
9.69714168017
9.7181341225
9.73369392598
9.76448191128
9.76921600227
9.794203178
9.80102898217
9.80561861283
9.81968246928
9.83092574051
9.85283402166
9.86968204452
9.89149887721
9.91016364154
9.94052756891
9.96261074171
9.99144430874
10.0088367677
10.0341458407
10.0407866414
10.0450678333
10.078213525
10.1348185298
10.1578452436
10.1741548872
10.1892331757
10.212902928
10.2806143114
10.2923021831
10.3123700845
10.3220089235
10.3648688031
10.3837506263
10.3973252949
10.4168645081
10.4292711557
10.4914177874
10.534403686
10.5507337839
10.5544618183
10.5634557413
10.7106810052
10.7510152292
10.7809313219
10.7907293767
10.8049940322
10.8105321079
10.8184062244
10.8286564811
10.8480451649
10.8566106698
10.9102680948
10.9186741533
10.9418600785
10.9613485654
10.9848261315
10.9932560445
11.0610339689
11.1081111858
11.2129551374
11.2333227969
11.2567403637
11.2832830372
11.2947706777
11.3048167605
11.3338222086
11.3515549537
11.3577754095
11.3749153874
11.4201833361
11.5053137986
11.5384011109
11.5551422474
11.5949243876
11.6055475052
11.6326959066
11.6506641894
11.6625675867
11.6808213268
11.6918679055
11.7199554826
11.7670005741
11.7859539506
11.80822176
11.8782537961
11.9052237196
11.9458364577
11.9844911387
12.0151833608
12.0321144916
12.0671603216
12.0864177596
12.1027037873
12.1157395653
12.1192714221
12.2768140515
12.2877362413
12.3063022649
12.3330453109
12.4003967669
12.4391469749
12.4533271224
12.5253637802
12.5410903374
12.7476946326
12.7622076534
12.7662746325
12.7927027345
12.8266158532
12.8362688512
12.9016755415
13.2079757132
13.2130728659
13.233273568
13.2472879874
13.260687465
13.3071762386
13.3194868154
13.3286937306
13.34869317
13.3739103061
13.4016830749
13.4118687584
13.4368910539
13.4408047669
13.4610860384
13.4883125364
13.5337431457
13.5510152256
13.5841952942
13.601407815
13.6531560477
13.6628251313
13.6937183064
13.7283919738
13.7328504608
13.7627215701
13.7693442473
13.7798215412
13.8101348673
13.827362936
13.8312590397
13.8491690235
13.8752737867
13.8843251863
13.8996043618
13.9086748554
13.9481083886
13.9820277994
13.9977962736
14.0459746015
14.1728790515
14.203886854
14.235586445
14.2906750485
14.4112984594
14.4167353917
14.4315702357
14.4414216168
14.4478569215
14.7019977434
14.7286661749
14.8014914848
14.8231715978
14.858272104
14.880376584
14.9149632062
14.9296440416
14.9618185701
14.9719721348
15.0015071085
15.0598991493
15.0750535429
15.0970096002
15.1098062184
15.122279008
15.1775946571
15.2026130399
15.2072064919
15.3003525144
15.3159327107
15.3824291761
15.4461612436
15.6096380026
15.6284917074
15.6508181081
15.6712821527
15.6829417792
15.6931608384
15.8062859001
15.837729863
15.8575458417
15.8760789417
15.8942758993
15.9327503118
15.9367218655
15.9620190434
15.9746000656
15.9878353027
16.0021024314
16.0313600878
16.0622746155
16.0908693024
16.1060923912
16.1268283735
16.1562758658
16.2001696254
16.2158554775
16.2194264552
16.23117963
16.2940483757
16.6430437681
16.7348293071
16.8150086717
16.8236204369
16.8460937858
16.8685338352
16.8918554855
16.9060892058
16.9224413045
16.9413908946
16.9476705436
16.9595508789
16.9686016218
16.9925929813
17.0115264221
17.0344478822
17.0447509779
17.0676875319
17.0735877584
17.0832340285
17.1224955737
17.4388834721
17.4683879447
17.499547359
17.5278663949
17.5670244948
17.7170073039
17.7328005557
17.7419072986
17.8015050502
17.8850725146
17.9630847411
17.9962405686
18.0735982408
18.1017675126
18.1172193858
18.1252319343
18.159199547
18.1815808801
18.1981378118
18.2115691551
18.2227057207
18.2313640985
18.2552864375
18.2675304837
18.3487052998
18.3848550014
18.3949597919
18.4102438779
18.4285480091
18.4540959685
18.4925480076
18.5220717211
18.5397418621
18.5576243751
18.5661576431
18.6102554297
18.6345649282
18.6443662731
18.6609589062
18.6819887221
18.8116491843
18.8459478196
18.9121706878
18.96352912
19.0037991578
19.0098778638
19.0440857692
19.1669861557
19.2119413223
19.227554367
19.2338208751
19.2452893453
19.2523217729
19.2713573811
19.3027290543
19.3147274362
19.3265200613
19.3357858567
19.3397115101
19.3475597889
19.3574107118
19.3731278156
19.3927110656
19.3977855247
19.4165806374
19.4318487028
19.4440030003
19.4635517131
19.491211944
19.5105599187
19.5293523934
19.5483388088
19.6648964112
19.6843601707
19.7149159598
20.0792473661
20.1805172235
20.2024808967
20.2241366063
20.2905892132
20.3495443006
20.3549819771
20.4321892989
20.4478387206
20.4606170276
20.4704696742
20.4765069519
20.4953798365
20.5369457445
20.5478117829
20.5577793538
20.606672519
20.6259457732
20.6295492531
20.6465959001
20.6569777044
20.6762849621
20.683860417
20.6958573273
20.722635858
20.7534954629
20.7746746795
20.8057332225
20.8257666308
20.8314086768
20.8544603298
20.8631215359
20.8871355109
20.9190728839
20.9268707889
20.9605049871
21.1131844064
21.1207109678
21.1404373013
21.1704387694
21.3283585405
21.3528655075
21.3724135744
21.3941000116
21.4617754728
21.4795668196
21.5470368332
21.5677619401
21.6049282478
21.6176534775
21.6218048699
21.6253985488
21.6345385776
21.6408670668
21.6551811237
21.6743512031
21.8317659552
21.8567213723
21.8713770095
21.8759615963
21.8824280857
21.8863718917
21.9523503159
22.0095790846
22.0231755187
22.0282557385
22.0422412271
22.0500376399
22.0714078079
22.2383952993
22.2567088349
22.2913158212
22.3164363679
22.3501685927
22.3835950355
22.4076970013
22.4348062705
22.4440097326
22.4884581098
22.5198251883
22.5532462143
22.8114104349
22.8185829606
22.8365504741
22.8529141992
22.8682352923
22.8884557914
22.9025820715
22.9141499434
23.0067112808
23.0156286087
23.03832673
23.0501516932
23.0535988
23.063316232
23.1031219029
23.1584835609
23.1815161827
23.1887430366
23.2158947568
23.235135402
23.2525375784
23.2641739422
23.2899528416
23.3116479967
23.3304805453
23.347852364
23.3822982906
23.3914680265
23.4251578136
23.4401379656
23.455240982
23.5009088096
23.5406932079
23.5786391437
23.6186055312
23.6397129835
23.6647698112
23.6777516854
23.7121848596
23.7322681822
23.7519589135
23.7780893217
23.8109364571
23.830537068
23.8525555283
23.8813635486
24.1460315834
24.1565022472
24.177920145
24.2038380626
24.2188423996
24.2417667306
24.2697264757
24.3252562455
24.3365102831
24.3658019453
24.4170227692
24.4379622792
24.4573232365
24.5149174566
24.5344466037
24.5532441286
24.5604282754
24.5826843107
24.5891309218
24.5982203819
24.6703857254
24.6925527408
24.7311054604
24.753901972
24.7843551427
24.8034220112
24.8326282051
24.8734469678
24.900679637
24.980515664
25.0056084021
25.0377797097
25.1094104616
25.1756627359
25.2434358955
25.2590310251
25.2774914839
25.2906472195
25.2990571252
25.3276814759
25.3394737112
25.389185159
25.3984956896
25.4182875047
25.4280857465
25.4368276262
25.4684887383
25.5057409678
25.5235893035
25.5325034526
25.5456607658
25.5496443482
25.5665304551
25.5769835755
25.5946897855
25.6068668434
25.6275118396
25.6466060542
25.6677114948
25.6724973698
25.6946219846
25.7024397736
25.7501669283
25.7685424075
25.8008267461
25.8409924817
25.9154598193
25.9612246076
25.9967764281
26.0213818568
26.0578251109
26.0810398375
26.0941337671
26.1247703376
26.1529535706
26.176311859
26.2613193989
26.3210874367
26.3763665966
26.4058925188
26.4550231305
26.4642910848
26.4751681261
26.5105231881
26.5249476959
26.536626793
26.5525735173
26.609924895
26.6211911065
26.7667355884
26.7804226341
27.1167408521
27.1363359492
27.157688875
27.1650783455
27.1878170317
27.2348673306
27.2849384991
27.3411293525
27.3789940729
27.3977772191
27.4254435754
27.6097386169
27.6212804659
27.6312972184
27.6493075483
27.6678624014
27.7105672645
27.7415817424
27.7513731709
27.7567772049
27.7825716091
27.8131369797
27.8353397172
27.8788115143
27.9132129393
27.9243558121
27.9512545162
27.9617005184
27.9821487406
27.9884341998
28.0247847922
28.0507585055
28.0755454088
28.1010727464
28.1255730959
28.1501036958
28.1650372784
28.1720111809
28.2127006651
28.3113211217
28.3241135503
28.32795102
28.3352049543
28.4993230972
28.513480046
28.5218357724
28.5480315561
28.5667244449
28.6036280196
28.638137419
28.6783645746
28.7124845148
28.7431180905
28.813202474
28.8581295721
28.8678306538
28.8793233158
28.9005047635
28.9205873352
28.9324614054
28.9461064797
28.972681232
28.9784014507
28.9940590193
28.9978103415
29.024184031
29.0339126705
29.0481721827
29.0892131316
29.1031053655
29.1326359684
29.1715471571
29.186751132
29.2045944081
29.2115949241
29.2597694536
29.2744775029
29.2962800175
30.0088061716
30.069972902
30.0872331755
30.1023360971
30.1102027706
30.1304306459
30.1425808679
30.1501448296
30.1619041619
30.1766004123
30.1985306413
30.2089747411
30.2458041914
30.2603813566
30.3001584601
30.3054646819
30.3229923338
30.3395234504
30.3803807618
30.3876368604
30.4135535343
30.4346232106
30.4647578416
30.4715190242
30.4984186846
30.5448905548
30.6080491465
30.6167483753
30.6245922166
30.6377842824
30.6601691791
30.6997020267
31.0052135988
31.033717583
31.0690492197
31.116506487
31.1327100413
31.2215514045
31.2278569673
31.23822566
31.2484017389
31.2585759239
31.2703080693
31.2757764152
31.2875502992
31.3031072363
31.3189102258
31.3237580726
31.331470257
31.3500493805
31.3620042195
31.3971413257
31.4036111857
31.4157773179
31.4249514063
31.4310639177
31.5065516588
31.5197768069
31.5255175431
31.5461160866
31.5684278386
31.5769434027
31.5956398957
31.6139536993
31.6359250907
31.64662355
31.6647885627
31.6853658831
31.695393863
31.7126682195
31.8262799898
31.8386929823
31.8649171854
31.8824674521
31.9060762262
32.0725552005
32.0929000996
32.1153162233
32.1400852244
32.2360013632
32.2972353562
32.3780350986
32.4047875211
32.4157324457
32.4239270242
32.4296376295
32.4482793964
32.4623686823
32.4726801851
32.4811579145
32.4882778397
32.5039069284
32.5149682202
32.5310849462
32.6371245505
32.6489548314
32.6562031827
32.6685455849
32.6774453864
32.6900739881
32.6987628361
32.7600726068
32.7636394528
32.7791654657
32.8060688524
32.8390302482
32.857954405
32.8701802832
32.8847439517
32.9058244953
32.910263961
32.9344138388
33.0176233399
33.0314014086
33.0569278709
33.0874548746
33.1332636396
33.1868472769
33.2113806031
33.2581618473
33.2875000605
33.3286915876
33.3358960483
33.3888666599
33.4083578721
33.4405443524
33.4778166883
33.4910398847
33.5044047292
33.594244942
33.608501991
33.6233487333
33.6331826194
33.7174566174
33.7280215679
33.7450950411
33.7559807445
33.7732898355
33.8023474153
33.8172511
33.8738818247
33.8969644106
33.917524454
33.92545475
33.9553973623
33.9721466984
33.9835791122
33.990343188
34.0031195826
34.0359443785
34.0660986898
34.0915266491
34.1058471193
34.1176612573
34.139253894
34.1547747694
34.2762984037
34.3352451876
34.3894322208
34.4127367699
34.4304399973
34.4405397782
34.4493795898
34.6084706853
34.6474551256
34.6901688672
34.7207369911
34.7867295886
34.8050991006
34.8188637308
36.0148064261
36.0979110403
36.1070624471
36.1270228899
36.1345905416
36.1430470724
36.199524592
36.2210502539
36.3320216956
36.3727899514
36.5194081413
36.5254161848
36.5437788022
36.5651210343
36.595189582
36.6263658912
36.6511122108
36.6623646184
36.6937088528
36.7277800014
36.770852078
36.7838602622
36.8078843692
36.8325013652
36.8683689481
36.8941195861
36.9277758025
36.9457742732
36.9743303781
37.0162582981
37.0787102115
37.2074166075
37.2232551965
37.2374055983
37.3228676984
37.3394061222
37.3532934157
37.365531923
37.3746475033
37.3941296282
37.413881912
37.4798065935
37.4885084489
37.5177071314
37.5403052301
37.5485472067
37.5742947792
37.6097125953
37.6221278263
37.6537643769
37.7002086691
37.714199423
37.7401239069
37.7495410471
37.7843673417
37.7934670008
37.8159603183
37.8359593951
37.8556402135
37.8612048159
37.8788988205
37.9062764253
37.9826906201
37.9993253959
38.008605382
38.1540000874
38.2073261887
38.2922775909
38.3429501199
38.3860827146
38.3947238826
38.4071507393
38.421380104
38.4753859886
38.4843880318
38.4890790196
38.5090214055
38.5196565146
38.5288433238
38.5400536919
38.5537442477
38.6830931769
38.7066893178
38.7150678677
38.7394333481
38.7560118435
38.7711799153
38.7776852978
38.8109626393
38.8377936497
38.845602438
38.8723662786
38.885815895
38.9194307429
39.080137228
39.1620633598
39.2496338864
39.2718759599
39.3324406014
39.3688502736
39.6039685898
39.6119845376
39.6166507213
39.6272606776
39.6489646919
39.6598725275
39.680120852
39.7443771632
39.7528407137
39.7611879728
39.7728340734
39.7917616724
39.8244560497
39.8686530077
39.8838095739
39.8880093113
39.8952319142
39.9010525875
39.9061402599
40.0074309938
40.0229268373
40.0451620437
40.0829356796
40.1281117608
40.1651946594
40.1916962456
40.8049803925
40.8112152289
40.8237992831
40.861891703
40.8829558285
40.9004515612
40.908509189
40.9264918809
40.9514408133
40.9662264074
40.9794793641
40.9831948523
41.0248147972
41.0372384526
41.0522213491
41.1179180379
41.134934937
41.1724486964
41.1866549408
41.2021934822
41.2100683625
41.2274141848
41.3386169933
41.4078441416
41.4131625899
41.4294925934
41.455261288
41.4782571654
41.5132396036
41.6641450615
41.6694552584
41.7887421132
41.8446305506
41.9380897107
41.984653386
1050
