6.11372587231
6.16934348487
6.19667082861
6.21603862699
6.23512009941
6.25220846571
6.27115356476
6.27716724257
6.32576865194
6.33804240666
6.35817144555
6.36864792787
6.38671154183
6.41637349221
6.44410235633
6.46730418081
6.48891311768
6.51835948447
6.55646581999
6.59114988596
6.61788365025
7.20828160882
7.21278803559
7.23028395749
7.24803494576
7.28160289239
7.28629017333
7.30267762865
7.33316542368
7.34716206799
7.36036177987
7.37799335224
7.44159657056
7.44742450813
7.46475319228
7.5038813865
7.52116588578
7.53614047399
7.55377589551
7.58970497039
7.59737121224
7.61951051677
7.64664561928
7.67150910275
7.69428459922
7.71813673549
7.75304874259
7.76860909714
7.78275755431
7.79654238026
7.80851460493
7.84069105049
7.86599707385
7.9012215744
7.91596816484
7.92329393476
7.95208843821
7.9673803194
8.2150117142
8.43202499368
8.44701342879
8.46117624934
8.47555992841
8.48599915316
8.49667685078
8.51408510936
8.5188944504
8.52592637837
8.55947502479
8.57087863506
8.5853428761
8.59300570516
8.69781076819
8.72057261464
8.7334370196
8.74696255343
8.76607037498
8.81124494412
8.82027458716
8.83408840424
8.84150533984
8.8736448283
8.88633831383
8.89170752802
8.93261869304
8.93929517053
8.97086173258
8.977980408
9.04003848868
9.10115223013
9.11532598686
9.1404237701
9.18558706301
9.22752568971
9.23152019913
9.24276542639
9.27438431802
9.30802445169
9.31839673616
9.35240858772
9.37824757308
9.41882009307
9.43523159492
9.45110229341
9.50104787318
9.51247199476
9.59015303548
9.60708279487
9.64012792961
9.65784608338
9.66888507176
9.67585627656
9.69429954357
9.70236703383
9.72233392178
9.73775107877
9.76017133388
9.78435287391
9.79906254665
9.8101555997
9.95034119943
9.9661973983
10.010348732
10.0182326807
10.0372964564
10.0422533713
10.055862528
10.0800971645
10.0893613275
10.095509616
10.1443756698
10.1665977242
10.1902733646
10.2471748993
10.2651835383
10.3107327767
10.3538770362
10.3995853062
10.4485193094
10.7290867347
10.8132704434
10.8171650665
10.8240711302
10.8372429927
10.8436792656
10.8504623964
10.8588958813
10.8643308316
10.8713562488
10.8808465697
10.8959075782
10.9121529735
10.9239296518
10.952965314
11.0319037853
11.0495122806
11.0732763236
11.1091415684
11.1205925213
11.1526482975
11.2002236692
11.2125356274
11.2280891217
11.2573277575
11.2759937638
11.2858884994
11.3125878334
11.3365451783
11.3603511452
11.3789629117
11.3945642296
11.5037957079
11.5138620072
11.5486060729
11.557916292
11.564347816
11.5915939225
11.635899438
11.6508720473
11.6902157915
11.6938518081
11.7432312022
11.7893431105
11.7943950678
11.8034374315
11.8824690268
11.9223083274
11.9776189505
12.0099260274
12.0154985709
12.0295462379
12.041401172
12.0560535741
12.065568737
12.0832630687
12.0951569654
12.125686695
12.1373752574
12.1561178596
12.1663073946
12.1851406924
12.2128965666
12.221856068
12.2361503172
12.2557518567
12.2608037008
12.2676205901
12.2806276417
12.2921966264
12.5729338177
12.606551249
12.6301128887
12.6636260172
12.7102548992
12.7225822115
12.7436665231
12.7840701506
12.855363589
12.9301627236
12.9373108579
12.9533612616
12.9798491143
13.0091547405
13.0283471789
13.2657722991
13.2962913622
13.3128876039
13.3220302199
13.3419036287
13.3593838543
13.3999798288
13.4224374835
13.4490382203
13.4815225527
13.5578270615
13.5904453024
13.6158344113
13.6247923509
13.6652453477
13.6758662384
13.6901754918
13.7231892385
13.7498726466
13.7916129853
13.8694398237
13.8838469753
13.9133907769
13.9271425108
13.9718090326
13.9851144771
13.9960184667
14.0329714216
14.0660482172
14.0733043807
14.1360534149
14.1619649942
14.2167491936
14.2582730802
14.329855624
14.363502381
14.4079232775
14.4219653081
14.4472736374
14.4715424949
14.4762401563
14.5123792782
14.5204868279
14.5272823458
14.5334888075
14.5399952549
14.5718641547
14.6746124271
14.6965223952
14.7478062471
14.7679757621
14.7810287584
14.8239286232
14.8549379885
14.8681166605
14.8944558513
14.9242165377
14.9330142248
14.9609677742
15.013320522
15.0596293717
15.0849935083
15.1288356475
15.1613710655
15.1763767969
15.1850922812
15.2306752691
15.2573902515
15.2779164846
15.3061409492
15.4028344083
15.5341527471
15.5724489929
15.6077321517
15.6203809349
15.6303528796
15.6402662662
15.655058794
15.6638398833
15.6678761603
15.6747048561
15.6877080308
15.6936059667
15.6974301462
15.7044882934
15.7493221684
15.7543167196
15.783464989
15.8116950155
15.8870453042
16.1342716604
16.138121372
16.1505387132
16.2875456036
16.2981692327
16.3277535471
16.3890799806
16.4514506549
16.4725070173
16.4939171026
16.5215361255
16.5485801291
16.6399508173
16.6737358022
16.6962739562
16.7641644615
16.8088854667
16.817706656
16.839244933
17.732713861
17.7890117429
17.8599026669
17.9756891022
17.9970980239
18.012169257
18.0895682296
18.1128470642
18.1356180325
18.1622106687
18.1911822398
18.2325928389
18.244226046
18.2545049927
18.2677236922
18.2757767678
18.3842313217
18.4142427906
18.4355249578
18.4680838988
18.4874199304
18.4980241292
18.5310398183
18.550044655
18.6397101611
18.6560588224
18.727093114
18.7631304642
18.7883321846
18.8422703822
18.8796382433
18.9292938274
18.9980346431
19.0210507811
19.0833427431
19.1735492408
19.1786223777
19.229998498
19.237026414
19.2602405595
19.2698939281
19.2838489312
19.2999184254
19.3127834199
19.3236698623
19.3324446581
19.3403149776
19.3684075797
19.4056525222
19.4304146788
19.4514074166
19.4594889802
19.4824055336
19.488374399
19.5077896689
19.5152611038
19.5217846153
19.5328746176
19.555112383
19.5885546736
19.6090835683
19.6191145944
19.6324662486
19.6404719844
19.6829566359
19.6898244018
19.7186261125
19.7256736461
19.7403834782
19.8107024928
19.8151490712
19.8464930277
19.8575932779
19.8724922971
19.881872809
19.902023412
19.9346213871
19.9400755098
20.0142256522
20.4173943175
20.4246774269
20.4402344554
20.458521735
20.4836592392
20.5297247815
20.5453929593
20.5644999221
20.6004670065
20.6242419222
20.6425516177
20.6738411884
20.7142155264
20.7369943226
20.7485884854
20.7705672706
20.8016402892
20.8409675878
20.8678933156
20.8937488076
20.9231535778
20.9356615274
20.9525172329
20.9711225996
20.9812091719
21.0106298012
21.0353883749
21.0610816485
21.0744855746
21.086613791
21.1363237971
21.1731656893
21.2438806971
21.4283861762
21.4598046511
21.4754414016
21.5005751635
21.5376424937
21.5730802199
21.6087860144
21.6341517664
21.6390965972
21.643737581
21.6504154215
21.6845266709
21.6958682027
21.6996743536
21.7149106876
21.7187858866
21.728316051
21.7566797691
21.7780122623
21.7882231534
21.8187357515
21.8271099557
21.8484853914
21.8876510965
21.8961046143
21.9107278022
21.9360704712
21.9588655242
21.9668340791
21.9982882809
22.1022413715
22.123159338
22.1630728993
22.1980823212
22.2251425761
22.2502334063
22.2888307589
22.3022010341
22.3442331711
22.3832231288
22.4745064007
22.50368379
22.5647962045
22.6301679615
22.64490523
22.7210895063
22.7362193415
22.8113060013
22.8263325402
22.8359942845
22.865765908
22.9392305374
22.9495805102
22.9654206231
22.9731920327
23.0084369498
23.0876925114
23.0958317289
23.1334867133
23.1541951374
23.161759811
23.1818389379
23.199705634
23.211959357
23.2153364043
23.2376032832
23.2884230443
23.3009829844
23.3076110802
23.3402728646
23.3669897924
23.4366608941
23.4876302444
23.5219363473
23.5433078394
23.572975666
23.660320129
23.6745440122
23.6872530401
23.6999003352
23.7043339641
23.7396597953
23.7440991437
23.7610086201
23.7777411431
23.8129011239
23.874052206
23.9439795997
23.9642056956
24.0174495817
24.0294934264
24.0463637074
24.0545430888
24.0633034509
24.0936819539
24.1126076831
24.124132965
24.163178512
24.1703729147
24.1886270954
24.2045634556
24.2174290567
24.238379225
24.2539409918
24.2688634174
25.0824400474
25.1535587596
25.1783756561
25.2078357721
25.2133788461
25.2197147392
25.2246716291
25.2933093674
25.3025041156
25.3215272115
25.3299965643
25.3341435388
25.3444951823
25.3524910801
25.3599837708
25.387364281
25.3967894563
25.4179279461
25.428743311
25.4391776484
25.4522952149
25.4706519701
25.4854361067
25.5725452017
25.6304429567
25.6628973835
25.669831752
25.6840536415
25.7002904813
25.7244521531
25.8293639423
25.8512440066
26.0203234726
26.0467826454
26.0668674635
26.1638818421
26.1676009137
26.3361512377
26.3900508232
26.4166091497
26.43207087
26.4396522529
26.4498760099
26.4568032947
26.4725281422
26.4821246159
26.4918515972
26.5447689092
26.5635803213
26.5793662258
26.6019415795
26.6350208932
26.6477785093
26.6628045649
26.7161244274
26.7306619001
26.7541245543
26.7631625874
26.7826231569
26.8188095695
26.8536774559
26.8951752398
26.9158098276
26.9213646953
26.9744454904
26.9851463816
27.0124050856
27.0832745209
27.165773008
27.1854486496
27.2124697451
27.2571448135
27.3298500882
27.3473552261
27.3864771132
27.3928079273
27.4104649979
27.4258368193
27.442662702
27.469661213
27.4867516106
27.5291358678
27.5483974384
27.5911173959
27.611113643
27.617192433
27.6249266132
27.6651255728
27.673780842
27.7025793931
27.7208502723
27.7297340476
27.7350228391
27.7561677766
27.771689543
27.7834001007
27.7885602897
27.8043791091
27.8215862851
27.8554154813
27.860811042
27.8677975482
27.880991897
27.900348251
27.940128788
27.9779664
28.0081277271
28.0161405874
28.0415476283
28.0566554046
28.0774828623
28.0999409669
28.1296179427
28.1674089225
28.2125823181
28.2331247594
28.2462194891
28.2880285386
28.3072530455
28.380075776
28.3999229704
28.4713046811
28.4776668095
28.5181479381
28.5344694326
28.5534387735
28.618754659
28.6437771751
28.6891713718
28.7170908282
28.7399533081
28.7812619776
28.8098663787
28.8300326832
28.8392614926
28.8440085135
28.8639694797
28.883296426
28.9286364136
28.9372007543
29.0409932429
29.0667445052
29.0738491127
29.1010070266
29.1106199442
29.1432059447
29.16425747
29.1980639897
29.210177251
29.2749918769
29.2931322713
29.3229638945
29.3424857467
29.3675840217
29.4039910575
29.6368586927
29.6629842923
29.6866118637
29.7313578952
29.7564067921
29.7843484353
29.8057957507
29.8707875147
29.8900531736
29.9153515131
29.9342365028
29.9737802999
29.9804066726
30.0127004189
30.0398086647
30.0625548383
30.0929914167
30.105466218
30.1178308554
30.136437576
30.1765651753
30.1816373537
30.2108849549
30.2234115663
30.2376213099
30.252251073
30.263335829
30.2859711058
30.3221785602
30.342487993
30.35536232
30.408387045
30.4711125661
30.5345385003
30.6185019897
30.6298336973
30.6919633203
30.7532899098
30.7686877239
30.8178546314
30.8328861045
30.8922925054
31.2174920687
31.2293408965
32.4133173661
32.4205122587
32.4953335073
32.5060231479
32.5133353457
32.5841024741
32.5908963216
32.6081615068
32.6276479665
32.6457301411
32.6827203021
32.8048855104
32.822458214
32.8947961272
32.9112106331
32.9272031876
32.9665937914
32.9921348047
33.0286135
33.0398028243
33.0946398396
33.1256768007
33.1680310536
33.1726015937
33.2042046609
33.2171936365
33.2299099517
33.2475693616
33.2777452402
33.3138739932
33.3639609447
33.4767492149
33.4835573007
33.5389043353
33.5475423035
33.5743161178
33.6469826743
33.6510385717
33.6567947823
33.6813385584
33.6902987956
33.6973696125
33.7094044016
33.7155723971
33.7252616534
33.7324547902
33.7375687961
33.7494815906
33.7596079512
33.7671499526
33.816993229
33.8204758667
33.8325770013
33.8360248477
33.843836154
33.8634911431
33.8693889107
33.8894069758
33.9021414285
33.9169763351
33.9360144362
33.9579163946
33.9810379251
33.9993300176
34.0050355785
34.0187458119
34.0423783178
34.0772263675
34.1084774313
34.1167864393
34.139938932
34.15563905
34.3462243226
34.3785146277
34.4297260819
34.4594960543
34.4828769966
34.5078582781
34.5650762822
34.6418532448
34.8071662703
34.825985678
34.8775702311
34.8832469295
34.8934359386
34.9581306301
34.9768764856
35.0289206085
35.0360622721
35.0893220332
35.095130523
35.1187850703
35.1558750708
35.1642048731
35.1699466338
35.1836206338
35.1969443705
35.2102594519
35.2242216505
35.2554181282
35.2672435536
35.2889529653
35.3541384688
35.3612779097
35.4059520538
35.4520076247
35.4869699399
35.5182150624
35.5239191149
35.5576333208
35.5889086048
35.6206427598
35.7447557038
35.7623813605
35.8126874356
35.8647528375
35.88049819
35.900692788
35.9551064642
36.0134037919
36.0338459762
36.0477350368
36.0545245269
36.1015704048
36.1172205189
36.1346084521
36.1536387008
36.1718105184
36.1836132064
36.2130025325
36.2468654508
36.2612472021
36.2669305249
36.3288114681
36.3605788876
36.3665353361
36.3721931366
36.3973457435
36.4623196879
36.4903027063
36.5047148012
36.5291717217
36.5536107978
36.5814016601
36.5952803098
36.6291918762
36.7705252345
36.8018445033
36.8305291675
36.8339581634
36.9037963054
36.9075890119
36.9653404677
36.9791966564
37.0129382895
37.0561189058
37.0797311607
37.1483744232
37.2159119884
37.2405473848
37.2741837743
37.2829125061
37.3018001802
37.3317858744
37.4035599304
37.4198570563
37.4395192971
37.4502542109
37.465361769
37.4704906402
37.5062418921
37.5325658355
37.5547325986
37.6289471318
37.6570571348
37.6679738775
37.6854707092
37.7002683643
37.7237957975
37.7497379749
37.7720772593
37.7853909343
37.789070011
37.8088434859
37.8431468935
37.9279202494
37.9716937903
37.9804288555
38.0245061055
38.0519403494
38.0567951844
38.1224638773
38.3672611591
38.4121966357
38.4459608386
38.4531738895
38.4594818273
38.4717407046
38.4958567245
38.5074144446
38.5360904612
39.6054684684
39.6117862388
39.6194896909
39.6372745062
39.7259106781
39.7323939297
39.741575183
39.7498290566
39.7586480502
39.8208952652
39.8345064757
39.8389515767
39.8474128221
39.8819341963
40.3338157227
40.3457833216
40.3763486752
40.3966798438
40.4044011899
40.4133956576
40.4192194267
40.4352295856
40.4538119003
40.4689163419
40.5183842102
40.5434982355
40.5715536558
40.6044451184
40.6218297905
40.6265270625
40.8099068424
40.8203127194
40.8324859193
40.8470104242
40.8685843643
40.8822281133
40.8930566094
40.9119719763
40.9196987621
40.924742814
40.9348028191
40.9481232891
41.0474205562
41.0623098932
41.0763221447
41.0995051109
41.1232952282
41.1522531923
41.1969210999
41.2077960542
41.2370258516
41.261367984
41.2781817346
41.3080048679
41.3393289484
41.3538585657
41.3909033832
41.4115314237
41.4209189879
41.4342155
41.4531008224
41.4731479095
41.5156329558
41.5425937153
41.5846113475
41.6126163519
41.6619150813
41.6948644913
41.7111303445
41.7287427694
41.7476045465
41.8225836276
41.8458632377
41.908619394
41.9321053661
41.9693548582
1026
