6.01030208509
6.02472920941
6.05444016143
6.07347176599
6.0910553006
6.10849962997
6.12295271986
6.13075966515
6.21805163535
6.24515498698
6.2819339438
6.30063287638
6.33080704003
6.36720773441
6.43215948041
6.46050166523
6.49423517018
6.51945587674
6.53662104307
6.55377062007
6.5689456947
6.59897766622
6.62076397517
6.68586748985
6.8298952938
6.8447558988
6.857315151
6.87409448151
6.8818076888
6.90936189276
7.22208173034
7.23919887979
7.25224606517
7.25808195769
7.26847050222
7.28345904453
7.29982756154
7.3117734863
7.32230267767
7.33454975191
7.37655089126
7.39128251834
7.41930432576
7.43004005818
7.44206088516
7.44982703786
7.48290474122
7.49227853082
7.50145719014
7.51931072565
7.54110610455
7.59025661058
7.60105401227
7.63276205891
7.66184726547
7.67965982204
7.68638409805
7.70871645094
7.724287519
7.73263048402
7.93177904859
7.96564629356
7.99143931614
8.01648389676
8.06646886137
8.08680543589
8.24806753798
8.38650975162
8.40526005721
8.41644529717
8.43727768372
8.44451117814
8.45701968753
8.48132192425
8.52663652574
8.53484026728
8.54684721241
8.56586631318
8.58578631921
8.61092707301
8.63274561024
8.64985395872
8.67156814258
8.71372473688
8.7236046864
8.77056459862
8.78074647257
8.78943278625
8.80299751178
9.02348883845
9.04326889607
9.06278273538
9.10155985155
9.11774260152
9.14439212889
9.15826856965
9.16834867065
9.17784881236
9.18764736253
9.22270293187
9.25923350254
9.4745483838
9.4788387922
9.50885952052
9.54863076097
9.57730467591
9.61906161994
9.6308502559
9.63768202662
9.64430212265
9.65523746749
9.66261588979
9.67168684043
9.67825411888
9.6995846093
9.72052252857
9.73848396867
9.74525634082
9.75628527705
9.79171586123
9.80354851947
9.81376233131
9.8273939771
9.84940873572
9.87086430201
9.90516187213
9.92650769228
10.027910149
10.0755489223
10.1033666565
10.1087514926
10.1152722488
10.154850605
10.2208016497
10.2544983206
10.2863793176
10.3337654415
10.3640701934
10.4030142872
10.4768287442
10.4897482419
10.500730973
10.5418877439
10.5474234839
10.5705936291
10.59447708
10.6053426526
10.8140856979
10.821021019
10.8642073811
10.8866147654
10.9191260158
10.9292878792
10.935911285
10.9592578588
10.9704831025
10.9775255411
10.9964485785
11.0101876835
11.0165854723
11.021174963
11.032770664
11.0981428143
11.1375936656
11.1445493356
11.165634881
11.1914205594
11.2248110496
11.2556443482
11.3187809875
11.3277215854
11.348749432
11.3535926065
11.3886114603
11.3959944828
11.5641031468
11.5772950258
11.6097607489
11.6447358605
11.6667373441
11.6947097475
11.7247917192
11.7667484274
11.7993582484
11.9002157471
11.9505799494
12.0076534178
12.0259552734
12.0314883878
12.0371536676
12.0599807501
12.0741902301
12.1004819609
12.114391277
12.145640694
12.1679560991
12.1971614844
12.211196709
12.222894163
12.2276786579
12.2326692871
12.2416282161
12.5962473008
12.6072178173
12.6335898213
12.6609698502
12.6964028146
12.7041529679
12.707520659
12.7339982572
12.7631564898
12.7942797914
12.9577977612
12.9866396416
13.0570271802
13.0761751603
13.1403600473
13.2383208288
13.2494705615
13.2594258619
13.2733759366
13.2788674176
13.3099728936
13.3413238068
13.3578110545
13.3962932378
13.4105064064
13.4237576677
13.4505738917
13.460964649
13.4820102555
13.4895519149
13.4946551664
13.5103855815
13.5244230653
13.533543705
13.5472246495
13.556113568
13.5856826631
13.6188788818
13.7959689919
13.8007326056
13.8568775369
13.8708371661
13.8846498889
13.9077382857
13.9307449884
13.9871383164
14.0474118923
14.0813176306
14.0950759693
14.131522959
14.1512720828
14.1640195385
14.1820355346
14.1987703534
14.2172514994
14.2397587245
14.3998221584
14.4108483141
14.4165360181
14.4215727566
14.426302585
14.4380397798
14.4594332328
14.4682601569
14.504956576
14.5194647964
14.5507646156
14.5625629535
14.5706770497
14.577004978
14.5967112262
14.6137031951
14.7510044153
14.7727692659
14.7806379218
14.8081005584
14.9240733082
14.9549076708
14.9917089094
15.016349684
15.0284284566
15.0502652214
15.0585768401
15.076942692
15.0813043653
15.0902593719
15.1311401598
15.1486732153
15.159303795
15.168154071
15.1764512582
15.1978055563
15.2181971417
15.2454057937
15.2698290583
15.3620597326
15.4011693115
15.4175696934
15.4218877784
15.4513792889
15.4708600886
15.5361583099
15.6077243783
15.6704055757
15.6749696552
15.7348460942
15.7405491126
15.7567475446
15.7798476823
15.7972940011
15.8142747208
15.8273111265
15.8680850946
15.8894567925
15.9138828286
15.9510242656
15.9558758202
15.9749081753
15.9957138751
16.0062128891
16.0345407126
16.0493226142
16.1794256413
16.1910791133
16.2385709769
16.2514024385
16.2755683634
16.2881707828
16.29165677
16.3129271786
16.4218894122
16.4399299482
16.7289146426
16.7611152808
16.7941846091
16.8176988078
16.8746851848
16.9016941046
16.9070455036
16.9122239275
16.9327569991
16.9385352048
18.0093062232
18.0189963889
18.023419144
18.0348477658
18.053854799
18.0656055426
18.1377303239
18.1870344806
18.2097997066
18.2630274628
18.2976863488
18.3307396161
18.3696935096
18.3837552623
18.4160997294
18.4269749451
18.457919161
18.4788345657
18.500627546
18.5132718324
18.5386408793
18.550047203
18.570725119
18.6135488242
18.6342050603
18.6675999276
18.7193963102
18.7790976885
18.8164623609
18.8368423603
18.9046843487
18.9255133782
18.9610522014
18.9882371058
19.0407575719
19.0809347014
19.2131527036
19.2217883913
19.2401370792
19.251601331
19.2711585842
19.2815248998
19.2986257248
19.3118996801
19.3358774547
19.3438725325
19.3626999422
19.3769219445
19.3830647096
19.3947249963
19.4148702821
19.4217883854
19.4391098466
19.4561070669
19.4751405886
19.4952520903
19.5026648418
19.5329752371
19.5489734163
19.5615256398
19.5890019041
19.6160910056
20.1544614208
20.1784730006
20.2411188765
20.2526700157
20.2829570025
20.3349117645
20.4173037344
20.4260624921
20.4390405752
20.4428518682
20.508271986
20.5238398276
20.5337504079
20.5378290656
20.5479397413
20.5767955008
20.5922050592
20.6047181006
20.6178964287
20.6396520691
20.6541550358
20.6663478967
20.6703760253
20.6765496865
20.691298724
20.7056786561
20.7150614496
20.7281434952
20.7391051854
20.7652445764
20.7703431683
20.7954080642
20.8003878357
20.8118029971
20.8169135193
20.8270346811
20.841496668
20.853532965
20.8698878131
20.8826741179
20.8996324427
20.9166068628
20.9532828338
20.9882507721
21.0086508508
21.0370011766
21.0533590834
21.0601725196
21.0684922552
21.0803672051
21.11131755
21.2041253345
21.2688435393
21.2876654971
21.2940572884
21.3510245213
21.3665450333
21.3745420948
21.4544850215
21.4610369575
21.4668913062
21.5239119594
21.5829067856
21.6187948612
21.6339161845
21.640198552
21.6548173636
21.7934048356
21.8046966159
21.8195005881
21.8376377629
21.8804216386
21.904492349
21.944980613
21.9567081422
21.9634965971
22.0290503374
22.0495416489
22.0687491939
22.0834044567
22.1393665725
22.146236611
22.1880177973
22.2315318403
22.2691386839
22.3200170001
22.3320091869
22.3464752867
22.350699816
22.3595605185
22.3878123496
22.4441969483
22.4648119753
22.4829399175
22.5185524573
22.525541564
22.7419335567
22.8045794237
22.8129282034
22.8392090018
22.8440171159
22.86381624
22.8759347816
22.8844429245
22.9111332445
22.9263828022
22.9387265035
22.9454443163
22.9749012609
22.9812407743
23.0023397893
23.0236241846
23.0487884812
23.0630465514
23.0750320061
23.0931101836
23.1169128445
23.1970397328
23.2225538423
23.2340231677
23.2592043754
23.2715288719
23.2785618439
23.307316272
23.3403436879
23.3710881524
23.3875608033
23.3981963901
23.5458308128
23.5689640604
23.5927930542
23.6283490567
23.674931275
23.7253564725
23.7941082036
23.8115877619
23.8986279061
23.9227168725
23.9759531831
23.9835594739
24.0184139145
24.0287026987
24.0401910416
24.0440558331
24.0620069801
24.0691967352
24.0843507786
24.0902043627
24.0962171484
24.1139146493
24.1459547863
24.1678755867
24.1890504464
24.2098973237
24.2268938701
24.2372806893
24.247647779
24.2654971723
24.3094994541
24.3459035644
24.433586499
24.4380039971
24.5059812133
24.5206914429
24.5283029542
24.578047206
24.6723964474
24.7070245425
24.7302914435
24.7720866375
24.7998653334
24.8111923011
24.8157630272
24.8693216696
24.901573305
24.9114076784
25.1269358697
25.1647015372
25.2055154067
25.2151691258
25.2243688679
25.2358252057
25.2527753259
25.2582390337
25.266304941
25.2786268889
25.2958056886
25.3117171625
25.3175686173
25.3302747638
25.3392822429
25.3561276911
25.3690464364
25.4751312938
25.4934211835
25.5189033971
25.5821220119
25.605397234
25.6111234943
25.6601922873
25.6794125538
25.6962275545
25.7063875283
25.7290885158
25.7350489855
25.7941077996
25.8034056223
25.833219398
25.9468072464
25.9579505821
26.0219006216
26.0913074529
26.4340079817
26.4420164109
26.4485775712
26.4616221604
26.4666008063
26.4769439256
26.4925705212
26.5133378351
26.5170662455
26.5450144397
26.5554549974
26.5765790442
26.5934404121
26.6006591436
26.6636640988
26.6738980621
26.6958039336
26.7127449018
26.7876168992
26.8374605802
26.8519737187
26.9080911766
26.9235078868
26.9421023955
26.969728091
27.0047045284
27.022479106
27.0419937695
27.0946609479
27.1006219103
27.1132544365
27.155765208
27.2097045908
27.2428852793
27.2692146439
27.2757757037
27.347858459
27.3850980667
27.409286075
27.4950574279
27.5292637732
27.5412566659
27.5742390985
27.6158932484
27.7152608445
27.7239781959
27.7466663028
27.8242888425
27.852544735
27.8829458126
27.8936906735
27.9048033469
27.9163567807
27.9328644152
27.9490826152
27.9952858506
28.0243044116
28.0312217705
28.0579033122
28.2708326104
28.2848950777
28.2954875703
28.3219296726
28.3759332019
28.3957358704
28.4017594997
28.4617193348
28.4735971028
28.5299509123
28.5434202116
28.606491749
28.6100690872
28.646397199
28.6999858638
28.7373812484
28.7509143148
28.7811069676
28.8112919141
28.8226476043
28.8286779337
28.8380506005
28.8454599502
28.8747883584
28.8801389209
28.8975719099
28.9066922913
28.927605426
28.9375805923
28.9673665764
28.984756814
29.0077085746
29.0301711114
29.0722436435
29.0804970086
29.1027208535
29.1239878623
29.1598414628
29.1759047458
29.1881933469
29.2121870912
29.2575911711
29.264782975
29.2992035821
29.3714749758
29.3792493942
29.3918544473
29.4192237979
29.4371380203
29.444103089
29.4552669995
29.4763080677
29.5020417398
29.517013795
29.5395018798
29.5868817971
29.6153279246
29.6438834793
29.6590519459
29.6976599867
29.7300802395
29.7753612833
29.814536202
29.8451812387
29.8936421117
29.9270735031
29.9601682174
30.0155040294
30.0209365633
30.0476644838
30.0624198514
30.0763892438
30.0856684441
30.0937429816
30.1034094118
30.1267331144
30.1397178024
30.1477620627
30.1660267842
30.2168454359
30.2407155967
30.2454605326
30.2580693864
30.2745138923
30.2840602313
30.2906139702
30.5102046332
30.5848454906
30.6000510968
30.6118211516
30.6234352125
30.6414845972
30.6519437987
30.9182322272
30.9466367825
30.9619703227
30.9974342334
31.0264897597
31.0663220612
31.1195089887
31.1617524019
31.1927878373
31.2065717365
31.2144498644
31.2278263175
31.2404197882
31.2771159313
31.284928621
31.3052728188
31.3166517583
31.3302768155
31.3538247832
31.3643732862
31.3822627563
31.3874301503
31.3984195785
31.4157840833
31.4224977322
31.4387068883
31.5135225184
31.5254147093
31.5411850867
31.5456939466
31.5671114542
31.5873582164
31.6109362792
31.6432428331
31.671275353
31.6764322097
31.7782384953
31.8222762543
31.8466709157
31.9241141705
31.9564900632
31.9738159166
31.9948838816
32.0506485993
32.0907561066
32.1352254826
32.1674640695
32.2032315631
32.228034944
32.2741220217
32.363570773
32.3915729984
32.4060516454
32.4119329386
32.421523041
32.4411535818
32.4456081683
32.4498087727
32.6891814874
32.70499665
32.7413052226
32.7613343384
32.7789882705
32.7835067143
32.8119830982
32.8466737813
32.8527158401
32.8855225157
32.9041225928
32.9296660364
32.9705750872
32.9802973213
33.0841596498
33.1015463233
33.2334265852
33.2750923891
33.3389100544
33.3723897496
33.393163401
33.5512729525
33.6164754978
33.6282268354
33.6377616747
33.6455244641
33.6700436419
33.6896408385
33.7084130328
33.7188722321
33.7459535311
33.7505465386
33.7624204901
33.769651071
33.7771830411
33.7885261583
33.8013620972
33.8140058308
33.8676710561
33.8742873361
33.8919141884
33.9568009665
33.9626830372
33.9692418152
33.9820315435
33.9997949281
34.0412542787
34.0462415621
34.0594182119
34.0801037777
34.0949468109
34.1199064752
34.1408167407
34.5165767488
34.5402032627
34.5739617836
34.5985631548
34.7189365868
34.7517055267
34.7687592052
34.8131245784
34.8218831957
34.8564624281
34.871123568
34.8837957287
34.9240416878
34.9393522787
34.9611213546
34.9760300676
34.9835079904
35.0083003864
35.0526258205
35.062873527
35.0823000497
35.0954242536
35.1034823244
35.1301945231
35.1975860012
35.2165956925
35.2225365814
35.2326350657
35.264575885
35.3753496176
35.6007149969
35.6141274941
35.62801898
35.6388076106
35.6446256944
35.7524661568
35.8122922909
35.8576471726
35.8928066027
35.9291482176
35.9465364618
35.996158635
36.0086979853
36.0214865759
36.035001137
36.0439128828
36.0516337841
36.0865122702
36.095493325
36.104508792
36.1226809848
36.132685634
36.1433673256
36.1583093302
36.2229475602
36.2324074947
36.2369921608
36.2543156788
36.2659142865
36.293440557
36.3354055562
36.3623503124
36.3688420603
36.3897648982
36.4470320532
36.4532301886
36.458247506
36.4705599676
36.4899653011
36.5080393558
36.5343297902
36.5581202899
36.5801825188
36.6022101927
36.6550565873
36.6726679416
36.7745598631
36.7796228803
36.8640513049
36.8942401477
36.9437387325
37.0246308918
37.0512514786
37.0962546912
37.1602237602
37.194690368
37.2206168393
37.2311144351
37.2390557706
37.2543711898
37.2669024679
37.4545068865
37.4603586672
37.4729885183
37.4911555363
37.5227008503
37.527333356
37.5349707074
37.5475349994
37.5949663512
37.6032216716
37.6135483788
37.6526276859
37.668983249
38.2925112149
38.4109815633
38.4262756639
38.5408423355
38.5473478759
38.5538692062
38.5606523893
38.5793165207
38.5991725445
38.8063518577
38.9409657859
38.947839072
38.9794210244
38.9973596908
39.0239740401
39.0367695886
39.0692611133
39.2631882344
39.2778807471
39.3582557309
39.4010600997
39.4053205036
39.4479199929
39.4805172502
39.5193991632
39.5717870833
39.5755212097
39.6469593253
39.6630678988
39.6884749892
39.8706186497
39.8943763856
39.9171524112
39.9331852145
39.9722690359
40.0650733902
40.0957554901
40.1304182583
40.1583862702
40.1933238436
40.2311617824
40.2367483943
40.2561371705
40.2965286554
40.3377162631
40.4703257873
40.6291144206
40.676327152
40.7306161866
40.7622946641
40.8063236637
40.8155901008
40.8263228393
40.8458202885
40.8496465209
40.8695212658
40.8878858248
40.8993993931
40.9103529901
40.9156026288
40.9272503625
40.9339695629
40.937387393
40.9599961313
40.981928997
40.9958238179
41.0161855156
41.0338246695
41.0621497271
41.1000716907
41.1089511625
41.1368590571
41.1571797769
41.1745521015
41.1898639151
41.2012324711
41.2260192925
41.2444372722
41.2880836226
41.3043760649
41.3285862464
41.393828043
41.4406319773
41.4791030241
41.5033627009
41.5431794896
41.5894465914
41.641881295
41.6646239451
41.697754123
41.7555214164
41.7658364812
41.7878259128
41.8879802402
41.9240187176
41.9315024926
41.9393324
41.9538274603
1083
