6.00637962433
6.01376417947
6.02184044443
6.034412725
6.06406695929
6.08643709386
6.09168633962
6.14115697007
6.16197340753
6.1671335639
6.33490480535
6.40009158449
6.42470047177
6.44081761683
6.46735732068
6.49940577503
6.54158141369
6.58061158688
6.59354721304
6.62098652412
6.64964300031
6.65889513987
6.69356985187
6.71182489531
6.71868005873
6.72775415793
6.83987273475
6.86976441787
6.94318249358
7.08925509596
7.11879217649
7.22343044067
7.23646751379
7.2427721482
7.32023155416
7.32421824152
7.37282904542
7.44920158262
7.45593194246
7.47273786571
7.48075102495
7.49762633073
7.50734279277
7.5408860257
7.60157297929
7.62109355985
7.63420629678
7.63926438007
7.66201133197
7.69232137644
7.69821500396
7.71091984851
7.74682079451
7.78571938608
7.82174539883
7.87861815198
7.91806321904
7.9216828511
7.95016311692
7.9830654426
7.99165316833
8.15083914588
8.18351738419
8.21403019983
8.2655508162
8.33386559069
8.38805075785
8.40912642
8.42265750994
8.49375355796
8.54241304278
8.55222917386
8.57111067122
8.59591956108
8.60492349269
8.61569888999
8.65634134477
8.66483224649
8.68339078821
8.80407652508
8.81547835646
8.89034834302
8.9048277442
8.922749978
8.93401635329
8.9736111031
8.99365872428
9.01005762561
9.04876083765
9.5614942248
9.59280542924
9.60933863693
9.62086799149
9.64112168361
9.65445517149
9.65920702182
9.66810138998
9.67945183603
9.68916614254
9.71980628363
9.74498234469
9.75922229922
9.77957240679
9.82522251275
9.83998836564
9.86789802598
9.90603564089
9.92931414687
9.98843264301
10.0015064905
10.0089939103
10.0188141088
10.055138781
10.0677415764
10.0769726402
10.1226421743
10.1737935272
10.1939695023
10.2566982121
10.2679993915
10.2838553441
10.3066310117
10.3572088591
10.4813832725
10.494749718
10.5663730485
10.5787172475
10.6108681513
10.6321689814
10.6825855905
10.7548361203
10.7736924363
10.7862463132
10.8107803218
10.8403172813
10.8526384465
10.8621458181
10.8753661784
10.9089798678
10.9346309471
11.0112042287
11.0273545782
11.0820418992
11.0924744535
11.1204159696
11.1301783636
11.133771333
11.2963373769
11.3097622445
11.3238205873
11.3275636592
11.3315092424
11.3550857469
11.3766848827
11.3907789469
11.4461982808
11.4697538763
11.5567284601
11.6310605337
11.7316113802
11.8529288159
12.0138741722
12.082775103
12.1117247886
12.120147172
12.1331580438
12.140597565
12.1499648387
12.1561696087
12.3492280947
12.357811477
12.3840405085
12.3966760229
12.4569262629
12.4736325279
12.5991088696
12.6101712199
12.64233308
12.6497202606
12.6912764277
12.710711126
12.745375679
12.7614026328
12.7745975414
12.8323058606
12.8613915745
12.9055015529
12.9521682378
12.9665051539
13.0567295079
13.0980228905
13.1889303103
13.233824698
13.2559003286
13.2611880054
13.2678591983
13.2772862763
13.2937458768
13.3019952977
13.3189269653
13.3279223728
13.3420368074
13.3813518435
13.3848869793
13.3889600834
13.3927406409
13.4080021838
13.416040198
13.4250873668
13.4495762921
13.494662343
13.5260821373
13.5430342331
13.5557313162
13.5740976263
13.599592803
13.625156547
13.6708034607
13.7026799609
13.7423682517
13.7732956372
13.8379132676
13.8634192611
14.0416476124
14.0806704838
14.1466955288
14.1607608977
14.4068970912
14.5134224018
14.5306247526
14.5395906532
14.5567204546
14.5720206975
14.6140300283
14.6258706464
14.6359231218
14.6447199179
14.6500636046
14.6984311354
14.7068453118
14.7298627953
14.7543548588
14.7733451729
15.6044432718
15.6177043599
15.626600424
15.6339565423
15.6454409954
15.6593984401
15.68367939
15.7006898327
15.7184194137
15.7404515347
15.7716938099
15.7782401993
15.7994042923
15.8640067561
15.8741900622
15.9757442211
16.0152421188
16.0375965156
16.0426233001
16.4080632671
16.4543727759
16.5608494526
16.8909289787
16.9089301486
16.9342035977
16.9423104425
16.954108497
16.9671580486
16.9810167556
16.9889248947
17.016195882
17.0452761798
17.0717443157
17.0793757239
17.1062295904
17.1110797046
17.1377517322
17.1585513929
17.1728772143
17.1985116715
17.236944445
17.2605108856
17.276736574
17.2925478693
17.298694054
17.306539571
17.3238114724
17.3454485666
17.5046944774
17.5756748476
17.6011069949
17.6290722201
17.6541216236
17.6705585045
17.7485247195
17.7570004488
17.775232051
17.7886440323
17.9817156976
18.0061114203
18.0618660801
18.0792515761
18.0830583603
18.0974748864
18.1074538543
18.1211530078
18.1541893007
18.1680136009
18.1880341925
18.1980946859
18.2022868272
18.234403507
18.2464622005
18.2601011411
18.2823982882
18.3525525622
18.3803133622
18.3944904369
18.4342619655
18.4781068214
18.4916575882
18.5336627592
18.5612848628
18.5844143257
18.6093837592
18.6384975204
18.6466596199
18.7331079266
18.7496363047
18.7797399225
18.7998818179
18.841871772
18.8501865464
18.8777283939
18.9061903851
18.9508423779
19.0041229564
19.0192866323
19.093226704
19.1211462899
19.1247360025
19.150294014
19.196615831
19.2176968129
19.2313544516
19.2608928534
19.2921079952
19.2965974398
19.3121736901
19.326180974
19.3327759148
19.3438020224
19.3508637507
19.3697892801
19.4063258615
19.4285623988
19.4430577276
19.4605984974
19.4738058146
19.556841516
19.5795619148
19.5860357479
19.6227841236
19.6548995525
19.6701567667
19.6968855185
19.7282901197
19.7563849436
19.8105812249
19.8331559112
19.8546442097
19.88641251
19.9283356707
19.9735828505
20.0135481333
20.0655151033
20.07753382
20.088491242
20.0996077404
20.1040445193
20.1189963095
20.1384205442
20.2011340486
20.2243416399
20.2423165408
20.2480025398
20.266009935
20.3211869044
20.3560455912
20.4062947717
20.4638812062
20.4713839519
20.5195694184
20.5306060392
20.5374445914
20.5480676583
20.5642063026
20.5737489447
20.5802858145
20.5896148985
20.6048397426
20.6319332039
20.643716477
20.6490265851
20.6543443634
20.6609538949
20.6818953207
20.6999021404
20.7258620842
20.7424061025
20.7969115299
20.8088797642
20.8193310447
20.8396373745
21.0033321713
21.0916872243
21.1301141499
21.1556597668
21.1835894399
21.1936074752
21.226729262
21.260143362
21.2875956803
21.3042669587
21.3483851691
21.3991770254
21.4465989004
21.5016816165
21.5253383284
21.6067471462
21.6108268822
21.6167324311
21.6303551016
21.6473049983
21.6612748305
21.67003204
21.6836474886
21.6939471099
21.7078799171
21.7221858203
21.7379786897
21.7632197145
21.7722542353
21.7950533616
21.806143136
21.8161724066
21.8254172466
21.8312770681
22.269157335
22.2935798777
22.3145150574
22.3489082948
22.3616379769
22.4556015425
22.5393991357
22.5924954212
22.6029843256
22.8201559925
22.849983151
22.8649021259
22.869474614
22.8847865955
22.9101613123
22.9418861213
22.96558951
22.9747950736
22.9870719493
23.0124633976
23.0263451476
23.0447156903
23.0636233791
23.0844144517
23.1007148185
23.1155404798
23.1264768143
23.1425104835
23.176111569
23.1956700421
23.2146640152
23.2354171353
23.256636087
23.2791481802
23.2935210172
23.3181704224
23.3688334388
23.3873064377
23.4091678234
23.4226906902
23.4395173219
23.4583873895
23.4805316564
23.8324060251
23.9169375287
23.9359640577
23.9708336902
23.9887712301
24.018193027
24.0227332556
24.0334992517
24.0509524201
24.069071931
24.0724859179
24.0820690892
24.0897359669
24.1075540338
24.113589868
24.1526034898
24.1867295531
24.1991689488
24.2803358935
24.3250019898
24.3360209035
24.344062303
24.3563747907
24.3675571531
24.3850159323
24.4059684046
24.4107853906
24.4271373866
24.4397971418
24.4521392184
24.4710227864
24.5550161932
24.6113311782
24.6376520814
24.6641703759
24.7027201916
24.709621225
24.7795991305
24.8107839758
24.8530208528
24.9340648697
24.9643212553
25.0333525572
25.2069261698
25.2148367761
25.220241955
25.22937976
25.2382615672
25.2502833821
25.2605139185
25.2795181327
25.3044068391
25.3415407862
25.3464689486
25.375369389
25.3911107296
25.4076357457
25.4173308858
25.4383428984
25.4533594839
25.4985169428
25.5181294265
25.5416065033
25.5576626966
25.5964658191
25.6052066576
25.6372192052
25.6590449344
25.6719542646
25.682710982
25.7076376385
25.7414907294
25.8778765351
26.0081387848
26.015261454
26.0329715455
26.0662719622
26.1367534291
26.1582582662
26.1846431767
26.2453861289
26.2670914831
26.297476842
26.3644101732
26.3824670979
26.4149705546
26.4389597411
26.4431723996
26.4555908483
26.4728576742
26.4913288051
26.5615978081
26.569555701
26.5902589781
26.6039513356
26.6128846346
26.6245363451
26.7005296925
26.7169226506
26.7264112227
26.746845508
26.7676705126
26.7762802329
26.7951266854
26.8058385505
26.8128762912
26.8180737023
26.8335501212
26.8619014929
26.8879884318
26.9183913797
26.9388943017
26.971932845
26.9948622196
27.0170852179
27.0315942399
27.0499411707
27.0821943227
27.114282577
27.1299473692
27.1437508699
27.1666943199
27.2300008398
27.2424660933
27.2708043449
27.3055128223
27.325352816
27.3424948829
27.3642374983
27.41791552
27.4789510523
27.5436587982
27.6089334077
27.6255003999
27.6365804762
27.6497000976
27.6616699984
27.6693813867
27.6842709961
27.6917785799
27.7137641169
27.7222026771
27.7306994545
27.7631284438
27.7726181838
27.7844799992
27.8007168263
27.8043895866
27.8225505832
27.8450352645
27.8556193937
27.8828135036
27.8947326192
27.9363055298
28.8039842175
28.8096003857
28.8491006309
28.859517549
28.8667181825
28.8747223869
28.8873746663
28.9092466824
28.9309569245
28.9360590383
28.964259779
28.9777395261
28.9927592479
29.0184393062
29.0325167776
29.1456856761
29.1535878452
29.1637867808
29.184616299
29.2029468425
29.5373581454
29.6573452698
29.7990044534
29.802771351
29.8495118629
30.0085983841
30.0150693142
30.0196859027
30.0310288027
30.0447434411
30.055166889
30.0745216557
30.0803318727
30.0991116001
30.1205997484
30.1290379691
30.1704831754
30.1780838671
30.2005241606
30.2152187118
30.2522866926
30.2628712951
30.2730013152
30.2975737801
30.3580154151
30.3812865751
30.4138000828
30.4409446935
30.4528859197
30.4931128419
30.5068110008
30.521689129
30.541039728
30.5641074938
30.5911971375
30.6135031312
30.6476643867
30.6716251528
30.8632354077
30.86994231
30.8991768904
30.9466338382
30.9679540368
31.0193313211
31.0467861033
31.2133489425
31.2204465635
31.2379717657
31.2494902965
31.2605676783
31.2898009275
31.3164116915
31.434481791
31.4586601184
31.5648212729
31.5727666112
31.7353561614
31.7860986983
32.0738635483
32.0912871714
32.1107421511
32.1579619841
32.1817066428
32.2158865859
32.2501722759
32.2604135233
32.2863420522
32.3165266685
32.35298801
32.3935524598
32.4161970864
32.425011852
32.4428638166
32.4644876801
32.4775242365
32.4978767591
32.5085970868
32.5170187758
32.5437509579
32.563866297
32.571059249
32.5864300347
32.5943477954
32.6324904716
32.6434500154
32.6530769308
32.6727435919
32.7089518773
32.7225165015
32.8272146482
32.8496022762
32.858633821
32.8895920482
33.1751937088
33.1907776783
33.6137741268
33.6270773753
33.6321092466
33.6462383915
33.6687493092
33.6787413444
33.6891502277
33.7118925851
33.7315126272
33.7378155149
33.8456119185
33.852525543
33.9677104675
33.9809629545
33.9998942457
34.0397524701
34.1908132836
34.2395584289
34.2770250118
34.3284037177
34.3411765653
34.4254269938
34.4397839005
34.4885041719
34.5206036172
34.5436027529
34.5754256308
34.5985380897
34.6188730494
34.6569966314
34.6916878242
34.729761033
34.7971242042
34.8172936461
34.8825975473
34.8877652584
34.8925432273
34.9291660408
35.0690294744
35.1083127919
35.1229437513
35.1409257527
35.1587164825
35.1718960954
35.2014172761
35.2174467721
35.2293189593
35.2372683523
35.2420525123
35.250425667
35.2656416078
35.3106343666
35.3249555746
35.3575249348
35.3808194237
35.4198457168
35.4737821821
35.4850352986
35.5116595435
35.5456690944
35.5619326738
35.565379078
35.5831233934
35.6055779616
35.6928663776
35.7132134541
35.7583711132
35.7980966768
35.8064806429
35.8489576039
35.8671165721
35.9192913486
35.9843377586
36.0244783265
36.0341337008
36.042993015
36.0563796298
36.0854998993
36.0940613627
36.1241665133
36.14080808
36.1465444232
36.1517685448
36.1689576452
36.2106132093
36.2212235464
36.2646529701
36.2739259795
36.3399063191
36.3954719695
36.4140362394
36.7104874952
36.737006902
36.7583549177
36.7818140709
36.8046952477
36.8191576082
36.8646596687
36.8838541907
36.9247029065
36.9426590834
36.9969243861
37.0108540093
37.1643575439
37.199020629
37.2104795855
37.2212582727
37.2648733163
37.2841525387
37.2900807076
37.3001855268
37.3127718843
37.338150605
37.3621394729
37.378884444
37.3903888082
37.4030615458
37.412270718
37.4197406496
37.4500259758
37.4634230836
37.4694638679
37.4834586495
37.5462137879
37.5741891025
37.5849277029
37.6224887205
37.6324606474
37.6565676187
37.672210672
37.6821423597
37.7442876546
37.7973735246
37.8178135538
37.838040783
37.9183375586
37.9268201521
37.9426535508
37.95696215
38.1039325979
38.1196467186
38.159748608
38.1766749305
38.2217035691
38.2591304686
38.2692100032
38.2754322306
38.3442133134
38.4438724953
38.462558336
38.4661662022
38.4725656016
38.4781556113
38.4869159903
38.4953599068
38.5074100862
38.5138445734
38.5199353871
38.5280943032
38.5327311405
38.5366640474
38.5508464715
38.5586071191
38.5652173784
38.5740985817
38.5921522647
38.6050549792
38.6232557075
38.6346523699
38.6857589166
38.6949635638
38.7117555848
38.7555774685
38.7782583385
38.8795489272
38.8878030587
38.9220004472
38.9350058837
38.9398515057
38.9498940511
38.973267323
38.9828901537
39.0261680303
39.0363578744
39.1357684648
39.1598227973
39.2263372482
39.2770727094
39.3041397975
39.335912121
39.3588140422
39.3991137679
39.4159262981
39.4753088258
39.4862073783
39.5896979921
39.6158902392
39.6231783427
39.6367953618
39.6513642514
39.6574878813
39.7017547005
39.9570126889
40.0580504207
40.085588204
40.1044779013
40.135511746
40.1480686937
40.1764638659
40.1926502816
40.2169288995
40.2281067895
40.2528259154
40.2739473987
40.2878874636
40.3076356503
40.311449598
40.3409451663
40.3531942147
40.3970053364
40.440793193
40.4453151086
40.4897329043
40.508957737
40.6498790428
40.6967012038
40.769061439
40.8135288246
40.8353253698
40.8398196975
40.8657659956
40.8744680378
41.1613491534
41.1844347276
41.2053646213
41.3474504726
41.3677435474
41.4962899399
41.6750283907
41.6905451819
41.708330024
41.7551714229
41.7870613351
41.8111182051
41.8235664936
41.8470816094
41.8701860507
41.9339918539
1011
