6.01094068972
6.02069793676
6.0281865172
6.03342340741
6.0467267572
6.06294143006
6.07182762994
6.08371500382
6.09143827233
6.10614352046
6.14219191832
6.17836584679
6.19045258935
6.19788142843
6.21657965351
6.23044671992
6.23716450753
6.25023378196
6.26577019672
6.34071763185
6.34959337
6.38270049928
6.39716922231
6.40938876126
6.43138232613
6.44941107943
6.45640176421
6.4647020414
6.49655506928
7.20986253166
7.23847107365
7.24988254997
7.26816223373
7.28421274149
7.29446987377
7.30163173092
7.32871068888
7.3619171566
7.37014420319
7.39240862633
7.4203191567
7.42739036675
7.47348049244
7.50651605373
7.5309636995
7.54162552425
7.5454716123
7.5723628016
7.59888311045
7.6253501436
7.64721703827
7.6684053159
7.73172880263
7.74738351445
7.79001227518
7.81830709381
7.8355247797
7.87419935022
7.88734933673
7.90156129491
7.95838863331
7.97507033505
8.01461140993
8.05725681956
8.07308067098
8.17711578821
8.22085607039
8.42948241737
8.44755068538
8.46021651404
8.4707818194
8.47948413907
8.48568281159
8.4999154332
8.50333816375
8.51972841493
8.5356349939
8.54856429709
8.6295137349
8.64282063042
9.11847502439
9.20438338904
9.22530894563
9.25507188187
9.31252079444
9.38331512926
9.46791280147
9.49809104303
9.57359153272
9.60367380268
9.6206067092
9.63040091541
9.64109062247
9.66298075773
9.6913015234
9.70314480719
9.74273890227
9.7595430036
9.78861638967
9.8000000615
9.82571361875
9.83347904394
9.88259014766
9.89840862543
10.8044002836
10.8163424901
10.8245329501
10.8654002266
10.880874952
10.896414482
10.9172307599
10.9299842986
10.9401149284
10.9664929879
10.9997858386
11.0132547771
11.0233949005
11.0381748762
11.0512479819
11.157368011
11.1762614197
11.1905748005
11.2042577336
11.2195174147
11.2542285047
11.2812467474
11.3085713584
11.3417493985
11.3615883544
11.3899436798
11.7013488864
11.7598305852
11.7796635844
11.9675137036
12.0551593036
12.0660961454
12.0704538922
12.0802925428
12.0869314427
12.1031361081
12.1186492567
12.1561681563
12.1985331451
12.2071244763
12.2410203856
12.2477782039
12.3797834262
12.3975560862
12.4310158131
12.4565673039
12.9207613613
13.0117551015
13.103805692
13.8949394637
13.9122126735
13.9161407071
13.954314838
14.0208862183
14.0263570019
14.0366468038
14.4285706824
14.4584479339
14.4688555174
14.56956599
14.5907825824
14.6006785219
14.6233722203
14.6344479789
14.6392026718
14.6439655531
14.6568650035
14.7260540463
14.7338071638
14.7557355994
14.7756693792
14.7911803625
14.8125278483
14.8327951774
14.8811912436
14.8941415994
14.9419937262
14.9593922409
14.990771351
14.9992152358
15.0198029907
15.0577377517
15.0909904617
15.1941734193
15.2356201924
15.2908427235
15.3118035936
15.3418408339
15.5081546054
15.5687693206
15.5828697874
15.6099778375
15.6179821539
15.6270869235
15.6387276214
15.6512976554
15.6586399237
15.6629553442
15.6863957031
15.69951957
15.7118174153
15.7485222136
15.7560838243
15.782576294
15.7919509145
15.8305470841
15.8448160732
15.8625972514
15.8788169909
15.8857568008
15.8955022057
15.90564903
15.9249362149
15.9285159892
15.963207262
15.9733666632
15.9958233495
16.003629359
16.0290253666
16.041699713
16.1172217884
16.1465725103
16.1704667019
16.1937708121
16.6428226531
16.7005303343
16.7146922108
16.7270843841
16.7516170776
16.8191424968
16.8739069658
16.8833425442
16.9515767038
16.960601036
16.9692838886
16.9975967823
17.0064294512
17.0260345992
17.0379222676
17.0754105528
17.3110205656
17.325779202
17.5356452015
17.5391135227
17.5438450289
17.5725763348
17.7050050487
17.7158086103
17.7665519511
17.797991526
17.8285930237
17.8372961553
17.875033798
17.9061337857
17.9837026081
18.0108328923
18.0309303827
18.0525467011
18.06466027
18.0781113642
18.0869321357
18.0917588276
18.123403002
18.1507159054
18.1602806413
18.1665445578
18.1792343563
18.1989285178
18.2094447458
18.2682174737
18.2762832775
18.3022391611
18.3186048961
18.3503816221
18.3546429044
18.3583714915
18.3815447659
18.4366238237
18.4527549461
18.4975826982
18.5530221361
18.5765360324
18.6646864948
18.680815311
18.7114398113
18.7464193985
18.7518580314
18.7704896989
18.7853174153
18.8133745732
18.8530250639
18.8955088284
18.9311136092
18.9547735895
19.0375411311
19.0651250614
19.1135862904
19.1359082857
19.208119176
19.2391416194
19.253616167
19.2712796447
19.2801571535
19.2873530751
19.3041790915
19.32453724
19.3372810369
19.3544873624
19.3937522853
19.4228777796
19.4380867363
19.5697079045
19.5848305537
19.5976898837
19.61633172
19.652077538
19.7044581049
19.7414972268
19.7562811144
19.7747176648
19.8009157439
19.9078662206
19.9475137793
20.0000700559
20.0207781902
20.0484848902
20.0911119058
20.1122459525
20.1871415493
20.2177932654
20.2214809179
20.4230695121
20.4283545304
20.4377621873
20.4434649948
20.450389927
20.4579607105
20.4633869104
20.4722219652
20.4783387404
20.7695922441
20.7995263028
20.8128082352
20.8271214144
20.8447614041
20.8761744511
20.8931142678
21.0293510995
21.0526461437
21.0787035999
21.0858461933
21.1005239814
21.3266065529
21.3742693804
21.4321607744
21.4790553229
21.4837446366
21.6969909789
21.703307821
21.740418868
21.7481853778
21.7653956679
21.7718932311
21.7892410404
21.8112176352
21.8187805859
22.0324832703
22.0511956584
22.0701566464
22.8084689571
22.8855489205
22.8938106002
22.9065283139
22.9197122346
22.9332024809
22.9376142292
22.9535070117
22.9938892607
23.0080646411
23.0306998122
23.0438672598
23.0561482631
23.3627076606
23.3733271114
23.3995624238
23.4238085667
23.4395548261
23.6049584422
23.6213623587
23.636571751
23.6726217521
23.7211845786
23.7347409615
23.766550704
23.8646919096
23.8979535296
24.0056270385
24.011462823
24.0275980852
24.0371155702
24.0478104329
24.0602916562
24.0725903102
24.0914200306
24.1157758608
24.1268365659
24.1530284823
24.1605083021
24.1823126608
24.2042261312
24.2231892854
24.2496460849
24.2573776914
24.2752849107
24.2883207641
24.2964050032
24.3129218565
24.3341929898
24.3774293034
24.3870813418
24.4079871779
24.4221464401
24.4517383009
24.4734431621
24.5516384753
24.5706116639
24.6063100424
24.6271479072
24.647861288
24.6607974541
24.6719428091
24.7474859208
24.7661175176
24.8305729925
24.8531464211
24.8779388494
24.8829064067
24.9361325692
24.9999753353
25.0082883639
25.1870382691
25.2035395331
25.2075016071
25.2208119858
25.2268680099
25.2321580927
25.2560902664
25.2629068975
25.2737431035
25.2798939583
25.2833834459
25.3015797401
25.3061189074
25.3139133687
25.3183911897
25.3245403744
25.3298039815
25.3530226977
25.3583771187
25.3755303961
25.3825953232
25.3980851617
25.4199239699
25.4348872221
25.4651413172
25.4872876498
25.5049506409
25.5087407243
25.5215592983
25.5338200401
25.5387795265
25.5587676318
25.5913630281
25.6100214191
25.6274630251
25.6440292586
25.6633351148
25.6968162796
25.7122425377
25.8217927532
25.8607772209
25.8948263645
25.935538687
25.9698239248
25.9824138328
26.012896976
26.0452093257
26.193195173
26.2249809546
26.2454154513
26.2753146933
26.2883992816
26.337658411
26.3872600809
26.4056333816
26.4217588821
26.4267712255
26.4571050083
26.463212893
26.4684436365
26.4787000822
26.4876830062
26.4973721811
26.5136064096
26.5285462244
26.5384168364
26.5502707463
26.5627862636
26.5677387896
26.5745401441
26.5929459594
26.6145131556
26.6437689815
26.663937834
27.5320511809
27.5574856295
27.5954801873
27.6436215731
27.6548941568
27.857217423
27.9245151357
28.2000492979
28.2146250808
28.2985796863
28.3155388362
28.3243917384
28.3864864452
28.4069068389
28.4590786831
28.4823140292
28.5317083347
28.5850120068
28.6163559964
28.6553001069
28.6721101477
28.6836000768
28.7432738429
28.8099458294
28.817610481
28.8357045854
28.8404598195
28.8566856739
28.8658553927
28.8822595214
28.9075864173
28.9166298406
28.9226742603
28.9414184434
28.9515712442
28.965315883
28.9776492356
28.9835536135
28.9884914643
28.9979818258
29.0129342586
29.0305031237
29.0478324092
29.0621676953
29.0781714297
29.0947052021
29.1209375382
29.2694025921
29.3118646516
29.3475779126
29.579028882
29.5895546848
29.6051222993
29.6451599442
29.7055674477
29.7659621791
29.7863663552
29.7972059713
30.0071508031
30.062785344
30.1753100171
30.1838955489
30.2726707925
30.2783087743
30.3171098389
30.3533415648
30.3592337575
30.3806428342
30.3955415299
30.399782975
30.4465575914
30.4531739097
30.4774493965
30.4871445117
30.5083645895
30.5264478824
30.5581069716
30.5871055745
30.6272327804
30.6368284827
30.6707679815
30.686713019
30.6998542279
30.7328023618
30.7438535741
30.7799994232
30.8162214678
30.8429288416
30.8761247103
30.8947800738
30.931336961
30.9502333986
30.9748222056
30.9986698099
31.0691473251
31.0838040573
31.1165932719
31.1739229036
31.2084084879
31.2135074249
31.2437768115
31.254263944
31.2654266033
31.2740235321
31.2839124534
31.2937758454
31.2978424735
31.3124609966
31.3321406685
31.3599254618
31.3652538906
31.3718151477
31.4109510366
31.4200649506
31.4278919923
31.456828841
31.4803330064
31.523255144
31.5318816111
31.5660608254
31.6032390953
31.6334928151
31.7092777324
31.7376158674
31.7632714915
31.7760313587
31.7909145511
31.8405000206
31.8501542112
31.8692439712
31.8930567129
31.9411876746
31.9756089571
32.0625977861
32.1002964091
32.1457195577
32.1881134395
32.2421086372
32.3141846828
32.3344031195
32.3501155257
32.4039496979
32.4225742508
32.4308729854
32.4540280792
32.4657360335
32.575287478
32.6000145727
32.6067419672
32.6294090095
32.6394688234
32.6556119639
32.6759940577
32.6934390555
32.7352576137
32.7411760281
32.7507639367
32.7792862716
32.8101007223
32.8355159502
32.8455469583
32.8703482676
32.8882880424
32.8993102407
32.9209332338
32.9249563863
32.9943433696
33.0289860601
33.044729167
33.0562075138
33.070439699
33.1130037243
33.1257850307
33.2118614415
33.2332878126
33.2695835061
33.308805864
33.3466502704
33.3803182863
33.3928847119
33.3980136182
33.4149908236
33.4276680838
33.5415306074
34.2978123448
34.3404593632
34.8123334176
34.8197210425
34.8462606812
34.8583609194
34.878719598
34.8837315841
34.8925867503
34.9016894489
34.9094355499
34.9200517705
34.9332838532
34.9377867501
34.9485638707
34.9749893044
34.9818179015
34.9881506849
34.9927565734
35.0076434064
35.0561122529
35.0661703255
35.0814448219
35.0974473048
35.1085508158
35.1216282918
35.1489801927
35.1598980441
35.169766479
35.1935687256
35.2000709858
35.2300256933
35.2828052651
35.2992481094
35.3288782432
35.3516787204
35.4297877122
35.5709974307
35.6704080287
36.014483697
36.0196105057
36.0293951623
36.064593626
36.0852395892
36.0987355755
36.1074267794
36.1136484645
36.130853982
36.1508859633
36.1777205475
36.2017763486
36.2131099101
36.2225853362
36.2311218709
36.2709372447
36.2763738181
36.3416770309
36.3758694128
36.3906877742
36.4010418233
36.4191426553
36.4273596212
36.4432790988
36.548064897
36.5519847513
36.5789138293
36.5874481226
36.5914052417
36.6085286279
36.6824232656
36.6906375909
36.6947188214
36.7144516399
36.7380427881
36.7475823777
36.7865736033
36.814593998
36.8326980733
36.8531514287
36.8651636682
36.8939797679
37.047922133
37.1009269033
37.1111387184
37.1584385437
37.207898363
37.2207342461
37.2313039759
37.242022853
37.2563783666
37.2740601693
37.2814948705
37.292278678
37.2967605611
37.3044861308
37.3086571614
37.3239560353
37.3475731772
37.3585594552
37.3657166778
37.4189685959
37.4514551933
37.476902072
37.4877586575
37.4936187853
37.5016170243
37.5240143562
37.5349221748
37.5974384834
37.6096878765
37.6141287207
37.6409377959
37.6631360811
38.408351702
38.4204285808
38.4378025453
38.4436942312
38.4553792516
38.4651092938
38.477002491
38.5527893737
38.5589144163
38.5717658006
38.6023338367
38.6111615332
38.6733011515
38.6775233903
38.685166572
38.7019904935
38.7060852309
38.7571429909
38.8464878402
38.878824831
38.9047656483
38.932145304
38.9951473194
39.0135283254
39.0311204438
39.035226132
39.0506131945
39.0721618127
39.1150746863
39.1481399632
39.1531381881
39.1841423421
39.2510323109
39.289564193
39.3262745528
39.3471914513
39.3841531616
39.4159898162
39.4254051256
39.5018487486
39.5788167358
39.6057386099
39.6166834654
39.6279786251
39.6335438793
39.6487195105
39.6608265975
39.6783854095
39.6870320877
39.7085290286
39.7315386526
39.7352700268
39.745340915
39.7557679562
39.7702834282
39.7972996016
39.8166350041
39.8284382544
39.8532607626
39.8642597637
39.8803480304
39.9015305452
39.9204699118
39.931453048
39.9387992849
39.9627593687
39.9745530322
39.981856681
40.0691367232
40.0977659624
40.1087241986
40.2230874099
40.2303513963
40.2349718542
40.2628105832
40.2721319177
40.2900247923
40.3090748285
40.3340925229
40.3450562274
40.374402918
40.3929553729
40.4022238781
40.4131782896
40.4398675085
40.4622371494
40.4776588323
40.5147787951
40.5615008314
40.5933521098
40.6232785921
40.6371947507
40.6934332007
40.7882800433
40.812363288
40.8476148245
40.8547270477
40.8586203219
40.8669926271
40.8728356601
41.0399956462
41.0615107297
41.0899203915
41.099622939
41.108612893
41.1456937702
41.1739938513
41.1898444988
41.20483211
41.2201546983
41.2347106681
41.2675631388
41.2845462893
41.2999724756
41.3130037669
41.3411796697
41.3786010545
41.3880654575
41.9023753771
41.9568636372
935
