6.01725902766
6.02260385648
6.02799423322
6.04175148844
6.06430099851
6.09029475737
6.10094298077
6.10735749647
6.12612264988
6.13245664008
6.14543193541
6.15430489889
6.16626036299
6.1761927672
6.19476714069
6.24558182545
6.31790214787
6.3311431079
6.34621534311
6.37178852927
6.42311362634
6.45023838708
6.46615266461
6.49482449747
6.51234251465
6.92053609743
6.97815461532
6.99937709916
7.03408550925
7.05795806439
7.09453121441
7.1014702273
7.12784567865
7.13627442207
7.13960846038
7.20456959684
7.20853663451
7.22367567166
7.23466455401
7.27661658461
7.28877146758
7.29832075239
7.31118718966
7.3163082611
7.33680641197
7.34240064489
7.36207495768
7.37046750945
7.3930644522
7.41815941995
7.43957773497
7.45730931457
7.46132947671
7.49796200273
7.51642470966
7.52863716009
7.55314012758
7.61042204697
7.61919157309
7.6599743117
7.6730738627
7.6892204068
7.7051427739
7.76876202153
7.80805050404
7.86283803035
7.8924603446
7.89634507317
7.93977351457
7.97108274565
7.97983605097
7.98962312706
7.99429373259
8.41928433064
8.42879658301
8.43976822236
8.45960929662
8.46928399023
8.49192234238
8.50075351906
8.51895482155
8.54301047623
8.56585678596
8.62743568571
8.64566999535
8.65128620934
8.6819138883
8.71743725172
8.74149534831
8.77352356168
8.79778710844
8.82529442325
8.87531916708
8.88508338916
8.89465672613
8.9474564589
8.96974532825
8.97722276505
8.99642433263
9.01176625928
9.22263063796
9.25070658739
9.28679242395
9.43057050146
9.45209356973
9.4610516388
9.48801811527
9.50602560457
9.52531577056
9.56309885149
9.59429395673
9.61310162861
9.63640630251
9.64774132911
9.65772857116
9.66166679163
9.66561347287
9.67931569567
9.68596032938
9.7005000612
9.71536932502
9.72232555494
9.73473045922
9.74809291031
9.7793761939
9.7870691336
9.81469969265
9.83607572322
9.86152930068
9.86991506686
9.88685049286
9.89854993381
9.90919851232
9.94024316359
9.94620394735
9.95958179982
9.97238640255
10.0013579934
10.0078508262
10.2235025966
10.2397237313
10.2558311287
10.2594467551
10.2876838363
10.299282876
10.3037796154
10.3098334315
10.3294062121
10.375021342
10.3890386954
10.5153759361
10.5435957578
10.5739600127
10.5953155993
10.6260979425
10.6466461307
10.6621644428
10.6825897235
10.7121171692
10.7484290064
10.7631183735
10.8231483505
10.8350887256
10.8678230152
10.8781786398
10.8953268732
10.903191875
10.9341199574
10.9491158423
10.961193062
10.9917030109
11.0517115488
11.0560698946
11.0710801489
11.0796720064
11.1200462876
11.1330154296
11.1631274498
11.1819872643
11.3781252008
11.3970493482
11.407045437
11.4308209313
11.4515024486
11.4867039406
11.5172020679
11.5543621805
11.5931668595
11.6252208125
11.6296444205
11.6585811694
11.6767174338
11.6925015193
11.7233572536
12.0204250324
12.0658470406
12.0842745254
12.1027966278
12.2005288977
12.269053585
12.2928571564
12.3162762694
12.3280601666
12.3404173399
12.3467938078
12.3681016278
12.3890526529
12.4158213975
12.4429326729
12.4882013633
12.5003911091
12.5336067889
12.5548144418
12.5697414066
12.6002835792
12.6298995803
12.653028782
12.6878756593
12.7113261138
12.8617429186
12.8873701028
12.9168610142
12.9754552003
13.0222182105
13.1197695584
13.1550324933
13.2138863898
13.2359605243
13.27235537
13.3015542592
13.3128309961
13.3260127222
13.3359932989
13.3583889083
13.3775245105
13.3898725731
13.3997146361
13.4120739977
13.4732154789
13.5008956168
13.5668271006
13.5867529716
13.6230191466
13.6409970125
13.678144424
13.7020161748
13.7165911246
13.736193574
13.7518396725
13.7837385801
13.8325826176
13.8477957911
13.8761269363
13.890143899
13.9273351303
13.9686225081
14.043466696
14.0786756907
14.4196039368
14.4280210815
14.4370208898
14.4842812298
14.4986841348
14.5119845699
14.5300730781
14.5526240814
14.5720929827
14.5922682363
14.6058031767
14.6282193159
14.6397358162
14.6476245053
14.6532750518
14.7341017572
14.7656345565
14.7720371092
15.0441155675
15.0739572567
15.08369897
15.1316743796
15.1512083454
15.1629540103
15.2258791216
15.276757854
15.2902567218
15.3767617751
15.4146069493
15.4320708573
15.4759628326
15.4940929686
15.5316533424
15.5416255539
15.5610294459
15.5971219889
15.6149209999
15.6274201822
15.6420243946
15.6500926576
15.6619025778
15.6751667404
15.6917744207
15.6999317926
15.7189333879
15.7311923566
15.7418619998
15.7506719259
15.7636205589
15.7732914986
15.8149555143
15.8194753895
15.8266623624
15.867140626
15.8912720921
15.9473342069
15.9606972756
16.0299625774
16.0404736066
16.0705828788
16.0994778576
16.1239173203
16.2022249133
16.2190852552
16.2631742203
16.2749485334
16.2900931421
16.3085362015
16.3503518025
16.3896457066
16.4275287821
16.4417411079
16.4578075745
16.4822904987
16.5268931652
16.591730015
16.6549929375
16.6965719676
16.739512635
16.7689216155
16.7893379336
16.8090698281
16.8141236181
16.8297871988
16.8373013978
16.8489848817
16.86516548
16.8691624568
16.8872751064
16.9015766378
16.9104427078
16.9194047064
16.9314834311
16.9510108005
16.9613525843
16.9707404241
16.9830595257
16.9915987542
16.9950366538
16.998593271
17.0235994308
17.0399132371
17.0824197043
17.1098146661
17.1229858941
17.1473547294
17.1619311856
17.1754037699
17.1806740157
17.2094439934
17.2178782773
17.2341552296
17.2854837587
17.3254270159
17.3314658338
17.3531859955
17.395689397
17.4155656522
17.4350965
17.464212338
17.4863069526
17.5354727637
17.678699212
17.7049628627
17.7486025919
17.7784327249
17.8109155355
17.8436602176
17.8642626694
17.9039453966
17.9506893624
17.9997487645
18.0118360868
18.0199025214
18.0609606202
18.0776450536
18.1543170347
18.1627171493
18.2704899485
18.2869568244
18.3470875168
18.3644451549
18.3781455375
18.5746075335
18.5859509715
18.6522072708
18.6795286225
18.6969529051
18.7025702232
18.7423431966
18.7829323531
18.8208389566
18.8832312442
18.898464571
18.9083620887
18.9670997606
18.9797526684
19.0002437441
19.0140869214
19.0331194898
19.0752581169
19.0977301243
19.1141953398
19.1425773252
19.1488506906
19.1707831407
19.2384289987
19.2431428968
19.2708358417
19.3006321327
19.3171122368
19.3317464811
19.3596087751
19.3781195075
19.3844343794
19.4045848347
19.4122795023
19.4254167547
19.4409497595
19.4624352387
19.5730562817
19.5938383469
19.6409916256
19.6680755337
19.6855698367
19.7178740093
19.7289738494
19.7413320849
19.7739103361
19.8133651022
19.8234149322
19.8426225419
19.8619879357
19.8830571048
19.9123505103
19.9358264866
19.9697660716
19.9997898709
20.0663913505
20.1230080198
20.224150617
20.2341698315
20.2712872039
20.3163998457
20.3382793908
20.3721365214
20.38841772
20.394104666
20.4242629514
20.4363816369
20.5215072275
20.684273331
20.6920051032
20.7111194962
20.7163382337
20.7327936205
20.7544531309
20.767045906
20.7778050558
20.8216787003
20.8312790947
20.8470522403
20.9538615912
20.9648351982
21.0031119946
21.0116739841
21.0408040612
21.0658498081
21.0862912233
21.1016374532
21.2011982026
21.220558361
21.2307553524
21.257796275
21.4403918662
21.4994846147
21.5190173459
21.532713794
21.5523731174
21.5936689511
21.6237515455
21.6433365456
21.6495815127
21.6946632849
21.7019698771
21.7111204685
21.7234448159
21.7333670358
21.7507638155
21.7632489793
21.7745057079
21.7841097511
21.7944537788
21.8107636402
21.8194994538
21.8243901988
21.8485286149
21.862825084
21.8669331141
21.8840813064
21.8972838227
21.9049540443
21.9676719481
22.0102541849
22.0342845233
22.0493197548
22.0616796025
22.0699146851
22.0858563806
22.095850441
22.1129271566
22.1539206934
22.1821329755
22.1954316042
22.2196594871
22.2505085593
22.2888818559
22.3086560629
22.3493049714
22.3840489957
22.3881213238
22.4332659395
22.5007088979
22.5394512888
22.5597206379
22.6155139725
22.6661880816
22.7001742485
22.733630445
22.7535039704
22.8173858001
22.8454060917
22.8727761415
22.9314697387
22.9374065868
22.9443070946
22.9533223307
22.9703741451
22.9833040966
23.0167801511
23.0286005661
23.2657196733
23.3123493284
23.3581117395
23.3853925971
23.4074623291
23.6008558988
23.6437750823
23.7069688979
23.7338383065
23.7837884137
23.832075005
24.0117539624
24.0241441494
24.0321558552
24.0384726109
24.0464894224
24.0780759577
24.0839937398
24.1033328219
24.133995497
25.2058530201
25.2197041916
25.242090493
25.2513642379
25.258521944
25.2784118822
25.2983118868
25.3093254806
25.3473318812
25.3557666739
25.3705064558
25.3871238633
25.4036519588
25.4118154051
25.424121614
25.4476834691
25.4631986164
25.4695085078
25.556032892
25.6038460876
25.6443179162
25.6713022259
25.724201958
25.7856385023
25.8256929946
25.8310237185
25.8660157918
25.8845834499
25.9017179831
25.9120047795
25.9312114453
25.9450425324
25.9572707238
25.9755429972
26.0200063943
26.0386059784
26.0759501216
26.0952336452
26.1236943256
26.1442306105
26.1567874118
26.1822934192
26.1944006227
26.2887596582
26.3125653013
26.4097746723
26.426948116
26.4373557139
26.445277212
26.465727436
26.4743583281
26.4909443212
26.5116935053
26.5204362193
26.5258651317
26.5361313085
26.5420095247
26.5533596933
26.5795749677
26.5927131322
26.6088980415
26.6301538954
26.6819832728
26.6895980885
26.7092586209
26.7481381746
26.7888800426
26.8071177182
26.8198076438
26.8332625403
26.8566283778
26.8916207908
26.9243861494
26.9401672233
26.9690178641
26.9892201886
27.0117375371
27.0198493917
27.0448012118
27.0997733298
27.1099163194
27.1483451254
27.2657900146
27.2955501
27.3007636302
27.306666586
27.3318057815
27.3734966557
27.3794123374
27.4260090734
27.4646168747
27.511706089
27.5329633009
27.5609861558
27.5657104026
27.5859419173
27.6077995186
27.6222680011
27.6275803042
27.6395863798
27.646326836
27.6615621715
27.6768752617
27.6996837836
27.7158279181
27.73936113
27.755286433
27.784396143
27.7886107471
27.8064999569
28.8083488756
28.81271423
28.8391269196
28.8435422164
28.8619172614
28.8744358155
28.9003849698
28.9256416041
28.9374430742
28.9418421609
28.9557028995
28.9607372354
28.9774411833
28.9832238188
28.9953104673
28.9992257419
29.0114510747
29.0190944634
29.0326714739
29.0417672768
29.0593036466
29.0755984319
29.0951601641
29.5544826329
29.5980640311
29.6343953264
29.6386515576
29.65743831
29.7141595166
29.7974842763
29.8260769139
29.8604187358
29.8888963781
29.9767231045
30.0084841042
30.0663851772
30.1154767768
30.1213935923
30.1396500785
30.1451006526
30.17034665
30.1774178185
30.1914709864
30.2003095905
30.26427389
30.2902592518
30.3192250167
30.3479176719
30.3825595317
30.39639748
30.580092314
30.6032677074
30.6106355068
30.6666481301
30.6714532897
30.6974482696
30.7132626076
30.7372473533
30.7912617505
30.8249559603
30.8514500447
30.8873461265
30.9600678473
31.1084957626
31.1721710176
31.2064448646
31.2253844072
31.2366750733
31.2553081416
31.2640206044
31.2802722141
31.288896108
31.3010379741
31.343006838
31.3596381982
31.3648863455
31.3997311862
31.6928470173
31.7053855328
31.7267618588
31.7406060677
31.7531261962
31.7894188579
31.8130867635
31.8351102986
31.8565469863
31.8629366925
31.8736427392
31.9131799391
31.9234797824
31.9585950502
32.0126312732
32.0433206187
32.061458922
32.0902739915
32.1096969313
32.1250649835
32.1296654996
32.2117641173
32.2241706168
32.3196705698
32.3372274163
32.3959918784
32.4105890205
32.4417358873
32.4462882438
32.4534745779
32.4590919845
32.4891454714
32.5158154477
32.5265449921
32.5304378026
32.5369376949
32.6788571329
32.6917858947
32.7186165208
32.7355276836
32.7497311132
32.763794239
32.7795870982
32.7925897575
32.8147097949
32.8282606775
32.8471811403
32.859371501
32.8763593264
32.8843951448
32.9299271657
32.9914204616
33.0129543148
33.0402739623
33.0886458761
33.129662367
33.1603846929
33.1850049137
33.2332068883
33.2421547476
33.2730886778
33.295527079
33.3285371493
33.3980824223
33.4254904401
33.470195617
33.5748793618
33.5877219552
33.6620686344
34.090220831
34.1123823013
34.1550112737
34.1792126357
34.3261072372
34.3447088835
34.3671400303
34.3759580554
34.3960460178
34.4355285888
34.494630046
34.5033574506
34.5334262575
34.5936987378
34.6374817808
34.6440036583
34.7300440251
34.760183554
34.7792752801
34.7966029555
34.8131587774
34.8291368483
34.8390252093
34.8653980771
34.8715108181
34.8777460726
34.8838934042
34.8958309886
34.9145779285
34.9240788452
34.9355551309
34.977258856
35.0174580954
35.0311374459
35.0348649985
35.0539905457
35.0717125994
35.0860327614
35.1070609218
35.1184484912
35.1375419253
35.1436635213
35.1572225188
35.163643585
35.1898962931
35.2035520011
35.2138064138
35.2421406544
35.2603471872
35.2673534512
35.5943242869
35.6989872699
35.7042955381
35.7118103797
35.7277274667
35.7515646906
35.7787763222
35.7988677913
35.8954034105
35.9559440089
36.0195605755
36.0385323824
36.0439813949
36.0521197493
36.0664986814
36.079791642
36.0996464719
36.1066301494
36.1115843508
36.1273342675
36.1567086502
36.1629603128
36.2186808908
36.2411851577
36.2806656879
36.3007371846
36.3251725743
36.3395005627
36.3704251637
36.4014375149
36.4360663882
36.4474780384
36.4637292425
36.5026389223
36.5550373741
36.5861598767
36.6047846066
36.668611242
36.6843074741
36.6987455238
36.729785877
36.7746596841
36.8288145066
36.8525492645
36.9106374181
36.9270561037
36.9438340094
36.9740859552
37.0426565777
37.0643506804
37.0994348838
37.2113873318
38.4068867389
38.4305943377
38.4399014605
38.4459807588
38.4498512137
38.4588426943
38.4655387763
38.4695248115
38.4732894265
38.4783652968
38.4823769111
38.5351137587
38.5568979739
38.5777726833
38.6066768752
38.631311018
38.6356198939
38.6435718231
38.6496731838
38.672213534
38.6917242146
38.812061548
39.6074995187
39.6132080376
39.6233794552
39.6401096759
39.6614574346
39.6684978521
39.6737543617
39.6906600419
39.7104978516
39.720774629
39.727659357
39.7449093237
39.7567440981
39.7655096678
39.7818203117
39.789334369
39.8247207216
39.8284794218
39.8471706734
39.8552155976
39.8816474124
39.8937583193
39.9020448327
39.9081995777
39.9227821438
39.9370752688
39.9727297411
40.1009967649
40.8053255741
40.8186516545
40.8372946977
41.8519833229
41.8770399016
41.9046763312
41.9856587417
994
