6.00918119945
6.0231165166
6.03875289645
6.0461643569
6.05833001053
6.06334122838
7.1211705796
7.15294237028
7.15720305796
7.18258866809
7.26847857325
7.28532946635
7.29352601498
7.30898584469
7.31895843785
7.34818894982
7.37435736524
7.43767886599
7.4544137389
7.46186596062
7.46946015464
7.4894495351
7.4944398416
7.5091078909
7.54807514848
7.56157747154
7.5739495063
7.6039073538
7.71398976187
7.78847940265
7.81172672318
7.85996660898
7.88332873033
7.92586428423
8.08575111206
8.10518328614
8.15636155365
8.19350182013
8.20058377735
8.20676736856
8.26027362439
8.40343666391
8.42294813912
8.43525592335
8.45027294606
8.47460666923
8.49305742489
8.50883337118
8.65486074412
8.6726564978
8.69060760776
8.70693176326
8.71803242567
8.73068283258
8.73767446871
8.77944092931
8.78896541624
8.79849370134
8.81882782913
8.85098647239
8.97330637212
9.0455611085
9.05277169876
9.0954872183
9.14325814557
9.17755040793
9.61889617132
9.65399037328
9.67872677676
9.69289184905
9.71551422715
9.7326287521
9.74398059572
9.74913635832
9.7619877382
9.77273483166
9.77846248405
9.78350775204
9.80469073194
9.82674243641
9.83894644043
9.84845374986
9.8666371301
9.88091266148
9.8944630714
9.90596858468
9.94988317871
10.0388518253
10.0462431717
10.0736728458
10.0876438632
10.1584214734
10.1919979959
10.2188892995
10.2512258698
10.2546356889
10.2735737645
10.288733238
10.3066058658
10.3465087119
10.3680933845
10.4009166563
10.4347385224
10.46678001
10.505017211
10.5731911383
10.6307614207
10.7045903992
10.8113503202
10.8157000082
10.8338236002
10.8435481368
10.8659006421
10.8767339239
10.880490556
10.8982526095
10.9095892362
10.9293159056
10.9495796316
10.953768506
10.9670880448
11.0779783681
11.0955567412
11.1007562603
11.1072773841
11.115108302
11.1277885746
11.1394196698
11.1500275709
11.1774211712
11.181764514
11.2005620041
11.2265059843
11.2311265566
11.234976281
11.2456895584
11.2600709223
11.2884191212
11.3011668354
11.3827004393
11.4380606605
11.4678788383
11.4715190796
11.4944413077
11.5149666614
11.536839947
11.5526816317
11.5662180042
11.6339911373
11.6897705496
11.7121021267
11.7279164093
11.7838069073
12.0109171264
12.0244601423
12.0369165648
12.0535883677
12.1053701179
12.1175849014
12.1248276172
12.141173591
12.1655311785
12.1852866796
12.20013012
12.2203552932
12.2244321886
12.2697083834
12.2803268814
12.2873954793
12.3131507574
12.3344798005
12.3540442232
12.3755468041
12.411020714
13.2064255645
13.2122812193
13.2268459046
13.2348146643
13.2554886419
13.2699210492
13.2756732948
13.2826441673
13.2926809531
13.2989768796
13.3036974034
13.3206895965
13.3320015813
13.341388558
13.3566568273
13.3742797804
13.3819549728
13.3979844048
13.4203432471
13.4778085706
13.4880552901
13.5004220396
13.5141406919
13.5386042678
13.5594565116
13.564156877
13.5889487169
13.627426245
13.6488637889
13.659122597
13.6670294082
13.6880987257
13.7839172288
13.8066274826
13.854997507
13.8940667629
13.9271149091
13.9577466328
13.9873079303
14.0100597018
14.0371420925
14.0645610967
14.0903998442
14.1306327952
14.1874307064
14.2247343675
14.2512135361
14.2917671212
14.3532011345
14.3875755994
15.609792785
15.6276026061
15.6316140069
15.6562799539
15.681407765
15.7031438517
15.7198526122
15.7306309845
15.7383515207
15.7549775261
15.7645245025
15.7801459013
15.9638046915
15.9740688821
16.166891597
16.1850567916
16.2028618434
16.2279542644
16.2664147692
16.2755139806
16.3827415688
16.4786980836
16.5277276294
16.5516977862
16.5759570729
16.6492529039
16.8219356818
16.8334590098
16.840581377
16.844068921
16.851169689
16.8748034286
16.8785631375
16.9249959282
16.9460772853
16.9574603795
16.962071884
17.0809536678
17.1034368372
17.1084610553
17.1313599281
17.1494226003
17.1596824466
17.1814201749
17.186700362
17.2004219601
17.2225830581
17.2544052744
17.289397818
17.307795416
17.3357551156
17.3514657022
17.3874463036
17.3984703802
17.4136777707
17.4238389738
17.4604332599
17.4909015937
17.529809309
17.562970394
17.5890267214
17.6033410387
17.6288089235
17.6793518403
17.712437968
17.7165887127
17.7516316934
17.7918191183
17.8291804985
17.8407867229
17.8787863773
17.9700205077
18.0104598609
18.027371772
18.0468705276
18.0660318137
18.1142143642
18.1229602016
18.1320935557
18.1509736726
18.1656589713
18.1788388967
18.1893618144
18.2027825168
18.2206942201
18.25138668
18.2567994286
18.268988079
18.2784701084
18.317206713
18.3408593638
18.3592933655
18.370533416
18.4404355389
18.4453592226
18.4671029383
18.5036685436
18.5308746437
18.5603160639
18.5765146204
18.6147302099
18.6251900008
18.6291362019
18.6488668505
18.6610904314
18.725574013
18.8013409472
18.9115419336
19.0329017359
19.0603322672
19.1272145086
19.178596472
19.2054030672
19.2144125335
19.2363711051
19.2654879378
19.2832422819
19.2915539939
19.3133768202
19.3257957714
19.7457498663
19.7536254405
19.7675267741
19.7993736262
19.8218745379
19.8466870478
19.9053745709
20.2439173656
20.2667826669
20.3204240873
20.3859768202
20.407119298
20.4152879037
20.4404729573
20.4546976587
20.46118082
20.4715553268
20.4805237291
20.4965279418
20.5060102653
20.5169178942
20.5287124436
20.5610356262
20.5942765449
20.6045047272
20.6129184334
20.6637150392
20.6738394717
20.6931388525
20.7001550134
20.7089490988
20.7418376371
20.7566827371
20.7646028294
20.7878227489
20.7993656338
20.8292814129
20.8730425675
20.8771624863
20.9032482638
20.9216126932
20.9386266595
21.2829450832
21.2980731648
21.3055655792
21.3593169842
21.4217343729
21.4410832871
21.4514228602
21.4920621748
21.4983177431
21.5356123544
21.5573590011
21.609515014
21.6154679484
21.6251031478
21.6485276529
21.6568283049
21.6750789689
21.7750149364
21.7879754699
21.8074956819
21.8492820235
21.85826703
21.8868236441
21.8987775576
21.926097065
21.9369789365
21.9507276081
21.9944696079
22.018057568
22.0406646282
22.0552232624
22.0605087338
22.0703327291
22.1095359753
22.1130979945
22.1501668473
22.1957719001
22.2197458593
22.2378199432
22.2662243143
22.3048376759
22.3282141829
22.3455028042
22.3572987913
22.3916756566
22.4049706544
22.8074100174
22.8215560222
22.8252507277
22.8907267369
22.8991613139
22.9074615754
23.0319471521
23.0517982832
23.0631715255
23.0739889067
23.0839350276
23.0997008527
23.1044805189
23.1207326094
23.1266643385
23.1454219747
23.1650746955
23.1927433958
23.2239874872
23.2568863853
23.2856675128
23.3109271071
23.3309342349
23.3399120653
23.3655607886
23.378075243
23.4327165758
23.4424756442
23.4624472478
23.4888905802
23.5152778845
23.5344251362
23.5461581681
23.6169295946
23.6718483066
23.7014295038
23.7335158227
23.7539933847
23.8068714567
23.9520414452
24.0202018492
24.0406361973
24.0511225972
24.0759994356
24.083672158
24.0920845528
24.1027244822
24.1150473972
24.1238026827
24.1362268239
24.1529794137
24.1798505449
24.1997016235
24.2136740572
24.2880954959
24.373414391
24.4004872445
24.4197166854
24.4272330168
24.433690651
24.4518103854
24.4856132681
24.4935718122
24.5143909043
24.5354662342
24.5536163101
24.5620307631
24.5898443542
24.6048918663
24.6247852735
24.676650478
24.7070618211
24.7673227178
24.78347052
24.8228416502
24.8429100276
24.8603331933
24.9176268723
24.9301446669
25.2273262782
25.2423432132
25.2716925549
25.2896982363
25.3014804871
25.3136642945
25.3290380994
25.3952984978
25.4117404839
25.4224339953
25.4466402179
25.459455297
25.4783860373
25.49231161
25.5233543281
25.5320682895
25.548212662
25.5561509281
25.5653444242
25.5744140262
25.6023868756
25.6446238143
25.6550411695
25.6620412503
25.7003287905
25.7062470904
25.7328791175
25.7397475213
25.7643376666
25.8630211088
25.8832311062
25.9177310776
25.9361852871
26.0273191677
26.0568155911
26.0909835224
26.1170669951
26.1592637628
26.1694103884
26.2000313612
26.2297341804
26.2460775937
26.2694601369
26.2856431262
26.300577185
26.3762699841
26.4107609864
26.4189502026
26.4882228931
26.49540411
26.5057952188
26.5143724747
26.5212001118
26.5355097792
26.53972877
26.5543602292
26.5692097554
26.6105789127
26.6207300383
26.63768027
26.7641708738
26.7911672773
26.803805527
26.8305953052
26.8570992509
26.8608238874
26.8661072337
26.8731580831
26.8793064585
27.0691984334
27.085481561
27.1169074702
27.1530974985
27.1704338533
27.6122315791
27.6188568731
27.6289580713
27.6800629665
27.6849404266
27.6947782357
27.6993968246
27.7069256028
27.7186311395
27.7266053146
27.7390587477
27.7494132721
27.7869262108
27.8128113791
27.8400305935
27.9281518775
27.9904579976
28.026985015
28.1027114256
28.1126958337
28.1507818761
28.1663025213
28.1912593679
28.2142834681
28.2953331863
28.301289956
28.3186687086
28.3504489693
28.3710879768
28.3767781079
28.3836364406
28.4286790996
28.4782718973
28.5131221007
28.5364799442
28.5477928784
28.5909244211
28.6125006936
28.6916211821
28.697834227
28.7227848663
28.7842077001
28.807287783
28.8130403549
28.823667367
28.8354790232
28.8520783621
28.8650795094
28.8836500521
28.8906020739
28.9898576262
29.0312403164
29.0381058366
29.0490653751
29.066870931
29.0834353988
29.1692278915
29.1929161432
29.2014732811
29.2196374959
29.2367953209
29.2532552062
29.2818396653
29.3118313121
29.3318488909
29.34029796
29.3756597564
29.4132722385
29.4275307959
29.4428697841
29.4791170241
29.5160116717
29.5354180715
29.5546630229
29.5883489968
29.625001206
29.8552008994
29.8590719409
29.898173958
29.9311635896
29.9643887195
30.0054276269
30.0222983304
30.0385395262
30.0483140007
30.0874087477
30.1032857315
30.1814161965
30.1945050202
30.2066338278
30.2126541721
30.2286324796
30.2417561953
30.2736218384
30.2867413368
30.3031450458
30.3429731788
30.3513274428
30.3669953106
30.38453494
30.3944387747
30.4010606123
30.4123017318
30.4210624501
30.4477797791
30.4564292468
30.4910519822
30.5211610352
30.5297834623
30.541958471
30.5804793285
30.5972668952
30.6155351103
30.6333039236
30.6396989608
30.6560789986
30.6713861248
30.7250030703
30.7449613375
30.8091255354
30.8740822048
30.8858050864
30.9107948113
30.93832493
31.0005500913
31.0680623389
31.1261974615
31.1510153191
31.1709346926
31.2080631074
31.2235761052
31.2358108747
31.2404583341
31.2530274362
31.2583064417
31.2747240455
31.2870457727
31.3021613301
31.3288017595
31.334117403
31.3431444154
31.3464911349
31.362795543
32.406946866
32.4238628417
32.434547419
32.4386432656
32.4472758323
32.4641663273
32.4909539258
32.4972299814
32.508186228
32.5118313229
32.5316763405
32.5446935328
32.5637044863
32.5708414527
32.6129038859
32.6176257123
32.6308146559
32.6376104128
32.7234189509
32.7391674668
32.7956593181
32.8027886361
32.9107633793
32.9357643887
32.9400420158
32.9580273103
33.0460150572
33.075749014
33.1099849686
33.121721152
33.1676532604
33.2018346411
33.2324809819
33.2503417816
33.2721201738
33.2760917795
33.3443776583
33.3583102898
33.4102543354
33.4747637599
33.4819895366
33.6035917242
33.6266615016
33.6393288289
33.6483438961
33.6609037631
33.7235484181
33.7493180545
33.7595387336
33.7772098835
33.7911321587
33.7976336713
33.8436709435
33.8908632719
33.9168790634
33.9295828561
33.9403093659
33.9562107287
33.9829873883
34.0058902224
34.0568929565
34.0724411101
34.0968798427
34.1252178516
34.16839669
34.1774449478
34.2484720081
34.2700271727
34.2737741545
34.2838739411
34.3071821659
34.3228305487
34.3489255721
34.4435206102
34.4882188875
34.5382987989
34.5489275063
34.5737637896
34.6016318315
34.618947027
34.6283026405
34.6739741676
34.6872514173
34.7398183525
34.7470819943
34.7840730969
34.7934134339
34.8229880836
34.8343284134
34.85039512
34.8558339022
34.9180261684
34.9316998698
34.9657206597
34.9751742522
34.9847288345
35.0022406804
35.0063328026
35.0190461969
35.0443403487
35.0557508905
35.0911717746
35.0989219538
35.1092756269
35.2567315897
35.3015665406
35.3181218891
35.3255928035
35.3590038186
35.3692965713
35.3917203402
35.39939119
35.4321439467
35.6133865743
35.6476613163
35.6962761677
35.7477786228
35.7666828504
35.8140168675
35.8603566044
35.8722873576
35.9148094689
35.9974562402
36.0054743503
36.0098739263
36.0186532541
36.0552036382
36.1974913222
36.2034949148
36.2176039119
36.2317789964
36.2457040068
36.2702181321
36.2783879946
36.3106892472
36.3243358452
36.3277851559
36.3379386157
36.3564305364
36.3796546632
36.4337825781
36.4540975153
36.4702592923
36.6472700728
36.6818819069
36.7052562839
36.759230957
36.8008799347
36.8584636995
36.891627038
36.9157234135
36.9238773644
36.9550675658
36.9678219882
37.001762911
37.0158949346
37.0743097232
37.1139865991
37.1201072818
37.1414228154
37.226939143
37.2323682522
37.2502023916
37.2566268719
37.2638691565
37.2696991792
37.2850046404
37.2992369485
37.314705967
37.325691131
37.3399562279
37.3859313592
37.4133364757
37.4283378425
37.4404953527
37.462246569
37.4752936118
37.5063130983
37.5117365431
37.5172834148
37.5233588378
37.5405345995
37.5615134818
37.6069579674
37.6547967725
37.8714667591
37.8954476789
38.0643460297
38.0938784691
38.134213154
38.1485525316
38.1974957358
38.2622756961
38.2921074892
38.4155933199
38.4314762121
38.4526272472
38.4713239632
38.4823839074
38.4928914536
38.5210137926
38.527101306
38.5455513645
38.5653491071
38.571208085
38.5754430407
38.584368231
38.6843477697
38.7094695323
38.7247260513
38.7439357806
38.8537776627
38.8684542861
38.8848618624
38.9002257907
38.9182306468
38.9469241153
38.975890589
38.9793141566
38.9893975086
39.0154492415
39.0373609531
39.0723833306
39.0947411162
39.1318775739
39.1672011538
39.1730563856
39.2980955825
39.3310615147
39.3741582439
39.4496594558
39.5373836959
39.5681647434
39.6117625435
39.6231469215
39.639441932
39.649209012
39.6968011938
39.7143126307
39.7230448089
39.7278695658
39.785801305
39.8035968049
39.8142084365
39.9865960055
40.0200817405
40.0617194643
40.0722783188
40.0852581685
40.0936445046
40.1145616728
40.1506768198
40.1684951345
40.215906424
40.2370178314
40.2432245599
40.2534493891
40.2904545198
40.450309921
40.4928021086
40.5159942012
40.5666762407
40.8133486377
40.8189393138
40.8245353638
40.8280280277
40.8474212276
40.8518972134
40.8581372631
40.8684956631
40.8780971164
40.8873467711
40.9094961654
40.9169925001
40.9296616382
40.9347124012
40.9465577658
40.9659547372
40.9841383686
40.9992785688
41.0027213595
41.0076121995
41.0153949571
41.0750877336
41.0840215759
41.1102352709
41.1204232595
41.2876351082
41.3036920964
41.3523252309
41.372039717
41.3953867277
41.4215721402
41.4332874516
41.4959954035
41.5154356926
41.5504045287
41.5918400728
41.6023052223
41.6059798966
41.6217923778
41.6822531099
41.7075477957
41.7383405496
41.7573215376
41.7862241999
41.8116957835
41.8375984577
41.8826991136
41.914336341
1038
