6.15241807693
6.17559500367
6.18536662098
6.19036823068
6.22017414005
6.2263788499
6.23269357441
6.26309721446
6.30142191688
6.31492115146
6.34251291315
6.38109476604
6.42102700428
6.42919926939
6.4594719879
6.47176285972
6.48002009029
6.50440513821
6.52614548475
6.64444138183
6.66439257239
6.69366686172
6.81880979919
6.85909845626
6.87398095669
6.93943525478
7.05297785144
7.07875344876
7.10225618995
7.21554284111
7.22441789813
7.25293748002
7.27442088983
7.28673657588
7.30173205443
7.31044408212
7.35958559125
7.37163303087
7.38684279858
7.3959046581
7.40868024788
7.42844637711
7.43882441749
7.44867182846
7.45511376268
7.46661496381
7.47735340093
7.48830890566
7.50406124225
7.51297574369
7.53192762222
7.55410363484
7.56406528117
7.59235227583
7.62423403372
7.65467216594
7.67255289736
7.7355154249
7.75048596404
7.76986746227
7.77801928092
7.80526228961
7.81055702886
7.82477066633
7.85241627093
7.86977125871
7.91210847632
7.95194755423
7.98981875007
8.00184109626
8.02283927998
8.05353308053
8.10233719525
8.35664176822
8.41336955333
8.42150626176
8.43844863351
8.4813681881
8.49047639624
8.49572588351
8.52230635087
8.53261096176
8.53950731426
8.54468242974
8.54890412659
8.572516666
8.60847867006
8.63122233384
8.65283210322
8.73951490957
8.74304295291
8.75728143643
8.7910444483
8.81174898525
8.83316168708
8.83816005729
8.84654476911
8.87700928313
8.90734521549
8.92835336475
8.95335176006
8.96597457231
8.98370879973
9.00234937837
9.02366157541
9.14093473351
9.18765215435
9.23989290887
9.25962113568
9.28717918175
9.31109664548
9.38588015159
9.48325615046
9.53277947754
9.60903674985
9.62235202609
9.63085136263
9.6351067316
9.64137850921
9.66617497917
9.67472126429
9.7293606881
9.73801970435
9.74976014643
9.75877361916
9.79852638854
9.81734102319
9.83884923495
9.85220763837
9.85924780434
9.86417026539
9.88422917002
9.8971920665
9.92039238072
9.92988162694
9.95344257889
9.96684690814
9.9802852004
10.003701145
10.0207205114
10.0569894427
10.0704193511
10.0821884105
10.1074937215
10.1191758444
10.1229638598
10.1511949348
10.3585907499
10.3642205951
10.393820717
10.4071715272
10.4403400164
10.4994440645
10.5450641921
10.8083056291
10.8468282509
10.8605485353
10.8773602168
10.8875398718
10.8991460347
10.9085707571
10.9410575963
10.945457226
10.9589659441
11.0092267836
11.0129195637
11.0338692885
11.0560633127
11.0665580262
11.0816636159
11.0943607117
11.130403042
11.1612418492
11.183322581
11.2504993275
11.2664333665
11.2820819519
11.2884540053
11.3148606795
11.3357960913
11.3623210501
11.3725464941
11.4055014327
11.4326464127
11.4406325352
11.4454561171
11.4833421008
11.5057751263
11.5109188272
11.526116394
11.5672694275
11.5943793254
11.610255109
11.6278112696
11.6537833569
11.7678719163
11.7968778307
11.8297099798
12.0055105369
12.0271847947
12.0320754328
12.0488127843
12.0607635786
12.0685250463
12.073497206
12.0809036718
12.088240782
12.0931710564
12.1032864608
12.1198349098
12.1285276139
12.1438570173
12.5111179399
12.5299765584
12.5783716501
12.6047345833
12.622639033
12.6539166165
12.7175725188
12.7297402456
12.7438684918
12.7614364935
12.7657225982
12.7974481157
12.9086157064
12.9351938604
12.9658667591
13.0138874269
13.0491944156
13.1263498964
13.1757312405
13.1833419712
13.2109296494
13.2255829608
13.2355943698
13.2497288872
13.2684648047
13.2753775012
13.3080524978
13.3286180919
13.3363543747
13.3431981967
13.3677014792
13.3820697163
13.3871310039
13.4008528676
13.4064831412
13.4826863287
13.5104168763
13.5238709537
13.554697646
13.575672728
13.5926063094
13.5979309167
13.6032817653
13.6247120728
13.6342091491
13.6497767369
13.6631728309
13.6753102124
13.6797196745
13.6856762355
13.7152028654
13.741990571
13.7620277087
13.7869631247
13.8083937341
13.8304253124
13.8396584474
13.8570546661
13.8747691085
13.9029443854
13.9159407489
13.945762943
13.9925712031
14.0037714382
14.0446036409
14.0741324378
14.0846026473
14.2557409395
14.2826044341
14.323294877
14.3485490525
14.4061794759
14.414050683
14.4605948106
14.4727839806
14.492757472
14.5092029357
14.5165061764
14.5270107703
14.5344483342
14.5539748257
14.6092707672
14.6251813848
14.6344737029
14.6437536763
14.6532520296
14.6846569162
14.7011218764
14.7089963583
14.7180786104
14.724483793
14.7308635509
14.7746253409
14.7877924529
14.8135362812
14.8646168687
14.8817657335
14.8991359292
14.9135093531
14.951139361
15.164889365
15.2787277367
15.2916889794
15.2980582137
15.3418645073
15.3671706304
15.4217452887
15.5022769516
15.5386016545
15.5584814855
15.5834605031
15.6117062209
15.6174941729
15.6221702729
15.6421305869
15.6552496323
15.6646103478
15.6776456029
15.7088372624
15.7142264815
15.7209670753
16.6368829645
16.6966437902
16.716802803
16.7595831362
16.8130037785
16.8194010466
16.8365330577
16.8503965565
16.9009416774
16.9150803592
16.9186529925
16.9591981602
16.9638592433
16.9828773245
17.0105367956
17.0340611404
17.0418125201
17.0597037484
17.0639064823
17.0741024046
17.0903092536
17.1223202029
17.1745483443
17.2179783734
17.2386876625
17.2503983596
17.2609876965
17.2952388291
17.3322904265
17.357969192
17.4073751366
17.4378788363
17.4412205251
17.4605225109
17.4838841719
17.4977284057
17.5383894573
17.5434891456
17.5592630954
17.5810013175
17.6335405958
17.6522085121
17.6710470323
17.7012724575
17.7452891944
17.8574066163
17.8787799146
18.0082038755
18.0277730316
18.0371517506
18.0533380901
18.060401165
18.0843260756
18.0910467792
18.0970141936
18.1025125733
18.1108486149
18.1168947471
18.1597535874
18.1724184607
18.1852446408
18.1974341336
18.2150156223
18.2389784934
18.2489219307
18.2673364446
18.2827984154
18.3262213942
18.3466546299
18.3769618045
18.3820084139
18.4067991284
18.417307243
18.4576843152
18.4913188206
18.5175396337
18.5219529489
18.5281986001
18.5485830881
18.5588640981
18.5696998828
18.6179304122
18.6436157525
18.6514872453
18.6895985886
18.7385163405
18.756324379
18.7742070543
18.8041653616
18.8449872166
18.8805178869
18.9065357137
18.9362078859
18.9657200462
18.9955807512
19.0195821026
19.1594163123
19.1692065582
20.0565513826
20.0894768871
20.1224217061
20.1654251515
20.20571888
20.2176271544
20.2367812872
20.253949906
20.3513831129
20.4103047576
20.4261978153
20.4322962375
20.4391660673
20.4513403685
20.4801496945
20.486206965
20.5091252179
20.5155464181
20.5763439597
20.582383642
20.6018803657
20.6196222625
20.640924515
20.6698809134
20.6870411313
20.9062382609
20.9161990586
20.938660952
20.9567059282
20.9828107085
20.9903600385
21.0331868299
21.0691039465
21.0900549289
21.0991414607
21.1401630623
21.1738299207
21.2043618808
21.2330757735
21.2619284638
21.2912891448
21.3160717432
21.3738346889
21.406524745
21.4102590499
21.4958946273
21.5056024857
21.6392763787
21.7541562282
21.7721698237
21.7880310501
21.827323483
21.8515727533
21.8745342984
21.914087595
21.929797496
21.9753623357
22.0025709012
22.1164772483
22.1449501008
22.1552074389
22.1717950762
22.1751916606
22.2102983062
22.2275782235
22.3367671758
22.3594483877
22.4343398515
22.4636667964
22.4872504946
22.5141987639
22.5286184891
22.575885337
22.662674561
22.701797109
22.7617577079
22.8144145963
22.8198200444
22.8336748075
22.8387983841
22.84538034
22.8501512923
22.8678023554
22.8926795025
22.9040146663
22.9561700369
23.0180729053
23.0375025252
23.3631439195
23.3839317931
23.4091151883
23.4244002298
23.4389921774
23.4567968045
23.4648763446
23.4779986118
23.5017000782
23.5098515933
23.5551040164
23.6084569664
23.6181092463
23.6478515945
23.7547635208
23.7935918324
23.8145691137
23.8545710252
23.8745418583
23.9152380675
23.9645212634
23.988797682
24.0035778939
24.0074449958
24.0114031597
24.0194868339
24.0410320356
24.0733697303
24.0887794609
24.1121308434
24.1372687387
24.142787883
24.3964053786
24.4162078422
24.4265192389
24.4341747077
24.450546611
24.4573395082
24.7368329188
24.7978270593
24.84137786
24.8786472959
24.9705090181
25.0036034373
25.0390772159
25.0856752694
25.1067412814
25.1457560797
25.2200590159
25.2364591748
25.2674139463
25.2731098416
25.285729653
25.2923780191
25.3070273037
25.3106240198
25.3412941076
25.368832822
25.3886935011
25.3961621114
25.4147560119
25.4268601438
25.4789747085
25.5283997995
25.541488605
25.5547650142
25.5609462598
25.5930241464
25.6038998553
25.6167601505
25.6299983287
25.6971193927
25.7208526096
25.7270305683
25.7345330057
25.7579567816
25.7838054461
25.8076924075
26.0076481237
26.0640495717
26.0907870186
26.1429542444
26.2268887773
26.2750956573
26.34704478
26.3900462899
27.0146206152
27.05113593
27.0751864741
27.1016238498
27.1235529504
27.14589424
27.8100249437
27.8259016217
27.8349311331
27.9437219718
27.955535954
27.9692021706
27.9837836192
27.9896590542
28.0008409913
28.0318529235
28.0541691767
28.0819057638
28.0947599488
28.1053151264
28.1208304975
28.1535336836
28.2036613558
28.2329317283
28.2525915127
28.2690890187
28.2842783518
28.3168555916
28.3517451611
28.3794923349
28.4194533306
28.4618198595
28.5064844078
28.5661842379
28.6076287203
28.6162141884
28.8073692335
28.8207821319
28.9968600412
29.0110167633
29.0244080953
29.0331760801
29.049599649
29.0659443388
29.0768137969
29.081947525
29.0965655408
29.1111293806
29.1435762444
29.1657307461
29.1797644285
29.1863752438
29.190377238
29.2071466823
29.2724774509
29.3054640653
29.3693594041
29.3918108669
29.4210822548
29.6176748398
29.6610649734
29.719491187
29.7606321914
29.8115023738
29.8310351397
29.8433844372
29.9263074912
29.9496540235
30.0199083163
30.0401715181
30.0446253139
30.0575719173
30.0763536197
30.0973124662
30.1081933771
30.1212887956
30.1562665143
30.1698016204
30.1835229771
30.1930123911
30.1989392961
30.2185406294
30.2313703122
30.2461826503
30.2634251705
30.2701018321
30.2886604115
30.2970896934
30.3226345574
30.3359178996
30.3518933724
30.3657910942
30.3832948012
30.3974659071
30.5806768002
30.598059678
30.6273020353
30.6445794829
30.8553797011
31.0517427082
31.0695187318
31.0823212971
31.1053085133
31.1269017973
31.1780290562
31.7752602239
31.7919702262
31.8076457394
31.8153916013
31.8306163251
31.8614157322
31.869183363
31.9082554855
31.9486150619
31.979360848
31.9889427859
32.0480158401
32.0926077642
32.2471509024
32.3117637215
32.337343209
32.3896015228
32.4283326947
32.4375602863
32.4503685005
32.4681805658
32.622531836
32.6274625259
32.6357230562
32.6444720921
32.6530558593
32.6741493979
32.6963298985
32.7267414834
32.7501528036
32.7676703653
32.7751677609
32.9216497531
32.9645348626
32.9854029236
33.0096049908
33.0161017719
33.0345664598
33.0402504061
33.0673539798
33.0907891009
33.0964470004
33.1070897965
33.1133578384
33.1499709826
33.2028385211
33.2399895719
33.3045958413
33.3924903941
33.4286377951
33.4411112547
33.487885352
33.5389916893
33.5607138757
33.6459661067
33.6714295566
33.6803920146
33.7073020727
33.7206945014
33.7426060541
33.7587134906
33.7652957931
33.7758539006
33.7881745586
33.7937318887
33.813042694
33.8658963741
33.8747607432
33.8877939733
33.9078872738
33.9175194214
33.9360581356
33.9445665828
33.9615435938
33.9749314488
33.9967883761
34.0271317695
34.0467609776
34.0692464152
34.0914786903
34.106514461
34.1524048487
34.1612436526
34.1782575532
34.2201480192
34.2542785077
34.267387993
34.2931280344
34.3771890172
34.3870534084
34.4282993972
34.4631216338
34.4753044392
34.501847496
34.5403985544
34.5723178657
34.6035163989
34.619547825
34.6424055171
34.8108683057
34.837981192
34.8499798677
34.9204307473
34.928716409
34.9449081953
34.9519948145
34.9647702306
34.9953024451
35.0073565815
35.0184796148
35.0394326586
35.0465635164
35.0555563401
35.0622216515
35.1788028634
35.3746420404
35.3816407073
35.3973444389
35.4265209949
35.4538622383
35.4738240883
35.6495422987
35.689932911
35.7169332193
35.7219840733
35.7454817066
35.7513177858
35.7759788093
35.8245873199
35.8682204652
35.9162335651
35.9546196219
36.0186183751
36.024229626
36.0280679695
36.0740498222
36.0813484796
36.1677393999
36.1941904909
36.2202732734
36.2314248377
36.2463385725
36.2733547798
36.2770688693
36.3001736511
36.312859772
36.3361138596
36.3413449714
36.3643026481
36.3794307885
36.4237262701
36.4502068938
36.5132069928
36.6384380045
36.6512995815
36.6829721049
37.2138991684
37.2222842047
37.2382760851
37.2558295635
37.2632792714
37.296203499
37.3045286783
37.3301964082
37.3429773915
37.3515715342
37.3596674598
37.3868212189
37.3989720459
37.4103565539
37.4208905502
37.4280373101
37.4352611997
37.4463100948
37.4547555776
37.5251757668
37.5320401371
37.5720956338
37.5835785402
37.5926859257
37.6079700207
37.6410890081
37.6773097708
37.7064538571
37.7128722428
37.7403742695
37.9597644218
38.0022096681
38.0177403118
38.0839001294
38.0999902964
38.1284113134
38.146045783
38.176581846
38.2112487648
38.2817686969
38.4149463771
38.4202848485
38.4287556366
38.4433828486
38.4637343323
38.4722044763
38.4854797555
38.4902141611
38.5467767127
38.5595356816
38.5661109314
38.5712489434
38.5782831566
38.5914031018
38.6158564943
38.630169063
38.6505549474
38.6727879408
38.6813084
38.6987508907
38.7245309252
38.7374382088
38.7546481325
38.7726738621
38.8612462702
38.884072842
38.8962445651
38.9407248074
38.9503724726
38.9967652357
39.0947010002
39.1524090649
39.1945613813
39.2110947
39.2582832837
39.3067919616
39.3225885521
39.387268222
39.3915959158
39.4390078182
39.4984740573
39.5953517643
39.6102809393
39.6289579268
39.6340832045
39.6405228441
39.6632947249
39.6731500731
39.7323430104
39.739052084
39.7496765525
39.7613669655
39.8583711644
39.8706113739
39.89520353
39.9079062778
39.9273537084
39.9384342546
39.9674175157
39.9821517775
40.0063188336
40.0285559892
40.0444680661
40.0684380987
40.086711152
40.099631519
40.1214831765
40.1552893816
40.1698078058
40.1843181897
40.2154822665
40.2219178879
40.2458267347
40.2656203687
40.3067259995
40.3393014488
40.359693448
40.376395035
40.4398595627
40.4480007342
40.5161298179
40.5663493946
40.6042025595
40.6184845151
40.6773857196
40.6957622128
40.8058238179
40.8218872051
40.8268833129
40.9360659504
40.9611198635
40.9746043518
40.9828085183
41.0034541317
41.018578392
41.0312475404
41.0413558727
41.049231249
41.0679443676
41.0817234583
41.0927022257
41.1211928773
41.1525863896
41.1830554264
41.2732229578
41.3611270343
41.3826947718
41.3980023111
41.413571968
41.4186087801
41.5082268303
41.5747398332
41.6044868164
41.619525869
41.7180301122
41.8199616768
41.8976462286
41.9566580506
41.9836681046
1025
