6.01244981601
6.02501316552
6.04785418427
6.05232198455
6.09797202662
6.11496813264
6.12112055203
6.13469038575
6.16752336123
6.1939714877
6.22091351897
6.2427819705
6.32778310776
6.33561368146
6.35924538977
6.38446271658
6.44967907232
6.45339111684
6.48506543306
6.52178687942
6.53561697838
6.54341851284
6.5778211194
6.61446212701
6.63655467766
6.66075175076
6.70910075077
6.74110314635
6.76765067898
6.7826112896
6.82002019692
6.8972349884
6.93918521327
7.14342033317
7.214797092
7.228598822
7.23842519741
7.24424596948
7.25133913343
7.26060402731
7.38130569068
7.39979879873
7.41734556112
7.42476095584
7.44413783517
7.4672893347
7.47255537059
7.48255534759
7.49582114797
7.50611663686
7.51424597984
8.40824423234
8.41568615781
8.42480287484
8.44529741211
8.47217847704
8.51963497832
8.52666158591
8.53221171869
8.53982609311
8.5452367991
8.55945399287
8.57188461421
9.5336341692
9.56559962598
9.5703091247
9.59169159839
9.68886350649
9.69906512704
9.71573825539
9.72003326859
9.86051313507
9.8695587162
9.89981879467
9.91133416021
9.94664758034
9.95566221011
9.99495507842
10.0085733316
10.0312163586
10.0475878484
10.0915400816
10.1204254623
10.1319949802
10.1970739835
10.2016359244
10.2246240362
10.3105819143
10.3354354851
10.4029826597
10.4193875096
10.437121862
10.4451270408
10.5312789134
10.5570354868
10.5799781042
10.6008350644
10.6144815445
10.6600351901
10.7513862059
10.793512522
10.815713463
10.8245128952
10.8304380223
10.8436412459
10.8530588945
10.8720573224
10.8854272277
10.8974573924
10.9072503973
10.9263797022
10.9579448081
10.9942305923
11.0078927968
11.0233003039
11.0364911262
11.1038034321
11.1298166714
11.1395821928
11.1526561367
11.1867270397
11.2063272092
11.2196196497
11.236864385
11.2589620954
11.2907792197
11.3126126105
11.3161451552
11.6029472293
11.6264114035
11.641876334
11.6751351408
11.6970602026
11.7421389047
11.7583886106
11.7837688529
11.8195525411
11.8288580181
11.8521035932
11.8916434969
11.9444222665
11.9792836772
11.9949933395
12.0117923264
12.0203257914
12.031808457
12.0647354137
12.0970605496
12.1125627868
12.1334475626
12.1416376737
12.1579018923
12.1694610972
12.1782277243
12.2006224971
12.2148909153
12.2244037795
12.231934206
12.258349896
12.2871748759
12.2919007941
12.3056619715
12.323620541
12.3311729853
12.3356126278
12.3627060051
12.379554303
12.3914370835
12.4144023268
12.429331682
12.4398272323
12.4695600099
12.4824289947
12.5308492581
12.5674924097
12.8934278378
12.9157999886
12.9348251862
12.9476553852
12.9823555125
13.0394462445
13.0756502989
13.2182248965
13.2344572967
13.2565978713
13.2686417516
13.2857263726
13.2951739437
13.3147717661
13.3231233416
13.7220119907
13.7346630597
13.757621164
13.8051438874
13.8184874346
13.8426790091
13.8606174643
13.8708741727
13.8920978801
13.9123057197
14.0269101528
14.0697170266
14.1085018449
14.1594859864
14.1984593642
14.2254095472
14.2462044676
14.2716573792
14.3202975749
14.3957881192
14.4055199935
14.4120128664
14.420617853
14.4563559772
14.4790414437
14.4930951812
14.5074799243
14.5208409533
14.5304455454
14.5575483869
14.5760088983
14.582691956
14.5908134289
14.5967246667
14.6051499387
14.6220581004
15.496630015
15.5015453575
15.5578625843
15.5976810101
15.6579788815
15.6759463435
15.6802432428
15.6840598692
15.6894888105
15.7280734693
15.7489428318
15.7565040663
16.4961028271
16.5546824799
16.5775324495
16.611669931
16.6501537717
16.6736241666
16.811490082
16.8158899823
16.9516440937
16.9668982798
16.9749749165
16.9999482677
17.0731566924
17.0856186504
17.1028551108
17.1631317363
17.1856068202
17.205404143
17.2302978261
17.2518694267
17.2811652091
17.3068415263
17.3458916151
17.3720122159
17.3886763849
17.415601192
17.4383302607
17.4585950439
17.4702031079
17.5001762755
17.5257131787
18.0187472435
18.0240382181
18.0365959763
18.0481152483
18.9559507627
18.9906929185
19.0123627432
19.0617467968
19.093477323
19.1609364716
19.2198380059
19.2257105026
19.2391464976
19.2437381898
19.2674059964
19.2707836115
19.2755571844
19.4015756388
19.4218100294
19.4337502657
19.4437281452
19.4654648367
19.4914933217
19.5228443909
19.5377320843
19.5641953488
19.6193870798
19.6374656486
19.6617694877
19.6964468853
20.0188549466
20.0351854541
20.0614880405
20.0890326997
20.1360095354
20.1399181066
20.1678801882
20.1896672392
20.2688285785
20.3402093797
20.3540964782
20.3705559312
20.4084850725
20.4238515351
20.4735542976
20.4768905382
20.4936979989
20.5063190835
20.5168416085
20.5314731108
20.6336833745
20.6922823397
20.7037041627
20.7347469425
20.7552431545
20.7618579512
20.7921382216
20.8118535389
20.8349249393
20.8565086457
20.9372050048
20.9463072862
20.9660672351
20.9953288788
21.017105717
21.0384225995
21.589999105
21.6072646429
21.6202600198
21.6305122473
21.6387257641
21.6522174205
21.6730827211
21.688769391
21.7214369291
21.7324716287
21.7510761562
21.7599519284
21.7779375621
21.7840352593
21.8064980109
21.8125208709
21.8393873833
21.845491978
21.8529652788
21.8731897526
21.9044980396
21.9115273161
21.9203466407
21.9288365694
22.0244349223
22.3699473063
22.3759715554
22.4118534515
22.4193294854
22.5222558938
22.5963902732
22.6268316595
22.6926878152
22.7127927511
22.7265074201
22.762766804
22.8185768683
22.8572548454
22.8759459514
22.9029432706
22.9086271677
22.9170912529
22.9231693668
22.9486998162
22.9693137491
22.9878105767
22.9944631294
23.0017666443
23.0266761627
23.0300183467
23.0397693196
23.0731175446
23.0868596229
23.1175081348
23.1296837928
23.1764121312
23.2033480133
23.2105551988
23.2522255646
23.269591162
23.3541146823
23.3681901406
23.3721831747
23.3834015387
23.4438855762
23.4653910269
23.497264465
23.5149940227
23.5748115563
23.6015301591
23.6195463819
23.6383662855
23.6870370688
23.7052080664
23.7376430448
23.8649551011
23.8992407579
24.0034966851
24.0251541088
24.0356326702
24.0590158476
24.0648138962
24.073636447
24.0872946176
24.0917566345
24.1094824023
24.1176544968
24.1235445457
24.1350459343
24.1412107636
24.1465945643
24.155028117
24.167523517
24.1860548249
24.2156357856
24.2245527903
24.2352014125
24.2745138284
24.2887361995
25.2034325071
25.2164691852
25.2257607147
25.2660416291
26.415442903
26.4376099168
26.4459720235
26.4625079396
26.472814241
26.4976911475
26.5154895794
26.5376382544
26.5472142592
26.5693661513
26.5800175895
26.6082803952
26.6245758971
26.6320239158
26.6425387035
26.6638056578
26.6804771435
26.6987467269
26.7214361221
26.7547271797
26.8437525774
26.8780455639
26.9023667981
26.9125284772
26.9456036894
26.9548854334
27.0082492245
27.0467353986
27.0697750903
27.1447350907
27.1817336763
27.2646569613
27.3072928953
27.3166755084
27.3318172944
27.3513102279
27.4078768561
27.431820869
27.4519282447
27.4680625295
27.4835546154
27.5619556371
27.5967604075
27.6109807288
27.654694671
27.6643713681
27.7166930812
27.7238447873
27.7342262476
27.740327334
27.7494113394
27.7620917361
27.7814468103
27.8810256767
27.8896939953
27.915264061
27.9493328468
27.9576066147
27.975455839
27.9937288753
28.0036746032
28.0834125024
28.1037984135
28.1320210674
28.1731550867
28.1822005418
28.1994818638
28.2106123063
28.243953372
28.29148536
28.3072184743
28.3776401955
28.411317844
28.4495415885
28.520135432
28.5833215873
28.8122507865
28.8161372115
28.8540451488
28.8623293575
28.8803834534
28.9081487932
28.9175417139
28.9389260576
28.9563206531
28.9898920895
29.0071481493
29.0161710855
29.0249567535
29.0718525588
29.0959727162
29.109473229
29.1356947678
29.1577170386
29.2003064999
29.2124228518
29.261893306
29.268164643
29.3061496452
29.3270467011
29.3613706835
29.3954827858
29.4585622337
29.4620199785
29.4822132154
29.5113587283
29.5467443613
29.5722020822
29.5897537551
29.6303402817
29.6488435402
29.6792075491
29.8212211011
29.8497993284
29.8763014586
29.8949889152
29.9346316254
29.9562607364
29.9827339412
30.0103504248
30.0173885324
30.0396602537
30.0598063951
30.0744815785
30.0865083566
30.1004404979
30.1147177859
30.1200975398
30.1360147325
30.1593961517
30.2178238452
30.2363181071
30.259810889
30.2937604722
30.3081621451
30.3422755184
30.3483281497
30.3748544508
30.4074977965
30.4357743215
30.4584252883
30.4699288598
30.5023541527
30.5148556889
30.5461254555
30.5886829291
31.0573476076
31.0826860777
31.1253130957
31.1626463578
31.2071732879
31.216931336
31.2330447016
31.3056268073
31.3136686301
31.3224380885
31.3306278913
31.3368260129
31.3640329901
31.3951318422
31.4102963711
31.4426057885
31.45061735
31.4683422192
31.4811971241
31.4905085438
31.5152316772
31.5367523657
31.5496964145
31.5850519328
31.6390844348
31.657775155
31.6966825567
31.7128750156
31.7898411491
31.8427901378
31.8724814443
31.8841909959
31.9220448274
31.9540036526
31.9797751635
32.0031603039
32.0154840519
32.025725185
32.0773539133
32.1180480455
32.1267575169
32.1713034543
32.4069200051
32.4142705545
32.426243623
32.4326788365
32.4381397483
32.4453126004
32.4564097124
32.4653499287
32.4768881442
32.4834713684
32.4934717339
32.5591190409
32.5926772813
32.6206041335
32.6380432149
32.7022499826
32.7298933775
32.7452545747
32.7611422415
32.7782934018
32.8202339209
32.8267206569
32.8604443708
32.8940356837
32.9020112328
32.9186992381
32.9469912567
33.1109226305
33.1207758006
33.1691909913
33.175909773
33.216090861
33.2234706362
33.2728545
33.3608420092
33.4015174203
33.4326430312
33.4785796447
33.5497168973
33.5758904138
33.619379891
33.6288699681
33.6779930507
33.688574108
33.7460083167
33.7572107451
33.7852061279
33.8259212473
33.8470092275
33.9672611937
33.9758420587
33.9819426052
34.0043715418
34.0139753375
34.0499146846
34.0802513131
34.0939905755
34.1236112325
34.127642149
34.1518187636
34.1883660134
34.1954508523
34.2274522817
34.2415393641
34.27632692
34.326488571
34.3376601751
34.3449050007
34.3528490527
34.4061179407
34.42910165
34.5235494425
34.56164702
34.5966601666
34.6240942505
34.647545394
34.6592521793
34.7274614057
34.7807146446
34.79301187
34.8222619051
34.8285674282
34.8348308574
34.8452761236
34.858233952
34.8806633353
34.9129394695
34.9287574041
34.9467596112
34.9563870479
34.9717237196
35.0055392416
35.0254051974
35.0353797953
35.0562371143
35.0676881168
35.0898309556
35.1001591591
35.1259241385
35.1376245404
35.150943551
35.1728208734
35.3946460773
35.3996677346
35.4125464507
35.4547331908
35.836580543
35.8591161198
35.9225749911
36.0234458468
36.0341583475
36.059786095
36.0881948303
36.1068461108
36.1401827917
36.156261134
36.1892605153
36.2083721706
36.2155083271
36.2276852392
36.2429767961
36.2531864451
36.2609939186
36.2806999009
36.3010067493
36.3104468435
36.318634395
36.3375373103
36.3831377149
36.5002311667
36.7257928371
36.7662453251
36.7781277275
36.8002005371
36.8438291888
36.8651056829
36.8825613942
36.909859254
36.984653066
37.0029342747
37.0342212149
37.062649239
37.1052442669
37.1510440661
37.2265636795
37.248221245
37.259972833
37.270293413
37.2739505465
37.281423185
37.2870316573
37.2968566232
37.3047254305
37.3212982263
37.3266415685
37.334094758
37.3781000717
37.3883438949
37.3985343094
37.4062424219
37.4244890068
37.4395272529
37.4593202065
37.4790220275
37.5026956229
37.511209416
37.5185203137
37.5451347513
37.5600460789
37.5877933508
37.5949599115
37.6256701085
37.6443662307
37.6603825413
37.6880080589
37.6949143757
37.7299052627
37.7484715671
37.7545742275
37.7820923422
37.7902411274
37.801548425
37.8425997223
37.9244024734
37.945254246
37.9628095741
37.9809494916
38.006734678
38.0238363965
38.0757456277
38.1004442215
38.1222224852
38.142086195
38.1686371749
38.1931895813
38.2174250922
38.2513828349
38.4043298367
38.4595610992
38.4648241343
38.4807200891
38.4922805755
38.508869151
38.5154892643
38.5398619495
38.5447878997
38.5541063547
38.5684453213
38.5795374157
38.5930399477
38.6048099068
38.6207412561
38.6277592004
38.6592683638
38.6663384449
38.6808483697
38.714415732
38.7488686999
38.7646063457
38.7713744773
38.785811174
38.7904783657
38.8168837167
38.8620808873
38.885527677
38.9121964899
39.0014721845
39.0228008031
39.0446287526
39.0916000114
39.1204425073
39.1741859195
39.2251852039
39.2473542048
39.6060205852
39.6232384689
39.6549593139
39.6720567913
39.6818744906
39.6961914082
40.7042953382
40.7939695782
40.8139216949
40.824645713
40.838099694
40.8440217493
40.8551765231
40.8739924499
40.899233588
40.9120660602
40.9426925259
40.9477423208
40.9626989882
40.9826884409
40.9917309188
41.0060127896
41.0302683822
41.0624531885
41.0676884124
41.1047666165
41.1124297313
41.1445978971
41.1747912384
41.1997206945
41.210865173
41.2320094651
41.2564798724
41.2746705152
41.2954757224
41.3313414212
41.3556579445
41.3829253314
41.4029303758
41.4063097225
41.4235170774
41.4656775171
41.4715338908
41.4800034026
41.4998895029
41.9161691728
41.9746372623
41.9791170096
41.9984834115
909
