6.00833975637
6.04582364734
6.04938403902
6.05516407685
6.07128303402
6.08442030578
6.10975735033
6.12066397399
6.12729900295
6.13935279091
6.14678918404
6.15647072179
6.18997684956
6.22762478865
6.2521120274
6.27276391929
6.29306459097
6.31755024223
6.32634332596
6.33740936064
6.3474461409
6.37090096693
6.37860817574
6.38828452725
6.39429938726
6.40878482397
6.43575829942
6.45565401658
6.46832704762
6.48722048873
6.74245494736
7.20745453055
7.22292996908
7.31371107438
7.32676972646
7.33647831884
7.36015196846
7.37211901114
7.38572532056
7.47519834348
7.48732149732
7.61513042082
7.6250775524
7.64989607227
7.67040136057
7.67986935193
7.68776179602
7.71915355203
7.72848201242
7.74186474333
7.76829298987
7.78104689701
7.81902107486
7.84420434178
7.88958761537
7.89910267401
7.97976239183
7.98450943419
7.99733771901
8.03616846575
8.06284940729
8.10500477157
8.14169881116
8.15939682067
8.16716410882
8.20245031524
8.26855310749
8.32221960556
8.36281384718
8.38389413012
8.39065301071
8.41000749383
8.42270793829
8.46951498061
8.47988415222
8.48700027977
8.51541605979
8.52947894968
8.57406998905
8.57899384617
8.6096914374
8.61591687446
8.62505755413
8.63636203537
8.86698587012
8.90374468012
8.9178476777
8.95602451525
9.04399459964
9.1405248735
9.14939274021
9.19547308356
9.24396442948
9.27984467662
9.31296733444
9.34968857848
9.50726076107
9.51430059684
9.58240098904
9.61215150755
9.62103404317
9.63754879495
9.6569586054
9.6688622594
9.68530253528
9.6959952382
9.72220525989
9.73031424573
9.78801579245
9.80514960725
9.8148602042
9.82810918914
9.83843562724
9.85377548216
9.8572159986
9.89605513186
10.0297354635
10.048669251
10.0662197044
10.1450537402
10.1592056755
10.1941877445
10.2209928902
10.2556747159
10.2675839605
10.3237568173
10.3626155302
10.3707062634
10.4264839289
10.4533533235
10.5052059133
10.5863783424
10.6048182971
10.6448666545
10.7029627589
10.7559588952
10.7763699247
10.7833746066
10.816224225
10.8343400471
10.8615275607
10.8697158956
10.8822364169
10.890439169
10.9678797238
10.9750090519
10.9793077562
11.0024194605
11.0155701006
11.0395612802
11.0488223609
11.1079839228
11.1412188455
11.1450744302
11.154628157
11.1724365941
11.2062558069
11.2251090042
11.2589724931
11.3960138537
11.4507363844
11.6123162583
12.1005022241
12.1255639171
12.1439230383
12.1579373565
12.1631015672
12.1769887815
12.1914686286
12.2062610648
12.2227418096
12.2281904821
12.2696148883
12.3515751628
12.3775858194
12.3911788808
12.4060456426
12.4137209196
12.4306832203
12.4594919092
12.4679821857
12.4829151801
12.4957617127
13.1343674633
13.1873251246
13.1951957762
13.2099765474
13.2392975706
13.2544826647
13.2636269507
13.2733574172
13.2929116786
13.2997831893
13.3105744529
13.3139325565
13.3209436471
13.3369310986
13.3571264286
13.3636800315
13.383381325
13.3969441707
13.4077791146
13.4344447081
13.4646623774
13.4730704439
13.5066639594
13.535630361
13.5706456776
13.5965194187
13.6011213461
13.6185909436
13.6427044887
13.6568276843
13.6818544942
13.7243097119
13.7687148968
13.9781629543
14.0075687014
14.035140102
14.0591147963
14.0966145191
14.1219771245
14.1607370535
14.2111046877
14.3650668114
14.4162052018
14.4273469501
14.4400490254
14.485163526
14.4889693073
14.5271930977
14.5356733333
14.5508327827
14.5617580661
14.5706639193
14.5840493563
14.6079723122
14.6270702318
14.6338151232
14.6558233643
14.6768988032
14.8787123709
15.0257770704
15.0533842079
15.0645410202
15.1033442029
15.1261091013
15.1460188579
15.1739019233
15.1989900038
15.2864009451
15.4221305834
15.4339998667
15.4744928013
15.5016285905
15.5537864937
15.6042756759
15.6107148745
15.666337289
15.6801914427
15.686991066
15.7298473008
15.757105662
15.7644999971
15.7817765432
15.8038884575
15.8328105227
15.838287776
15.8562551797
15.8604344555
15.8816170866
15.9680138934
16.0526878926
16.0632453397
16.1216676935
16.1343671806
16.1585483285
16.1984788708
16.2704314344
16.3030659362
16.3112630969
16.319799601
16.3345317872
16.368266816
16.3922001983
16.7632304699
16.8121376015
16.8328021765
16.8507626883
16.9513941886
16.9611049583
17.0752574442
17.0889388736
17.1179629359
17.1285708665
17.144918547
17.1631134965
17.1846638028
17.2199951955
17.241076845
17.2555132977
17.2725269311
17.2802532705
17.2927368413
17.3060916507
17.3163840146
17.3534454908
17.3711110957
17.374545124
17.3996152028
17.4312337695
17.4666878571
17.5067372386
17.5346953386
17.5472749114
17.6086773482
17.6319679663
17.6440060059
17.6968490579
17.7203771416
17.7809927081
17.8012035991
17.8430370298
17.8938944135
17.9393657257
18.0061324328
18.0196026931
18.0281661002
18.0402115357
18.0453058404
18.0722044949
18.0937695296
18.1331527421
18.1440517092
18.1488189382
18.1844036583
18.1938356782
19.2059058383
19.2179534169
19.232035951
19.2577712798
19.2634623929
19.2754538779
19.306495468
19.3125237948
19.3294764941
19.3367102261
19.5891320549
19.6015464135
19.6197921842
19.6297854986
19.683213674
19.6990045676
19.7190801613
19.7239440766
19.7348777548
19.7599700116
19.7905598785
19.8232579496
19.8572476056
19.8743276153
19.8907094861
19.9018059659
19.9323277724
20.0036125504
20.0145741344
20.0558379066
20.0836094848
20.1004393354
20.1418845028
20.177755752
20.2301776055
20.2557979226
20.290805398
20.3424546269
20.3899239434
20.4128367724
20.4317075706
20.4523540392
20.4597285634
20.4712212184
20.4833288462
20.5005903477
20.5188897377
20.5432751271
20.5485349229
20.5700527934
20.5788895297
20.6090481175
20.6160466034
20.6485297605
20.6519650987
20.668485424
20.6753763979
20.7541588366
20.9124682964
20.9864389183
20.9939525737
21.0087527908
21.0378260975
21.3982036293
21.4421421518
21.484833484
21.4958028192
21.5187304512
21.5562333925
21.5990612985
21.6112995405
21.6189865339
21.6366524477
21.6715361181
21.7058778697
21.7379624794
21.745656785
21.7521161492
21.7648604076
21.7785114092
21.8099906851
21.8270992408
21.914658689
21.9331782355
21.9615084865
21.9938703361
22.0065481983
22.0349622547
22.052138767
22.0676838182
22.0811521393
22.0850589563
22.0964520836
22.1255238064
22.1642284613
22.1778268461
22.2413684747
22.2693790715
22.3071318318
22.3497963525
22.365620066
22.3933171106
22.4159801776
22.4486102029
22.4535565153
22.4964863812
22.5515504735
22.5782479326
22.5998770852
22.6251629156
22.7144977194
22.7467087294
22.7666539168
22.7925811303
22.8148045128
22.8198353558
22.8287886421
22.84571802
22.8567490763
22.8776627606
22.8895185512
22.9080584838
22.9176052345
22.9376067878
22.9475906502
22.9562284968
22.9798927103
22.9974002215
23.005170237
23.1932880479
23.207570559
23.2422359466
23.2921057789
23.3075835408
23.3696734386
23.380324745
23.3942343272
23.415179165
23.4396842863
23.4628084922
23.8478768272
23.8720539828
23.934082021
23.9406880811
23.9833087123
24.0114342024
24.1818957853
24.1871377245
24.2005046559
24.2114071762
24.2294121493
24.2483555466
24.2649594416
24.5628980085
24.5819244019
24.5919029253
24.607246717
24.6422966841
24.6550643269
24.6687231466
24.68839164
24.7385240386
24.7936196359
24.8591924108
24.8843055736
24.8996838325
24.9349623245
25.1072137883
25.1436423642
25.2076147424
25.2173206778
25.2255585511
25.2404187998
25.3053511632
25.3252074155
25.3289391053
25.5323948153
25.5521019207
25.5659946294
25.5760528669
25.6572607372
25.6653674611
25.6852094723
25.7058653464
25.7555376221
25.7788658878
25.7935292882
25.8973163225
25.9920511232
26.0076575642
26.0343070798
26.0519587645
26.0796933905
26.1068665099
26.1922823819
26.2436466186
26.2939724538
26.3578073253
26.4063938101
26.4277817181
26.4324441983
26.5332384378
26.5471406573
26.5571323282
26.5610323524
26.5661162021
26.5789558251
26.5906595045
26.7167372897
26.7328253099
26.7678231736
26.7785874758
26.7937819683
26.827332625
26.852605052
26.9233982038
26.9430549928
26.9671615227
27.0096363692
27.0322801757
27.0508509607
27.0789761356
27.0868526969
27.0985227017
27.1375526931
27.1883099832
27.2308149612
27.2575662176
27.3303436571
27.3760763251
27.4013413968
27.4612369049
27.5346002763
27.6271035947
27.6449833004
27.6560743155
27.659549056
27.6693734966
27.6754169251
27.6960717149
27.7198508143
27.7377642033
27.7554788356
27.8022804375
27.8194042657
27.8477977235
27.8691150285
27.8761319543
27.8943988777
27.903601166
27.9203802492
27.9453055527
27.9709838939
27.9750208129
27.9854862995
28.0268928686
28.0360542281
28.050026326
28.0681387765
28.0910652418
28.1200676244
28.2762834135
28.2887388171
28.307892359
28.4093421468
28.4448654493
28.4562699609
28.814079184
28.8404168291
28.8697545196
28.8787533504
28.9370757889
28.9436411667
28.9684821187
29.1796186772
29.228047044
29.2602049214
29.2982437509
29.3190612811
29.3809267507
29.3943481634
29.4099649981
29.4611090658
29.4855777475
29.4999608146
29.505690922
30.2733846021
30.2903572696
30.3001702169
30.3213135424
30.3451722441
30.3562295928
30.4129257544
30.4167081974
30.5787807572
30.6246687544
30.6342202158
30.6508939012
30.6769392284
30.6952599402
30.7366196959
30.7403339378
30.7804942498
30.8117854169
30.9478131322
30.9836220154
30.9985441112
31.0033995055
31.0273188049
31.0389389236
31.1111369543
31.2186051061
31.2430348903
31.2597520657
31.6497355962
31.6557470509
31.6697471946
31.6836888351
31.6924893882
31.7063954881
31.725404856
31.7347542112
31.7648487362
31.8216273204
31.8429699772
31.8605067145
31.8962020811
31.9340517359
31.9607650911
31.983884859
32.0237485659
32.0365721748
32.1618361304
32.190369852
32.2119213463
32.2173692763
32.2552564979
32.3238261123
32.3587073705
32.6634411763
32.6809235315
32.6922466881
32.6972218662
32.7211608215
32.7337277021
32.7460826002
32.7637111069
32.7871578239
32.8009904345
32.8151793315
32.8620435918
32.865867392
32.8883010931
32.8921943026
32.8973438784
32.9136668598
32.987563219
33.0393581066
33.0850932193
33.1066166184
33.1176320679
33.1462846349
33.1699959293
33.1844490237
33.191788543
33.216841828
33.2575614655
33.2942276067
33.324926977
33.3625252675
33.3873527075
33.4314535219
33.6049660784
33.6280244585
33.6402378606
33.6516967671
33.6566285582
33.661844732
33.6683032515
33.6735839906
33.6939845697
33.6995308816
33.7293452163
33.7403793377
33.7438268965
33.7510670445
33.7637017472
33.7866280238
33.792308143
33.7975173985
33.816244539
33.8507278573
33.8861725383
33.8950282949
33.9061916229
33.9380487612
33.9792828645
33.9961895133
34.0089193693
34.0127420884
34.0326425336
34.0527646519
34.0768752201
34.1170960301
34.1300634336
34.1388050282
34.1563190727
34.2033759965
34.238967059
34.2922197968
34.3333211052
34.3505771259
34.3924364305
34.5013166686
34.533202286
34.5716922799
34.7166858677
34.7204988444
34.7505890146
34.7912561231
34.8118485441
34.8170200236
34.8207396052
34.8355989946
34.8427384326
34.8686119917
34.8796760214
34.8866812736
34.8964326773
34.9177085241
34.9249776026
34.9368250991
34.9441591324
34.9935619062
34.9991933905
35.0213910459
35.1489406765
35.1758800074
35.1883574485
35.2073093561
35.2231774095
35.2516161243
35.2684995618
35.332827481
35.3533995622
35.3876353621
35.4078143876
35.4235898023
35.4381344827
35.4793185893
35.5621140417
35.574448262
35.5918266133
35.6183747484
35.645178394
35.6876895064
35.8873995826
35.8909030915
35.9224103928
35.9607462591
36.0039148184
36.0077505566
36.0259923507
36.0355288335
36.0463700831
36.0508918088
36.0722183639
36.0757105813
36.0833169891
36.1098600375
36.1394230836
36.1448610841
36.1518078676
36.2480543097
36.3063228929
36.3208281152
36.3544414911
36.3580904833
36.385242321
36.4748317154
36.4997560664
36.5228125441
36.5498137843
36.5701994633
36.5995337237
36.9383911782
36.9625669208
36.9932803534
37.0174466382
37.0550773904
37.0681576531
37.0775066618
37.1704670627
37.2642413964
37.2690244345
37.2816209542
37.2956723162
37.3136486473
37.3188496098
37.323487153
37.3373031161
37.4057967094
37.4270262933
37.4322177666
37.4539550876
37.4629997144
37.5413340683
37.5479255372
37.5693711172
37.6518769383
37.667546805
37.6774173326
37.6865536576
37.6990841091
37.7135798247
37.7307853643
37.7411676356
37.7795505928
37.8469208158
37.9128518069
37.926891924
37.9533503716
37.9592030146
37.9698888313
37.9820542141
38.0585162466
38.3635773382
38.3711051077
38.3891984397
38.4204897535
38.4543774148
38.4582898909
38.4738514411
38.4814740617
38.488960126
38.5200176705
38.5371529581
38.5458615845
38.5627005965
38.601076242
38.6082962563
38.6290321883
38.6354224886
38.6576915567
38.6907943573
38.7052736837
38.7445832203
38.7659875558
38.7884776549
38.8028834866
38.8439226994
38.9433090535
38.9584041691
38.9941687347
39.0388694992
39.0549094395
39.0861786678
39.1153506111
39.1609246541
39.1746418509
39.2191181934
39.2484915083
39.3036413785
39.3609736425
39.3706921449
39.3827068695
39.4037349426
39.4592230058
39.4940748915
39.525698661
39.5607030106
39.5737983071
39.6066811734
39.6288343279
39.6351356727
39.6446411714
39.6734449068
39.6884055074
39.6967601726
39.7043485905
39.7202257765
39.7298474822
39.7369212491
39.7735371283
39.7889359301
39.7938222461
39.8099451751
39.8389435252
39.8587190132
39.8768097791
39.9135450363
39.9361246668
39.958178421
39.9674309871
39.9849125296
39.9934270012
40.0000025507
40.0081084406
40.033471257
40.0642502972
40.3231034463
40.3395534294
40.4103389756
40.4390353705
40.4517308483
40.4791491667
40.4936282096
40.5448054062
40.5491639836
40.8184982403
40.8303696598
40.8435759931
40.8520865632
40.8637142806
40.8674849418
40.8726093638
40.8771582153
40.9144935687
40.9357374529
40.953071042
40.9873823888
40.9973961252
41.0143508494
41.0378594675
41.0433222882
962
