6.02821913942
6.04455229058
6.07006220406
6.10608362707
6.11524604115
6.12470411626
6.14452307428
6.15503256358
6.16347630845
6.18375798336
6.23059451102
6.25552582226
6.27087794013
6.29493140786
6.3040729613
6.31181265142
6.31622723751
6.3550609891
6.4554537289
6.4723337812
6.49876263715
6.51433187343
6.53215987072
6.58128181742
6.60638630963
6.62583788739
6.63395273668
6.64551498211
6.66397329829
6.68500370549
6.70505678002
6.74751617217
7.04753823842
7.20517174779
7.21138655799
7.22842629857
7.26445640693
7.27220458925
7.29129217842
7.30548495746
7.31570034366
7.32753921015
7.34114204153
7.37285016634
7.45530898418
7.46961609242
7.48848554958
7.51272744628
7.52506657584
7.5305900616
7.57762708493
7.58181084107
7.62281743281
7.65399445283
7.65983082284
7.67855903657
7.69118182522
7.7110738603
7.72735431123
7.73475814467
7.7700861803
7.786646323
7.79278934903
7.80086455896
7.81709594792
7.86805663723
7.89888195837
7.91149357526
7.92456643511
7.93812024813
8.12246146565
8.20273530524
8.40884011574
8.43755438885
8.45060822394
8.45955908743
8.47310622767
8.47988705476
8.48748331667
8.50056159048
8.58638595015
8.61061998035
8.62592710653
8.64581797613
8.65995326165
8.66647036376
8.68556099825
8.69021648917
8.71861821626
8.73074970219
8.74429427673
8.76088519282
8.76552914955
8.78139863629
8.78637096562
8.83422382297
8.85584824557
8.87342355793
8.89903372717
8.91624508389
8.93751967
8.98024098178
8.98929483319
9.15383619225
9.20914842113
9.22025790682
9.33633945965
9.34517189676
9.36338269651
9.40974285277
9.4607535494
9.48246398382
9.50741998848
9.5785890449
9.61665217816
9.63750152821
9.66715206243
9.67177621591
9.68238459296
9.69243337882
9.70949207137
9.72201874383
9.74638910339
9.75874411712
9.7734372989
9.90480448204
9.91680452382
9.92898138897
9.94825038
9.97983964839
10.0013811979
10.0143922882
10.0375947582
10.0530148
10.0634266401
10.0840314355
10.1329141986
10.1659140292
10.2119041901
10.2466161332
10.2705654625
10.304436075
10.5606046423
10.6000325176
10.624396724
10.6313754296
10.6719021644
10.7642544493
10.8251107787
10.8558125872
10.8611023396
10.8751686337
10.8910890749
10.9183491939
10.9412495846
10.9749527665
11.0116283658
11.0230077522
11.1064279496
11.1293676523
11.1393737162
11.3199061229
11.3445359019
11.3491065805
11.3682035993
11.3821946351
11.4033581987
11.437824429
11.4796298242
11.5129738635
11.5429429295
11.5761262208
11.5828419634
11.6210952385
11.6501054084
11.7154968748
11.7534822101
11.8167759339
11.8393442525
11.8685452793
11.9114508468
11.9350445648
11.9645568547
11.9765415856
11.9892735491
12.0052190094
12.0111963897
12.028335823
12.0371563969
12.0567297436
12.0690433629
12.0771723072
12.081911054
12.0865143921
12.0962697209
12.1364427534
12.1518838469
12.1737460949
12.1877269674
12.200350425
12.2129609098
12.2486173752
12.2577428134
12.2770969775
12.3041703041
12.3232791892
12.3400073405
12.3522152941
12.3648242345
12.4028311972
12.4436629631
12.4474852204
12.4697955527
12.4789852968
12.6871026068
12.6906694398
12.7031412005
12.7231192046
12.7632476749
12.8069837808
12.8366051755
12.8601044252
12.9715395567
12.996978901
13.0500795309
13.071895402
13.0936945228
13.1391033145
13.1453841438
13.1671778258
13.1789533087
13.2143626296
13.2290458725
13.2436376222
13.2538553726
13.264251797
13.2771556917
13.2942058754
13.3040536759
13.3229511817
13.33283312
13.3585928984
13.364363236
13.3710726095
13.3787316993
13.5922524913
13.6017916008
13.6180252971
13.6314451436
13.6412614964
13.674230094
13.6970237592
13.7111198533
13.7225188483
13.7542125562
13.778905478
13.7898606348
13.8067833693
13.8330736129
13.8697361218
13.8872532941
13.9246503422
13.9370917794
13.9554473388
14.0025223612
14.0302975934
14.0705150597
14.0821500382
14.4185769938
14.5074230992
14.5436399548
14.5645009465
14.5693177678
14.5826829798
14.602529953
14.6257075935
14.6301749726
14.6983958557
14.7070699531
14.7201792981
14.7282800475
14.7715376543
14.787602501
14.861519084
14.8682007232
14.9014875879
15.2146176503
15.2679122252
15.3088950175
15.3131539197
15.4003678425
15.4162934618
15.4201833415
15.6095037184
15.6268036567
15.6375827654
15.642933954
15.6528769385
15.6562972348
15.6602459705
15.7297076388
15.74572678
15.870116132
15.8815669928
15.8955227912
15.9055644281
15.9258978076
15.9641470305
16.0056169676
16.0374116109
16.1032347731
16.108751376
16.1521554706
16.1944650017
16.2294387692
16.2476638115
16.2923317697
16.2967378979
16.3007705199
16.3132525899
16.3573622514
16.4002542968
16.4108402499
16.4503371094
16.4936560662
16.4998650448
16.5133537918
16.5768682113
16.6311143051
16.6915985869
16.6972019431
16.7238061937
16.7516894937
16.8150171573
16.8266451498
16.8504406562
16.8633207645
16.8757467953
16.8897016068
16.9058974174
16.9145851765
16.9301952534
16.9372621545
16.9629320255
16.9737101461
16.9920474942
17.1169161622
17.1253632077
17.1435836698
17.1609550214
17.2021496735
17.2096430366
17.2942337871
17.3401249225
17.3518804638
17.3608721912
17.4169750317
17.4301902882
17.433707384
17.4677237926
17.4965214677
17.5215370403
17.5519533187
17.883670941
17.9079688293
17.9721314266
18.009380621
18.03024019
18.0468475965
18.0527068513
18.0716206039
18.0806428077
18.0866158101
18.1235857305
18.1449491839
18.1597860138
18.1768663158
18.1815204884
18.193592487
18.1997114906
18.2134255342
18.218679373
18.3829355227
18.3912794207
18.3971296337
18.4111819706
18.4470576816
18.4666444451
18.4848167116
18.522920225
18.5706389614
18.5890220182
18.601608704
18.6416775447
18.6455411762
18.6531815668
18.668430059
18.6954701677
18.723000038
18.7554886038
18.7756367395
18.8372329351
18.8894705067
18.9333803217
18.9713676391
19.0627830716
19.0976577866
19.1235615133
19.1472455922
19.1942535324
19.2102881902
19.2395680124
19.2451849603
19.2595885075
19.2711895268
19.3200813382
19.3234821981
19.3286645701
19.3431992929
20.4064225506
20.4181472242
20.4288276197
20.4401322048
20.4465127114
20.4543519754
20.4588254414
20.4730005699
20.4769930254
20.4951621209
20.5032556444
20.5070539146
20.5287735858
20.5457269635
20.553690632
20.5664318955
20.57344802
20.5788218739
20.6126222669
20.6305657868
20.7039038527
20.763100696
20.7697183867
20.7872527875
20.8143349575
20.8208869505
20.9459169699
20.9501056015
20.9679318339
20.9735492204
21.005806662
21.046900565
21.0668420279
21.0979168528
21.1168285031
21.1550536531
21.2903280227
21.3161300474
21.3341452863
21.3830377647
21.4945325564
21.5038577801
21.6090984248
21.6161372746
21.6962826976
21.7079096958
21.7178680423
21.7266109126
21.7416321392
21.756811986
21.7752864814
21.7952463334
21.8115012582
21.8155303989
21.826049186
21.8345226107
21.8575785362
21.8626560935
21.8673171831
21.873122755
21.8792862799
21.8849510265
21.9034646887
21.9251962676
21.9587003114
22.0565106311
22.0782363287
22.0887568276
22.1014936722
22.1706471544
22.1767822547
22.203572391
22.2331148763
22.2835292002
22.3079011345
22.3559708021
22.4196999751
22.4481998301
22.5186087903
22.5588666839
22.5970362588
22.6299583391
22.735893951
22.788106298
22.810999576
22.8255934344
22.8398827339
22.8486970641
22.8861952411
22.892389374
22.8981694393
22.9026692057
22.9152824185
22.9267708453
22.9478616911
22.9550136798
22.972227636
23.0375152646
23.0428907664
23.0991571427
23.1079669374
23.1165138805
23.1205469922
23.1244306289
23.1396910752
23.1490521871
23.1659410539
23.1819167925
23.1952483145
23.2030184505
23.2104009979
23.2328004727
23.2444345098
23.2677957298
23.2815779954
23.301930608
23.3291618824
23.3591554988
23.4021693681
23.4246854077
23.4538565521
23.4640566299
23.4771427652
23.4922653867
23.510424834
23.5459515063
23.6583799056
23.6752074853
23.7043737042
23.716617706
23.7958109949
23.8238029747
23.8535250026
23.8787534104
23.9197774925
23.9751830996
23.9842517577
24.0104697943
24.0196641587
24.0257992456
24.0432441362
24.0503405265
24.0656462078
24.0904656814
24.1046033353
24.1222245892
24.1435489884
24.1519292187
24.1661198992
24.1749501949
24.1851590275
24.1917090149
24.1965417446
24.2276460874
24.2471917864
24.262720246
24.2838361926
24.2890695731
24.3323971151
24.3411013882
24.3552585525
24.4021037306
24.4428797229
24.4590857001
24.5208168615
24.5293124112
24.5490763924
24.5752988171
24.7500715133
25.0477386397
25.0842069473
25.1011258661
25.1395933435
25.1774352174
25.205428997
25.2312783959
25.2456206475
25.2654368342
25.281997039
25.299952361
25.3113704729
25.3161515431
25.3724184127
25.3807343768
25.3913581379
25.4039316947
25.4136845708
25.4405819707
25.4465615755
25.4588649044
25.4632052164
25.47696744
25.4962930974
25.5165748121
25.5539480233
25.5757458809
25.5802686126
25.647177476
25.6572284916
25.6878896876
25.7283465325
25.7548670396
25.766419406
25.7954981769
25.8141870416
25.8508725517
25.9030545321
25.9417321679
25.9595686904
26.0559805833
26.2170939873
26.2396113494
26.251370083
26.2557524108
26.2871934117
26.3758263853
26.4128619159
26.4297349911
26.4406969725
26.4645411685
26.6316583678
26.6452380621
26.6670685551
26.6840416617
26.7041292554
26.7248757476
26.731782139
26.7445532393
26.7909733224
26.8076724223
26.8635755558
26.8805556758
26.9096934489
26.9410974094
26.951700876
26.9719935572
26.9887025071
27.0683291748
27.0807146125
27.1081062493
27.1417246565
27.1618132676
27.1779769342
27.2019101005
27.2233205532
27.2754172988
27.3146336384
27.3581786601
27.4255805637
27.4999976705
27.523777517
27.6063082476
27.6139302064
27.6295537982
27.6391385829
27.6445120543
27.6602491733
27.6740903554
27.67876558
27.6852270889
27.6890878167
27.6989124083
27.7098290604
27.7294420756
27.7481180337
27.7577705341
27.7680991711
27.9278990989
27.9533027505
27.9683468915
27.9851413092
27.9985151365
28.0138223456
28.0366951401
28.0649965575
28.085689244
28.1037454292
28.1328672752
28.1676249296
28.2202391952
28.2384426457
28.3216015844
28.3672090848
28.3938957043
28.3977577016
28.4334137142
28.4462004889
28.813574779
28.8457430523
28.8567166764
28.8713225757
28.8819858061
28.9030912426
28.9209861166
28.9350061315
28.9495344484
28.9690037496
28.9887767972
29.0306600903
29.0411210213
29.0590684886
29.0851965082
29.0912576249
29.1345741231
29.1390242704
29.1521688633
29.1772955294
29.1959131338
29.2118159911
29.2175229972
29.2264057081
29.2446902654
29.2600992207
29.3023097473
29.3183598804
29.3781343381
29.3818111896
29.4009484045
29.4665317923
29.4925760316
29.5298338786
29.5855051857
29.60780246
29.6512620997
29.7441973909
29.79335408
29.8108810232
29.8544740696
29.9315060584
29.986664434
30.0347128984
30.0804214655
30.0955369263
30.1040836377
30.1101952589
30.132650592
30.14670451
30.1539373242
30.1728152644
30.1910555684
30.2059802568
30.234765656
30.2443493149
30.257812892
30.2755298686
30.2835486492
30.3096844294
30.3349967362
30.3580208443
30.3664422799
30.3852340434
30.3915509104
30.3954240398
30.4242981253
30.4393679154
30.4470630284
30.4630596915
30.4734213637
30.4844738418
30.5127634097
30.5339593768
30.558738734
30.5919265716
30.6874806105
30.6989029951
30.7804677358
30.8294160778
30.8453946653
30.870798059
30.8961649107
30.9077740197
30.9182853606
30.9766016207
31.0013808242
31.0345576404
31.077478537
31.1244402111
31.1437323313
31.2244015303
31.2308741803
31.2486002199
31.2997566653
31.3216418855
31.3319094555
31.3463820226
31.3519264099
31.3968061831
31.4456085866
31.4616941529
31.4796312202
31.4863344799
31.5168998806
31.644984659
31.6880270404
31.7159482105
31.739629479
31.7944496244
31.8107762911
31.8451863351
31.8916761274
31.9061233511
31.9568810124
31.9684402309
31.9898810109
32.0358576777
32.0528326267
32.0972309168
32.1521883081
32.1894286513
32.2500428598
32.2697125747
32.3138023111
32.3744488958
32.4073878402
32.415678924
32.4207835298
32.4373545883
32.4492847497
32.4809449043
32.4933016921
32.5048014808
32.5198446759
32.5307609786
32.5558665352
32.5807336155
32.5907685607
32.6102868915
32.6266800338
32.6376921652
32.6425050163
32.6605193617
32.6723541773
32.6816630419
32.6993916082
32.7066338914
32.7174471691
32.7558712359
32.7690674489
32.8026255373
32.8666124084
33.1793250642
33.4447624003
33.4685634022
33.5251150322
33.5374850073
33.6100364085
33.6138029942
33.6268911265
33.6378462968
33.6640970767
33.6879356879
33.6987939353
33.7137790622
33.720828076
33.7369789462
33.7652040035
33.7881499706
33.8050192576
33.8128839063
33.8440108097
33.8701989536
33.9017952309
33.9520947338
33.9620486295
33.9788622305
34.0094235839
34.0284956551
34.0495958344
34.06151612
34.1237388311
34.1401312993
34.1700400856
34.1972082653
34.2442186955
34.3170548078
34.3284098692
34.3729150468
34.3795832781
34.3882829192
34.3991710115
34.4127215373
34.426914919
34.4641773564
34.5088222698
34.5466534779
34.5741645131
34.6306160206
34.7716230902
34.7899104592
34.819522979
34.8513333524
34.8664906037
34.8753135123
34.8898597402
34.9003791659
34.9098366227
34.9268748191
34.9420845271
34.9557214394
34.9899435709
35.0037062152
35.0104075247
35.0234647967
35.0398056506
35.0461837816
35.0791080819
35.1024925319
35.1291216873
35.1411475989
35.1727388948
35.1910186365
35.2074161278
35.2246924464
35.2331581576
35.2593425432
35.3109994842
35.3601224615
35.3752817481
35.4037849183
35.4177447222
35.4329550814
35.450493891
35.5653083749
35.5770570079
35.5946439966
35.600530017
35.6203009794
35.6390911809
35.6651482974
35.7371752596
35.7820016461
35.8661439156
35.9196410277
35.9938611684
36.0097572422
36.0179116989
36.0398989193
36.0437177001
36.2217784789
36.2262301143
36.2666947933
36.2726203963
36.276201235
36.6676885934
36.6792990604
36.7193856556
36.86628204
36.925577408
37.0507313446
37.0932593929
37.1122020767
37.2080790487
37.2186806587
37.2242731552
37.239707623
37.2467940905
37.2578048635
37.2640085506
37.2682392134
37.2742859967
37.2989082922
37.3188040851
37.326479637
37.3494989797
37.3703178942
37.414833895
37.4218406623
37.4325771665
37.4791158912
37.4967529845
37.5003412049
37.5098513662
37.52480767
37.5340746352
37.6447798775
37.6677359022
37.7037913312
37.7100801569
37.7328228851
37.7540420188
37.8012880333
37.8174071403
37.8508210517
37.8946088726
37.9006625
37.956900009
38.0010333721
38.0152567849
38.1345724245
38.147223249
38.2782499365
38.407114478
38.4222901338
38.4413067879
38.4561254992
38.4875384991
38.4948606068
38.5057625078
38.5180506946
38.5601124475
38.5774172807
38.5984810752
38.6777268349
38.7822280438
38.7860658408
38.8091850013
38.8165732296
38.849233954
38.8763149408
38.8903544113
38.9447263179
39.0421467282
39.0511267273
39.1128443845
39.2520539352
39.2761376395
39.2908920679
39.3520042718
39.383708603
39.4304711182
39.4433225886
39.4617136661
39.4910953277
39.5410709384
39.5624195566
39.6131417542
39.6187294971
39.6229358077
39.6275629511
39.6464313978
39.6515546676
39.6678115678
39.6851776777
39.6914888296
39.6953954306
39.713254197
39.7419460175
39.7497209344
39.7634189327
39.7725880057
39.7919107371
39.8128139768
39.8293611221
39.8481897529
39.8809073784
39.8875839593
39.9175537276
39.9345557035
39.955217796
39.9734215993
40.0123831203
40.0242471216
40.1409342119
40.1474106022
40.4349390558
40.4438284139
40.4697328557
40.5019945477
40.5209781995
40.5543880989
40.5588373892
40.5763479678
40.6169608575
40.6309227507
40.6418222785
40.6540729513
40.6653813326
40.6747222793
40.7542679324
40.8124095504
40.8280565881
40.8342951131
40.8483000355
40.8711495811
40.888431219
40.911350125
40.9321807832
40.9639230052
40.9895080576
41.0014964751
41.0122658715
41.038402487
41.0632268559
41.0760999038
41.0964110738
41.1251945823
41.1307386745
41.1536432771
41.1951327099
41.2022714981
41.2441737791
41.2647847867
41.2704428365
41.2842081931
41.3056156029
41.3610205593
41.4084487406
41.4427594181
41.4558790971
41.5910217446
41.598242331
41.6054121454
41.6216444037
41.6321056874
41.671150304
41.7236316751
41.7447216986
41.7905192218
41.8357309574
41.8458894576
41.9078887982
41.9342652713
41.9564296154
41.9799649877
1133
