6.00447694492
6.01181490984
6.02259804459
6.03294135008
6.04458701858
6.05151738995
6.05955153605
6.06713574706
6.07354519225
6.08085501088
6.48188046944
6.49834493692
6.51515473978
6.65447630847
6.66099044815
6.79784198629
6.8139135367
6.86416976045
6.88110268334
6.89649986496
6.90723335363
6.93603830035
6.98710304339
7.20763771029
7.23256797187
7.24258782905
7.26787599673
7.27132118987
7.28582470554
8.00982318174
8.02472102691
8.0401830956
8.07254945777
8.1012394074
8.14388288324
8.19159547845
8.2119386276
8.23559161067
8.26713120008
8.3200666445
8.37034661364
8.41480275194
8.41834892185
8.46762502586
8.48448616675
8.4899856757
8.50120553991
8.51046327046
8.53472465695
8.5582815319
8.60426840578
8.61885707257
8.6324784011
8.64448134264
8.67134758832
8.69236338747
8.71768853125
8.73549960531
8.75871763743
8.79126795151
8.80704341507
8.83137111388
8.85660888659
8.86025923835
8.87764473165
8.90983448457
8.9293495411
8.96958898529
8.98254762936
9.23881854067
9.53737728515
9.57667761241
9.60629092579
9.61446032017
9.64615766751
9.68058884525
9.68432654961
9.69441142411
9.69957285025
9.71844292151
9.73062376152
9.74477434714
9.85016425896
9.86522843161
9.87923342378
9.89795967924
10.1924543202
10.2230122514
10.2286160254
10.2523912676
10.3216095317
10.3440200404
10.3551352322
10.4290032891
10.4728386094
10.5205285473
10.5368307817
10.5619279512
10.6186133342
10.6488495833
10.747760982
10.805661246
10.8240050391
10.8347796817
10.8394495394
10.8537436518
10.8695356095
10.8855990622
10.9034261344
10.9174271153
10.9599432182
11.001939068
11.0079405411
12.0089258004
12.0272540301
12.0452889881
12.0589344504
12.0643044516
12.0793741025
12.0965352607
12.1145670474
12.265947929
12.2732899909
12.3637258142
12.4103393449
12.4523816419
12.4709994842
12.4912680104
12.5137773914
12.5432653867
12.5761733536
12.678417847
12.6930217122
12.7098572769
12.730824851
12.7386976546
12.7709665022
12.7813442547
12.8406933587
12.84992311
12.8773103014
12.8810364991
12.923087212
12.9439231114
12.9482088423
12.9858958218
13.149814292
13.1598755565
13.1807656081
13.2093709436
13.2239835725
13.2304451416
13.2464746312
13.2576620019
13.2659244722
13.2862359347
13.3112189657
13.3167125923
13.3271671907
13.3754118876
13.395724668
13.8710355998
14.4055472331
14.4094992009
14.4142092968
14.4251445966
14.443141723
14.4570612222
14.4745667251
14.49665855
14.5292608244
14.5400348724
14.5621262154
14.5676536506
14.6348258664
14.7030570985
14.7273933691
14.73553271
14.747415383
14.7752513123
14.7842774655
14.8052563146
14.8332190434
14.9375449927
14.9467746237
14.9611312613
14.9714179942
15.0091509099
15.0345312012
15.1084379134
15.1212123285
15.1577908839
15.1736606594
15.2010939156
15.2224123664
15.2673456596
15.2944180553
15.3290709616
15.4031501264
15.446249886
15.4838617726
15.5224703956
15.5872373475
15.6092050599
15.6189943359
15.6586841593
15.6842589336
15.7043994308
15.7106268655
15.7197812904
15.7256759664
15.7319894985
15.7449066749
15.7622456558
15.7701270186
15.7968552529
15.8066357985
15.8152386058
15.8235756605
15.839380433
15.8525988795
15.8608266774
15.8668742134
15.8853111893
15.9176480215
15.9379482359
15.9474828573
15.9599729538
15.9747188031
16.080802003
16.1146764692
16.1404883666
16.153618244
16.1634536649
16.1848756611
16.2145488721
16.2572730702
16.8098610906
16.8227060596
16.8325315385
16.8401377641
16.8544814027
16.8740357885
16.8947665265
16.9236411401
16.952118602
16.9650582425
16.992790237
17.0106356484
17.1286926659
17.148046801
17.1614305043
17.1879350135
17.1937561124
17.2206417756
17.2475991669
17.2667899766
17.2709662773
17.2883375833
17.3021900899
17.323951732
17.3605479738
17.3927314711
17.5591556361
17.5752260567
17.6358559733
17.6629406741
17.6951477113
17.7113009028
17.7423554207
17.7808057109
17.8685307197
17.9097869394
17.9322670875
18.0131545537
18.0174951493
18.0480356819
18.0516174314
18.11199017
18.6184079806
18.6366626253
18.6465557125
18.670369055
18.746675148
18.7516120819
18.8308160219
19.2530050171
19.2646132219
19.2812084161
19.3000671312
19.420413766
19.4386341626
19.4550709241
19.4764726466
19.4977060259
19.6820201063
19.7093757509
19.7232445104
19.7516493343
19.7577824783
19.7659652564
19.8017458489
19.8126353906
19.8588579307
19.8977613204
19.9194441743
19.9707574292
19.9950903445
20.015682023
20.1074110552
20.42902067
20.440858743
20.446221533
20.4528953015
20.4692864642
20.4860701685
20.5039104316
20.5193970839
20.5344470378
20.5492537732
20.556828121
20.567590723
20.5854517574
20.6047385875
20.61656843
20.6403843055
20.6596385099
20.6696496825
20.6918912181
20.7384275339
20.7437936666
20.7579280606
20.7802780711
20.8086176179
20.8457507819
20.8809568487
20.8918683791
20.9068682709
20.9458153798
20.9635199595
20.9792989221
20.9890068292
21.0151128223
21.0293766217
21.065682339
21.1522927048
21.2285984737
21.26614965
21.3077652801
21.3308202781
21.3664088726
21.4018733474
21.4931165868
21.504389342
21.5124688516
21.599997353
21.6260003008
21.6295341641
21.6412911264
21.6498718712
21.6746366144
21.6921100063
21.7030338469
21.7186195765
21.7307605854
21.7546150146
21.7765347666
21.795554049
21.8630193425
22.0754278826
22.0822874299
22.1099906169
22.1831487841
22.2005205216
22.2408728975
22.2701249777
22.297718596
22.3746103021
22.3937311299
22.4376414927
22.4776394071
22.4943422477
22.5537230969
22.5621589473
22.5900008373
22.6240036899
22.6807766395
22.7366108376
22.7667105383
22.8131436784
22.8321213129
22.8524272062
22.8866959637
22.900536692
22.9166605301
22.928970024
22.9605655013
22.99350976
23.0043023228
23.0244277594
23.0395917199
23.0675368693
23.0727964518
23.0977010642
23.1322054878
23.1535161438
23.168860338
23.2247670228
23.2645228037
23.3320645814
23.3660204439
23.3891641453
23.4024073317
23.4158914141
23.4352298458
23.4660427127
23.495064852
23.5133678635
23.5243352718
23.9225738785
23.936085657
23.9929635607
24.0103395572
24.0168062479
24.0530384543
24.0732985437
24.080161959
24.1206705179
24.1303238321
24.1352210972
24.1570587331
24.1888181009
24.2077190739
24.2274805249
24.2367517437
24.2457804725
24.2646520854
24.2725455528
24.2851809219
24.2901840963
24.3045160179
24.3189964843
24.3280791908
24.3847396947
24.4131433076
24.4307313473
24.4493566504
24.4615279853
24.4803311051
24.4886488037
24.5176596967
24.5348527212
24.5566258955
24.5912736948
24.6988446431
24.7953153142
24.8100564417
24.8705698284
24.9063666411
24.9198891844
24.9445277946
24.9886697386
25.0468559325
25.0971185821
25.14373451
25.1778295741
25.2148606375
25.2198943035
25.2883027458
25.2936443838
25.3018651682
25.307678244
25.3284597438
25.3448683304
25.4161492498
25.4326715587
25.4407815356
25.4483253745
25.4772153254
25.4848728191
25.4936855151
25.5202992363
25.5344696138
25.5378333541
25.624219555
25.6409336395
25.6600822159
25.7318815073
25.7429262289
25.7626151468
25.7695560317
25.7842167276
25.8086321969
25.8341295857
25.8558202658
25.8658254983
25.8899315293
25.9155561093
25.9472654065
25.9640390451
25.979787403
26.0003902571
26.0788880469
26.1143963637
26.1569116271
26.1976368675
26.2183651542
26.2373656582
26.281827456
26.2861284163
26.3077796744
26.3225288961
26.4104140547
26.4822797811
26.4999950038
26.504961942
26.5151468945
26.5332783546
26.5388827182
26.5433264297
26.55336037
26.566244619
26.5698412585
26.5814771055
26.5954718828
27.4064483507
27.4217600198
27.4255306862
27.4652783212
27.6181385394
27.6266166566
27.635849265
27.7631728835
27.7759999102
27.7815185461
27.7988093615
27.8037226432
27.8170347751
27.8766117287
27.8868909697
27.9097639683
27.9341832056
28.0487718054
28.0769798692
28.0867429306
28.1470369022
28.1632980372
28.180374321
28.2051287877
28.216327688
28.2421671863
28.2616560643
28.2801754404
28.3315059104
28.3791995724
28.4043576757
28.4934392809
28.5392756522
28.6738422833
28.6782404533
28.7185394724
28.7786523228
28.8142134648
28.8320998847
28.8414408297
28.8487996729
28.8647820444
28.8757600874
28.8929102229
28.9025185839
28.9081175452
28.9136509709
28.9171435057
28.9240430631
28.939792518
28.9525839992
28.9666728578
28.983072856
29.01849109
29.0248723131
29.036755206
29.0614497009
29.1352947181
29.1638577185
29.2275695999
29.2474004771
29.2653799676
29.2978704649
29.4264524739
29.4444004332
29.5203980036
29.5623544536
29.6537966176
29.696590124
29.7324191147
29.7573676117
29.7910377471
29.9195005018
30.0199035008
30.0314855489
30.0456955119
30.0605139254
30.0712003675
30.1215670194
30.1562038139
30.1617027375
30.1750286373
30.1901323344
30.2151994169
30.2244862646
30.259220479
30.2832233971
30.2893477956
30.3014769433
30.325090464
30.3367363869
30.3532261836
30.3777301561
30.3938577626
30.4158723342
30.4244048053
30.4496577304
30.4620689716
30.482016194
30.5077692575
30.5464856292
30.6475992542
30.6585029817
30.6676692844
30.7172808946
30.7450429011
30.7923373047
30.808879408
30.9359042185
30.9802576405
31.0914576427
31.1429272574
31.1822504588
31.1907141193
31.2037373327
31.2100500899
31.2175882681
31.2270112811
31.2739451056
31.3004339976
31.3083055223
31.3142741969
31.320888671
31.3503818665
31.354332016
31.3784410666
31.3878856248
31.399697711
31.4319605477
31.4429738592
31.4494134602
31.4589974845
31.470170106
31.4762738243
31.4852450268
31.4931842103
31.5045590808
31.5139092749
31.5409675211
31.5444635828
31.5601303171
31.5731601745
31.5951360592
31.667238229
31.6711275075
31.6973470094
31.713336387
31.7235059227
31.7356813129
31.753663116
31.7590301864
32.4148805877
32.4356377429
32.4554423851
32.4630534758
32.48143844
32.4874163411
32.5045142332
32.5453954205
32.5500601223
32.5582291716
32.565082354
32.5953769398
32.6075254454
32.6109636794
32.6230702922
32.630924226
32.643722807
32.654619356
32.6644189356
32.6879194603
32.7056211997
32.7203952033
32.7579409036
32.7942501332
32.8096617113
32.8386845777
32.8785185844
32.9314127297
32.9493755174
32.9723858349
33.0112153464
33.0418319974
33.0624222172
33.1557490152
33.1607659259
33.1757246735
33.193984082
33.2310108327
33.2883215277
33.3248870941
33.3720859617
33.3758533046
33.3972027338
33.4385799896
33.4551438085
33.4810779303
33.5222643171
33.5648055117
33.615562017
33.6995464589
33.7032815962
33.709314878
33.7279584739
33.7433486058
33.762017124
33.7701140074
33.7785653197
33.8151705713
33.8429565043
33.8609272814
33.8717557436
33.8833052778
33.8917315783
33.9039031005
33.9390928976
33.9670048513
33.9922099184
34.0092225086
34.0233784884
34.030202381
34.0604960041
34.072727871
34.0911104766
34.112334498
34.1349805583
34.1685985955
34.1837057116
34.1999397984
34.2169263367
34.2374944267
34.4406913581
34.4849740518
34.5732488355
34.5908039965
34.6104492768
34.624264032
34.661005978
34.7104126648
34.8048518086
34.8185450142
34.8364010602
34.9770084501
35.0077953589
35.0115028168
35.0206400063
35.0435731422
35.0635343963
35.0991131607
35.1365276063
35.144033326
35.1477926392
35.2636882544
35.2772605278
35.2881399656
35.3126122298
35.3418348486
35.3513455972
35.3696091964
35.3754790074
35.4078668068
35.4161392944
35.4462170005
35.4842687572
35.4923588587
35.5262781601
35.5407385541
35.5574633053
35.5775271305
35.6038997008
35.6230401083
35.6637436082
35.8265387663
35.8480724307
35.8621712416
35.883291059
35.8895386886
35.9372008573
35.9867202149
36.030931852
36.056941941
36.0738335987
36.0809644034
36.1028455856
36.1107183465
36.1202665987
36.1392322797
36.2150189031
36.2543856184
36.2779821091
36.3574160388
36.3789839999
36.4064201428
36.4283271939
36.4556209201
36.4864172872
36.5194473878
36.5397101184
36.5591141453
36.8317362624
36.8606172574
36.8672621014
36.8909924366
36.9040153222
36.9215868841
36.9453514196
37.0286288239
37.0544393516
37.1100182976
37.1180829246
37.132137866
37.1524076913
37.2184267991
37.2353472333
37.2536106734
37.2580825468
37.2685649394
37.2828905281
37.2869831265
37.2991187863
37.3061167886
37.3178417822
37.331652823
37.3407799467
37.3493912544
37.3548800016
37.365621933
37.3750017577
37.5038987434
37.5157443193
37.5245486009
37.5478072775
37.5649224148
37.5794978621
37.7764230016
37.8189400602
37.83604332
37.8762030885
37.9152148098
37.9576857607
37.9817209207
38.0114759745
38.0722301398
38.1034880547
38.1164458802
38.1496418809
38.1609779783
38.1868458337
38.2054283155
38.220552331
38.2415311556
38.4079070184
38.4204283877
38.4294495446
38.4346885641
38.4418116152
38.4976418215
38.5151344648
38.5315237507
38.5449433574
38.5647281125
38.5971985705
38.6070321556
38.6224203393
38.6336394758
38.6957836542
38.7067564006
38.7207676927
38.7384355714
38.7492135495
38.7659111066
38.8028796727
38.8332763789
38.8389232
38.8553744817
38.886140646
39.24329995
39.3428608382
39.4461895258
39.5775079275
39.6046799052
39.616082617
39.6540814091
39.6742248404
39.6797702904
39.6860977379
39.7035216565
39.7134749065
39.7224366795
39.7294728083
39.8369412016
39.8449035758
39.8528198692
39.8611497819
39.876575939
39.8827097614
39.9027560892
39.9094501299
39.9326525365
39.9599655365
39.9852404794
41.1068736804
41.1214215761
41.1416101921
41.1483602672
41.1576513248
41.1884816235
41.2119157208
41.2336818123
41.2980215213
41.3088510111
41.3235859356
41.3582881064
41.3829370041
41.3943224416
41.4842175704
41.5066290575
41.5148346193
41.6343892023
41.6798433734
41.7233607549
41.7584324641
41.7994331703
41.8452813115
41.8497503986
41.8847716683
41.9427084233
41.9716699332
41.9806499248
954
