6.02257366513
6.0331002485
6.04841402229
6.06415137309
6.06758192388
6.11730685872
6.12539891301
6.35382345729
6.37683318983
6.39830635756
6.43690987102
6.4501494728
6.47829418355
6.60338537966
6.61493937679
6.6392587033
6.74157988093
6.75910853834
6.83823352814
6.87141991274
6.92784657399
6.95918340165
7.05110370382
7.07001250071
7.08763879172
7.16826703691
7.21717647289
7.2335341283
7.24571141067
7.26522921707
7.27161046343
7.2942195077
7.30000262298
7.31461865497
7.32299836397
7.37904900483
7.40301463623
7.42009004619
7.43081081611
7.45450210341
7.48448632809
7.52221665899
7.53804112399
7.57231892932
7.61048835387
7.66049205364
7.67350516244
7.68538965775
7.69178859269
7.72686165227
7.75031965242
7.78774770336
7.79989979344
7.82894057419
7.88293038229
7.90100212883
7.95166297929
7.97460406616
8.00397330084
8.08127803908
8.12561265203
8.18062656345
8.18927864179
8.2124519784
8.26123119465
8.28770772593
8.32566053541
8.34478419577
8.36267074109
8.38418035384
8.41122294488
8.4222144543
8.43212505554
8.45375341332
8.46675838857
8.47778780825
8.49462499912
8.50392560159
8.50976901494
8.52853872705
8.54936305911
8.60856105927
8.6219819372
8.63736967463
8.65916268658
8.66857471833
8.68875852755
8.73777065418
8.75202665018
8.76515807863
8.7706914095
8.77490500433
8.79886399837
8.83394329233
8.84381921261
8.85803484035
8.8766597581
8.88671960463
8.90861347921
8.92412741388
8.93587987785
8.94637973855
8.99864416749
9.01884417914
9.05066301716
9.11234141708
9.15266125519
9.1731975563
9.22234439801
9.26012565415
9.27867920151
9.32160782657
9.34158195446
9.35931568451
9.3647241243
9.38245688491
9.42162724764
9.49703167885
9.53059044953
9.59713705745
9.61118032694
9.62460723381
9.63235856848
9.64385638016
9.66021959179
9.66874669486
9.67634957538
9.68284901532
9.70634940364
9.74035673694
9.75509906162
9.76130695106
9.76532277953
9.8050816354
9.83296874794
9.83950599595
9.85696581099
9.87443987866
9.88041558326
9.89249633866
9.91550858894
9.92270586889
9.94520706977
9.95434956902
9.9716787115
9.99780475523
10.0114351513
10.046364429
10.0499114156
10.0625128599
10.0816266509
10.122196708
10.1354784971
10.1509871355
10.1787654039
10.2122817772
10.2241813828
10.2364770245
10.2809021855
10.301305128
10.3277857373
10.3784627056
10.3962974713
10.4415236479
10.4456129405
10.4792392117
10.5042134479
10.5354279625
10.5618558988
10.5893965079
10.6236042434
10.6708026046
10.697043912
10.7376846704
10.759102589
10.8228018908
10.8334424583
10.8440350761
10.8492408386
10.8888756069
10.8980465441
10.9066090925
10.9227217173
10.9355221646
10.9391384374
10.9535214545
10.9624854099
10.9755387898
10.9988336502
11.0160111471
11.0311438838
11.0478985213
11.0601812786
11.076329419
11.0872975374
11.0969946328
11.1303150209
11.1718250798
11.199898407
11.2087946444
11.3978787649
11.4041581363
11.4233918037
11.4413195351
11.4536800772
11.4746838152
11.5072497972
11.5290325766
11.564954297
11.5753617475
11.6125011194
11.6336901683
11.6560052085
11.6738322503
11.6871186667
11.7228838754
11.72710995
11.7322088808
11.7439095218
11.7644017062
11.8002849061
11.8195611233
11.8583276931
11.9023932967
11.9384597696
11.9927647604
12.0115001152
12.0229020997
12.0294113062
12.0396709835
12.055271653
12.0636216787
12.0714265263
12.0933318216
12.646173201
12.6760372123
12.6814714864
12.7135007068
12.7596872745
12.8001004965
12.9053235791
12.9514804085
12.9625607322
12.9953994862
13.0114796365
13.0394813847
13.0499130073
13.0692420873
13.2041101623
13.2392028107
13.2470701076
13.2591547717
13.9182717497
13.9508225014
13.9888831
14.0361847601
14.0804940925
14.1214306607
14.1387547192
14.2188820177
14.2748384982
14.3968022176
14.4125047544
14.4409878441
14.4550289009
14.4752674847
14.480466878
14.507354888
14.521546393
14.5334946504
14.5510134421
14.5691736266
14.5902018123
14.6056966899
14.6121230349
14.6224095952
14.636224652
14.6432595534
14.6553364338
14.6594974737
14.6750118397
14.7146342364
14.7490690727
14.7547241957
14.7695486421
14.9104118747
14.9393962733
14.9736518322
14.9888344664
15.0131458945
15.0853547381
15.1100024041
15.1373053532
15.1708904184
15.204387074
15.2324412
15.252351795
15.2924758254
15.3184455047
15.3593163629
15.3861402667
15.4186230187
15.4587064639
15.5467342281
15.6128161643
15.6199973211
15.6308646281
15.7644947046
15.8044422913
15.8118264645
15.8577436914
15.8723191818
15.8815184545
15.8886266939
15.9131910355
15.9270631655
15.9345076175
15.9809897806
15.9977748397
16.028131168
16.1250350377
16.1374359265
16.2526721122
16.4302719558
16.5290709843
16.5941118559
16.6433588909
16.6646518098
16.6792326079
16.761686104
16.7929858176
16.8161120788
16.8329712596
16.8453204069
16.8513480133
16.8741851251
16.8781868253
16.9111105815
16.9409595791
16.9496442228
16.9581427747
16.9618375646
16.9693264725
17.0085303986
17.0506612547
17.0739892202
17.0836184638
17.1080039813
17.1289804812
17.1653823724
17.1917968228
17.2256743945
17.2378869738
17.2472901745
17.2560738825
17.2710327129
17.3044470171
17.3275790565
17.3426979462
17.3683870757
17.3873114906
17.3948640293
17.4153895202
17.4413758896
17.460160082
17.4744212698
17.4983547465
17.5190515349
17.5569434497
17.5629401145
17.606936937
17.6238111554
17.6428918675
17.6621851172
17.6752476545
17.7448865305
17.76368252
17.7993618902
18.0142157033
18.0392706158
18.0551425663
18.0625535271
18.0850781355
18.090552975
18.0967460464
18.1052054199
18.1157457056
18.1214583132
18.1279347934
18.1675138094
18.1798618833
18.1898529397
18.1952218431
18.2096313144
18.2188350159
18.2619358317
18.2702967891
18.2804168394
18.2923048442
18.2999963455
18.314424014
18.3864368464
18.3917767168
18.4116478963
18.4215640789
18.4402050793
18.4491779431
18.4729618085
18.4988802038
18.5080564428
18.5319706719
18.6066840367
18.6237270163
18.6496271621
18.6630180442
18.6809539825
18.7004976882
18.7360455637
18.9054196124
18.9213420072
18.9756068118
19.0131679468
19.0853305589
19.1369135341
19.1417262388
19.2165616526
19.2338847253
19.2539785743
19.7315156712
19.7626450599
19.7801995571
19.7973995023
19.8229948081
19.8568735903
19.9003125779
19.9267372175
19.9625535044
19.9688008336
19.9937479895
20.0156253987
20.0361881734
20.0804830379
20.1038644956
20.1594203175
20.1872814928
20.1927244476
20.1995968497
20.2252348683
20.2919626455
20.3017549689
20.3201676899
20.3376192559
20.4152162303
20.4323660954
20.4521685094
20.463470837
20.4679193284
20.4857828491
20.4988811053
20.5281213682
20.5450238347
20.6124605112
20.6391389645
20.6545825682
20.6643485797
20.6779689998
20.7019801713
20.9279747607
20.9642500728
20.9961807898
21.0236199338
21.0502230288
21.0839667019
21.1005394092
21.104209722
21.1306423158
21.153410901
21.241454322
21.2719625849
21.3098600848
21.3735897896
21.4168126356
21.5782831855
21.6062307185
21.6144390359
21.6384362821
21.645021846
21.650898779
21.6588784318
21.663680288
21.669174448
21.6799976654
21.6889195064
21.6947278714
21.9389333795
21.9484475717
21.9641478705
21.9813044326
21.9854927249
21.9908596531
22.0060688452
22.0326736593
22.0434304654
22.0777566065
22.0823821594
22.0874228272
22.1026487718
22.1070027239
22.1250984221
22.1349339127
22.1600108575
22.1800018883
22.2394968409
22.2694996435
22.2754320874
22.3024351705
22.3150234861
22.3373854617
22.5303561458
22.5742105547
22.6115008162
22.6557041473
22.6671985903
22.6861676905
22.7594711804
22.7713649329
22.7750611797
22.8228685224
22.837351134
22.8449086209
22.8987022552
22.9023255516
22.9300551981
22.9418870805
22.9641079464
23.0029451518
23.0071794211
23.0200888197
23.0306092865
23.1146056823
23.1941550539
23.2114978399
23.2283473096
23.2470618475
23.2722363443
23.29517387
23.3120985552
23.3220134022
23.3778454721
23.4172089921
23.4255144785
23.4654214294
23.4861491108
23.5140466393
23.6378582321
23.6539103446
23.8701317264
23.8914326154
23.9010645551
23.9387085856
23.9518517123
24.0181593652
24.0243955493
24.0441835704
24.0522840908
24.0618857642
24.0730889058
24.0908939198
24.107959768
24.1129968474
24.1455696753
24.162857878
24.2609229616
24.2681709494
24.3009357729
24.3198821304
24.3369747219
24.3483249519
24.3639724453
24.3809974422
24.4255408957
24.4478677149
24.4637629415
24.5052889331
24.5274280883
24.5769126464
24.6111413726
24.6398569945
24.6551597517
24.6811446537
24.7113075977
25.1245292127
25.1326367153
25.1800734894
25.2052672881
25.2118368673
25.2325583956
25.2407789542
25.2467048767
25.2528836605
25.2662638113
25.2771578193
25.3009611712
25.3088339909
25.3274910351
25.3459735962
25.3523820121
25.3596380489
25.3641828944
25.378318394
25.3840651669
25.3931407123
25.4091019783
25.456489288
25.4627364546
25.4705919535
25.4944700014
25.5020622269
25.536279082
25.5514357351
25.560675414
25.5799896924
25.604581706
25.6261143435
25.6410541928
25.6726643521
25.6883865225
25.7144727832
25.7330554786
25.762120163
25.7947578751
25.8245513798
25.8649626245
25.890072296
25.9144409279
25.9739715712
26.0078294429
26.0410979795
26.1176714799
26.1533033592
26.1939308713
26.2496467366
26.315952044
26.3302523134
26.3351809673
26.3868899234
26.4111200724
26.4283086
26.4391598517
26.4591205696
26.4847303048
26.4887972665
26.499080586
26.5315194896
26.5797003465
26.6208620786
26.6345141431
26.6495467922
26.6752320625
26.6940230668
26.7165802513
26.7419378181
26.7568003309
26.7885617071
26.8365620779
26.8626070071
26.8772766803
26.8972814888
26.9162661773
26.9281026834
26.9998239976
27.0054735425
27.0222312991
27.0558950961
27.1167029874
27.1824809479
27.2951062379
27.3061259092
27.3406840584
27.4726600036
27.5105922063
27.5736179987
27.6149318094
27.6880242567
27.7126413507
27.7188443641
27.7261817907
27.7404724382
27.757959841
27.7741527777
27.7871877906
27.7971251043
27.8161057968
27.8217038661
27.849507521
27.8747047723
27.8939611995
27.9203957468
28.1180116998
28.1408217243
28.1674258417
28.8110475213
28.818068269
29.1749300252
29.1855994052
29.2026576386
29.2203812122
29.3329990043
29.3757129302
29.397581996
29.5091397353
29.5335254118
29.5560811482
29.6127697627
29.6720891301
29.6969447518
29.7252833108
29.7332318032
29.8307065153
29.8493123756
29.8817709094
29.9755319927
30.008673194
30.0144685574
30.0195487508
30.0240030802
30.0417779802
30.0580048629
30.062302109
30.0793793849
30.2514400569
30.2622771861
30.316543284
30.3390595758
30.3552593989
30.3739730408
30.3788375244
30.3914488603
30.4732964062
30.4866799592
30.4958442972
30.5242432174
30.5285658842
30.540632675
30.5599242776
30.9183627596
31.0587376695
31.0840708029
31.1741972827
31.2165695421
31.224624409
31.2326695558
31.2411760377
31.2504689357
31.258786204
31.2660504953
31.2696052583
31.2817453049
31.2871813323
31.2945672864
31.2981988779
31.3195076433
31.3240510559
31.3295327572
31.3375820517
31.3706381224
31.3959477423
31.4026837413
31.4119480623
31.426331001
31.4782060129
31.4939074306
31.5019271376
31.5168152742
31.5336168428
31.543608419
31.5597571356
31.5901146943
31.6066264537
31.621579668
31.6280357486
31.6472706546
31.6818348395
31.6938793459
31.7125947608
31.7211756025
31.7353903319
31.7773289118
31.9362353135
31.9537115691
32.1012054738
32.1237490076
32.1450954308
32.165925225
32.1906723546
32.2454342753
32.2715553847
32.2964223699
32.3176081446
32.3542488762
32.420521187
32.437946579
32.4485123219
32.4528575223
32.4967906585
32.502420318
32.522935544
32.5459819324
32.5528533058
32.5603529097
32.5736274951
32.5894873308
32.6112359231
32.6451873655
32.6728138785
32.6779126229
32.6924201973
32.7023308559
32.7546908938
32.8691903712
32.8738958911
32.8986460746
32.9241598302
32.971899177
32.987339231
32.9982751249
33.0263765942
33.0390731227
33.1391374831
33.2047819605
33.2194357692
33.2424378626
33.2659630396
33.3034941898
33.3312060132
33.340314785
33.3459057342
33.3639643747
33.4151746306
33.4671403964
33.4713943764
33.5344427394
33.5541130759
33.5851310284
33.5974014237
33.6085518637
33.6123885718
33.6226298785
33.66528969
33.6840674955
33.6911155501
33.6948050275
33.6992555045
33.7184603339
33.7554175483
33.7679421953
33.7813270907
33.7937673504
33.8104731886
33.8276279456
33.8338691346
33.8481140046
33.8766909902
33.9045870362
33.9115685011
33.9391321982
33.9508060812
34.0365343128
34.0488198395
34.0631137126
34.118253371
34.1516203102
34.17050823
34.1881057506
34.1942192081
34.5569100758
34.5915686721
34.6499499399
34.6783581141
34.7674439172
34.8114898531
34.8157611243
34.8260192624
34.8451294994
34.8517455183
34.8639366565
34.8750773039
34.8964908166
34.9890399308
35.0124291918
35.0231888701
35.0318573666
35.03637771
35.0428856518
35.0562499774
35.0647508297
35.2559750806
35.2769386778
35.4058331913
35.4348118231
35.5090037811
35.7153074153
35.7352085769
35.8020437436
35.8627347796
35.9140899608
35.9553951255
35.9998578882
36.0051559307
36.0119898369
36.0192173102
36.0367855474
36.0491144892
36.0692761217
36.0776898263
36.0976443002
36.1215243565
36.1457342631
36.1586039906
36.1698460075
36.1742067403
36.2117672104
36.2257959318
36.2331476659
36.2430607264
36.2601688121
36.2740722632
36.2840889142
36.308026908
36.3352039295
36.3442718741
36.3811081201
36.3943840685
36.4236859274
36.4371556893
36.4718148486
36.4967002668
36.5217485305
36.545876356
36.5666465418
36.5832157718
36.5966139373
36.7506317415
36.7841825108
36.8208980781
36.8353547195
36.8457233303
36.8927508803
36.9417702544
37.0408630249
37.0653795543
37.0889279528
37.1178771677
37.1563827074
37.206110808
37.2152933041
37.2526299772
37.2611565957
37.3012778463
37.3102237265
37.3288069647
37.3568680167
37.3787790223
37.3864852103
37.4046571715
37.4081877979
37.423842772
37.4463914951
37.5424704995
37.556280467
37.5671921806
37.5826096103
37.6005762785
37.6197939063
37.6257614543
37.6431687233
37.7854093894
37.8083414098
37.8778818992
37.9458487892
37.9781374259
37.9916215363
38.057771836
38.1205665211
38.1625425978
38.1891939789
38.2317047252
38.3068351581
38.4055005503
38.451368141
38.5160475803
38.5287315977
38.5441571297
38.5514261665
38.5625923093
38.6212662062
38.6435593439
38.6895540354
38.700309273
38.7183656013
38.7294168772
38.7462184515
38.7704538021
38.7784402622
38.7925674615
38.8494328183
38.8606741442
38.8691948043
39.0203273727
39.0381582092
39.0577289587
39.0772673336
39.1305349115
39.4349253054
39.4656156507
39.4960377473
39.5464013088
39.6487181718
39.6686919437
39.7162788221
39.7371559148
39.744581026
39.7705558712
39.8133422628
39.8313333739
39.8548337521
39.8727419086
39.8868122653
39.9031289194
39.9291186715
39.9474093898
39.9789738321
39.9909976165
39.9974109716
40.6649151273
40.7037517168
40.7648252002
40.83060796
40.8395906415
40.8451068935
40.8514406112
40.8593355638
41.0435023133
41.0741406915
41.0862909553
41.0961257614
41.1349163063
41.1629572215
41.2789050569
41.2969947913
41.3150921464
41.3374195763
41.366921838
41.579062639
41.5999938419
41.640258044
41.687315205
41.7625489041
41.7798157142
41.8109264607
41.8965318673
1061
