6.0173367337
6.02545846524
6.05166520694
6.06641255679
6.20787870975
6.22123027411
6.2650169598
6.26985017049
6.32146759849
6.33471837326
6.3588172824
6.36956321248
6.38134877648
6.39236127218
6.40989879264
6.42130349814
6.44111387459
6.45653116315
6.48278330876
6.51414108918
6.53016459558
7.05073602542
7.07164742624
7.19343257993
7.20700552714
7.23017270639
7.23613251795
7.24171388757
7.24803036082
7.27343890116
7.28055056094
7.30426340871
7.32725858121
7.34008675976
7.3502121889
7.35595817578
7.36829686238
7.38543406363
7.40316433169
7.41615067933
7.4390002354
7.46314834236
7.47369293048
7.49211048883
7.50040515008
7.51492828923
7.53586066821
7.54967916668
7.57520670141
7.58830666813
7.61065117638
7.61852583619
7.64701900461
7.68366676511
7.78678575116
7.87498439228
7.89493191445
7.90494304133
7.94358765071
7.95255644309
7.97173552132
7.98093312961
7.99025301379
8.01551640305
8.04012612746
8.05179089571
8.05544675739
8.14879049496
8.15523624525
8.19374556759
8.22438480329
8.23586852966
8.30473393287
8.34293292745
8.40940829729
8.41869365831
8.44260293969
8.47537688437
8.49044510917
8.51875783622
8.53286169503
8.53764592948
8.55900932373
8.57912147135
8.60236109982
8.61240738832
8.62141919918
8.66846917306
8.69758067231
8.73643214071
8.75412908229
8.78957330614
8.82067821488
8.84598653612
8.85894291995
8.87152724475
8.93484931218
8.96122359726
8.97627754841
8.99747371196
9.03302699376
9.05859785566
9.08908213078
9.10976311079
9.12264622921
9.13998989437
9.30113143729
9.33048996067
9.34880013772
9.36876348377
9.38346490037
9.44731863984
9.52867613641
9.57453629118
9.6231999053
9.6350391516
9.63975364617
9.64629080553
9.66707645127
9.80206240612
9.81143553936
9.82310684885
9.83233197854
9.85983433215
9.87813794788
9.9050700958
9.95023945451
10.0137160906
10.0406359119
10.0493244175
10.0672160893
10.0921797189
10.1728045244
10.1828823599
10.2131833281
10.2339253813
10.2670284003
10.2924847292
10.3221773061
10.4373385325
10.4466597498
10.4584319401
10.4853625846
10.4995479028
10.5180275338
10.5257103369
10.5678887128
10.5955538436
10.5995107432
10.6173045404
10.6570739079
10.8098976373
10.8141503321
10.8293534141
10.8445473867
10.8633754083
10.8720808232
10.8898345514
10.8986762631
10.9301045011
10.9478600204
10.9617955483
10.9703625435
10.9797025286
10.9859663905
10.9915125586
11.0621241808
11.0671309778
11.0808828476
11.1008218083
11.1582208961
11.168556475
11.1911736416
11.2020647251
11.2133256957
11.3309007905
11.3536808094
11.3710038558
11.377114593
11.4101937023
11.4212549748
11.4447519287
11.4644636287
11.5464655538
11.614539129
11.795790426
11.8200487882
11.9121390336
11.9631930384
12.0039423497
12.0113227864
12.0201698699
12.2302132539
12.2463777885
12.2695178855
12.289349394
12.3091479053
12.3655481535
12.3739122542
12.3895355244
12.4013394306
12.4183854702
12.4417482062
12.4527220265
12.4627323878
12.5173231691
12.5497398416
12.5535990829
12.5854393761
12.7333508826
12.7493246681
12.7676631746
12.7711072392
12.8101191411
12.8178219141
12.8522232006
12.9185799777
12.9617595837
12.9925360472
13.0247763141
13.1474485059
13.1798288124
13.2062050165
13.2133173836
13.2309586156
13.2427398321
13.2592160673
13.2756203649
13.2907139035
13.3005594132
13.316939521
13.3244540071
13.3562222652
13.3750229228
13.3925472784
13.4032252972
13.4157042783
13.4293666299
13.4339028869
13.4438341301
13.4867443302
14.4066523634
14.4133122789
14.4201443864
14.4339643607
14.4405747614
14.4566284169
14.4643355017
14.4914054179
14.5058313271
14.5142605121
14.5353190557
14.546380855
14.5548021675
14.5975373077
14.6069333299
14.6112844691
14.6235120871
14.8296904211
14.8509181159
14.876461491
14.902183584
14.9227216679
15.0193514324
15.0450764536
15.0848410197
15.096727018
15.1590388531
15.2956163567
15.3215362371
15.3263935054
15.4150985474
15.4904173751
15.547155142
15.5968478649
15.6049831043
15.6144392449
15.62212855
15.633222202
15.6477039525
15.6920035733
15.6976799147
15.7133581926
15.7252818802
15.7309650624
15.8275151576
15.8339937182
15.8475050613
15.8579607463
15.8713160101
15.8928557783
15.9107020876
15.9257474559
15.93658671
15.9582027375
16.0079584699
16.0380031492
16.0583411034
16.0875923068
16.1229709316
16.326918966
16.3611330977
16.5717917789
16.6212556032
16.6680527466
16.7302201762
16.744278214
16.8423089191
16.857958469
16.8750627325
16.9085017384
16.9158537681
16.9382533034
16.9580931689
16.9665410078
16.9868972169
17.0003636871
17.0117366127
17.042935911
17.0509473791
17.061439264
17.0762725123
17.1345813596
17.1513037617
17.1641942018
17.1788641871
17.1979294299
17.2182606027
17.2868732061
17.3040389878
17.3383455435
17.3833209924
17.3919997183
17.4330757093
17.4595365305
17.5006776364
17.5320975512
17.6227415501
17.6587077629
17.6862413014
17.7149533545
17.7474210399
17.7697906693
17.8149721015
17.8684234798
17.9000984385
17.950881085
17.9567875078
17.997212573
18.0059622807
18.0166356745
18.0278983622
18.0363578763
18.0634152307
18.0780040062
18.0934049132
18.1433267009
18.1625900514
18.1862889087
18.1936177243
18.2088791419
18.2172326824
18.2433455865
18.2645262666
18.2706013633
18.4703696277
18.5046012212
18.5370941601
18.5469351786
18.5751408752
18.610168052
18.6252324386
18.7551153105
18.7898518249
18.7950183929
18.8337581151
18.8566424589
18.9041195232
18.9843979649
19.0160537476
19.0436907816
19.078785929
19.1379744099
19.1425417854
19.1848668582
19.2289019857
19.241515114
19.2755040169
19.280250195
19.2849663442
19.2960735379
19.3007045411
19.304720264
19.312250197
19.3187131832
19.4015006092
19.4083951831
19.4223841582
19.4341577811
19.4466755163
19.4613005577
19.4822446961
19.4882408235
19.5153545822
19.5223179539
19.5266128164
19.5338506373
19.5587288479
19.5661740696
19.59533129
19.6280829644
19.657598858
19.6695045457
19.687828237
19.6956519456
19.7337232161
19.7718723777
19.7921854281
19.8085066565
19.8956823167
19.9397636573
19.9658135904
19.9909988524
20.0656420692
20.0843887171
20.089455388
20.1377495064
20.1773700202
20.302538681
20.3508549445
20.3806722068
20.4089106326
20.4213390162
20.4456110292
20.4629691088
20.4677138448
20.4863714113
20.4916847348
20.5115812111
20.5356057316
20.5501654422
20.5655832654
20.5748436436
20.5975492364
20.6067566915
20.6659538587
20.7089538353
20.7188541757
20.7587239536
20.7738675145
20.817309729
20.8255866103
20.8866433053
20.9202918201
20.9296420095
20.9420734125
20.9560287423
21.1457071386
21.1797676312
21.1895439715
21.1992182482
21.2609305019
21.284608399
21.3074401627
21.4008783
21.42344663
21.4927111228
21.5408432536
21.5792957108
21.6044173188
21.613209588
21.6170980493
21.6206488528
21.6296869798
21.6415155923
21.6621156506
21.6749309868
21.687931148
21.7037919861
21.7328056084
21.7457235853
21.7704477155
21.775845505
21.789991776
21.7988058037
21.8126267738
21.8248044876
21.8378821089
21.8595178742
21.8754875674
21.8837940414
21.8881588211
21.8969506319
21.9298439054
21.9849666592
22.0133510047
22.051165034
22.069327448
22.0978905942
22.110887616
22.1465359186
22.1692269574
22.1737707663
22.207123783
22.2354604097
22.2594547906
22.3138179597
22.3437621977
22.3645011063
22.3688647917
22.4226766115
22.451704896
22.4739032421
22.4925347083
22.5209153927
22.5286592412
22.5627892636
22.6622769708
22.7343294307
22.7835384183
22.9611342164
23.0013346094
23.0097437224
23.0174694698
23.0236101322
23.0461473327
23.0553213816
23.0842547342
23.1100830579
23.1288049814
23.1341008002
23.1420533248
23.1687812637
23.1850204509
23.213601354
23.22241611
23.2614675791
23.2741571017
23.2891622347
23.3116582764
23.3210358609
23.3565074309
23.3637731833
23.3760009977
23.4103973676
23.4138814107
23.4487957118
23.4891046986
23.5594399791
23.5843254965
23.6313325724
23.6636858151
23.6851895159
23.7670715552
23.7849700295
23.8096974147
23.8459722825
23.8567170692
23.9147282214
23.9802492028
24.0069151523
24.0145557845
24.0181369319
24.0295705025
24.1133296904
24.1225525234
24.1424564112
24.1650802791
24.1842974995
24.1974635232
24.2137498874
24.2298537561
24.2479697304
24.2890655464
24.3151167463
24.3362115637
24.3598388418
24.3706515452
24.3894179878
24.8551581455
24.9065446615
24.9664340752
25.0052258933
25.0113961212
25.0341684493
25.0743623359
25.0999264477
25.1351641559
25.1680423498
25.2118945342
25.2209014744
25.2401223802
25.2576236101
25.2662041142
25.2734909957
25.2867279663
25.3148873022
25.3421876418
25.3633358746
25.3707874667
25.3854565563
25.4037452206
25.4136964429
25.4573691462
25.4706015004
25.493277892
25.5170904759
25.5302925285
25.5847384983
25.6569982755
25.6642532487
25.6935473937
25.7141887832
25.8055410972
25.81498971
25.8700868285
25.8806065183
25.912519537
25.9312348538
25.9422493955
26.1247978837
26.14492792
26.2120568632
26.4091169446
26.4245218005
26.4371744136
26.4473556662
26.4692824229
26.4867137283
26.5108636476
26.522925626
26.5479675491
26.5515582018
26.5720877934
26.5810663107
26.6377746887
26.6697977274
26.7841067025
26.7923904632
26.7985553442
27.2620123952
27.2990511634
27.3123164805
27.3345535661
27.6735085111
27.6845662306
27.6970760746
27.7102721677
27.7178407733
27.7591258545
27.7693094174
27.7875521972
27.7959367372
27.8172187722
27.8270512975
27.8401033064
27.8535285313
27.8665905221
27.8960702235
27.9684977142
27.9847212157
28.0084100384
28.0172787345
28.0339461122
28.0787936913
28.1524147201
28.1606446548
28.1864652445
28.2039025583
28.3710147251
28.3778802286
28.4476114473
28.4749130081
28.5074449062
28.5298506491
28.7275963103
28.7592511853
28.8142137084
28.8294619324
28.8494837477
28.8968022255
28.9014336038
28.905747524
28.9110392889
28.9237775067
28.9425006272
28.9649378222
28.9876601304
29.014406261
29.0439133973
29.0563914883
29.0816726775
29.1266814329
29.1363955799
29.1714244023
29.1777602582
29.195222911
29.1998702804
29.205317075
29.2132519588
29.2753964196
29.3020401059
29.3143079614
29.326771721
29.3654573102
29.3784219196
29.4094003974
29.4438691612
29.4803128849
29.512519345
29.5673113116
29.5822181829
29.5994457635
29.6373821552
29.656529348
29.6945916318
29.7048434013
29.7288029661
29.7332290079
29.7576461379
29.780171396
29.8088040536
29.8289759575
29.8676580337
29.9344475817
29.9792394924
30.0338547336
30.0486799493
30.0648615969
30.0748999437
30.0962761592
30.1127388645
30.1301295009
30.1463083047
30.1580228986
30.1837425889
30.2080718189
30.2156868225
30.2345916355
30.2444790532
30.2681877014
30.2818112151
30.2994113518
30.3254070595
30.3659289672
30.4118035347
30.6778714605
30.6967914517
30.7580225108
30.7854090261
30.8091235688
30.8514018397
30.8724040981
30.8781480468
30.8902643717
30.9165295169
31.0076286358
31.0440044186
31.0647080234
31.1016212222
31.1301187822
31.1345207117
31.1549941278
31.2193071365
31.2255007513
31.2395653184
31.2533877919
31.2681010044
31.2880423925
31.3515938635
31.3585581742
31.3779906106
31.3874510612
31.4127511933
31.4255009596
31.446704164
31.5180421305
31.53012453
31.6099754496
31.6165716583
31.6318109211
31.636776676
31.6701956636
31.7532613309
31.7952975887
31.8390866632
31.8605157549
31.8950197492
31.9286544505
31.9700711883
32.1866011742
32.2166433627
32.2559164685
32.2758013561
32.3279291632
32.3991278907
32.4095127949
32.4170278948
32.4211901223
32.4636882314
32.4820529938
32.4871033471
32.4909422831
32.5020642952
32.5293648464
32.5368521685
32.546507309
32.5627185499
32.5805242269
32.58718076
32.6183077572
32.6522213754
32.6601577777
32.6701279464
32.6853679505
32.6995433848
32.7616118342
32.8816172591
32.9184893106
32.9400516707
32.9706351178
32.9998789293
33.0185612021
33.0513532346
33.0887120299
33.1022506668
33.1253821406
33.1597228068
33.1914570805
33.2108638567
33.4369859122
33.4803933424
33.5323083396
33.5446210358
33.6151685896
33.6294163278
33.638809693
33.6528110761
33.6567488995
33.6626464962
33.6897681154
33.7134837388
33.7320533267
33.7468277731
33.7526010627
33.7610119051
33.779653587
33.7942877648
33.8077554929
33.8544878043
33.8664979447
33.8780596648
33.8959301251
33.9076113656
33.9614989529
33.9987667411
34.0245286006
34.0386009402
34.0675479941
34.0790554874
34.0969962346
34.1281853497
34.1568902838
34.1793486419
34.1947035566
34.2226631973
34.2401034292
34.2955799456
34.3157763546
34.3585311294
34.3993868849
34.5023988235
34.5382557163
34.5744920358
34.804941411
34.8326161277
34.8422957415
34.8581123104
34.8726009599
34.8805525813
34.8890151395
34.9034235907
34.9106126907
34.9257691749
34.9401270101
34.9520902623
34.9712239184
34.9805906999
34.9971282815
35.0394520992
35.046293336
35.0530758859
35.0644582213
35.0831213611
35.1138596559
35.1486408727
35.169432127
35.3141132549
35.3323026959
35.3409052669
35.3742733661
35.3863314762
35.4052510725
35.4310464036
35.4616944785
35.4720956203
35.5165014278
35.5311444443
35.5465080306
35.559350737
35.6126218236
35.6365877196
35.6790366125
35.724131273
35.7735372214
35.794117547
36.0180500526
36.0268050389
36.0446128405
36.057778139
36.0646743387
36.0822274231
36.0951977341
36.1095729011
36.1214463609
36.1652235934
36.2044794696
36.2116554128
36.2195877307
36.2329290853
36.2366680946
36.2514308807
36.2582414816
36.2644865123
36.2708344739
36.3286923094
36.3780830165
36.7368234868
36.7494542809
36.78378008
36.8243464025
36.870089917
36.9287708391
37.2057206525
37.2101578039
37.2197746536
37.2334209377
37.2510640849
37.256063548
37.261410096
37.2738824061
37.3004144151
37.3178754783
37.3294321005
37.3372032084
37.3457556293
37.3623257391
37.3919728532
37.402186259
37.4206321314
37.4375811705
37.4535204937
37.4589533741
37.4731575721
37.4841930137
37.4939285457
37.5264182821
37.5511838302
37.5706461636
37.5828132858
37.5994767212
37.8386036556
37.8615836972
37.8758282436
37.8821803818
37.8969928211
37.9073430959
37.9254358282
37.9373083393
38.0665940715
38.0920140162
38.1789221061
38.2133762094
38.3008754958
38.3400756915
38.3863501484
38.406852271
38.4106354801
38.4197852496
38.4280497128
38.4324931974
38.4484268386
38.467283615
38.476187934
38.4955878891
38.5189478432
38.5297208159
38.5451483278
38.5518215531
39.6213085442
39.6355617819
39.6432261508
39.6628058031
39.69146044
39.7119466663
39.7266665291
39.7469470132
39.7650786646
39.7886924213
39.798708729
39.8144278485
39.8216836106
39.8273247585
39.8783495236
39.8892651005
39.8984360598
39.9280287894
39.9391457571
39.9542351843
39.9753852109
40.0043162782
40.0346638854
40.0491210164
40.0636197468
40.3395106597
40.3524528994
40.3828738422
40.4082048169
40.5278984589
40.5503089082
40.563009723
40.6141055104
40.6317105849
40.6465654137
40.711798669
40.7614303509
40.7648463207
40.8103329239
40.8836954269
40.8931665696
40.8991113248
40.9050391542
40.9191602121
40.9399997041
40.954168028
41.0182482929
41.0339339953
41.0631985958
41.1357179198
41.1519636637
41.1764662693
41.1798431242
41.2221502865
41.2423043442
41.298023246
41.3468601052
41.351546528
41.3714566299
41.3851533451
41.4973757486
41.5253699196
41.5569922037
41.5715614253
41.6053966952
41.6173047919
41.6406005841
41.6457141525
41.7159534308
41.7456978191
41.7771521071
41.8023520582
41.8889490831
41.8983892641
41.9103310531
41.9465614389
1075
