6.00513414582
6.00917332644
6.01415215967
6.02171911488
6.03968239709
6.05540575335
6.05935939652
6.06389519532
6.07719795206
6.09028109489
6.106961601
6.14382599091
6.15216832367
6.22296911677
6.2400911142
6.24829651474
6.26406173357
6.30600117695
6.32065541432
6.3321080182
6.35231198863
6.3639085293
6.39582992576
6.47833389076
6.51657234187
6.53826365768
6.57233246908
6.59956882072
6.75581286029
6.76577077643
6.78303598782
6.8176229034
6.86534256636
6.91527107499
6.95878001232
6.96731640859
6.99451410694
7.01354409305
7.05068595969
7.20622734226
7.21128973896
7.22357698054
7.24032345307
7.24534188011
7.27013744012
7.27678709539
7.28397755195
7.2883221592
7.29693427375
7.30673719148
7.3333451878
7.34978000293
7.35488561025
7.36008526971
7.38453764941
7.39416069594
7.4076918933
7.41550339894
7.440824283
7.49328537438
7.49892969594
7.51695792218
7.52765228494
7.54556458763
7.55031838167
7.56814859297
7.59527185729
7.60354189682
7.6264064847
7.66141044913
7.68295697348
7.68661348889
7.69613285591
7.70105922982
7.77290670863
7.85766720102
7.87604434613
7.92347644042
7.97685136325
8.06081599408
8.08535113361
8.14128983551
8.15295600462
8.16890207695
8.19656898067
8.21163547742
8.24500914851
8.29276768035
8.33370291097
8.37827918042
8.38688294169
8.40574059326
8.41212857117
8.42908051085
8.44679664946
8.49922408376
8.50775575799
8.51710598915
8.52282383017
8.5316005973
8.57694911005
8.58884649159
8.61246851007
8.66732477755
8.68007505855
8.69122815229
8.69555084328
8.77960990489
8.79339127984
8.81776700388
8.82546074055
8.83135169101
8.84333309705
8.85893674791
8.87850941468
8.97432062711
9.00854281901
9.06474898287
9.2260397419
9.26780436749
9.30222179296
9.36999294283
9.41542892684
9.45797517554
9.50228072915
9.56560360603
9.60946502312
9.66009943652
9.67813577326
9.68859933364
9.70484420837
9.71185609934
9.72734523237
9.73523374891
9.76294755596
9.7670945529
9.77547925976
9.78803518166
9.79997026381
9.81241565256
9.88728025513
9.89426252752
9.93900271992
9.9650033299
9.97908746192
9.99326587918
9.9985565998
10.022633363
10.0295340229
10.0635716456
10.0835095889
10.1319453052
10.1607816271
10.1867235176
10.2175549929
10.238401356
10.2632653537
10.2676641415
10.3339808238
10.3516733337
10.3690378963
10.4068213486
10.4880865334
10.5100308103
10.5494510357
10.58519054
10.7130329218
10.7382942012
10.7713781347
10.8107268671
10.8308523755
10.8433564006
10.8480088816
10.9708944342
10.9793655038
11.0012364984
11.0143936255
11.027363566
11.0414167954
11.0691656872
11.0986358938
11.1133408404
11.1368006292
11.1557492491
11.1744735555
11.2465831834
11.2594438299
11.2882770341
11.2957001237
11.3107784327
11.3863477292
11.4159937351
11.4265110361
11.4468196656
11.4693205595
11.4865249039
11.60883718
11.6678262846
11.6856316423
11.7083095378
11.9350867951
11.9919114943
12.0066041274
12.0149518095
12.0200479938
12.0358044159
12.1054886221
12.1119887589
12.1357732933
12.1486144778
12.1546955985
12.1687553262
12.1854233289
12.2246439865
12.2522506699
12.2613817051
12.3068009513
12.3546127981
12.3694557967
12.387864308
12.4031520933
12.4327577789
12.4519160257
12.4731404402
12.6252837616
12.6402545257
12.6757339991
12.7619398632
12.7966431518
12.8325319598
12.8499587694
12.8625088389
12.9024522624
13.0713266274
13.0992932746
13.1205099395
13.1631177147
13.2167251354
13.2206223194
13.2349449491
13.2537214224
13.2651971651
13.2710119156
13.3424139883
13.3587339775
13.3704540565
13.3810875503
13.3901462396
13.4007754484
13.4139581156
13.4431940912
13.4554009448
13.4876880051
13.5140269886
13.5241949807
14.4096275198
14.4196520831
14.4307445249
14.446844604
14.4560023817
14.4783059937
14.4939430514
14.5004133984
14.5162461198
14.5416073046
14.5680013309
14.6489379934
14.6627280007
14.6775468483
14.694361416
14.7367171255
14.7576100515
14.7676476358
15.6146553797
15.622160889
15.6428696261
15.6579115211
15.6652150163
15.691855963
15.7060355762
15.7274375532
15.7339939048
15.7587457279
15.7799355574
15.819690755
15.8257083314
15.8426309237
15.8883567062
15.8962861514
15.9093640687
15.9152407763
15.9374536784
15.9508197849
15.9543791058
15.9698623223
15.9892558792
15.9941166444
16.006419417
16.0326245533
16.0547341455
16.0605551712
16.0668823014
16.0883646185
16.105894236
16.1326065377
16.1652969391
16.2483121317
16.2787291938
16.3018605773
16.3404596036
16.3559858471
16.3970885458
16.4207744388
16.4470911311
16.4889680294
16.662957452
16.6939250398
16.727563772
16.8066329978
16.821939307
16.8392596825
16.8629849418
16.8792778479
16.8881521221
16.9041006957
16.9219031358
16.9302058597
16.9509343392
16.9668643252
16.9748710404
16.9799232639
16.9962086188
17.0142620136
17.2696430962
17.5552311208
17.5739336152
17.6010594333
17.6204454704
17.6459437324
17.6612996753
17.725895347
17.7467996927
17.8061813486
17.9251326078
17.9442417928
17.9932038431
18.0099922734
18.0299943114
18.0456895005
18.0526839342
18.0814811654
18.0898099652
18.1014950053
18.1076592231
18.1197087113
18.1515283534
18.1604657623
18.1858246983
18.2175708713
18.2441593336
18.2633758828
18.2689420006
18.2836330701
18.2890380752
18.3487859147
18.3702735522
18.3778827554
18.3989744223
18.4046002795
18.4232656124
18.4586894074
18.4783870504
18.4989417369
18.5148851351
18.5309465493
18.5410276742
18.5800988892
18.5889958653
18.623902004
18.737661467
18.7663936572
18.7829084288
18.8003772071
18.8190216174
18.8266642862
18.8465276017
18.9112877657
18.9436093947
18.9650186167
19.068059396
19.1252798383
19.1788950846
19.2227937409
19.2357642453
19.249747186
19.2623800627
19.2753993419
19.2873193111
19.3034478651
19.3569337628
19.3615518266
19.3763206216
19.3861664179
19.4030617804
19.4167120969
19.4441472666
19.4640867189
19.580408365
19.5981468353
19.6083166233
19.6155970679
19.6485383216
19.6629036996
19.6904762933
19.7190578341
19.7485382551
19.7867830268
19.8548974934
19.8738043011
19.8817585327
19.915772096
19.9285210527
19.9462727844
19.9711145059
20.0148121622
20.0546523283
20.073369792
20.0893627755
20.1085092727
20.1308202471
20.1716557171
20.1765404342
20.2087623664
20.2513406259
20.2693544713
20.3431294506
20.3507209947
20.3914819683
20.4104389878
20.4177567721
20.4402139045
20.4495147779
20.4745176696
20.4910919508
20.5007086707
20.5129313868
20.5387960282
20.5506490669
20.5674980032
20.587562743
20.6010842031
20.6206624279
20.626499933
20.6321189126
20.6443464563
20.7576160004
20.769053962
20.7734850568
20.7830607263
20.8102001377
20.8147727035
20.8232321621
20.8515164909
20.8668399183
20.8891313253
20.895482854
20.9693760065
20.9862365162
21.1226555497
21.1281713687
21.1414722302
21.1472250079
21.1766702959
21.1995047546
21.2169039533
21.257076739
21.3234251605
21.3462661782
21.6073153151
21.6149901232
21.6509719872
21.6547533452
21.6758457705
21.6942029546
21.7065410486
21.7173052655
21.7362698673
21.7519018063
21.7727718805
21.7914100412
21.8070911077
21.8281901342
21.8430655397
21.8633058711
21.8831128563
21.8950332545
21.9334705782
21.9438598664
21.961905821
21.9706036246
21.981590133
21.99591921
22.0083938445
22.0159841034
22.0251000584
22.2481176955
22.2777053861
22.3326213448
22.3686700766
22.3968422781
22.4125943987
22.4175574232
22.422209329
22.4413005243
22.4660459721
22.5124162221
22.5545025786
22.6531901493
22.6750492127
22.7083803151
22.8091101381
22.8360803887
22.8429780725
22.8513195557
22.8617417055
22.9053789432
22.9426018617
22.9693478047
22.9819664185
23.030695601
23.0786480863
23.0873987472
23.0987154662
23.1143222403
23.1410493948
23.1505255288
23.1720470195
23.186503844
23.2076018392
23.2849583716
23.3158011591
23.3241182195
24.0451551362
24.0708845133
24.087797148
24.1007011039
24.1179312103
24.1310645175
24.135325189
24.1667701223
24.1864470609
24.1932363546
24.2207034989
24.2345533149
24.2478811137
24.2571804239
24.2817778381
24.2880791345
24.3265567574
24.3406693912
24.3715339331
24.3971736838
24.4298896574
24.4379409496
24.4564792308
24.465105083
24.4826589618
24.4993561384
24.5271039135
24.5346206102
24.577703232
24.5910668344
24.6041883907
24.7062851733
24.7181835991
24.7451253722
24.7604783174
24.800030241
24.8174959768
24.8913492706
24.8962090569
25.029905984
25.0445161964
25.0916687773
25.1229214471
25.1882797858
25.2166768524
25.2282325839
25.2365630604
25.2444046077
25.2696784611
25.2853276254
25.3048501256
25.3209780571
25.3299133189
25.3364216189
25.3560185738
25.3641561253
25.3793224252
25.3901028788
25.4119140375
25.4226451272
25.4291275914
25.4389879623
25.4597344387
25.4917342058
25.5110390943
25.5178661737
25.5295645642
25.5398225822
25.5447513274
25.5511679705
25.5609479875
25.5688560973
25.5941181112
25.6446352447
25.663279836
25.7078541305
25.7615243325
25.8064684101
25.8437870804
25.8691662292
25.8826353404
25.8894436954
25.9186791605
25.9393233077
25.9567670662
25.9671492865
26.0238744626
26.055248343
26.0832815257
26.0954954418
26.1092525446
26.1404118482
26.230908952
26.2847021784
26.315535013
26.4977321601
26.5179550959
26.5313869389
26.5468347666
26.5622555957
26.5925997253
26.6141376483
26.6324773813
26.7490615386
26.757846787
26.8040852868
26.8471616253
26.8783752586
26.9182725355
26.947262554
26.9807243555
27.0167365976
27.0225392707
27.1306378953
27.1364389891
27.1787931695
27.2079043163
27.229609389
27.2688250711
27.3090461235
27.3153298398
27.3415799736
27.377067873
27.4138059465
27.4692372476
27.5133233637
27.5600110467
27.5860705048
27.603669645
28.2797342064
28.3315229655
28.3629960227
28.3805096397
28.4161595108
28.4833934202
28.5017840214
28.5633357937
28.5807584648
28.6046316245
28.6780134026
28.7248778858
28.7656789734
28.8207640024
28.8265432423
28.842306787
28.8557071221
28.872275362
28.9247063016
28.9527788689
28.9719322056
28.9795344346
29.0004840458
29.0161268401
29.0223099431
29.0448339327
29.0624023747
29.121834945
29.1381965745
29.1502369579
29.1759634385
29.2217095067
29.2406999228
29.2512062208
29.2937706787
29.3371712073
29.3637418561
29.3901330368
29.5420168051
29.5625312773
29.5666267692
29.5974679574
29.6368585505
29.6818003656
29.7005810979
29.7046902167
29.7901610008
29.8310438609
29.8598085369
29.8814144033
29.9667248974
30.0050801211
30.0103399563
30.0186312797
30.0254872719
30.0395967092
30.0443861996
30.0630335812
30.1014383176
30.127497643
30.1559750973
30.1629414345
30.1684995778
30.1872344091
30.1917622651
30.200933066
30.2252707813
30.2326136159
30.23866232
30.2603289088
30.2684760559
30.2744473218
30.2809840395
30.2862868675
30.2993927114
30.3062720578
30.3185722037
30.3458276505
30.3757646364
30.4047994527
30.4310713124
30.457601936
30.5075035112
30.52017616
30.5460871361
30.5800760339
30.5918053753
30.618861455
30.6583702238
30.6803113444
30.7009665367
30.7194919547
30.8496859784
30.9370071199
30.9923543318
30.9983706046
31.0802488143
31.1223897117
31.1330663667
31.2054310743
32.4134322383
32.4235290466
32.4357553975
32.4408600099
32.4506491262
32.4826359741
32.4959801501
32.5013263801
32.5046840054
32.6312841222
32.6577179832
32.6787346902
32.684134634
32.6899087249
32.7020532155
32.7333832446
32.7524159253
32.762861558
32.8189138202
32.8637085189
33.6068107172
33.6172723994
33.6334706161
33.6427481448
33.6515150575
33.6581702356
33.6889500146
33.7020607488
33.7819789708
33.7888233412
33.8254615564
33.8368176189
33.8442118872
33.863184045
33.8831020423
33.8894007946
33.8948929436
33.9089483021
33.9147972122
33.9387013912
33.9557889336
33.9648293003
33.9772952111
33.9944676237
34.0255918602
34.0476906615
34.0668299164
34.1362029737
34.1574130571
34.1857711375
34.1992446821
34.2161915777
34.2683006331
34.3237807029
34.345348632
34.3502925497
34.3905822594
34.4060991995
34.4221045758
34.4528273349
34.4791468949
34.5099489906
34.5385190635
34.5859521867
34.610385723
34.6270112182
34.6521749019
34.6865478415
34.7772349351
34.8092710851
34.8187277672
34.8364551002
34.956574696
34.9997986688
35.2013694179
35.2293064621
35.2519347938
35.2653515599
35.2733089509
35.2958031096
35.3183382416
35.3345279464
35.3524842555
35.3653723843
35.4064546672
35.4484088451
35.5323591867
35.592370615
35.6246829827
35.6806725109
35.7222126768
35.74109542
35.8129620746
35.8498308425
35.9384686472
35.968842843
35.9992520373
36.0116787478
36.0181088263
36.0232487885
36.0395052268
36.066919543
36.0936592014
36.1594852118
36.1730374872
36.1904651635
36.195309057
36.2180941326
36.231090934
36.251989341
36.2748295017
36.2807297401
36.29893577
36.3058404461
36.3134545968
36.3959394204
36.3999117605
36.4172460394
36.4412043935
36.4608269518
36.4833559087
36.5079059656
36.5124566399
36.5285643391
36.5575777379
36.5986794941
36.6461297026
36.6835888501
36.7207519416
36.7669630551
36.7845428868
36.7984003562
36.8182271797
36.8324059759
36.8961326085
36.9340142683
36.962801171
37.0028841329
37.0257023002
37.1985306224
37.2065318125
37.2135915815
37.2253323272
37.2387232097
37.2478369813
37.2625800616
37.2714119769
37.2836329197
37.303902071
37.3128470917
37.317181586
37.3250201153
37.3516862567
37.3594275255
37.3709076529
37.3838285681
37.3955507461
37.4140168261
37.4338309325
37.4497549992
37.4714449052
37.5447423218
37.5557375461
37.5862499712
37.7373502642
37.7496912398
37.7655114858
37.7781336441
37.8373508396
37.8495273669
37.923449548
37.9663697158
38.4057018981
38.527211548
38.5326458886
38.5427103381
38.5491206744
38.566408591
38.5844853328
38.5920041959
38.6009261374
38.6095549429
38.6222227786
38.640108016
38.6508891948
38.6668741972
38.69466193
38.7190468542
38.7496162047
38.7581259578
38.7660815266
38.7780860091
38.8139748011
38.8273575896
38.8570630799
38.8904710555
38.9192120882
38.9285913302
38.9360991753
38.9435009584
39.0091841757
39.0196667118
39.0347373706
39.0746521983
39.150187122
39.1606401553
39.1769018763
39.2099879157
39.2342182602
39.3632028832
39.3860499057
39.4095212055
39.4359924357
39.5295206887
39.5531900159
39.5573483337
39.5691381361
39.6054800205
39.6359841123
39.6488978411
39.7082004065
39.7280913791
39.7421171255
39.7516262623
39.7605089696
39.7806706437
39.7908851039
39.7968974371
39.81921858
39.8371935144
39.8471330738
39.8567363471
39.8815203386
39.8966949211
39.9208456297
39.9288069977
39.9399623177
39.9739862276
40.0108739634
40.0395056274
40.0508018068
40.0664763585
40.082132052
40.1038491663
40.1855567103
40.2060441072
40.2365245559
40.2807152408
40.3111793152
40.3341504422
40.3404271615
40.4876966041
40.5471308529
40.5633262015
40.5770627909
40.6199575978
40.66674454
40.6731253971
40.7592422501
40.8053439055
40.8202086743
40.9189708293
40.9246258254
40.9314891929
40.9399316288
40.9564598701
40.9725298155
40.990100725
40.994678073
41.0012643479
41.0131551629
41.0292364147
41.0455213286
41.0624202701
41.0738559706
41.103648192
41.1206994275
41.1391238334
41.1502871978
41.1600158647
41.1816512851
41.2028025585
41.2312722401
41.2678515067
41.2861715197
41.3159157059
41.3249542717
41.337828626
41.3477543271
41.3806895192
41.3886544931
41.4183322165
41.4294166679
41.4533902614
41.4584170678
41.529255831
41.5851716406
41.6440996709
41.6992425698
41.725714256
41.7362092996
41.8068495367
41.8223328149
41.8828053535
41.8934747069
41.9164987834
1077
