6.01950367384
6.03726704383
6.04656762245
6.06813654692
6.08006616926
6.088324924
6.10891449517
6.1165664414
6.13478009269
6.14973326174
6.25465238956
6.28318497886
6.29376425512
6.30835601668
6.32028539429
6.33220331938
6.34777134208
6.36674216347
6.37686768615
6.40329323969
6.41836550058
6.4219868622
6.43907835371
6.48361798298
6.50269296612
6.5360928367
6.54351810648
6.58844954101
6.5955109112
6.60534683075
6.62005462753
6.64354061101
6.70024380097
6.74586286037
6.75731673055
6.78743603938
6.84436789605
6.84855902214
6.86467328051
6.88602706609
6.93370400533
6.94799226659
6.97195858811
7.08340652902
7.12652538355
7.2135019515
7.22245961735
7.23228856999
7.2500727613
7.26159245139
7.27150382698
7.28171657287
7.28761979783
7.30580092723
7.31907424968
7.34699922306
7.3536002746
7.3758241922
7.38588044714
7.40555017637
7.42001050525
7.43853350661
7.45912664275
7.48198335733
7.64429710904
7.65767444702
7.69718377209
7.80715812281
7.90361095917
8.01782279712
8.0380347994
8.0812577503
8.10414866996
8.1486707611
8.15451477822
8.17723108067
8.21170347875
8.2447733869
8.27189171731
8.28793607332
8.35056324345
8.41938400798
8.43220733957
8.43603365381
8.44740931294
8.46364512449
8.47508526625
8.526515559
8.5402857639
8.57718068489
8.60633592036
8.65637257494
8.67901062905
8.6899027435
8.75280970253
8.77257893509
8.79483236055
8.82195694821
8.82645287557
8.8850669905
8.91997993297
8.93524968963
8.95716639466
8.99255577712
8.99756316422
9.05230267921
9.099473708
9.61192096064
9.63320663929
9.65434814882
10.8042204555
10.8205078249
10.8551467025
10.8709468126
10.9768708843
10.9870115749
10.9996913533
11.0152244621
11.0418477429
11.0620101761
11.0773315435
11.1095964906
11.1336913494
11.1851303363
11.1923632503
11.2070960898
11.26689146
11.2836031425
11.2928386068
11.309376278
11.3226141718
11.3745419683
11.4277314543
11.4395664059
11.478433208
11.5862860349
11.5985937061
11.6292968753
11.634134497
11.6521193832
11.681218344
11.6938318986
11.7355015495
11.7409859916
11.758066993
11.7927314423
11.8020550889
11.8582612969
11.8621630202
11.9086478326
11.9462013508
12.0084259229
12.0415172276
12.0601644489
12.0744543628
12.0878087211
12.0973853177
12.1799367914
12.2000554295
12.2185854548
12.224556795
12.23541623
12.25475415
12.2975190402
12.303834433
12.3122506714
12.3215262023
12.3512669615
12.3576369801
12.3918154367
12.4017303885
12.409743501
12.4764954689
12.4885040379
12.5195284807
12.5365929241
12.5977362537
12.6253555974
12.642769035
12.7017997386
12.7188945692
12.7418803446
12.7720724395
12.7859330278
12.8624849917
12.9093364929
12.9895517344
13.0506489643
13.160878304
13.1679420507
13.1722238102
13.1991237339
13.2150229824
13.2378874676
13.270504656
13.2798880573
13.2904682335
13.31660424
13.3464494978
13.3951502197
13.4138545823
13.4194109147
13.4387489289
13.4422948259
13.4636263238
13.4727813596
13.4869679161
13.5065682204
13.5231807311
13.5542406078
13.6038554435
13.6486564329
13.6714059659
13.7607923509
13.7705058848
13.7871124892
13.8841048572
14.405526958
14.4225877963
14.4397998611
14.4485769568
14.452034823
14.4664502052
14.4770207413
14.4909236163
14.5117489209
14.5256464715
14.5461956149
14.5591609929
14.5733446062
14.6055807526
14.6113863538
14.6250246573
14.6541614388
14.6699963283
14.6833599642
14.7709169569
14.7971325974
14.8091251711
14.8472508635
14.8599165723
14.875160767
14.9363465462
14.9590715216
14.9845593488
15.0032569315
15.0108726536
15.0270779607
15.1356640523
15.167255258
15.1869819768
15.2940654556
15.3356902988
15.3787030016
15.4235173185
15.4643511586
15.5046711164
15.5606395816
15.5876836957
15.6167404218
15.6293847191
15.6399547565
15.6571347829
15.6720172868
15.6828692303
15.6943221928
15.7621572463
15.7815665452
15.7918432821
15.8060235288
15.8209751934
15.8338849782
15.8399940109
15.8631015223
15.8718993945
15.8781902861
15.8940037941
15.9052103688
15.9229815163
15.9379169257
15.9490700653
15.9569353299
15.9797871838
16.0041320018
16.0233183255
16.0363345527
16.0480481145
16.0720788691
16.108379962
16.1233559018
16.1565533226
16.7866102509
16.820089832
16.8239166018
16.8357823614
16.8460313076
16.8674568044
16.8888776713
17.070861973
17.0875838625
17.1082960594
17.1323094294
17.1570213766
17.173908419
17.1849362762
17.2124137342
17.2574129802
17.2753746986
17.2952760595
17.3488454076
17.35253453
17.427241261
17.4536777408
17.4844951582
17.5246777494
17.554856672
17.6020798537
17.6194494553
17.6261054108
17.6589517848
17.6727382309
17.7128713627
17.7408863229
17.7685884774
17.8707723765
17.9453631334
17.9842849291
18.0138416991
18.0250761147
18.0398974587
18.0477267066
18.0540738164
18.0634861047
18.0678055437
18.0943382438
18.1106969849
18.1225825181
18.1268957139
18.1443014112
18.1610623894
18.1777068375
18.1829050498
18.1990264374
18.2080442261
18.2308607061
18.2371166957
18.2546697268
18.2651752602
18.3545953863
18.3808428393
18.3894635963
19.2141482301
19.2255173941
19.2356723758
19.2403764803
19.250319465
19.2574314752
19.2737189847
19.2912745986
19.302941263
19.3622168438
19.3843606678
19.4051606883
19.4207311885
19.4270819455
19.4332775786
19.4539427899
20.1032370104
20.1315092488
20.1592855846
20.2035422161
20.2557110058
20.2890969876
20.3657267257
20.3735874541
20.415953043
20.4270188668
20.4342307972
20.4414228611
20.4535431556
20.47014865
20.5000483463
20.5157126807
20.5199650388
20.5394799683
20.545389603
20.5636301113
20.5707010269
20.5822397094
20.5972773305
20.6141838906
20.623832721
20.8279078329
20.8554805229
20.8788417928
20.9006414169
20.9292907222
20.9571875723
21.010387955
21.0862645288
21.1987042492
21.2432512425
21.2959954318
21.3775213895
21.4269210626
21.4547593654
21.5024078681
21.5674781817
21.5935898358
21.60470207
21.619556002
21.6303763988
21.6527806026
21.6655704795
21.6824494651
21.6989806867
21.7030056083
21.7104261865
21.7178742248
21.7311358522
21.7421642677
21.7682314514
21.7801125106
21.7983287387
21.8120673346
21.8351570801
21.8623747009
21.8668627948
21.8894654607
21.9032189826
21.914531911
21.9632249011
21.9842194475
21.9897681953
22.0028112211
22.0201652921
22.0312690662
22.0598848916
22.0899403468
22.1317030212
22.1617669088
22.1761767179
22.1972868606
22.2356078499
22.3022926849
22.3160381574
22.350070137
22.4832465517
22.4871084707
22.5394242832
22.5926934506
22.6025252942
22.6270687605
22.645967039
22.6594571806
22.6945436083
22.750865065
22.8136029673
22.8373602151
22.8443737563
22.8618261674
22.9283399074
22.9570586306
22.9834413617
23.0031144096
23.0144737935
23.022426887
23.0336521632
23.0531740277
23.0856140249
23.1056307213
23.1449163073
23.1798379174
23.2044573409
23.2321647444
23.6655434313
23.6971968734
23.7479679867
23.7668543075
23.8111823973
23.8887624477
23.9163034837
23.9787926513
24.0129973986
24.0273796217
24.0441729414
24.0997894865
24.1068030468
24.1244562369
24.1331105527
24.1510577159
24.1744320549
24.1950696485
24.2259113271
24.2509446794
24.2635482148
24.2751663031
24.2841690424
24.2885833447
24.2928383806
24.3080047423
24.3158378276
24.3700643385
24.3802408624
24.4033512851
24.4289697074
24.4476941849
24.4769982429
24.492330603
24.5103283132
24.5394666185
24.6033964826
24.6262791291
24.6785619329
24.6956653572
24.7160716174
24.7416201882
24.7544463962
24.7771282743
24.866477479
24.8914734739
24.9039833448
24.9394798833
24.9446838198
24.9605634968
24.9727685784
24.9765723872
25.0044050732
25.0716410937
25.0753817103
25.1042192876
25.1263695732
25.1702776205
25.2148909229
25.2343140659
25.2814439629
25.4061791039
25.4127598362
25.4798674555
25.4948996939
25.5037296087
25.5206476758
25.5345152838
25.5456698951
25.5758396647
25.6159648216
25.6264174089
25.6735141295
25.6893076485
25.820626291
25.8539194682
25.875345461
25.8891595669
26.4054340144
26.4220995513
26.4365819839
26.4449396135
26.4641610155
26.4679428752
26.4932574763
26.5043384041
26.5460429492
26.5731108027
26.6146400401
26.6456428665
26.6625280105
26.6685646487
26.6870193285
26.7497636946
26.762960373
26.7888279887
26.8165022365
26.8355656763
26.8561457409
26.8651344913
26.8771818009
26.9277605442
26.9557011908
26.9668868814
26.9790492561
26.9872547844
27.0409911225
27.0510010409
27.0613493659
27.068981279
27.0864041722
27.1020868095
27.1217317539
27.1617749458
27.2275820622
27.2681353085
27.2948829937
27.3046241336
27.3194776715
27.3728780175
27.3920935542
27.508622868
27.6214917226
27.6595384362
27.7936038117
27.8010162471
27.8093706951
27.8878200603
27.9010584278
27.920572117
27.932828189
27.9562454744
27.9753884793
28.0328198005
28.0743230439
28.0800856879
28.0834687929
28.1153558101
28.1371614045
28.1515307396
28.1915622821
28.2203438161
28.253856106
28.2637597154
28.2674749237
28.276960803
28.2957096406
28.3325562631
28.3625643117
28.3823633356
28.4036337094
28.4321536954
28.4959747588
28.5444842019
28.5925836824
28.5974328189
28.6079100417
28.6586972696
28.7421464101
28.7742293056
28.8128409504
28.8196993183
28.8261629141
28.837775557
28.8748074203
28.8903586591
28.9104185359
28.9208165536
28.9362908443
28.9546965148
28.9701653822
28.987533065
28.9999721352
29.0244218299
29.0344376388
29.0543964978
29.0818621816
29.1327914198
29.1372661113
29.1464879395
29.2458655791
29.2625536912
29.2705225981
29.2920665814
29.4174947536
30.0107880923
30.0215630102
30.0458169588
30.082908239
30.093963105
30.0989361967
30.1160708698
30.1448487317
30.1533203608
30.1721851007
30.1770489935
30.2449856714
30.257869056
30.2857251556
30.2925628184
30.2971048633
30.3096019099
30.3574649549
30.3799476037
30.4278348866
30.4433036874
30.4896687658
30.5064595341
30.5366572578
30.5660123318
30.5805594918
30.600684998
30.6202503094
30.6336682587
30.6498572756
30.7441273491
30.8330072726
30.9086311383
30.9263372195
30.9452627639
31.0158314229
31.0499355633
31.212119826
31.3300469953
31.3473922546
31.3521588529
31.4515041097
31.4607571125
31.4809630883
31.4933884793
31.5056737409
31.5175146683
31.5314080352
31.5550370746
31.5718149466
31.656472132
31.7032073424
31.7353607551
31.7564019387
31.80288933
31.8160543054
31.8536177344
32.4300956209
32.4367738551
32.4532692648
32.4688700505
32.47970121
32.4930991424
32.5068505743
32.5129908496
32.5191032057
32.5319588067
32.5492307835
32.5575996637
32.5658383649
32.6112498675
32.626320517
32.6304652182
32.6530365252
32.6924069424
32.7010574654
32.7101153763
32.7255555254
32.7368344362
32.749827445
32.761193486
32.7709317067
32.7763836217
32.7837311581
32.8014870855
32.8500999839
32.8585642655
32.8780312741
32.8861298615
32.917037275
32.9421087805
32.996678842
33.0074721484
33.0570341854
33.0903917211
33.095600237
33.1345744965
33.6148816214
33.630625698
33.639508405
33.6474651182
33.6530015962
33.6727981026
33.8658740616
33.8834126146
33.8984770592
33.9140373742
33.9392409238
33.9924521353
34.0205937544
34.0669359125
34.0909444712
34.1425605276
34.2073638734
34.3910144105
34.4339539552
34.4373389079
34.4691006257
34.5019656762
34.5382336346
34.5870240531
34.613328722
34.6880823044
34.7020050313
34.7206454692
34.8170676308
34.8296310034
34.8407873486
34.8599601832
34.8805652342
34.8854400331
34.9278703552
34.9368075715
34.9478622372
34.9722337984
34.991995811
35.0061607019
35.0208809744
35.3679368245
35.4213515354
35.4459294709
35.4985949502
35.5475942684
35.5690070087
35.582436063
35.6018156516
35.6207927765
35.654473953
35.661035608
35.6901726262
35.7356194229
35.7697616292
36.0230918196
36.0305340651
36.0371657471
36.0544509332
36.0667023588
36.0807778119
36.180357611
36.2153005716
36.2187045576
36.2258919126
36.2494585467
36.2770905721
36.2973064431
36.3294544349
36.3384933465
36.3460841695
36.3613980337
36.3785360168
36.4117622399
36.4391381254
36.5768839576
36.5956223047
36.6186680283
36.6401025593
36.6696780206
36.700977098
36.714968288
36.751736937
36.7803260924
36.8058862577
36.8287899938
36.8531827819
36.8874337597
36.9315996129
36.9678930059
36.9749259467
36.9815900547
37.0139895047
37.0481198418
37.1034233866
37.1736987236
37.2042987663
37.2108865879
37.2172481824
37.2466487358
37.2629214176
37.2727338537
37.2834663698
37.3003492928
37.3059529544
37.3209979265
37.3390940382
37.3482969708
37.359157365
37.3730569988
37.3969348088
37.4073278359
37.4314598531
37.4732818242
37.4780844764
37.4958293673
37.5064128748
37.5249657721
37.5286876602
37.538858631
37.5475112038
37.5840528942
37.6061070422
37.6155147741
37.6370249583
37.6524979199
37.6669503164
37.6996917411
37.7333217684
37.7604305977
37.7712240497
37.7890970449
37.8215882147
37.8267658539
37.8642760528
37.9185209262
37.9393492968
37.9573817222
38.0071596009
38.0291313307
38.0534212225
38.1047352809
38.1452903498
38.1517182629
38.4176213257
38.4259515681
38.4325661298
38.4475973903
38.4577459868
38.461222537
38.4651035238
38.5914745233
38.599689718
38.6055586664
38.6128610657
38.6398090487
38.64747898
38.6521802197
38.6726185076
38.6918554498
38.7055594344
38.7189699287
38.7257163134
38.7513625327
38.7717182323
38.8013995916
38.845806334
38.8494967867
38.8630694775
38.8973077239
38.9072078281
38.912429371
38.930154581
38.977559113
39.0054053569
39.0537437967
39.0936304723
39.1320545143
39.1526627503
39.1789352366
39.197650991
39.2756426365
39.3983533535
39.4263077997
39.4298039013
39.5325264041
39.5557428353
39.608772114
39.6264763222
39.6399290409
39.6610842991
39.6712210094
39.6893311409
39.6932796181
39.7005321049
39.7103214757
39.7284904295
39.7492993888
39.784176939
39.7941020311
39.8047558386
39.8225760166
39.8603218642
39.866833979
39.8959979512
39.9275840895
39.9737049307
39.9850106278
39.9974070332
40.0162627976
40.0400379898
40.0556535795
40.0743740403
40.0982771423
40.1139589949
40.8100732948
40.8259178719
40.8327833934
40.8420084016
40.8496494415
40.8657543919
40.8737039562
40.893570381
40.9067834372
40.9169295341
40.9281519657
40.9373723476
40.950291255
40.9577876693
40.9700210469
40.9793979006
40.9835592919
40.9914598792
40.9954038319
40.9991896855
41.0105824015
41.0205404873
41.051222491
41.0778411366
41.1060753511
41.1250686844
998
