6.03085515055
6.07304431794
6.13508898218
6.14667024915
6.15149798459
6.16648643815
6.17286182688
6.18914037883
6.20158608655
6.20616530295
6.21001546461
6.22755359587
6.23517774566
6.34306681465
6.35225557635
6.3745413459
6.39343842251
6.41932542204
6.43134199436
6.44517830764
6.48351603384
6.504997102
6.53424360507
6.69771883029
6.71121453815
6.7378178119
6.9273526175
6.97546575951
7.02994443957
7.03448580398
7.0550608697
7.10873891635
7.11293108225
7.21593263163
7.22513730766
7.24117660366
7.25080162762
7.25760095949
7.2730215482
7.30061845311
7.31635575912
7.34210825185
7.34762373245
7.60318057443
7.6192987442
7.63145340842
7.63992156569
7.65926952839
7.67901814348
7.70389093972
7.72538219564
7.74410567456
7.77996506966
7.82104431133
7.86187688197
7.87874026372
7.89257570767
7.92914789301
7.9571115762
7.98179064505
8.00730938909
8.02480032737
8.04740324203
8.05831098008
8.06605777795
8.09892869828
8.13551507827
8.1868979129
8.19589933282
8.20724045036
8.27647021829
8.3319657452
8.36349781526
8.40551598913
8.40967607585
8.41402541836
8.42445607814
8.43048411903
8.46383481155
8.47027376995
8.47370319111
8.48433717721
8.50184640196
8.55276197959
8.57637784498
8.65306807071
8.66907079806
8.67739057949
8.70431886129
8.71035815002
8.72668215056
8.74674117727
8.77409105997
8.82296644855
8.85248805688
8.87799211154
8.89880601485
8.919713653
8.9721499404
9.03749444472
9.08892011451
9.11551315866
9.13687023438
9.14104429457
9.18432600744
9.2222098954
9.22983021325
9.26623731945
9.30691011783
9.51545051214
9.60388420936
9.61927769114
9.63917823485
9.64378725441
9.65455364591
9.68140181426
9.69057189906
9.71777982265
9.72633951012
9.73589058658
9.74952049474
9.77508250428
9.78195165524
9.79020751245
9.80238262105
9.81886352972
9.8309014143
9.84582071088
9.86524143152
9.87144550554
9.89953651389
9.96231500616
9.97489917232
9.98399745171
10.0019540961
10.1160368874
10.1349219019
10.1546102238
10.1763256399
10.2195331854
10.2229934229
10.2506612196
10.2758247693
10.3133760667
10.3343325157
10.3679224746
10.4569437004
10.5325834157
10.574676537
10.7331853662
10.8338760619
10.8389910494
10.8587485848
11.5376417427
11.586474095
11.641857406
11.6731801092
11.6962453689
11.7225682821
11.8289509098
11.8524076812
11.8739996854
11.8964916459
12.0069113041
12.0207095751
12.0276077212
12.0450265013
12.0520450355
12.0685617589
12.0913834432
12.1574385044
12.1697770845
12.1734460432
12.1810867078
12.1937661867
12.2083273721
12.2193785176
12.2287129168
12.2944451118
12.3180662034
12.329275428
12.3855286695
12.414510442
12.424529648
12.4473764979
12.4837991669
12.514137943
12.5233279331
12.5268246257
12.5530327155
12.5819141369
12.7534704602
12.7650046562
12.7863528983
12.8035708489
12.8276286023
12.8904143724
12.9145387385
12.9396573392
12.991383831
13.0185809399
13.0653008221
13.1113820022
13.1178577644
13.1673146189
13.277678637
13.2952845586
13.3031109409
13.3099821173
13.3538125537
13.3923876979
13.4138969968
13.4431729019
13.4559703917
13.4695667741
13.4881003703
13.499378861
13.5157868434
13.5275248028
13.5384624879
13.5612210491
13.5781295505
13.6212272129
13.6452215993
13.7181795525
13.7407872858
13.763367549
13.7907160592
13.8473674196
13.8750546135
13.8958488466
13.9313723409
13.9539076943
13.9691901462
13.9895048182
14.0071082245
14.0421891607
14.0636787278
14.0885546269
14.1662587809
14.2827794881
14.2963790314
14.3232944702
14.3505985562
14.3841995938
14.4102084688
14.4224379842
14.5299103925
14.5363667243
14.5501857324
14.5784455054
14.5850979922
14.6032679336
14.6355002011
14.6422552167
14.6618803531
14.6736675798
14.7257802831
14.754552854
14.7820612176
14.8185247858
14.8241491986
14.860550302
14.8740323732
14.9275388685
14.9387910656
14.9823881821
15.0011844854
15.0569424348
15.0740471709
15.1184424671
15.1531960334
15.1851919384
15.2385068169
15.250207403
15.292674115
15.3087768739
15.3392322411
15.3853996738
15.4024173252
15.4092506273
15.4208245143
15.448612177
15.4730698271
15.6166195366
15.6255256205
15.6321460172
15.6414390849
15.6644814832
15.6842251033
15.7273131766
15.741352113
15.7528047615
15.762550386
15.7703464486
15.810521597
15.8274560918
15.8719105212
15.8899359659
15.9294793503
15.9383567726
15.9622195007
15.9738931706
15.9807296615
15.9918456831
16.0098199185
16.0374319854
16.0535871524
16.0812336719
16.1171297773
16.1350368081
16.1714663347
16.1869469833
16.1944862124
16.2034253362
16.2137571928
16.2334447421
16.2520189415
16.3326071798
16.3497156577
16.429861832
16.4510499243
16.5025869778
16.5641875163
16.5757451676
16.6648256022
16.698912996
16.7584337259
16.7646764171
16.7842254519
16.8275744983
16.8414071025
16.8559361375
16.8895040113
16.901245644
16.9240304808
16.936573642
16.9425982893
16.9540888492
17.0053700307
17.014779424
17.037792414
17.5515589958
17.5759592974
17.8443723938
17.9051848616
17.9684259592
18.0078822095
18.0206884704
18.0260327543
18.0400674289
18.0503942542
18.757850936
18.7732304153
18.8167086357
18.8256008428
19.1832719508
19.2118455156
19.2210079194
19.2346722944
19.2425431123
19.2597352579
19.2808107831
19.2962647026
19.3148748768
19.3282100964
19.3704496233
19.4346759719
19.4727904149
19.4858388878
19.4935906582
19.501485169
19.5087559388
19.5188234979
19.5358842797
19.5559696277
19.5673025305
19.5781049205
19.6288446163
19.6376889102
19.6502618626
19.6777234749
19.6861649802
19.71830496
19.739282682
19.8877186555
19.8916788718
19.9272029382
19.9844059524
20.017767734
20.0329097535
20.1730387643
20.3579226113
20.390387075
20.4152307341
20.4402041565
20.4563261764
20.4599920985
20.4741938719
20.4856557298
20.4956062983
20.5003352792
20.5367895566
20.5587132429
20.5735020216
20.6617560917
20.6780176771
20.6895677848
20.6994042846
21.6110581969
21.7082707504
21.7164592285
21.7275456147
21.7350518522
21.7413664463
21.7552712766
21.7591265716
21.7929885963
21.8128312602
21.8316193885
21.8508542227
21.8733673817
21.9113883795
21.9327098559
21.9428242995
21.94706025
21.9715090923
22.8067171781
22.8109512275
22.8214018014
22.8403747106
22.860385831
22.8666741062
22.8718778676
22.8768252855
23.0113731063
23.0168727876
23.0237089072
23.03562755
23.0519944479
23.0576809947
23.0658197936
23.0894846862
23.1055769835
23.1246427502
23.1322425928
23.1484876842
23.1693379219
23.1934036749
23.2095660613
23.2156480052
23.2305573982
23.3599004778
23.3680119615
23.4293917209
23.5078565809
23.5603506281
23.5826086423
23.6437178397
23.6909075773
23.6972553055
23.7245553553
23.7815079621
23.8406446424
24.0409466378
24.1002534845
24.1105178114
24.1205244324
24.1267404398
24.1374010666
24.1478496997
24.1592487338
24.2468697114
24.325380983
24.34911262
24.3680606827
24.3994063312
24.4036078089
24.4218047411
24.4491421215
24.4803948247
24.5571382036
24.5724521582
24.7159058312
24.7802997097
25.1323382231
25.1980474852
25.2148610662
25.2280050794
25.2378168172
25.2558967531
25.2603766846
25.2653101103
25.2993631546
26.4111277524
26.5173542771
26.5285402413
26.539118135
26.5566217226
26.5675350205
26.5778342826
26.5964238465
26.7633774255
26.7875431237
26.8536741921
26.8865516713
26.8935574241
26.9337695693
26.9972041237
27.006533102
27.0493469237
27.065928359
27.0771335569
27.0847129656
27.1685422636
27.1916356527
27.210141057
27.2395261717
27.2460925542
27.3034094523
27.3246759162
27.354604568
27.3655313256
27.4000517517
27.4119690612
27.471834595
27.5132916489
27.6087720935
27.6228033613
27.661835653
27.6735082411
27.6836877229
27.6972577416
27.7218547622
27.7660446654
27.7721238597
27.7899825774
27.8162937272
27.8241471225
27.8723654928
27.9256293554
27.9325403388
27.9374759683
27.9557274859
27.9770053848
28.0066517914
28.0285354642
28.0476146467
28.0605242478
28.0670433075
28.0900421089
28.0999652496
28.1083047066
28.1235513038
28.1377365219
28.1514772566
28.1684525549
28.220241125
28.2418961893
28.3106896635
28.316493128
28.8330504377
28.8427449339
28.8505412075
28.8621418489
28.8674538482
28.879917148
28.898092742
28.9122991761
28.9219615388
28.93950635
28.9533925938
28.9619568095
28.9992858285
29.1867826261
29.2309915166
29.262795797
29.2763643462
29.2999495579
29.3280080053
29.374180765
29.4061670574
29.4271558662
29.4460659479
29.4768688536
29.5167010389
29.5350686265
29.5593189375
29.5649568498
29.582459584
29.6014332883
29.6355216355
29.6825994197
29.7095890305
29.8566760888
29.8810573105
29.9364069222
30.0155184532
30.062762002
30.069276221
30.0753275135
30.0847684297
30.0889524048
30.0981300192
30.1110304793
30.1442516689
30.1498734684
30.1789862438
30.2009135225
30.2182070762
30.2411269264
30.2526419339
30.2616995893
30.2808083889
30.2912745962
30.3027971899
30.3188266063
30.334642473
30.3564447841
30.6880288141
30.6916390726
30.7132506656
30.7324773855
30.7911406645
30.810741235
30.8257208579
30.8454349399
31.2082894379
31.2133398457
31.2236990489
31.2299601864
31.2726724805
31.2864842086
31.2948918193
31.3196592908
31.3235757872
31.3488244934
31.3772585238
31.3829269913
31.3933684623
31.404814291
31.4092351033
31.4403579204
31.4502339641
31.465965669
31.4813961697
31.4926477517
31.5143998902
31.5215992235
31.5287131781
31.5685305432
31.5901523264
31.5958463461
31.6147204254
31.6227451322
31.63190825
31.7257227843
31.7419058059
31.8466319343
31.8575407543
32.0179629599
32.0524843968
32.0737818149
32.0811654769
32.1046277603
32.1212349811
32.1442732211
32.1937146685
32.2613278143
32.2743696851
32.3260209772
32.363004075
32.4143939607
32.4226582702
32.4290809115
32.4348875567
32.4405878709
32.448008783
32.4610679694
32.4648935764
32.482546833
32.492959256
32.5831608365
32.6030103963
32.6258327822
32.6365128544
32.6475150092
32.6647767867
32.7334459663
32.7400626757
32.7609834775
32.9014128835
32.9242792301
32.9368453989
32.9772663604
33.003713195
33.0506250448
33.063603475
33.1056273642
33.1169390732
33.1407207733
33.1667902978
33.1844371297
33.2951587068
33.333646799
33.374584334
33.4020299817
33.4343379516
33.4437512221
33.4534850985
33.4617283666
33.5058586906
33.5187383286
33.5915869455
33.6265557135
33.6435672137
33.6521568324
33.6644217575
33.6732374146
33.6857669961
33.6953424273
33.7320421719
33.7377303481
33.7687123362
33.8143093607
33.841926431
34.1017120904
34.1093781603
34.1260347237
34.1451663496
34.1565167562
34.1852673084
34.2361430282
34.3569927355
34.3956702902
34.4237399701
34.4625126731
34.4880467379
34.5279067549
34.7303340848
34.786217324
34.8100097119
34.8247521236
34.8322297417
34.8464604558
34.857201469
34.8863928532
34.8991717985
34.9120111577
34.9259027088
34.9343216077
34.9634652992
34.9770160104
34.9874407859
35.0067319832
35.0218890096
35.0565811016
35.0628116423
35.0710120177
35.0946219265
35.1191469521
35.164723718
35.183230266
35.2018914155
35.2312076738
35.2553548332
35.2986070676
35.3239569459
35.3345783148
35.3605820937
35.3806960842
35.4159195371
35.6774450022
35.692647245
35.7360090857
35.7479220368
35.7804485809
35.8581896192
35.9948994579
36.0095802339
36.0439534111
36.0599951209
36.0910740152
36.1271202526
36.1345079915
36.1546937989
36.1950514201
36.2122076367
36.2263353625
36.2555504997
36.2659819862
36.2732290482
36.2832091179
36.298486677
36.3394384493
36.3513635789
36.37930916
36.397431225
36.4108119976
36.4377418229
36.449963619
36.4820245379
36.4957845931
36.5321211964
36.631690142
36.6553025121
36.6750500206
36.6988868092
36.7242066289
36.7927508794
36.8076907267
37.0607554574
37.0652367356
37.0986926241
37.126047008
37.1954925558
37.2044256795
37.2474439651
37.263272448
37.2808635872
37.2905694266
37.3011636498
37.3175268399
37.3272258962
37.3350149457
37.3468487217
37.3511219887
37.3703712699
37.386946074
37.401867209
37.4159643938
37.4252934886
37.4412693492
37.4657457887
37.4761289985
37.4961021518
37.5112204469
37.5384094415
37.5420974868
37.5457200308
37.5626033441
37.5826524996
37.5943950706
37.6300045475
37.6515922102
37.6559919558
37.6611055992
37.8422382307
38.0885466942
38.1241350517
38.1329012944
38.2187109668
38.2678890484
38.3295203685
38.3839906403
38.3958984261
38.4087172102
38.4226128002
38.4260055843
38.4360425557
38.4529859795
38.5615759172
38.5816150701
38.5850534879
38.5996826558
38.6069652671
38.6115564486
38.6426483869
38.6518187484
38.6794807467
38.7098785642
38.7442547842
38.8356552189
38.8682588137
38.8993404858
39.0963542486
39.1488906961
39.163491608
39.1949845772
39.2325293015
39.2475491169
39.3184429669
39.4377839422
39.4834875433
39.5385380505
39.5922768104
39.6111492784
39.627570611
39.964990939
39.9832984543
39.9947737323
40.0014052524
40.0221324235
40.0398567143
40.0443363519
40.0569710302
40.0769544341
40.0929678658
40.1155229605
40.1431695386
40.2655958794
40.3001682663
40.3337292469
40.3726783287
40.3945309351
40.434592895
40.4844591965
40.4888435577
40.5402461364
40.5616351408
40.5767550863
40.8285478007
40.8580033921
40.8739074111
40.8836443155
40.893022819
40.9068122617
40.9134280947
40.923029617
40.9267259977
40.937140245
40.9500210047
40.959205852
40.9735192047
41.0471383961
41.0580680575
41.0781092393
41.1075571957
41.1207759687
41.129596363
41.1482248668
41.22773693
41.2486912206
41.2751076207
41.2804314408
41.2908890108
41.3285253728
41.3551601364
41.4069689714
41.5069939536
41.5386826427
41.7715709685
41.8237965692
41.854751968
41.8740970651
41.8850474369
41.9467951399
41.9954872481
948
