6.01543828934
6.04411771488
6.05923147788
6.06290337611
6.06667812746
6.08042767919
6.08925966292
6.12466078893
6.13065477823
6.17371020582
6.20585888373
6.2309177384
6.24695002685
6.265177766
6.27882607815
6.31351602315
6.33398059029
6.34347906395
6.37016763983
6.37962275684
6.68386372615
6.72375510271
6.74389364364
6.77790371335
6.85286549041
6.88330356203
6.91264956387
6.9508364224
6.98075572643
7.0024496797
7.02952926696
7.05550124519
7.12635832815
7.14877640476
7.20552615878
7.22543846259
7.23700010656
7.24067406985
7.25118604319
7.25505101763
7.29933529535
7.31190221182
7.33452095139
7.34653808027
7.35157298252
7.67931441626
7.70106031643
7.71827922965
7.7276184666
7.76829796383
7.84400178201
7.91623799437
7.95742354754
7.98979011999
7.99983617268
8.07128119895
8.11858708777
8.16436974088
8.21038622724
8.24263848806
8.27371403892
8.31824305412
8.32975422034
8.40785018369
8.58984722772
8.61480697595
8.62972021805
8.65750904576
8.68178802234
8.816268723
8.8336110489
8.85197923015
8.86221627809
8.91678183782
8.93482975716
8.96913317234
8.99023017625
9.01612953308
9.03828600036
9.20038729
9.20768602024
9.27165385871
9.29940167333
9.33031523691
9.39267734037
9.40670585652
9.41195962344
9.45384685141
9.46500338502
9.47885781577
9.52921941248
9.58084345768
9.61323109988
9.63121735968
9.65031203906
9.67225522728
9.67804533132
9.68754598342
9.7719410243
9.78126029997
9.79288551306
9.80510100292
9.83056985786
9.84674429498
9.86345079262
10.0661236414
10.1012665752
10.1134345159
10.1333573628
10.1693770598
10.2059236906
10.2556028891
10.2880235767
10.3040481108
10.3088553086
10.3378106706
10.3788441504
10.3952083129
10.4204103622
10.5862489826
10.6059426783
10.6421229018
10.6866401794
10.7163756415
10.8091810212
10.814356905
10.8389369185
10.8510558188
10.8701970907
10.8768703377
10.9230560755
10.932461144
10.9440131429
10.9643743307
11.0638299813
11.0703438181
11.0847106966
11.0882483546
11.1008872267
11.1095627274
11.1167664266
11.1510838462
11.1563137375
11.1671469624
11.1737732836
11.1926773962
11.2033969582
11.3453102294
11.3733421863
11.3968203477
11.4455642964
11.5134907005
11.5622813333
11.5810069525
11.6041559226
11.6294800155
11.64856997
11.6715666282
11.7178288632
11.7844806395
11.8445848732
11.8639902306
11.8772837728
12.0118875856
12.0158177991
12.025255579
12.0326155655
12.0550089786
12.0675836611
12.0783204608
12.0871827319
12.0937654413
12.1029632207
12.1337748114
12.1433939473
12.1562766021
12.1819029319
12.1939832501
12.2094061068
12.214732
12.2352121024
12.255738749
12.2797388493
12.2958782402
12.3042257294
12.3139062864
12.3376371494
12.3449797608
12.3506309429
12.3641015844
12.368166535
12.3759580439
12.3900520852
12.4404514427
12.4521434504
12.4707818465
12.4812875811
12.5060891095
12.5198874146
12.5427779105
12.569504225
12.685921741
12.6963530602
12.7595611969
12.8019611156
12.8412639894
12.8852553221
12.9046092119
12.9157790051
12.9480616749
12.9715843998
12.9795473652
13.0123152795
13.0577990582
13.0755209716
13.1078765474
13.1950235177
13.2538742769
13.3151524833
13.3199651066
13.3396419758
13.3478029451
13.3800402139
13.3975678057
13.4107936428
13.4188814815
13.4317349943
13.4578574575
13.4941374857
13.5000660958
13.5121180154
13.5248762584
13.5384820111
13.5487592875
13.5604649368
13.5781396613
13.6403663741
13.6636092347
13.6803358416
13.6904747293
13.7128935319
13.7350035067
13.7543203954
13.7814137371
13.7945999468
13.8300584886
13.8510680835
13.8591438102
13.8916657214
13.9404761616
13.9441095403
13.9628597448
13.9798468105
14.0148008405
14.197890919
14.299419005
14.3264240253
14.3376909875
14.3627504959
14.3960577707
14.4143607454
14.4295044327
14.440334511
14.4597905156
14.4838052479
14.4917396365
14.5006287653
14.5088722528
14.5136517211
14.5311795659
14.5391442474
14.5446535612
14.5717110182
14.5755742936
14.5833883222
14.5939011791
14.6302371854
14.6507000006
14.6569161772
14.7270691156
14.7339717792
14.7375115937
14.7511578848
14.7593812893
14.7782514577
14.7888617792
14.8075357677
14.8420405627
14.8569880451
14.9400725185
14.9941378846
15.056459599
15.0811880615
15.0993417894
15.1689589155
15.1805377056
15.2031991622
15.2231722608
15.2486475311
15.3152865585
15.3260204605
15.4490001557
15.4950101618
15.6155328257
15.6405945179
15.6560302393
15.7294228668
15.7515091513
15.7585592971
15.8141542326
15.8314269675
15.8363106932
15.9819086576
15.9858930593
16.003856965
16.0156330633
16.0317193639
16.0583554595
16.0896073033
16.1251387528
16.1300798303
16.1465922743
16.1724458279
16.1955501429
16.2230931815
16.233831505
16.2515138463
16.319662426
16.4015349928
16.4456965864
16.4771439743
16.4902300076
16.5022605982
16.6336063348
16.6495605877
16.7308070356
16.786686569
16.8081086492
16.8210305216
16.8367738347
16.8848748528
16.8973570671
16.9017611655
16.9104748587
16.935229801
16.952481376
16.9805941791
16.9911698915
17.0140378864
17.0735900047
17.1039037541
17.1242377426
17.1523708229
17.1652175809
17.1845683392
17.1955245028
17.2315616544
17.2379724107
17.2851010323
17.3149714158
17.3888036463
17.4032890621
17.432062301
17.4842038218
17.5406152428
17.5581388462
17.5669002698
17.5905739589
17.650052038
17.6948354763
17.7329347703
17.7643026162
17.7939210024
17.8304176791
17.8576402625
17.9219531573
17.9539565804
17.9913063127
18.0144135457
18.0209230961
18.0271098301
18.0351782004
18.042867322
18.0965720607
18.1019854314
18.1269369754
18.1364424104
18.2098613328
18.2214139912
18.3125793762
18.3188139886
18.3390052901
18.3526346405
18.3854577528
18.4033182776
18.5101981314
18.5399590161
18.5496229142
18.5559224653
18.5828334662
18.6289862073
18.6407891951
18.686442309
18.7653345111
18.7698763569
18.9521448985
18.9684961641
19.0077224287
19.0457926194
19.0604055615
19.1135362883
19.1953776437
19.2202489037
19.2273266138
19.2341587484
19.2502994272
19.2584073079
19.2711738573
19.2762378881
19.2939143582
19.3156877706
19.3295037967
19.5100555498
19.5781067836
19.6031212258
19.6290287492
19.6638476601
19.7124384517
19.7350028331
19.789123194
19.8229148971
19.8630975521
19.8888278293
19.89847014
19.9186285639
19.924219506
19.9445838832
19.9574056754
20.0265735578
20.0637749481
20.0812374782
20.1048205949
20.1467861358
20.1597253421
20.1945039758
20.2389791141
20.2537798872
20.2849620477
20.3292487245
20.360526879
20.3973212389
20.4145489224
20.4285140364
20.4498157702
20.4647849464
20.4719294043
20.4769638898
21.3763442188
21.4048353028
21.4160899328
21.4418611881
21.4900997949
21.5223783249
21.5745778665
21.5781031862
21.5826588811
21.6281879239
21.6338494633
21.6531325331
21.6750620734
21.6858016878
21.7045081873
21.7115036346
21.7302030198
21.7578305939
21.7650411926
21.7923708283
21.816519258
21.8395884774
21.8662598171
21.8861187789
21.9005701739
21.9129637447
21.9362815393
21.957198573
21.965007713
21.9983748188
22.0146216147
22.0424506026
22.0480870039
22.0854638757
22.1138643466
22.1342931314
22.1732173236
22.1967645534
22.2534128884
22.308569329
22.3324240762
22.3732753563
22.4019818726
22.4558313826
22.5260294157
22.5785829016
22.6914365396
22.727972437
22.7575721505
22.8049553609
22.8175910309
22.8336243169
22.8472648988
22.8608891661
22.8836261328
22.8972959065
22.9107137419
22.9184589779
22.9248490536
22.9427868012
22.9536940719
22.9659581463
22.9953769911
23.0176375965
23.029121722
23.0401905423
23.1197611609
23.2080104926
23.2352709652
23.2801320671
23.300148145
23.3119060651
23.3213370365
23.3644607172
23.3740686411
23.4029247283
23.4126972502
23.4304116099
23.4409329404
23.4548490126
23.49232277
23.5390440366
23.549533238
23.7337978292
23.7614327606
23.7932175756
23.8254003937
23.8638862337
23.9188158222
23.9389480542
23.9496569726
23.9876107012
24.0232033813
24.0357958119
24.0511831113
24.0646511742
24.0792576884
24.2181054135
24.2288399483
24.2364084042
24.2512023579
24.2659820756
25.2060160277
25.2100749628
25.2305515177
25.3898989451
25.407615436
25.4189434887
25.427807643
25.4401979833
25.4539481223
25.4815244542
25.4922320006
25.5128833991
25.5676872958
26.3584673985
26.3918869544
26.4099628799
26.4267685451
26.4878852409
26.5053448588
26.5200449892
26.5323625221
26.5429483105
26.5562657755
26.6436767046
26.6610842414
26.6858297175
26.7003342351
26.7101365379
26.7276122292
26.7560859467
26.7979132159
26.83871044
26.8660388798
26.8727395352
26.8766518501
26.8805174863
26.8930188202
26.9048231705
26.9319051381
26.9544304764
26.9789940997
26.9832475695
26.9889669588
27.0097033717
27.1294845853
27.1386537823
27.1612757265
27.2898337927
27.302033307
27.343137273
27.3686600205
27.3990283011
27.4178609877
27.6075402899
27.6152981104
27.6282411214
27.6423942187
27.6527890488
27.6647157246
27.6838570566
27.7000501165
27.7084441565
27.7377338514
27.7665876232
27.7704987446
27.7786772247
27.8927611257
27.9433878428
27.9697648944
27.9943649151
28.0292253158
28.0858056305
28.1439126493
28.1842192759
28.2131465097
28.252316604
28.2833149908
28.2939920206
28.3111661605
28.3229375404
28.3347238846
28.815645533
28.9121884245
29.0066819655
29.0190250386
29.0634597138
29.1061493617
29.1187332893
29.1239467735
29.146195398
29.1544529328
29.2102201161
29.22593069
29.2521305288
29.2823922202
29.3028896617
29.3159719335
29.3306585745
29.3538369909
29.4078663922
29.4271746274
29.4403287687
29.4736019992
29.5056431854
29.5108145636
29.5513429693
29.5717012252
29.6206730767
29.6241883505
29.6278734344
29.6536410557
29.6601922577
29.7004396326
29.8072647492
29.8251146472
29.8808660811
29.9174902006
29.9775018898
30.0310971801
30.0830039904
30.0991760498
30.1160513515
30.1326870104
30.1523829244
30.287009607
30.3043555578
30.3251450598
30.3967809865
30.4004633557
30.404244045
30.4369933556
30.4982952335
30.5399367928
30.5855130812
30.6177307152
30.6263271449
30.6466850618
30.6751792545
30.7138237967
30.7466058864
30.7857033972
30.8133268912
30.8514760337
30.8855015647
30.9226216463
30.9880739182
31.0309918771
31.0585777106
31.1182901223
31.1476535787
31.2123279611
31.2304720255
31.2463386151
31.2645573209
31.3051449897
31.331683893
31.3398975014
31.354118937
31.3638601013
31.3763738865
31.3855505716
32.4159805254
32.43634055
32.4427733906
32.4501256484
32.4550307937
32.4788781352
32.490830547
32.5036146133
32.5319125372
32.552133802
32.6126012914
32.6226896694
32.6328143011
32.6361552642
32.6598684825
32.667257057
32.8415437767
32.8526511412
32.8655289797
32.9080448553
33.2886787853
33.3118568205
33.3469358499
33.3866181752
33.4391882958
33.5090669888
33.5532802321
33.612811172
33.655160702
33.6692166914
33.679129108
33.6847025506
33.6984810211
33.7280475306
33.7401517391
33.7795954738
33.795285987
33.8062585459
33.8161798524
33.8276461403
33.8399010486
33.8625960256
33.876339879
33.8931563785
33.9209380859
33.9279541053
33.9426361179
33.9625227981
33.9801254811
34.0003051028
34.0088316094
34.0359567826
34.0507935361
34.8061019736
34.8298160687
34.8411406329
34.8713389863
34.885245349
34.9258109579
34.9456610527
35.0056220791
35.0165050223
35.734852369
35.7542975293
35.7736131274
35.8055286601
35.8772262062
35.889079631
35.9341129092
35.9716392816
36.0204326027
36.03870102
36.0764470817
36.0947635199
36.1099869496
36.1345160034
36.1444310098
36.1691888688
36.1778224323
36.2589003792
36.2740691006
36.3078223437
36.3296064325
36.340161514
36.3724237287
36.3834958351
36.4003495967
36.4262816456
36.4579064327
36.4795952621
36.5109933178
36.5452001618
36.5778456939
36.6122476529
36.6463806724
36.6690258466
36.7301696778
36.8859147316
36.9228519744
36.9716993055
37.0270121688
37.0703334549
37.0936864056
37.207890129
37.216568834
37.2250404568
37.2427202645
37.2510171258
37.2640401506
37.2722506811
37.2896165973
37.304493461
37.323037733
37.3790906956
37.3995513353
37.4197916997
37.4237293905
37.4353179949
37.4475690859
37.4681925972
37.485303801
37.5107431883
37.526206249
37.6158711669
37.62956122
37.784331922
37.797693762
37.8479926047
37.8797679881
37.9041114153
37.922824037
37.9633689009
37.9787710817
38.0049241394
38.0114736072
38.2132750965
38.2328489951
38.2393548535
38.2604797869
38.3251086396
38.4109425872
38.4274076629
38.4348543432
38.4443146668
38.4688586179
38.4828318638
38.4881082331
38.4991216465
38.5403219738
38.5662647852
38.5780839734
38.5944110165
38.602601506
38.6243412218
38.6530699273
38.6592367855
38.6703770245
38.6855499157
38.6952386508
38.7234236937
38.7411051181
38.7515462392
38.7769035073
38.7845286932
38.818348509
38.8492741649
38.8797954588
38.8864983845
38.9078331834
38.9421450461
38.987483536
39.0280060273
39.0343236459
39.0670468912
39.1045941679
39.1161494148
39.123553377
39.1603623267
39.1950941655
39.206830571
39.232449372
39.2813393725
39.2957158986
39.3024786448
39.3173655395
39.3329894891
39.3410187066
39.3669065895
39.4544375737
39.4755676329
39.496418808
39.5388555147
39.616836583
39.6408280984
39.6531441254
39.6599383775
39.671607661
39.6864026812
39.6972274308
39.7115577217
39.7169663606
39.723169858
39.7764840422
39.7884034371
39.7956658626
39.8211961385
39.831047938
39.8467549899
39.8671503479
39.9059577354
39.9323599873
39.9505580633
39.9701916128
39.9998740102
40.0372536522
40.0657437719
40.069529252
40.0783043783
40.0954119556
40.1176800142
40.1432036407
40.1497591823
40.1592444656
40.187232605
40.260312281
40.2843939893
40.30681085
40.3383476541
40.4279374439
40.4801163074
40.5316783981
40.5577714939
40.6729847465
40.7037934914
40.7399423539
40.7929448224
40.8145644771
40.817955284
40.8257445592
40.9000213262
40.9093193132
40.9301443365
40.9538315234
40.9643333307
40.9932304643
41.0271711819
41.031720279
41.0445736397
41.064343805
41.0741324589
41.1060699614
41.1123320483
41.1274675594
41.1913172307
41.2381516595
41.2417979093
41.2553348994
41.28422909
41.2900746895
41.3562641803
41.3722876058
41.3892892878
41.4158181308
41.4497536208
41.4630991388
41.4713773747
41.4753519584
41.6065338054
41.6472967363
41.6772946647
41.7048748407
41.9224449856
41.944644524
993
