6.00643622765
6.01384276434
6.0371033789
6.10741412018
6.11704796581
6.1401691729
6.14819602764
6.16194249488
6.21629302035
6.22617317928
6.24736666065
6.27680005048
6.28679988242
6.29015341074
6.32232041621
6.33589036522
6.35411050069
6.37363919659
6.38010510305
6.41168723668
6.44132415679
6.45784743383
6.47157435437
6.48010276901
6.5349698545
6.56159329679
6.59685247464
6.63315090394
6.67067253547
6.68658010057
6.7218199942
6.78264397674
6.79549823592
6.81659592593
6.85149999238
6.88781865293
6.91236317441
6.92318353388
6.9621275398
6.99412378991
7.03541201399
7.15955714549
7.20471025457
7.20806781447
7.22357883929
7.25696195537
7.26550835003
7.27854303063
7.2965587819
7.3021927522
7.32239916262
7.34276347407
7.3488443156
7.36128702682
7.36866741483
7.3954460422
7.40045095431
7.41433876511
7.42987319811
7.44174694479
7.44976529067
7.45699195614
7.51685919526
7.52284305415
7.54846315161
7.55827018886
7.58668181165
7.6077577325
7.62185538135
7.64228671685
7.65267843872
7.7767797725
7.80366434932
7.8410638209
7.86394751932
7.86958285162
7.88873968153
7.9136691068
7.93109384581
8.09583922175
8.12232756749
8.16858091622
8.19260552739
8.22615021927
8.25280746868
8.26721426065
8.30147461183
8.30487066034
8.35372261374
8.38871490421
8.41215308566
8.42064336337
8.42401139286
8.44379950047
8.48866093237
8.50546563214
8.52873774211
8.54382741838
8.55783272732
8.57889653189
8.58264393008
8.60095675147
8.61451320771
8.62824487119
8.63684431205
8.66016004096
8.66678497847
8.67231643453
8.69112779465
8.69537688409
8.71008048118
8.71931042265
8.88449137725
8.91544938865
8.97359790849
8.98828035945
9.0243805753
9.03092458211
9.0437390139
9.08354075924
9.09896029337
9.10407839558
9.1749863436
9.19023749641
9.21407896679
9.22542336369
9.23805698254
9.24394586661
9.27577664109
9.31135271202
9.36220991892
9.57090730904
9.6169154144
9.63050773742
9.64707851317
9.68399160921
9.69849085735
9.73651697561
9.75155461829
9.76920497761
9.8378384967
9.84785926651
9.86986943255
9.8757680939
9.87983995162
9.8868584428
9.89396396754
9.9070856404
9.93557496971
9.94258996643
9.955804907
9.96212741571
9.96788548018
10.0668708932
10.1024520471
10.1337286135
10.1681343864
10.2210867502
10.2630324513
10.2780212522
10.3326104489
10.3644799811
10.4141147821
10.8097117442
10.9834734278
11.0076632717
11.0209274514
11.0571775548
11.0645423862
11.088683104
11.0970079457
11.1213189253
11.127014509
11.1404838969
11.1591617134
11.174423798
11.2058682114
11.2737006954
11.308977131
11.405767795
11.4168079942
11.4549097371
11.4649416919
11.4772723624
11.4936626344
11.5382456887
11.5749294019
11.6031328914
11.7171473905
11.7627054908
11.8107977292
11.8454950184
11.8720697656
11.8929900907
11.9430183183
11.9714319791
11.9964136919
12.008338461
12.0188942341
12.0253316485
12.0315024442
12.0519563974
12.0652419146
12.0806963732
12.0959842769
12.1146757344
12.1344479894
12.1434158403
12.1554615545
12.1715297918
12.1790004707
12.1920739567
12.2006576494
12.208619106
12.2127757471
12.2183766701
12.2484380721
12.2675339399
12.2773499502
12.3117161583
12.5810936205
12.6061836971
12.7076138226
12.7323525442
12.7617461682
12.7785810113
12.796104461
12.8479179691
12.8778350896
12.8967202728
13.008519066
13.0710535361
13.1592750646
13.1865090059
13.2192670447
13.2280869822
13.2564126217
13.2605645595
13.3035310346
13.3356961063
13.3462272218
13.3666354254
13.3799662999
13.4260484382
13.4567087838
13.4689444761
13.4922099818
13.497393365
13.5217626949
13.5349961581
13.5453256216
13.5778705853
13.5946095257
13.638444167
13.6509716392
13.6547542981
13.6864931524
13.705380968
13.7126867189
13.734615229
13.7522474224
13.8770081174
13.9457770242
13.9872983044
14.033491366
14.0631865178
14.0694160824
14.0979755377
14.1978044821
14.2187851311
14.2773695895
14.3019208328
14.3615764029
14.3976562682
14.4522363237
14.4593345535
14.4711262287
14.4777381953
14.4958038536
14.5020364526
14.5218231751
14.5347426709
14.5801945467
14.5874941396
14.6012944117
14.6177973909
14.6393848416
14.6625744915
14.6807324232
14.7002152101
14.7438220633
14.7604233576
14.7904901506
14.8399318542
14.8542049556
14.8649851791
14.8810727792
14.9110518607
14.9449016222
14.9559087185
14.9661945157
14.9976747723
15.0250110663
15.0523898902
15.0632682885
15.1044031174
15.1327851018
15.1562338547
15.2426239451
15.2550331205
15.2627100452
15.2921924085
15.3137987041
15.3179866493
15.3293111099
15.3566450005
15.3922625716
15.4319434611
15.5953038386
15.615619201
15.6194127753
15.6245698566
15.6704026171
15.6841043933
15.6979891139
15.7353905427
15.759108298
15.7700709811
15.800961864
15.8133353768
15.9699515692
16.0122479741
16.0287268742
16.0584991265
16.15822984
16.1776721285
16.1862672486
16.3272224234
16.3541238954
16.3622701002
16.3832802016
16.4867723642
16.5136128352
16.5330685077
16.5585388469
16.5716177092
16.7538052455
16.8048626704
16.8308627547
16.8408442115
16.8686323443
16.8799689984
16.8878312087
16.9097235906
16.9313825679
16.9381847522
16.9566888058
16.9610448568
16.9757197505
16.9827703354
16.9952601104
17.0117963444
17.0278280025
17.0534922866
17.0734041498
17.0798110101
17.1075560106
17.1157995989
17.1342666762
17.2272066504
17.3029462841
17.4219778249
17.4508527548
17.4635245234
17.6319776264
17.6726707358
17.7142715262
17.7562005434
17.776316417
17.8020459124
17.826489942
17.8629114444
17.891839002
17.9143568846
17.9977237079
18.056022321
18.0627900071
18.0751214814
18.0903465555
18.1222677339
18.1296655887
18.1464108575
18.1561474093
18.1692871382
18.1830470301
18.2000368182
18.2275252511
18.2487680649
18.3076163078
18.3281559159
18.3848378879
18.3998551916
18.4871691467
18.5103705878
18.5369606706
18.5459427901
18.559732553
18.5758794307
18.6425196671
18.6673192728
18.6889546303
18.7257857185
18.7710253884
18.8023198446
18.8458495587
18.9311457528
19.065886348
19.0771967765
19.1348531089
19.2252876744
19.2450853759
19.2489523797
19.2684474282
19.2752565562
19.2840906532
19.2977543463
19.3022887704
19.336672487
19.3498248559
19.364676319
19.3933702371
19.4308944026
19.4362049313
19.4457173237
19.4588672542
19.4787386929
19.4886953984
19.4974142641
19.5180489955
19.5347476394
19.5591884808
19.5759471707
19.5922834583
19.6258558113
19.6504832681
19.6697460979
19.6786721869
19.682629607
19.7147692272
19.7590699572
19.7780358541
19.7872854919
19.7921231914
19.845378752
19.9137731773
19.925128077
19.9370495254
19.9699966857
19.9786582064
20.0261487824
20.0880768095
20.1235499698
20.1605679177
20.2393521943
20.2540068968
20.3128970937
20.3563294649
20.4487064715
20.5011524808
20.7717133063
20.7781252721
20.7953341252
20.815928859
20.8653957257
20.8821044023
21.0967873534
21.1159119983
21.1337318408
21.1500418027
21.1551938928
21.1856359759
21.2408281809
21.2737957507
21.3015054666
21.3368741888
21.3695157675
21.4013269053
21.4163232864
21.4607848054
21.4969183655
21.5292523567
21.5669684739
21.5782490641
21.6308272857
21.6491447484
21.660699486
21.6688732903
21.6753588129
21.6813168473
21.6864169428
21.6953173226
21.7260630327
21.7340545672
21.738777252
21.7603537601
21.7810399234
21.7886626525
21.8145337749
21.8430266872
21.8678052646
21.8930429797
21.90257018
21.9204407485
21.9430950919
21.9564728077
21.9829974684
22.0134295726
22.0415498897
22.0848818762
22.0968036643
22.4135955273
22.4273947867
22.4338976717
22.6265536992
22.6415360836
22.6751016153
22.7316402106
22.8077634064
22.8296045037
22.8507320976
22.8544520796
22.8687697913
22.8764879435
22.8938632926
22.8999669164
22.925735864
23.09709529
23.1072138968
23.1209956506
23.1250055458
23.1343081137
23.1930005799
23.2056040247
23.2189172629
23.2459146576
23.2707764911
23.2769552338
23.2856509011
23.3472867901
23.5010189018
23.5239348635
24.0084129867
24.0289229732
24.0365964127
24.0426827573
24.0504744347
24.0737796638
24.0937178394
24.1017677824
24.1156053421
24.1318590407
24.1619107763
24.1889093844
24.1963047758
24.2119086381
24.2300887433
24.2708028482
24.28155863
24.2893246134
24.3196718315
24.333999047
24.3422771709
25.2079571033
25.2128695511
25.238021105
25.2538989892
25.3083743632
25.3166233384
25.3309899438
25.3377617771
25.3493189905
25.3665132144
25.3887785873
25.3921521418
25.4866403316
25.4958352062
25.5125585738
25.5380635002
25.554089034
25.6268985389
25.7043858586
25.7413504416
25.7544384131
25.7675792475
25.7817975609
25.7914640147
25.8117327778
25.832072559
25.8734870316
25.8988314204
25.9342322331
25.9791932732
26.0025235977
26.027352712
26.0853457048
26.3072104529
26.3299930548
26.3614075607
26.4037178057
26.4258395383
26.4446134833
26.4652653385
26.4717403604
26.4848544256
26.4975436656
26.5057136735
26.5183404703
26.5284316143
26.8641949444
26.8710575015
26.9492953925
26.9647401398
26.9748489499
27.0128541736
27.0337053523
27.0527140856
27.0823347434
27.1366519555
27.1682062293
27.1965916763
27.2265016513
27.2471430179
27.2569468127
27.2939672595
27.3596534014
27.3682416965
27.391614414
27.4189787575
27.4419366499
27.4860603116
27.4998873388
27.5501231384
27.5541241309
27.5828059216
27.5942540457
27.6087805814
27.6170639777
27.6219858108
27.634361908
27.6499903054
27.6707038408
27.6864923488
27.7039545323
27.7354658097
27.7638203449
27.7762816119
27.7932425023
27.8186642467
27.8302362086
27.844216361
27.8624705976
27.8761652467
27.9277476809
27.9463544084
27.9577492827
28.0022245703
28.0181365082
28.0403210949
28.0560222109
28.0857537559
28.1351475355
28.1956680784
28.2163993824
28.2398921228
28.2713397278
28.2876903208
28.2940465176
28.3136588801
28.3459962986
28.8061883574
28.8400575812
28.8570098004
28.8607095531
28.873040355
28.8837265388
28.8980622326
28.9263404363
28.9372171154
28.959980153
28.9828433319
28.9890212638
29.0008237027
29.0370743796
29.066139349
29.0850135307
29.1085861107
29.1781158944
29.1918471489
29.2245850081
29.2489652699
29.2660863082
29.2748037063
29.2781460768
29.2958481065
29.3098938474
29.3819229008
29.4035598337
29.4605569026
29.4738707177
29.4842626934
29.5338459108
29.6269930832
29.6447440551
29.6656169332
29.7052918438
29.747904061
29.8365738774
29.9006833703
30.0150862734
30.0196435657
30.0273962921
30.0394805966
30.0609677872
30.0681092254
30.072932827
30.0775461883
30.1004872971
30.106497075
30.1145961732
30.1277453487
30.1490568398
30.1887852738
30.2033486382
30.2090086426
30.2236500138
30.2480186882
30.269242175
30.3476629775
30.3718049391
30.3877582781
30.3980807818
30.4206222121
30.428718093
30.4485888807
30.4583659543
30.4706369925
30.7822796188
30.8463762942
30.8572240114
30.8749107423
30.9031870296
31.016464617
31.0455501945
31.1065706507
31.1498096465
31.1622884005
31.2286384147
31.2691861528
31.2745565736
31.279379513
31.3222814227
31.3367690495
31.3436004644
31.3555821018
31.3701686684
31.3836333088
31.4056135435
31.4319377984
31.4423211589
31.4833147937
31.499930425
31.5098693374
31.5293158079
31.5635549375
31.5726630895
31.6000660623
31.6202377955
31.6239192798
31.6605149879
31.673739008
31.6895048567
31.7015851964
31.7274357139
31.7629590907
31.7753717994
31.845394909
31.8735731278
31.9407196066
32.0110071178
32.0461939237
32.0535641932
32.0670163834
32.1168711938
32.1556461149
32.2541997983
32.2940122546
32.3095416254
32.4071798069
32.4527218408
32.4626981942
32.4825173686
32.4954388232
32.5245667652
32.5416148599
32.5524071889
32.585811334
32.6031604445
32.6291966791
32.6559786366
32.666438275
32.6941783875
32.7080065755
32.9091508546
32.9152853777
32.9617635208
32.9929806435
33.0055978409
33.0307606203
33.0683696169
33.1103328029
33.1308753931
33.2501840036
33.3373274801
33.4144212823
33.4386747857
33.4590770886
33.4629614944
33.5033195957
33.5318242714
33.5613067797
33.5731633355
33.5769457656
33.6089610021
33.6132504415
33.6192237446
33.6340200152
33.6603458742
33.6650809166
33.6752020973
33.6922810199
33.6968719688
33.708323832
33.732082248
33.7467352521
33.7632405687
33.7688066624
33.7806179982
33.785573543
33.7999324535
33.8060799123
33.8434932803
33.8734796485
33.9175409236
33.9318020272
33.985325466
33.9934530919
34.019776423
34.031378609
34.0634679428
34.1044138715
34.111794096
34.1415814396
34.1576945085
34.180865824
34.1925238609
34.2162882026
34.234404294
34.2861165181
34.3479010277
34.4271721353
34.443276417
34.4647486164
34.5151460057
34.5627212655
34.5961483629
34.6528587681
34.6682825729
34.6971263777
34.778744098
34.8118542814
34.8239617647
34.8413046006
34.8470931929
34.8618535403
34.8751758553
34.8946963055
34.9009917472
34.9138014058
34.9231385449
34.9314841423
34.9494747866
34.9675076919
34.9815701963
35.0130002182
35.0293370256
35.0373729226
35.0606435981
35.0768229032
35.0867349882
35.109090878
35.1328853915
35.1639535704
35.18219748
35.3505134352
35.3866335517
35.4105002383
35.4264132884
35.4596508211
35.4969429563
35.5360794655
35.5581921095
35.5859066478
35.5950438004
35.6415045669
35.6449899217
35.6915501123
35.7159521717
35.7458970789
35.7709901285
35.8059698777
35.8532048318
35.9013000339
35.9284028594
35.9743279084
35.9854736494
36.0134696684
36.0183348415
36.0307878307
36.0434730038
36.0652220948
36.0725947636
36.0772889978
36.0932817268
36.1077762193
36.1241229909
36.1374479312
36.1439969449
36.1560714665
36.1795343839
36.1917526985
36.2002232854
36.2177733274
36.2222345388
36.2263270276
36.2335272812
36.2774355575
36.2958516255
36.3090337933
36.3200151064
36.5184388043
36.5613780008
36.595694387
36.6197388763
36.6384611391
36.6487797633
36.6819754987
36.693134556
36.7156231893
36.7548283557
36.7895401224
36.8016383943
36.8224921598
36.8387069612
36.9664202314
36.9850646652
37.0399900258
37.0730204767
37.0846026728
37.1166462653
37.1552072772
37.1879014448
37.3658353615
37.3726682842
37.3815036546
37.387492487
37.4024174196
37.4107227698
37.4209838273
37.4344223736
37.4393956754
37.4498927979
37.4859182711
37.5207529125
37.5451147319
37.5868417863
37.6094320997
37.6243658236
37.7562089693
37.7695128473
37.77293759
37.9633132075
38.4047769075
38.4128502752
38.4225253797
38.433799397
38.45935123
38.4743166841
38.4820650875
38.4950252363
38.5094291677
38.532676516
38.5380614851
38.5525205468
38.5644005696
38.5758057212
38.5860055382
38.6060265232
38.6157072712
38.6256200969
38.6355744939
38.6475587034
38.6525564056
38.6601465815
38.6681167989
38.6798885087
38.6869524439
38.7111128666
38.7419983646
38.75903766
38.792798268
38.8023794963
38.8218288854
38.8276141681
38.8507378761
38.8613602963
38.8843615959
38.8889203237
39.0105370412
39.0433082475
39.0601702109
39.0858990678
39.1349985842
39.1523836389
39.223498104
39.2468789992
39.2954346129
39.3394774494
39.3911624597
39.4389419629
39.4648232322
39.4992864851
39.5302756348
39.613972449
39.6249708662
39.6297846317
39.6405883864
39.6509514292
39.6681507235
39.6753025105
39.6852731168
39.6972793615
39.7346234184
39.7910435198
39.7992148635
39.8071575842
39.8121894339
39.9114791654
39.9274854125
39.9639876774
39.9887492391
39.9981890724
40.0096474788
40.1726053816
40.1765831143
40.1815928534
40.1880797391
40.2161095304
40.2260494722
40.2405575704
40.2560679363
40.3602609147
40.4094163947
40.4473034774
40.4750547379
40.5142714363
40.564002311
40.5790408444
40.5981914237
40.6347614491
40.6643268901
40.7308377645
40.7830361417
40.8792100037
40.8966075529
40.902897468
40.9208669186
40.9263424173
40.9422673836
40.9634737245
40.9675994787
41.1092763579
41.1330263401
41.1508792307
41.1623327912
41.1861140917
41.196654412
41.2155739843
41.2631666558
41.2820720935
41.298068354
41.3176336104
41.3283039494
41.3414734172
41.3497164583
41.3537945502
41.373856638
41.3932392387
41.4096865725
41.4486954064
41.4760359261
41.5266458046
41.5775264914
41.5987968794
41.6896354602
41.7441833673
41.7847326145
1116
