6.00792592582
6.04655477142
6.0523553019
6.05683105642
6.0638343782
6.07568527591
6.09058564181
6.11775579406
6.12838318904
6.14414841709
6.16299227761
6.17883491904
6.18740173804
6.2098612758
6.22521430857
6.25393384061
6.32664723335
6.33375128144
6.3584676301
6.37335312762
6.40503790516
6.44672285179
6.47504810134
6.5096733851
6.52099238936
6.56237798936
6.59896900152
6.83343699651
6.86681966256
6.9061331677
6.95634943647
6.96346855695
7.03937510061
7.10790828995
7.15193779578
7.2181113849
7.2421340852
7.25064010606
7.26023335622
7.26813429816
7.27452352429
7.29168854587
7.30024504405
7.32081203257
7.33937404434
7.3484937467
7.42151031175
7.44229305787
7.45352421907
7.46550407516
7.48469296856
7.49639797552
7.50368323251
7.51699415141
7.53273828956
7.57650449508
7.59776719857
7.61684033564
7.64214974168
7.65717630827
7.68683883813
7.72045528323
7.73330874217
7.76464699086
7.78215077837
7.79373309902
7.80882521882
7.85153863811
7.89047029175
7.90168050688
7.91985017512
8.04199580009
8.04613812661
8.11639943963
8.15762728066
8.2835460922
8.36446668949
8.51549590691
8.52727256347
8.53922074296
8.55664012588
8.57712168062
8.58659723922
8.59315589121
8.61712771488
8.63065963283
8.64352924568
8.66668471942
8.7009131998
8.7119346552
8.73240700248
8.74750913762
8.77758243944
8.79560988349
8.82115516857
8.82688853627
8.84248565555
8.86418060366
8.9026538464
8.91977984463
8.93708990915
8.96028995566
8.99338435016
9.01396706892
9.05246545001
9.05654304413
9.07860393568
9.09879774941
9.20425722296
9.24283809104
9.30604160523
9.32999195285
9.36690860436
9.41223063696
9.42179996763
9.47669276806
9.50820129678
9.61762376545
9.63493218996
9.65477403912
9.66012712143
9.74615549735
10.4215680281
10.4455129875
10.4979944696
10.5204073034
10.5358154569
10.5538122636
10.5924433468
10.5969811506
10.6148540788
10.638573902
10.6590804077
10.6842897992
10.6969766871
10.7205978286
10.7598199911
10.8120071971
10.8252434864
10.8361665306
10.8505584659
10.8572539897
10.8939638005
10.9175462911
10.9398433563
10.960219215
10.9835226833
10.9936101363
11.1948527314
11.2076714446
11.2322026744
11.2599892886
11.2771628004
11.3197114797
11.3388868599
11.4200211075
11.509113469
11.5450693991
11.5688026719
11.5843530369
11.6146296236
11.6407998497
11.6819861261
11.733569441
11.8117767802
12.0044960164
12.0188178023
12.071780634
12.076074199
12.0852695082
12.1038770423
12.1166899409
12.1369915822
12.1731448553
12.1802498678
12.2049633783
12.3195029334
12.3872167948
12.4099108799
12.4142611466
12.4461369918
12.460326548
12.4832420258
12.4878801505
12.5238148889
12.5669368352
12.653403696
12.7163311952
12.751777262
12.7823724323
12.7963000876
13.2154953785
13.2459366591
13.2519452189
13.2850657009
13.2923651652
13.2991506069
13.3061189823
13.3200143153
13.3356643829
13.3426333531
13.3633440788
13.3761863991
13.3844321049
13.392859626
13.4125296114
13.4258591464
13.4729747089
13.4929627087
13.5037539197
13.5285360632
13.5758160511
13.5909304786
13.6324704372
13.7146468421
13.7223321826
13.7787126995
13.8281204424
13.8434147229
13.8550608172
13.8719438904
13.8951937475
13.9340152855
13.9998974683
14.0376378841
14.0447743768
14.0886882912
14.1019277911
14.1299474128
14.1400063923
14.1471824311
14.1829927719
14.3581952491
14.4039491424
14.4089477407
14.427244513
14.4349911973
14.4403828126
14.4603285079
14.4654910729
14.5038427351
14.6017866295
14.6104578907
14.6169472516
14.6331862075
14.6600673231
14.712649311
14.7281814727
14.7323870368
14.7516041508
14.776593899
14.7880432414
14.8067630285
14.8609353039
14.8883178717
14.9249498844
14.939585296
14.9563336429
14.9773979786
15.0347349615
15.047809921
15.072649068
15.0882163232
15.1249475754
15.138690868
15.1558635756
15.2112373967
15.2389692632
15.2697278185
15.2875731458
15.3287035698
15.3774813286
15.423083213
15.6109715946
15.6224763508
15.6381261124
15.6723059493
15.6873434724
15.6920048272
15.700681182
15.7310890103
15.7868849689
15.8323320653
15.8382330702
15.8418771978
15.9073133168
15.9195945328
15.9284697137
15.951070998
15.9688970336
16.197568758
16.212508455
16.2311946948
16.2665824049
16.3523219895
16.3821127337
16.4192213803
16.4643505473
16.5119019537
16.5346911762
16.5840468249
16.6290690456
16.7093429362
16.7456565727
16.7709430199
16.8215054775
16.8554983478
16.9204527747
16.9274812698
16.9429372085
16.9689190056
16.99269976
17.00233114
17.011266577
17.026284316
17.0505955759
17.0586353501
17.1425715748
17.1529393188
17.1822059616
17.2169756726
17.2752810679
17.3262963243
17.3742661763
17.3901829163
17.4666831876
17.5038080278
17.571224622
17.6128789476
17.663371483
17.7343479892
17.8352371813
17.8928894443
17.9467902691
17.9694168213
18.0049992142
18.0181123713
18.028714136
18.040465952
18.0509389254
18.0621815086
18.0722742068
18.080665704
18.0860966236
18.1345317853
18.1482860011
18.2009294637
18.225192738
18.2372985447
18.2663875573
18.2825465397
18.3162787233
18.3327633387
18.3631294724
18.367419103
18.3737608464
18.4746129188
18.4980380175
18.5128575416
18.5178443491
18.5521179545
18.5610037944
18.5726447367
18.6019952748
18.608058829
18.61528703
18.6255691006
18.7407615528
18.7682869442
18.8292537932
18.8475087346
18.8549750542
18.8648746842
18.900030882
18.9341920259
18.9505464234
18.9600404556
18.9992699093
19.0247767058
19.049682161
19.0631549452
19.0744783898
19.094182343
19.1191441549
19.2145198275
19.2240284884
19.2445262508
19.2598448517
19.2707466079
19.2787787346
19.29575192
19.3034874963
19.3138084109
19.32610021
19.3359723982
19.3436646221
19.3500843316
19.3670360246
19.3841280689
19.3884061875
19.4102230404
19.4299434533
19.4657196887
19.4749190736
19.4968651528
19.5280824821
19.5523622031
19.5570794093
19.5703161342
19.5930214373
19.6683930425
19.6740371678
19.9938576801
20.0232954123
20.4107316731
20.4143775204
20.4233284082
20.4364365941
20.4503478109
20.4647384637
20.4756759226
20.4812232591
20.5343404426
20.560394446
20.5697252317
20.5910318481
20.6006819087
20.6199048235
20.6367790523
20.6571872632
20.6837658955
20.708642694
20.7129967337
20.7329889445
20.8167442708
20.8432673437
20.8928550837
20.8984507383
20.9063749339
20.9183000396
20.9475315557
20.9688433979
20.9750662672
20.989115018
20.9938477554
21.0106960886
21.0343674669
21.0538730453
21.0599692159
21.0701508598
21.142380672
21.1828336957
21.2296190016
21.2424673338
21.2983126338
21.3150464137
21.3426539296
21.3625594285
21.3977275638
21.4454997948
21.4665127602
21.5003757291
21.5702755176
21.5818054189
21.6063863217
21.6149200213
21.6379404662
21.6543041166
21.6627227042
21.670069124
21.678387382
21.6917830185
21.7097464026
21.7195163576
21.7356457087
21.7415512953
21.7550421614
21.7657179868
21.7778390461
21.7894936325
21.8048461263
21.8449956658
21.8573501637
22.0072378355
22.0268598817
22.0372523944
22.0744858171
22.1748380464
22.2060856904
22.2215535151
22.2361741257
22.2470483869
22.267044693
22.2842968097
22.307378588
22.4771418095
22.4962559381
22.509416226
22.5305322957
22.5519798908
22.5968282978
22.6298248688
22.6677053501
22.7220723081
22.816232473
22.8290437234
22.8399793842
22.8568803196
22.8621265551
22.8675433505
22.8855209624
22.9213944097
22.9371195117
22.9460339065
22.9576498089
22.9936181994
23.0030222591
23.006973317
23.0110545861
23.0325362519
23.0485341534
23.0657268432
23.0703966032
23.0828929019
23.0974160723
23.1186639159
23.1439988058
23.1940899765
23.279336702
23.3009343516
23.3332164504
23.3785948422
23.3909787769
23.4051408439
23.4327331127
23.4647993625
23.5105643111
23.5601343026
23.6529204107
23.6674580894
23.6850012358
23.7175646261
23.7225373959
23.7486878486
23.7693961238
23.7866239904
23.8138580899
23.8383437662
23.8533316165
23.8933961893
23.9330408247
24.0170121143
24.0216347164
24.0332355594
24.0417514155
24.0605126024
24.0771554495
24.100046974
25.2116125098
25.2690751442
25.3245568603
25.3507625933
25.3620196119
25.3825280308
25.3912390837
25.4059255188
25.4274052727
25.4533489434
25.4669558101
25.9276103272
25.9708483218
25.9861809588
26.0229888931
26.0751812472
26.0801209107
26.1067071866
26.1317933507
26.1979063558
26.4205911116
26.4369026828
26.4529770762
26.4571958017
26.462422971
26.4843435793
26.4938808282
26.5031261589
26.5076702
26.5198659669
26.5298883254
26.5484142014
26.5605731186
26.5664415932
26.7146282346
26.7447235879
26.7519169467
26.8423106407
26.8816923052
26.8970786232
27.0913638344
27.1102169975
27.125522135
27.2176960456
27.2970643301
27.314712499
27.3528267053
27.3758178373
27.4343236496
27.4919578651
27.6034179125
27.6163609451
27.6475420817
27.6568860763
27.7220728798
27.7408125949
27.758655666
27.7746809658
27.7910045243
27.8032355883
27.8096159461
27.8290000497
27.8622051112
27.8831482106
27.9004544517
27.9170756522
28.0098271488
28.0242596713
28.0544323355
28.123901869
28.1341072049
28.1646520475
28.1823752314
28.1864881017
28.190021165
28.2260014361
28.2359453995
28.2973798807
28.3575011931
28.418264895
28.4359012015
28.4810511538
28.4872442741
28.5963456843
28.6328931397
28.6474553181
28.6578565454
28.673517159
28.7208565514
28.7631900118
28.8123617124
28.8298207284
28.8456529642
28.860294704
28.887078293
28.9002739498
28.9222135747
28.9300732284
28.993553797
29.0113439565
29.0245023405
29.0449959919
29.0834584997
29.0932591778
29.1052154256
29.1765574209
29.1853790402
29.1961784735
29.2051072009
29.2375855666
29.2495417234
29.2556292115
29.2890611227
29.2973503289
29.3150861223
29.3704377174
29.3855726477
29.4122545755
29.4311682597
29.4449207252
29.4830527411
29.515713615
29.5344634193
29.5415862943
29.5624502503
29.5933658462
29.7209099159
29.7611249235
29.8616131765
30.0087256595
30.0156550899
30.0279957461
30.0389402648
30.0532377692
30.0672111095
30.0880478561
30.0946057796
30.1426987473
30.1495851349
30.1678115989
30.1819349818
30.1886328855
30.2082583825
30.2426028524
30.2486750985
30.2562200934
30.2820660297
30.2953910598
30.3428346981
30.3526846038
30.489318021
30.502443562
30.5330400626
30.5470511132
30.5884704687
30.6035463462
30.6308448926
30.6376898224
30.6796672336
30.6830152557
30.6898235386
30.7210251204
30.7497725616
30.7588001248
30.7768678024
30.9221223079
30.982910456
31.0046851661
31.032062333
31.1542975769
31.1793113564
31.209057504
31.220028968
31.229559246
31.2408436794
31.2535099673
31.259449632
31.2800977214
31.2919650195
31.3634503965
31.3684314962
31.3725874046
31.3877943055
31.3997352096
31.4155520481
31.4255345236
31.4480449846
31.515918285
31.5368924595
31.5470764743
31.5571855045
31.5666963988
31.5778391341
31.6144495529
31.6295185577
31.6449814095
31.6668469611
31.7083360748
31.7558984874
31.7816688676
31.7996782862
31.8206030864
31.8287577901
31.8896699577
31.9046496303
32.0030320503
32.0207749739
32.0657841746
32.078813679
32.1039941846
32.1345043048
32.1879619258
32.2122722864
32.2564774416
32.2860585301
32.3167151918
32.4043646719
32.415440766
32.4263090852
32.4315580772
32.4455054541
32.4654442132
32.4819045732
32.4862204445
32.4929618833
32.5038507512
32.5114249216
32.5231794563
32.5358343616
32.54462474
32.5560830269
32.6730943702
32.7030370251
32.7244138205
32.7322535679
32.7514882731
32.8298806805
32.8530136812
32.8851580346
32.9077040493
32.9135198573
32.9691057421
32.9773494311
32.9886067883
33.0024969686
33.0829206246
33.0981290174
33.1214826043
33.1590059433
33.2211092811
33.2400744466
33.3731881372
33.4745026726
33.5010234819
33.5070074393
33.5348725239
33.5980394058
33.6087741867
33.625180895
33.6330433463
33.6425956509
33.6602757359
33.6787401985
33.6952866488
33.7077841732
33.7241872197
33.732970291
33.7372429735
33.7486379886
33.7699436625
33.7802436946
33.7903351039
33.8327887778
33.8519088455
33.8556215311
33.9143868299
33.9408013969
33.9538288222
34.0457099291
34.0721073761
34.1041510837
34.1307595764
34.1617709985
34.1949853777
34.2058617201
34.241528548
34.2666165302
34.2762044422
34.285271228
34.808758319
34.8137906412
34.8452874574
34.8915971523
34.914534817
34.9323753936
34.951703791
34.963634209
34.9712941041
34.9786626264
34.9975969812
35.3656270303
35.3955961727
35.4381360552
35.4676696322
35.4741986199
35.5077931274
35.563608198
35.6085804275
35.6258895507
35.7038180254
35.7078553191
35.7786787443
35.8087104186
35.8841741164
35.9035073246
35.9218921871
35.97500627
35.9787262482
36.0272793391
36.0349565832
36.0410932934
36.0542932179
36.0592561127
36.0706431973
36.078748638
36.0964596679
36.113487109
36.1184840719
36.1287822906
36.2764409707
36.2823744822
36.298945911
36.318882419
36.3354507112
36.3465016809
36.3617525087
36.3961814317
36.418732177
36.4361802762
36.4749292021
36.4927379753
36.5223182184
36.6140272776
36.6178397402
36.6318124719
36.6460128281
36.6713472064
36.6927119859
36.7419410127
36.759083389
37.2042725325
37.2122539052
37.2316742534
37.2636788169
37.2773904266
37.2903256018
37.3121362169
37.3281613158
37.3372674733
37.3422649163
37.3511992327
37.3679649189
37.3921370653
37.4096299974
37.4230774088
37.4419621758
37.6302890123
37.6512855967
37.683271967
37.7265872032
37.7386201278
37.7685921237
37.7963059185
38.0178695278
38.0265821928
38.0513879021
38.0600293301
38.1007984778
38.1109469956
38.1965441413
38.2222954085
38.253004268
38.2705888644
38.2774068682
38.3025067121
38.3494358614
38.4060894956
38.4157196461
38.4286858332
38.4453602844
38.4531623137
38.472010651
38.4806227164
38.4937513045
38.5062006533
38.5494821318
38.5712324361
38.5840055615
38.5961410353
38.6131541245
38.6261900703
38.6453470976
38.6592983295
38.7014557079
38.7459607382
39.0209202335
39.0407469723
39.0527028655
39.067763125
39.0809151203
39.1094314719
39.1294762045
39.152938173
39.1763951841
39.1984134404
39.2266260103
39.2763642432
39.3000130243
39.3224787412
39.3410735422
39.6123845903
39.6184411593
39.631936275
39.6411681292
39.64499914
39.6491829562
39.68338617
39.7253799555
39.7384173996
39.7603829236
39.7661503876
39.7762022868
39.7838537979
39.7919063512
39.8281802125
39.8436992872
39.8498383791
39.8704789073
39.8801505312
39.8908781448
39.9533005201
39.978215314
40.6033624712
40.6147536375
40.6606267893
40.6761664302
40.709271014
40.7764976811
40.805767734
40.8169956527
40.8749506621
40.8917630226
40.9919941694
41.0012971952
41.0087775666
41.0177563304
41.0979794908
41.1068356425
41.1527130085
41.1677512081
41.2010919394
41.2240112188
41.2391031075
41.25893606
41.2866359963
41.3163675612
41.3430380462
41.3777051311
41.3955983249
41.4121511465
41.4173639321
41.4515362118
41.5294195928
41.5541978486
41.601494873
41.7772711274
41.8237975311
41.8540774893
41.8730356064
41.9321005552
41.9637834937
1039
