6.04485093697
6.06267372577
6.07055163612
6.07578445839
6.08681910362
6.09548984485
6.10711894262
6.17698687686
6.19091783333
6.20457257541
6.22224324747
6.23827267647
6.24403352632
6.25485765716
6.2770298691
6.28629208074
6.31059417849
6.3332019624
6.33914701732
6.35692204399
6.40661986958
6.43339922368
6.43694314734
6.44449408474
6.46638414345
6.46979690461
6.55102884521
6.57682963054
6.64251412646
6.81819985388
7.19974709402
7.21032923482
7.22108041419
7.24638400131
7.26660184948
7.27654729377
7.29412460945
7.31641605423
7.33305406986
7.35433900379
7.37603736289
7.38509034401
7.40625050447
7.41598274131
7.43602239388
7.44962201541
7.46532580003
7.49499944962
7.50457192766
7.50970827114
7.52843737677
7.5502453676
7.62983568451
7.65506372501
7.68347182904
7.71224709184
7.77188977356
7.82351712049
7.84315578626
7.87862166551
7.93063274014
7.98522740476
7.99894748446
8.01863151483
8.03832065813
8.05258071646
8.07685637451
8.10701678784
8.12793354244
8.1576052538
8.18434347855
8.20985262653
8.25295444205
8.33407371477
8.40630634481
8.41578966353
8.42799206347
8.44345963602
8.48717842906
8.50372798556
8.5252285662
8.54678352723
9.35466771784
9.36543901418
9.54064822514
9.56170042229
9.60896795556
9.61642534722
9.63416759667
9.64974426096
9.65503297021
9.66856777082
9.69032563318
9.69984536474
9.75140341844
9.76668205592
9.7824731012
9.79913657108
9.81129877824
9.82811609241
9.83502908939
9.8529395257
9.88097699551
9.89182646912
9.90668897501
10.064672189
10.0744637811
10.0781542235
10.2469813401
10.2814964761
10.3129357776
10.3197893138
10.3592913678
10.4581515002
10.486030354
10.5253067421
10.5466764716
10.5617793512
10.6096689596
10.6495704888
10.6632795652
10.6973524493
10.7134027162
10.7393528029
10.7624351819
10.7669900908
10.8049492187
10.8133145669
10.8203688242
10.8238099496
10.8381174547
10.8519781158
10.8569349845
10.8768273182
10.8901943863
10.8987082305
10.9164783747
10.9455517715
10.9658048689
10.9811503547
11.000174257
11.0138016557
11.0360952635
11.060983058
11.0789078358
11.1175769017
11.1271310188
11.2553121262
11.2611935021
11.274756733
11.2937695203
11.3136491927
11.3488036883
11.3633700415
11.3784415254
11.3945590081
11.4034312638
11.4534017788
11.4863326032
11.4956751326
11.527837879
11.8252335014
12.0117695117
12.0273943711
12.031215647
12.0392536922
12.0452013027
12.0666257993
12.0727904829
12.1104230409
12.3165218364
12.3406374991
12.3579788332
12.3722913758
12.3871292046
12.4158026889
12.4421427929
12.4559712738
12.4722028922
12.4885811845
12.4924244393
12.511174496
12.5531696728
12.5829697422
12.6411993982
12.6852463037
12.7085110527
12.7201261597
13.0964245592
13.140613902
13.1803196884
13.1993205149
13.2120016917
13.2250559088
13.2414469325
13.249898306
13.291982564
13.3197226837
13.3308703023
13.9895642588
14.0693512308
14.074844084
14.1227989748
14.1559677793
14.2004021867
14.2067349255
14.2191759249
14.2367992635
14.2776716571
14.2940165635
14.3334189155
14.3585772354
14.3760007867
14.4045040676
14.4251396726
14.4380535128
14.4426784508
14.4534242917
14.4646187925
14.4824254736
14.501013833
14.5272429675
14.5354184134
14.629576487
14.6434368933
14.6756817862
14.6828121257
14.7149216929
14.7235042219
14.7427221392
14.7603545348
14.7652915207
14.7854071613
14.8000655491
14.8171659053
14.8213997563
14.84037264
14.8472391261
14.8650726863
14.8976587106
14.9286226782
14.9588984449
15.0037217135
15.048007323
15.0819198783
15.1526432197
15.1835131796
15.2154946249
15.2295173241
15.2548427097
15.2896016089
15.3159244923
15.6321034451
15.6410319287
15.6542084282
15.6683045865
15.6783814331
15.7202042182
15.745244086
15.7566208974
15.7616086441
15.7744370038
15.7878736177
15.791587788
15.8042721622
15.8338914576
15.8547658251
15.8636991657
15.9054172217
15.9135032592
15.9333523189
15.9485191957
15.9800219049
15.9911356633
16.0587044631
16.0678468905
16.0831371411
16.1132626186
16.1244191535
16.1588848577
16.1725734169
16.217308662
16.8174131183
16.910379937
16.9291815989
16.9375737345
16.9528174375
16.9651522653
17.0053918146
17.0407303971
17.0517536064
17.0603596677
17.0706149481
17.0896932281
17.1067805175
17.1510665626
17.1752107751
17.1849673611
17.1906687637
17.2050420627
17.2351899512
17.2542845852
17.2652792166
17.2891930019
17.4256734574
17.472279353
17.4931331998
17.5258910621
17.561814452
17.6011179651
17.6247287355
17.6303141413
17.6527103014
17.7225236763
17.7482377201
17.7640131274
17.8215815764
17.840848685
17.8806255608
17.9127357734
17.9616914443
17.9792891525
18.0071517311
18.011665586
18.0163522332
18.0245615083
18.0404458281
18.0580729253
18.065224171
18.0867978371
18.1071100182
18.1321633095
18.1358515392
18.1510603434
18.1636671834
18.1899011205
18.2652329882
18.2868078562
18.3137622133
18.3195658476
18.3270097061
18.3704818858
18.3777648058
18.4305318242
18.4463047133
18.5107502641
18.520077101
18.6706552794
18.6916092662
18.7495994055
18.7718577516
18.807513283
18.8119080631
18.894829096
18.9351159399
18.9504167067
18.9836833416
19.0388956414
19.0641005841
19.1137727926
19.2065891206
19.2165535429
19.2228725234
19.2340022794
19.24044061
19.2501376661
19.286674924
19.3059011022
19.3273255057
19.3447151362
19.3825313248
19.3890890014
19.4086975116
19.4172270627
19.4292865039
19.4421846083
19.4482268699
19.4526578826
19.4650864057
19.470912489
19.523492617
19.5359144157
19.5823967097
19.5971469544
19.6163216635
19.642653165
19.6921962811
19.7620067263
19.7935634402
19.8349985088
19.8773522254
19.8989174096
19.9361553646
19.9643936195
19.9971810287
20.0217664289
20.067802751
20.1133956063
20.1173218651
20.1526635635
20.2461719948
20.3019361059
20.3418260008
20.3666275421
20.4039107363
20.4127014869
20.4230652353
20.4343816086
20.5157731748
20.5326425982
20.5415300745
20.5454051321
20.5546256807
20.5654481538
20.5727396678
20.5886220297
20.598143543
20.6467214356
20.6541486113
20.6746445285
20.6940367985
20.7029383519
20.7202178342
20.7385118433
20.7455843005
20.7570111747
20.7612608843
20.7749688054
20.7817965309
20.8226231298
20.8332567025
20.8753885735
20.9202893417
20.9237217621
20.9297448111
20.9455216254
21.011783701
21.0365244538
21.0825428386
21.1573941638
21.1954520805
21.2074416632
21.2431948466
21.6235235277
21.634954469
21.6633746084
21.6817075515
21.6986515956
21.7194552401
21.7242442889
21.7348778467
21.7910656552
21.810820893
21.8168382024
21.8288820995
21.8445181998
21.8499168724
21.8594682623
21.9973846024
22.0063012172
22.0249816524
22.0354572
22.0724272651
22.0949073534
22.0998558451
22.1178747511
22.1274492495
22.1480251247
22.1560476718
22.1760026718
22.1952658623
22.2330497274
22.2565138935
22.2716150945
22.2802812852
22.6551945718
22.6958137583
22.8050767246
22.8216457617
22.8672932183
22.8756741275
22.8841818692
22.8907131584
22.8995268098
22.9072232128
22.918430521
22.9221298129
22.9292257875
22.9348212655
22.9608729835
22.9655348726
22.9776244558
22.991241431
23.0069213355
23.0162883063
23.0356953714
23.0490691676
23.1417654031
23.1615749374
23.2009910232
23.2158534279
23.2240837176
23.2452423675
23.2791606248
23.2867550508
23.3020489417
23.3212234503
23.3560915698
23.377098129
23.3980196572
23.4159606014
23.4537356201
23.4687069566
23.472144109
23.4912048003
23.517016861
23.5271529778
23.553671075
23.567424736
23.5798362782
24.0081675103
24.0135984267
24.0293336239
24.0341234846
24.0422705261
24.0546467376
24.0681501927
24.0836456848
24.0919591345
24.1115109419
24.1275802511
24.1788695366
24.1861855333
24.1967216331
24.2091711638
24.2341269547
24.2549549282
24.2672678386
24.301156401
24.3064847692
24.323396922
24.3516058735
24.355447732
24.3673228647
24.4020422098
24.4133720583
24.467239435
24.5056783568
24.534291339
24.9629576077
24.9869738888
25.0392044404
25.0906446443
25.1416736596
25.2092307645
25.2212652128
25.2284061793
25.2452127463
25.4308942002
25.4449486737
25.4663287159
25.5000568539
25.5166885025
25.5290472052
25.5466066082
25.5672218459
25.571188447
25.5835866667
25.6232954111
25.6345917599
26.4108238648
26.4439848116
26.4594178061
26.4649316926
26.4778944383
26.4882904143
26.5716753764
26.5774508106
26.5939374899
26.6100917766
26.622882786
26.6306565962
26.6389559087
26.6555670268
26.6693268066
26.8880841203
26.9207800326
27.0145423992
27.0582815882
27.1023409488
27.1372472908
27.2686435976
27.3060729696
27.3549829025
27.367286721
27.476285642
27.5087182814
27.5654002746
27.5828470523
27.6229770093
27.6266661705
27.6352871943
27.8294786867
27.8440256111
27.8632291444
27.8705797572
27.8861667156
27.9021430859
27.9065007647
28.085132161
28.1040312558
28.1229340719
28.1466101704
28.1757258537
28.1863976951
28.2055166881
28.2342184407
28.2392740936
28.2792678061
28.3354477524
28.3861768881
28.592573858
28.6578669583
28.743544883
28.7687887292
28.7962005505
28.8279124653
28.8463757002
28.8539813303
28.8592994069
28.8672258762
28.8861931543
28.8912960601
28.9214029797
28.9537262563
28.9636517178
28.9818201256
29.0098287986
29.0232137797
29.0491904242
29.1186461361
29.1530988878
29.178886541
29.1973181888
29.2194859864
29.238616165
29.2471922367
29.306798651
29.3321207097
29.3513042173
29.3778086339
29.3939526712
29.4308986754
29.4448891294
29.4658167543
29.5149437245
29.552446463
29.5609420981
29.6359187363
29.6832946235
29.6884837191
29.7097028741
29.7595164693
29.7750329475
30.0096412006
30.0135810775
30.0229154236
30.0272513334
30.0365835408
30.0671687864
30.0755807481
30.0861470015
30.0931499959
30.1195721073
30.1294924715
30.1582822796
30.1675097586
30.1849870324
30.1916081933
30.2190029728
30.2348677456
30.2453976441
30.256296532
30.2975583177
30.3171060395
30.3305258995
30.342541214
30.6249759785
30.6410155642
30.664467277
30.7393304383
30.7915211945
30.8800719409
30.8980585628
30.9213730041
30.9319147906
30.948603018
30.9640260275
30.9731057906
31.0383960291
31.0749359008
31.0850307374
31.1548999576
31.1663170428
31.1737338205
31.2105276475
31.2728257289
31.2851641076
31.2965059269
31.3071401711
31.3213188968
31.3378894985
31.3657109538
31.3698523094
31.4051559737
31.4184280982
31.4457298763
31.4899890129
31.5157152869
31.5226001295
31.5280276013
31.5504225948
31.5620875537
31.5690999536
31.6014934218
31.617659354
31.647314648
31.7118813777
31.7416042854
31.7707739964
31.7976999871
31.8051661994
31.8540367991
31.8994457598
32.0208449872
32.0341558928
32.0889498625
32.1120154762
32.1410867288
32.1573215533
32.2449689114
32.2769102712
32.2892942691
32.4244226256
32.436378611
32.444891063
32.4601363018
32.4792146729
32.541632612
32.5477175971
32.5602185427
32.5744094035
32.5873676792
32.6027824164
32.6066741046
32.6172784805
32.6373864222
32.650699954
32.6753460481
32.6941897878
32.7167876021
32.7214425248
32.7362709938
32.8008188513
32.8057796003
32.8210332895
32.8636408455
32.9219460931
32.9408427106
32.9525970011
32.9595744393
32.9772124394
33.0005385104
33.0134634514
33.0172687165
33.0674959571
33.0874717645
33.1263628339
33.1457069861
33.2811345682
33.29958455
33.6161432379
33.632124391
33.6356360518
33.6472278377
33.6573998191
33.66530356
33.6724476091
33.6779772443
33.6936723184
33.7061248736
33.7277922642
33.7366432957
33.7585155897
33.8107685502
33.822101258
33.8322437088
33.8405380727
33.8674322453
33.8908143806
33.8941623257
33.9153762728
33.9355493381
33.9573504284
33.9697398955
33.9905942664
34.011964993
34.3332391073
34.3503838441
34.3846843059
34.4088220997
34.4239523844
34.4530639513
34.4774494407
34.5017845489
34.583266874
34.5883249951
34.6465977023
34.6570263108
34.7515441474
34.779510288
34.8046796134
34.8164012889
34.8212244143
34.8311559407
34.8513885141
34.8553718127
34.8660441265
34.8811927761
34.8990857078
34.9218272965
34.9653737461
34.9755287422
34.9923256176
35.0064311303
35.040324764
35.0532780565
35.085584149
35.1187037072
35.1275874228
35.1689995167
35.1954405905
35.225506656
35.2409645529
35.2453879163
35.2852987511
35.2974246947
35.3475496831
35.3778140499
35.4029532414
35.4170075004
35.4428633431
35.4786015398
35.4819623903
35.6713334747
36.0134940679
36.0260265045
36.0399598767
36.0537604017
36.0778107603
36.0988941138
36.1146553812
36.135619828
36.1968946841
36.2142762612
36.2281784427
36.2320548027
36.2380188196
36.2418109274
36.2711320207
36.2990430157
36.3127388249
36.5038920584
37.1904072165
37.2034218604
37.2595146979
37.2687387714
37.2997404242
37.3052971064
37.314839384
37.3277752498
37.3387650254
37.3541451434
37.3811882426
37.395683203
37.458063661
37.4659200194
37.4793016693
37.5276768716
37.5507649822
37.5681271282
37.5966939604
37.604727809
37.6125581693
37.6254463921
37.6692615807
37.7010259412
37.7651165589
37.7910295851
37.8362865273
37.8469924642
37.8721888685
37.8993346368
38.0131406455
38.0396705543
38.0507455711
38.0921362582
38.1179970123
38.1248510333
38.1484765255
38.1884767297
38.2291833968
38.2782096895
38.3199521237
38.345504038
38.4064842073
38.4531394121
38.4652071993
38.4839713615
38.502071314
38.5168318993
38.5280903688
38.5373664496
38.5707797839
38.5762515867
38.6048486655
38.6160902592
38.6320918005
38.6512376982
38.6666622941
38.6727834236
38.6792438188
38.6858116668
38.7006229661
38.719684519
38.7532331549
38.781162529
38.7905536135
38.8240391546
38.8566959409
38.979651922
38.993313439
39.0073195268
39.0393269382
39.0642465471
39.1881530503
39.2185337135
39.2730325252
39.3342960479
39.3437027309
39.3805035823
39.4021742784
39.4257112525
39.4778641387
39.5445517784
39.5872308368
39.6153348755
39.6213451279
39.6258374656
39.6320487779
39.6398432793
39.6506162754
39.6641781547
39.6717092395
39.6872980838
39.6930134318
39.7022781332
39.7223448526
39.7299393374
39.7376262237
39.7450369809
39.7639586475
39.8249685223
39.8782149822
39.8968257345
39.9016535077
39.9058674226
39.9150551553
39.9424723172
39.9729891184
39.9798338931
39.985996295
39.9996712034
40.0263509766
40.0733499381
40.0843759028
40.0999120939
40.1282286967
40.1579953679
40.1876978175
40.2237942772
40.3497763224
40.5303391711
40.5446677971
40.6369547846
40.6796442457
40.7087548032
40.7299914547
40.7489292212
40.7822437806
40.8053462682
40.8162959759
40.8266891865
40.8324177412
40.847074569
40.8740955239
40.8805551904
40.8875756112
40.8932201702
40.9347530952
40.9401097182
40.9457112886
40.9630013569
41.0450244663
41.0556145238
41.0656266347
41.0707390044
41.1053928186
41.1184948523
41.1469634309
41.1667938871
41.1749341787
41.202411874
41.2150975849
41.2190463246
41.2841614912
41.2910858238
41.3152224779
41.3848080855
41.4105802031
41.4447233988
41.4569823507
41.4948951955
41.5160560528
41.5541300982
41.5985610641
41.6127236863
41.6206095859
41.6479016407
41.6713878863
41.7152291666
41.7330709579
41.7838275064
41.8229089054
41.8426387788
41.847999824
41.9108343078
41.9276811652
41.9847551611
1049
