6.01619597956
6.02371003371
6.03772855998
6.04900422574
6.05756773568
6.20473113703
6.23125591847
6.25282626775
6.27835017215
6.29603678532
6.31267065353
6.33472009298
6.35539600115
6.39400916928
6.40407044636
6.47229691202
6.49269632116
6.51105768518
6.52087439928
6.55804933974
6.60097300671
6.62653984108
6.64093219315
6.67120520559
6.70967833659
6.7531443795
6.7570404845
6.80570289633
6.81863936521
6.83358977967
6.87398015582
6.89034659771
6.91122583407
6.94606336011
7.0313063495
7.06861014118
7.09271520214
7.1025616652
7.14337298362
7.18270782266
7.20483115718
7.23064992994
7.26700727256
7.3101018344
7.31680417394
7.33711723827
7.34788866414
7.37700677906
7.40185166611
7.42394284362
7.43396066764
7.4426459411
7.50045297804
7.52895405143
7.56411960867
7.57724660485
7.62516791981
7.64425776504
7.65995641337
7.67720576444
7.68738159238
7.71293288787
7.72583784438
7.73175283532
7.75730034698
7.76405847201
7.78616394934
7.80731404719
7.81988580885
7.95453077556
7.99591250309
8.08865281675
8.19612453662
8.22919554271
8.28797682596
8.33002057098
8.36498900128
8.40564244533
8.42909233283
8.45344580438
8.4579239702
8.47396564967
8.48149561565
8.48531776851
8.51160888905
8.522266506
8.53697945565
8.55257886874
8.56301476789
8.57266177563
8.9149787834
8.92545239408
8.9410510609
8.95567609852
8.97978612164
8.99698182948
9.4232828614
9.43267704971
9.49062522195
9.50354572639
9.51457360947
9.54013013753
9.61527644326
9.62361422331
9.62907273522
9.64760384351
9.66418336166
9.68033927507
9.69092887461
9.731628329
9.73633574838
9.752030351
9.77009822874
9.78923149745
9.79625874821
9.80694585956
9.81906966073
9.82799330101
9.84613596341
9.85214109352
9.90624819278
9.93098843703
9.93760573868
9.96571632815
9.99179727956
10.0021015232
10.0263434434
10.0421808947
10.0653688183
10.0884699817
10.116111522
10.1472221922
10.1714934586
10.1790695559
10.6577354985
10.6703949757
10.6984947695
10.7635260291
10.7959441753
10.8070798786
10.8114116849
10.8164862375
10.8214231696
10.8292693499
10.8741106575
10.8861729909
11.1702347901
11.3608577156
12.0112327748
12.0164988136
12.0288131603
12.0332874305
12.0507540274
12.06105807
12.0788652692
12.0833325169
12.1591004125
12.5085940721
12.5345727773
12.5541024592
12.5741297243
12.6074459423
12.6441559999
12.7556814095
12.8536731014
12.9250007183
12.9534209248
12.9671930937
13.0143018494
13.0384768394
13.0746506097
13.1388262437
13.1698226411
13.2087565151
13.2235753017
13.2325990875
13.2523988445
13.2872257447
13.3768632578
13.3875093086
13.4141604687
13.4357856163
13.44029897
13.4554829001
13.4628031631
13.4854124083
13.5059019247
13.5177706829
13.5327337301
13.5452322724
13.5595688212
13.5892762182
13.5971779314
13.6077260936
13.6484111461
13.6579679735
13.6643768969
13.7014943724
13.7118635031
13.7240517502
13.7352815715
13.7532607588
13.8016892282
13.8409648399
13.8687298294
14.1856667702
14.2078096293
14.2190906743
14.2514650066
14.2665471659
14.2956805647
14.394700416
14.4048159053
14.421811685
14.4459129742
14.4549105453
14.474051804
14.5317787905
14.5856453354
14.6387180306
14.7582010221
14.7785763634
14.7861827166
14.8248975003
14.8424996032
14.8579529879
15.6062145697
15.6171496514
15.6306049059
15.637101856
15.6407480954
15.654227523
15.6829176051
15.6891098826
15.6986451834
15.7115142463
15.7151164463
15.7343538308
15.7438222206
15.7674684247
15.77640587
15.7869655503
15.8001576293
15.8124087324
15.833793855
15.8408718649
15.8692788424
15.8792619047
15.8914045026
15.9197572223
15.9278618588
15.9687706082
15.9881786168
16.0012250698
16.0316975337
16.1483365113
16.1941481657
16.2212960651
16.2844393481
16.3069218132
16.3409663353
16.3833635928
16.4043301388
16.4271076898
16.5729037536
16.7173948746
16.7234819995
16.7309128678
16.7535420859
16.8120066737
16.8154263586
16.8227227476
16.8261355524
16.8500214417
16.8657756727
16.8900985112
16.9404057766
16.9619613587
16.9696983709
16.9822670233
17.008193457
17.0402020273
17.0663707853
17.0853787251
17.1040477835
17.1077457643
17.1214596401
17.1359258536
17.1452703988
17.1630641732
17.244225681
17.2519698843
17.25936584
17.2750567836
17.2957268076
17.3060660918
17.3265117153
17.4388776761
17.5031172374
17.5214347325
17.5364960002
17.5876004282
17.6093317802
17.6361066297
17.6620012704
17.6747801528
17.80358786
17.8202711955
17.8565902933
18.0090901711
18.043057344
18.059363655
18.0711784428
18.0789221675
18.0932204407
18.1059420279
18.115575989
18.1441775541
18.1676875027
18.1795591934
18.1883079447
18.1919656823
18.210071506
18.2212419414
18.2401683414
18.2495321412
18.2538573235
18.2715797205
18.2858753086
18.2954750441
18.302529582
18.3168134762
18.345552535
18.3529147532
18.3814629687
18.3975246045
18.4075724116
18.4202991288
18.4608336145
18.4998767772
18.6214496558
18.6580146311
18.6818925037
18.696558155
18.7531971613
18.9646395374
19.0028933998
19.0214182742
19.0565629568
19.0920820181
19.1061110829
19.1539256487
19.1867675271
19.2373371918
19.241854875
19.2496553145
19.2581651235
19.278896179
19.2898310743
19.2984888688
19.3134574482
19.3631993413
19.3881610669
19.3975305887
19.4121157312
19.4212355865
19.4445269359
19.4508953958
19.4594742435
19.4954219753
19.5015198187
19.526723077
19.5573745804
19.5684385144
19.5928928703
19.6535907725
19.6600143618
19.9125498023
19.9385102521
19.9632699309
20.0891445124
20.1758383995
20.1828342541
20.4141052522
20.4213367748
20.4316885671
20.4457853803
20.4614986621
20.4682843709
20.4862072865
20.5063749504
20.5144198224
20.5256501608
20.5427619442
20.5690238266
20.5809832541
20.5893223533
20.606555308
20.6214467821
20.656043074
20.6679868955
20.6947762711
20.738496089
20.7772704041
20.7994612643
20.8250892932
20.8409023373
20.8996493086
20.921621556
20.953314101
20.9710821582
20.9914982112
21.010888108
21.0203802904
21.0612903242
21.0746399341
21.1239620688
21.1455495848
21.1952897337
21.2340891458
21.2456967264
21.3162767802
21.3273091613
21.3536900972
21.3749861013
21.4229572726
21.4346872708
21.4492144327
21.4530156145
21.506033895
21.5544485278
21.5825160255
21.6081543459
21.6261256646
21.6384983469
21.6503504706
21.6669456811
21.6801919505
21.7167984122
21.7261064923
21.7375450795
21.7823815704
21.7947305909
21.8099757634
21.823726733
21.8321375091
21.8410853878
21.8483271538
22.4086109002
22.4413248307
22.460587567
22.5234329808
22.5724533419
22.6022782003
22.6286657099
22.6698891317
22.67934071
22.8087013821
22.8138315953
22.8386422114
22.8484105736
22.8555268805
22.865951782
22.8896750168
22.9122940039
23.0641729337
23.0914030585
23.1361677583
23.1494208457
23.1633586829
23.1682415251
23.1839363384
23.2151774106
23.2391051501
23.2616099004
23.2980456765
23.3187570189
23.3484841866
23.3801049743
23.4592327375
23.5051278657
23.6293633013
23.6697708945
23.7561485875
23.7781804678
23.8099039875
23.8595488441
23.8852109162
23.916041397
23.9277680567
23.980930223
24.0049825168
24.0187549285
24.0317037098
24.0458906988
24.0554733254
24.0805239298
24.0995073572
24.1185401733
24.12289864
24.1273812437
24.1364006278
24.1575904332
24.1654778272
24.175893606
24.2217845101
24.2288170508
24.2416198392
24.2538984097
24.2783595919
24.287996648
24.308096918
24.3239117441
24.3559716655
24.3830192237
24.4018784619
24.4057046681
24.4457921411
24.4571788482
24.4907871358
24.5117627589
24.5351185832
24.5678951296
24.5904240466
24.6165490834
24.6328163316
24.6701913744
24.7208834762
24.7314664658
24.786032137
24.8150292533
24.8779792568
24.9269628116
24.9438700011
24.9584629582
24.9850679858
25.0192561388
25.0336015404
25.0986645299
25.1215990548
25.1431233228
25.2139323982
25.218886866
25.235890338
25.2649750717
25.2719943506
25.2842988038
25.3154180427
25.4411716513
25.4460559588
25.4651203727
25.4949283252
25.5135791486
25.5526558564
25.5663125407
25.5830750852
25.6138264164
25.6684109682
25.6773246907
25.6965979618
25.7359730536
25.7507708166
25.8069412556
25.8522480132
25.8902260571
25.9052344518
25.9216107141
26.013695287
26.0947433023
26.1363469292
26.1580167993
26.1844947825
26.2213432402
26.2468992278
26.2726259165
26.2863032329
26.3165010346
26.3548902903
26.4224904577
26.4316056989
26.4480862146
26.6215927995
26.6452294051
26.6691052869
26.6835579815
26.7045534131
26.7280554598
26.7675500204
26.7753396611
26.7820147476
26.8054063111
26.8281834182
26.8375486055
26.8457325679
26.8926187847
26.9305838264
26.9486206304
26.9790940517
27.0015366888
27.0686781792
27.1576165406
27.2155684629
27.2375567278
27.3254602361
27.4237079865
27.4530876413
27.4669544346
27.5289864319
27.5619073183
27.6052152014
27.6172523027
27.6300979648
27.6418680061
27.6551425959
27.6648907454
27.6862265769
27.703249395
27.709090919
27.7349732544
27.7387827415
27.7457167529
27.758074581
27.7656559834
27.7753463565
27.7962983289
27.8066295945
27.8218481425
27.8309434208
27.8475277932
27.8618447728
27.8926766855
27.9016466519
27.915005883
27.9196622668
27.937220936
27.962570438
27.9763928287
27.9910628358
28.027614872
28.0522606909
28.0819317862
28.1976152524
28.2336544935
28.323274114
28.9215209227
29.0458844811
29.0589364194
29.105453381
29.1153599475
29.1236032477
29.1292039084
29.1531957099
29.1781779582
29.1991067333
29.2064145483
29.218089111
29.23509715
29.2841312162
29.3079890237
29.3433659307
29.3642935508
29.3834025172
29.4580209135
29.5847768107
29.6230800101
29.633408982
29.6950871333
29.7309490927
29.7614588438
29.7786102552
29.8045055199
29.8146737004
29.834395893
29.9605314734
30.0145269449
30.0307990056
30.0406619656
30.0458137227
30.0520638908
30.0731422053
30.0792957406
30.1026387379
30.1679757379
30.1878533705
30.2055409075
30.2305852197
30.2457821172
30.2672992958
30.2750819224
30.2887008332
30.3098488671
30.3238154035
30.3304539616
30.350816985
30.3623288727
30.3726254895
30.3871664803
30.4069241281
30.4147584168
30.440411632
30.4615042112
30.5049831751
30.5251099344
30.5288897996
30.5673897362
30.6012748234
30.625337263
31.2044821532
31.2320874849
31.2455186865
31.3133593001
31.3190175517
31.3225966638
31.3396349998
31.3648814077
31.3783992732
31.3865920002
31.3975744842
31.4141637079
31.4310178722
31.5324868894
32.414182864
32.4195107686
32.4289032215
32.4402205597
32.4501589614
32.4629958751
32.4992637119
32.5036356812
32.5159103612
32.5346104212
32.5624346269
32.5759177831
32.5966887019
32.6229510804
32.6449675322
32.6716006499
32.681537623
32.694284259
32.7197873583
32.781755784
32.7892962172
32.8107963418
32.8221378065
32.8271256362
32.8347938002
32.910393564
32.9228184881
32.993429575
33.0297161904
33.0405813792
33.131134671
33.1901847509
33.2159533055
33.2656977755
33.2903949466
33.3366971878
33.3772282893
33.4083792291
33.4517615779
33.4715308478
33.4838461856
33.6176600828
33.6307970481
33.643483051
33.6482636259
33.658419559
33.6682059531
33.678766471
33.6869484476
33.6965496387
33.7087991912
33.7310231902
33.7367038204
33.7463164204
33.7659213971
33.7757155697
33.7875058181
33.7980301483
33.8188685052
33.8518881295
33.8786844603
33.8868902508
33.9051621701
33.9184888382
33.9229409059
33.9287667159
33.9432215445
33.9782061166
33.9981913897
34.0077605794
34.0269635488
34.0321597523
34.0384594602
34.0514473192
34.0686826958
34.101798623
34.5575364765
34.5709439166
34.5766436511
34.5930708605
34.6386547784
34.6824514127
34.7313993758
34.7824001759
34.8218984048
34.8287203956
34.8382135457
34.8601504391
34.8641241021
34.9143841787
34.9266023484
34.9712031359
34.9782358354
34.9923377895
35.0454521487
35.0714875189
35.0868127613
35.1141757291
35.1338945019
35.1477811541
35.1553130033
35.2033717894
35.2930768761
35.3185067906
35.3237400691
35.3358246339
35.3557991022
35.39406451
35.4318343366
35.4409072819
35.5084359761
35.6056686075
35.6700533183
35.7041296619
35.753522674
35.7933678056
35.8286838718
35.8810089992
35.9225530397
35.9838039241
36.0164677034
36.0296514943
36.045022762
36.0552476952
36.0804200408
36.0851798304
36.1032981015
36.1125841985
36.1370279159
36.1436210019
36.1960233187
36.2221448975
36.2426938792
36.2814448654
36.3664610183
36.3864677557
36.3975896496
36.6221513231
36.6418336142
36.6672453304
36.7250569098
36.7825498639
36.8096717513
36.8255486504
36.8305375925
36.8862382822
36.904037774
36.9517156885
36.9710902666
37.0367195432
37.0752031051
37.1107964814
37.1452395709
37.2123511436
37.2310867282
37.2610257244
37.2664874221
37.2916865041
37.3032030114
37.3377810188
37.3643057043
37.7811358209
37.8208981256
37.8377431457
37.8656632299
37.8695675375
37.9050620318
37.940562869
38.4114351177
38.4215000737
38.439157115
38.4511353258
38.4760807871
38.5033200637
38.5293728825
38.5576006695
38.5628087652
38.566191523
38.5840062987
38.6046173993
38.6228330378
38.6382043212
38.6463918099
38.6567826571
38.6671432508
38.7016906061
38.7087267628
38.7280751679
39.607004917
39.6117000496
39.6186239519
39.6427244778
39.6514890193
39.6590012169
39.7151993639
39.7340222364
39.7391030026
39.7576893054
39.7934428394
39.8121328965
39.9167576497
39.9205930828
39.9314960635
39.9552724011
39.9814590235
40.0129599974
40.0270689976
40.0380714093
40.0813635029
40.1366491211
40.1489594329
40.1669476316
40.2016137435
40.2168872528
40.2509244551
40.2975469752
40.3148384957
40.3365198558
40.3678948136
40.4826657662
40.4980876801
40.512196703
40.6016842128
40.6424910474
40.6909177256
40.8161358735
40.8351340782
40.8423224738
40.8518815851
40.8642358991
40.915231111
40.9197967257
40.9599897304
41.3081379144
41.3292631647
41.3533673523
41.3845403683
41.3974968974
41.4572467932
41.5081285069
41.51339036
41.5548243473
41.5718171718
41.8739458924
41.8779302427
41.966445252
967
