6.01220714433
6.01976503875
6.02665661074
6.03235572354
6.04376191005
6.05015674193
6.07024600279
6.08950207325
6.09562497936
6.1009682074
6.11888327258
6.12638643398
6.14693980653
6.16069058799
6.17589123223
6.18361978968
6.19995659496
6.21838964802
6.23433822841
6.27802309479
6.28148595391
6.28904986673
6.36342689631
6.36927462194
6.38575947892
6.47887587646
6.52043074884
6.55099135659
6.55587632752
6.57328429019
6.58736153107
6.60481170548
6.60951335931
6.6294695371
6.66217148596
6.67728365895
6.7048526648
6.8032632051
6.82084371757
6.84578066418
6.85241665325
6.85591600661
6.86858083371
6.8786626304
6.95415371263
7.00967635608
7.06213742675
7.08302670139
7.21253609302
7.22211592958
7.22567212883
7.23819404333
7.24517592416
7.25434987683
7.26381551588
7.27107415972
7.28172314862
7.29105041938
7.31082341101
7.39617198508
7.40023869923
7.41088496592
7.41644917926
7.43109241419
7.45969185882
7.47221237522
7.49379116375
7.49884722382
7.52832922652
7.5331772327
7.56204012481
7.5666800871
7.57661580874
7.59859878656
7.61582877349
7.68886227473
7.7166703535
7.7344707299
7.75792707803
7.76778986518
7.78822717132
7.80651409001
7.82417185322
7.85941719454
7.88476926877
7.91445193339
7.93126165382
7.95093979381
7.97776066815
7.99587387861
8.12383283524
8.13660257723
8.15676687705
8.19001634508
8.25692800145
8.27988330445
8.31360464906
8.33939506456
8.34542716965
8.36777613297
8.40582889036
8.41687697447
8.42799533631
8.47335063381
8.51190364178
8.52985788346
8.54664759836
8.55717671787
8.57076555255
8.58254416661
8.5908033491
8.60364539833
8.65836675441
8.69278816117
8.70062771786
8.72529826053
8.80086925913
8.82752223428
8.83685609946
8.84814925924
8.89498487446
8.91400143328
8.92370109436
8.95584169761
8.96383599796
9.01207658383
9.03893665605
9.0499690306
9.05482536582
9.07782543902
9.09196750607
9.13553424166
9.17701219825
9.19574082078
9.25690292733
9.28602089642
9.32662214579
9.36548718789
9.47708884939
9.50621680538
9.51830711338
9.55077127573
9.58183771483
9.61070687354
10.8069728229
10.8125186657
10.8312737188
10.8462542408
10.8565804199
10.8660847177
10.8757546846
10.8813177499
10.8886635235
10.9147784681
10.9482726405
10.9727145811
10.9947987665
11.0514507423
11.1052829127
11.1335899159
11.1439931186
11.1651435154
11.1921679659
11.2102082878
11.2380289011
11.2608846372
11.2742310078
11.2956749423
11.322428067
11.3261553008
11.3436424526
11.3832826463
11.4145610903
11.4206411222
11.4557993631
11.4823947162
11.5536950396
11.5662373276
11.7046001078
11.7249358354
11.7462219831
11.7847643927
11.78919001
11.8299995743
11.8532333909
11.9220461895
11.9394193239
11.9869538294
11.9930749785
12.010280591
12.0190859343
12.0249832539
12.0387460811
12.0540263558
12.0840842846
12.0968457534
12.1013988663
12.1084136539
12.1259921295
12.135471598
12.1481253804
12.1665236656
12.1845118537
12.1957593581
12.4835142538
12.5156466313
12.5528939392
12.5714110214
12.5752928976
12.596839041
12.6257029157
12.6518273804
12.6920229251
12.7423428021
12.7779376743
12.8319834594
12.8363586105
12.8407115534
12.8607814998
12.8908515946
12.9258817718
12.9526041607
13.0804480737
13.1160888069
13.1217556563
13.1839861049
13.2090116411
13.2229784508
13.2301583502
13.250056242
13.2603775672
13.2772224764
13.2923474265
13.3023424528
13.3100750668
13.3281985863
13.397279971
13.4147120871
13.4605501974
13.4861579324
13.511934851
13.5390757262
13.572553853
13.7097350096
14.1669509784
14.1876055067
14.2478738188
14.3100931958
14.3327133314
14.3526360603
14.3628274329
14.4082236039
14.4144644438
14.430236245
14.4517389509
14.4595187736
14.4677396726
14.4725820846
14.5072773306
14.5259950177
14.5299337138
14.5666575326
14.5739731379
14.589813799
14.593846804
14.6142497003
14.6319572441
14.6384817851
14.6594251362
14.6738932727
14.7617004888
14.7718921711
14.8079395747
14.8266036928
14.8511498743
14.8726778217
14.8941489001
14.9044514221
14.9211272097
14.956446624
14.9875538771
15.024851507
15.082504228
15.1216582718
15.1410450877
15.1954955689
15.2309390578
15.2794131747
15.3264795326
15.3400852689
15.3646279208
15.4064371158
15.4207433819
15.5609764534
15.6150854503
15.6202819358
15.624287046
15.6295766292
15.6366721414
15.6657746843
15.6799620912
15.701726855
15.7213747852
15.7544219721
15.7704322617
15.7926691886
15.8147196271
15.8271217654
15.8477140624
15.8645046358
15.8916874153
15.8996655083
15.9116659962
15.9463119016
15.9603883565
15.9952409737
16.0496095062
16.0634893203
16.0682852359
16.0889992214
16.1126265048
16.1424925835
16.1592079527
16.2017524898
16.2540064089
16.8964199935
16.9095250365
16.9184595555
16.9422579927
16.96081122
16.9753869638
16.9882808029
17.0952770698
17.1182631796
17.1250019846
17.1294174312
17.1595663598
17.200517843
17.2118753323
17.2269302495
17.2525993184
17.2745989023
17.296357658
17.3189225091
17.3930950446
17.4203354992
17.4552910099
17.4688032944
17.4829322774
17.5096250228
17.5369352788
17.5832800046
17.6266129717
17.6553905559
17.7114254279
17.7290380278
17.8169860029
17.8518314608
17.9004927586
17.9317611491
17.9433436749
17.9884797339
18.0049815181
18.0187071075
18.0266285761
18.0517886877
18.0575234094
18.065786563
18.0798823522
18.0931452891
18.0981210456
18.1100352593
18.123280464
18.1473689076
18.1591553125
18.1710247235
18.1797898648
18.1855648354
18.834742749
18.8741417512
18.9196353679
19.0138226935
19.0478298847
19.0856569269
19.1051975869
19.1570362267
19.1916305719
19.2048223366
19.2201587509
19.2331523844
19.2508282559
19.393066425
19.4065758877
19.433994978
19.460284717
19.4750565461
19.4817529584
19.4950914136
19.5042934197
19.5160601166
19.5321204152
19.5395255284
19.5628830073
19.5777906821
19.597742614
19.6174503364
19.6422278803
19.6742646751
19.7068459587
19.722715068
19.760609399
19.7933118
19.8113324827
19.8766466203
19.9284567096
19.9542158473
20.0015501692
20.0243597998
20.0517706863
20.0738049979
20.0775438171
20.136929136
20.3160015614
20.3462150236
20.5309486572
20.5490742118
20.6203693373
20.6312134468
20.6407133648
20.6460720694
20.6649366505
20.6722178227
20.7591208511
20.7778723529
20.8271341116
20.8448637035
20.8706490783
20.9619580447
20.9896930922
21.0378019474
21.0767188345
21.0837485537
21.1072577068
21.1274445841
21.1455300882
21.6110175186
21.615914987
21.629160785
21.634310959
21.6418535573
21.6500620317
21.6635711802
21.6752742617
21.682761195
21.6947843647
21.7108764181
21.7795317519
21.8008340295
21.8114382921
21.8367099275
21.8516474788
21.8619576502
21.943178167
21.963728248
21.9748850753
21.9910620339
22.0171618006
22.0264728867
22.0646613294
22.0785202247
22.0949998637
22.1383719281
22.1638976797
22.4004531431
22.4146208659
22.7152550697
22.7765801945
22.7831919927
22.817327314
22.8278654278
22.8321956288
22.846534722
22.8549565889
22.8697727987
22.8770443017
22.8879797477
22.9057547718
22.9204298471
22.932463041
22.9404097255
23.0122153976
23.0477619589
23.0626542652
23.0786925436
23.089989585
23.1101215856
23.1437556466
23.1714583961
23.2162182897
23.2436587223
23.2527004705
23.2708803219
23.2818162593
23.2873577529
23.3046965821
23.3869131773
23.3907981916
23.4033467888
23.4275957221
23.4516637793
23.4898932274
23.5287482592
23.5389980951
23.569503195
23.5748203321
23.6143792253
23.6349230823
23.6884628464
23.7233278609
23.7474305353
23.7611839152
23.8167580521
23.8365103418
23.8799364754
23.9357768048
24.0144601537
24.0320268615
24.0388547802
24.0858242154
24.1072067118
24.1207441084
24.1494797439
24.1541323857
24.167171191
24.1733027748
24.1817199133
24.2058107859
24.2147229496
24.2273208934
24.2453239705
24.2689573722
24.2726845146
24.2907801486
24.3039494371
24.3239193323
24.329588628
24.3402003359
24.3516373893
24.3751215998
24.3937079407
24.4319499019
24.4608739882
24.468589621
24.4791950114
24.4848497601
24.5188501736
24.5454228333
24.5540133166
24.5651687094
24.5828652256
24.6093403381
24.6224818098
24.6470901304
24.6662711872
24.6811451208
24.7292610751
24.7364642547
24.7429651295
24.7494091871
24.8098301754
24.8776357863
24.9028607293
24.9315567975
25.2113857366
25.2226520199
25.2387284494
25.2465767934
25.2655221936
25.2769625353
25.3312927776
25.3356591718
25.3456408158
25.3597883869
25.3746246819
25.4731957211
25.4849440136
25.4974586648
25.5009562288
25.5111202647
25.5227107557
25.5271639511
25.5369154553
25.5442521282
25.5515662412
25.5981635715
25.6191988078
25.7139127083
25.8089776691
25.8506621196
25.8930519249
25.9153396315
25.9635569225
26.0068176344
26.0615089197
26.0816987287
26.1004333194
26.1432931927
26.1694785185
26.2190108409
26.2233114589
26.2553779962
26.4069816976
26.4371385776
26.4546512401
26.473284806
26.5087805286
26.5480780523
26.5766032595
26.5892114357
26.6112391929
26.6158874429
26.6309866648
26.6564611557
26.6712259103
26.6874163902
26.7068967682
26.7149419016
26.7292475114
26.7459780024
26.785637004
26.797150336
26.8099368331
26.8228926119
26.8343714344
26.9138458829
26.9289012131
26.9376821422
26.9779307491
27.018248845
27.0698907477
27.1305021009
27.1682607007
27.1825009496
27.2062508515
27.2690847823
27.2795595105
27.334850951
27.3648045977
27.3935853998
27.4103019915
27.4412212802
27.4591095899
27.4646831073
27.4900449209
27.4991581445
27.508464043
27.6034880803
27.6257737028
27.6383298917
27.646278573
27.6607720252
27.7110857766
27.7263525642
27.7342448792
27.7398481921
27.7510728024
27.7672129763
27.8580400394
27.8691448538
27.8904326339
27.8988707625
27.9160743
27.9281569081
27.9380349211
27.9498905701
28.0620459373
28.1029906936
28.1491311074
28.1740018399
28.2077137338
28.2235996207
28.2624376518
28.270510746
28.2921113963
28.2965443555
28.3343027833
28.3816101404
28.4256232198
28.4421635511
28.4571972398
28.4836202414
28.4979044616
28.5481283067
28.6114871118
28.7115363064
28.7535115523
28.772558488
28.805889639
28.8177851213
28.8340764838
28.8596777311
28.8641954884
28.8827739351
28.8913244221
28.9437091177
28.9505385717
28.9559782878
28.9646066264
28.9775192141
28.9895435501
29.0186160518
29.0332738971
29.0415249358
29.0599207118
29.0739235799
29.0961806692
29.1101451913
29.1215383779
29.1473603637
29.1543419898
29.1700771322
29.180894789
29.2031186123
29.2172075574
29.2465678734
29.2696222006
29.3379254081
29.3879700069
29.4128645784
29.5375730593
29.5857498061
29.6274603814
29.6507333409
29.6729866216
29.7100579928
29.7523839395
29.7972385852
29.8300027957
29.861159701
29.9051296779
29.9392523155
29.9789888689
30.0177360916
30.0272785219
30.0636954208
30.0744682639
30.0811757619
30.1102959396
30.1272088695
30.1345365194
30.1519363586
30.3944643635
30.4126089658
30.4179283342
30.4563773991
30.4767981629
30.490433618
30.5113420073
30.5251238979
30.547202131
30.5526197955
30.5585024706
30.597035994
30.6449248847
30.6884515751
30.6972895854
30.7092523795
30.7564314061
30.8878180979
30.8955624725
30.9275577005
30.9706244836
30.9744674042
31.0249214865
31.0845585231
31.1540412406
31.2183951639
31.225347821
31.2301872046
31.2406238332
31.2705451752
31.2880896841
31.3103484615
31.3216245689
31.3265970954
31.3508383589
31.3708268508
31.3774387181
31.3878950874
31.4166412859
31.4318505604
31.4510146061
31.624619435
31.7278248
31.7383888891
31.7652981418
31.7923832492
31.8115373022
32.1724208919
32.2306216819
32.2836118577
32.3284998111
32.3367219994
32.3983041939
32.407465938
32.4235580197
32.4352245907
32.4465841801
32.4673687965
32.7163340949
32.7691790844
32.7771344667
32.8216448778
32.8427695281
32.8501109954
32.8539338349
32.8719869509
32.891828485
32.9709790663
32.9880674432
33.0147218613
33.056313897
33.0757340818
33.1033090016
33.1216927545
33.1592472901
33.2100554965
33.2138854684
33.2465985181
33.2521424834
33.275409193
33.3376588749
33.3418930217
33.3519206543
33.3829898561
33.3894159598
33.40739223
33.4664481338
33.4925527148
33.6063382412
33.6127654816
33.626936369
33.6568554039
33.6653535798
33.6994107915
33.7713875538
33.7803814623
33.7913008603
33.814409583
33.8297213083
33.8361093865
33.846355552
33.8569960555
33.868498129
33.8851420526
33.8982063671
33.9154705477
33.9295160346
33.9477012929
33.9567420042
33.9740605792
33.9824937632
34.0045759583
34.0445046306
34.0973302912
34.1161152815
34.1418513893
34.1545848705
34.1937085936
34.2073061712
34.2280858085
34.2581871604
34.3267462625
34.3686505374
34.4043470338
34.5203315645
34.6578290779
34.809066244
34.8575546078
34.8943069149
34.9081484892
34.927313242
34.9555468141
34.9717995625
34.9930625601
35.0030053991
35.0316174312
35.0588050366
35.0723678487
35.0920038822
35.1063022362
35.1126294945
35.1371527044
35.1533065187
35.2759255744
35.2955992374
35.3145586908
35.3257211244
35.3478746331
35.3580760958
35.4066004548
35.8213047523
35.8458359659
35.874567761
35.9129382822
35.9922510902
36.0214275226
36.0296713768
36.0508699385
36.0591569658
36.0694181736
36.0756186752
36.0863574062
36.0971583394
36.374628255
36.4208071637
36.4490057627
36.4724741367
36.4909636281
36.4988074897
36.5313960199
36.5453276474
36.5738554706
36.5976523245
36.6318993988
36.7463095522
36.8070371597
36.8423063019
36.9057859462
36.9552353091
36.9672175282
37.1796904402
37.2152960059
37.2418445102
37.2541005152
37.2634922751
37.2687481211
37.3035461249
37.3105282626
37.318817416
37.3329210553
37.3450919429
37.3746509107
37.384530729
37.3881503293
37.3961662076
37.4045694767
37.4099531888
37.4269152749
37.4728633676
37.4837146474
37.5039046949
37.5124716281
37.5598951837
37.58330556
37.608692696
37.6191268698
37.6316432208
37.6482937418
37.6586937194
37.6646414808
37.6728685335
37.9530487437
38.0130609793
38.0590820808
38.0831746516
38.1291611652
38.1332060983
38.180725373
38.2758599196
38.287274541
38.3356592607
38.381142062
38.3912242559
38.410129104
38.4424796887
38.5887007673
38.6235843341
38.6719079278
38.6853639069
38.6901910792
38.7010665958
38.7494731674
38.7583166961
38.7771291965
38.9710973015
39.0032297859
39.0338384789
39.059539618
39.1456969855
39.1751667059
39.1787753158
39.245146989
39.3337420859
39.3716579595
39.3808866262
39.5293392793
39.5791563122
39.6163551472
39.6281517821
39.6330116706
39.6382756211
39.6498972313
39.6558128294
39.6626915685
39.6695264787
40.1131878643
40.1645882403
40.1941751354
40.2024229123
40.2114402699
40.2361644952
40.2457978469
40.2540830193
40.2843061815
40.3151169218
40.3344452032
40.3500081439
40.3770626253
40.3979279528
40.478813904
40.4964453262
40.5290564542
40.6127862839
40.6202517535
40.6396974793
40.6995168583
40.8126576502
40.8247398233
40.8400572175
40.8481225158
40.8661235795
40.8820327254
40.9380165992
40.9438758084
40.9540722462
40.9627234861
40.9815568121
40.9945071901
41.0094425536
41.022879854
41.0514879577
41.0647048631
41.085067521
41.0987656731
41.1184290012
41.1305097575
41.1561914496
41.2260185821
41.2350074396
41.2492082047
41.2556980333
41.2715672334
41.2845872259
41.3069490826
41.3197575199
41.3469069739
41.4159207099
41.4392346399
41.4855449707
41.5241339036
41.5448488073
41.555941549
41.5978519135
41.6818893531
41.6865618029
41.8340918459
41.8897676412
41.9169478738
41.937499235
41.9859587994
1071
