6.02171604696
6.03320560799
6.05439937513
6.06431916821
6.08156555369
6.20048103739
6.22279467459
6.23411800695
6.24255580847
6.27006414196
6.27566044267
6.31802093504
6.34592634748
6.38724673868
6.41024246572
6.45715668863
6.4875849412
6.51873352864
6.52766176143
6.55931221293
6.58172868672
6.62882343573
6.74543166379
6.81120707875
6.83273593593
6.88228767865
6.89844877831
6.93124504264
6.9448703961
6.97625521952
7.01450028031
7.13310235434
7.14649586546
7.17883891603
7.20370980393
7.21366345155
7.21903145332
7.23175297873
7.24094717628
7.25342885608
7.25720769633
7.28344115374
7.29974681158
7.31744253474
7.33043210022
7.36987029166
7.37789975501
7.3864824157
7.40163393721
7.42304226291
7.43224000056
7.45352161889
7.46407563674
7.48218585647
7.50271245705
7.52512453513
7.53988695385
7.55463320563
7.57248817922
7.66060501799
7.67493905487
7.68770904872
7.71978265465
7.73106537601
7.76618487116
7.80010429807
7.81441375407
8.03671875923
8.05774620946
8.11065162324
8.15190953718
8.2205972285
8.35045189781
8.36222759857
8.4299857397
8.44246386285
8.45887233977
8.5157124957
8.53278380147
8.54282184833
8.57029339751
8.57985296258
8.58717369315
8.61329747606
8.61725420112
8.63969471102
8.64769527401
8.65857716132
8.72674889298
8.75148211347
8.81206210532
8.86069670007
8.90994361775
9.03594674409
9.07213086364
9.1005389952
9.11986652172
9.14316498133
9.34773566405
9.35751587509
9.36898207666
9.37814322098
9.52248166786
9.55474483253
9.57068158913
9.59513492497
9.60710654313
9.62107756298
9.63362113842
9.6603865573
9.72564506364
9.76874368721
9.77746960282
9.79044130836
9.81283668343
9.82740812782
9.84542629311
9.8525547919
10.1854774168
10.1899376411
10.2064881068
10.2270812048
10.2952340217
10.3193025556
10.3511543052
10.3681981798
10.3956493722
10.4019711504
10.4262513826
10.4370579336
10.4491437099
10.5157666809
10.536219675
10.5487073476
10.5707643137
10.583373066
10.652932568
10.6913892483
10.8136559352
10.8222459919
10.8457407154
10.8710718984
12.0163585848
12.0233290357
12.0900341857
12.0936362906
12.1370371403
12.1688659309
12.1847898926
12.2003370362
12.2213619301
12.2323274168
12.265762248
12.2962688995
12.3202728729
12.342303339
12.3705061705
12.3849017051
12.4042454638
12.4167734788
12.4300995391
12.4519616443
12.4653323148
12.4930863038
12.5220057775
12.5646130515
12.5683582791
12.5902769991
12.6172190419
12.6552374934
12.682708246
12.6943996152
12.7138118262
12.8112595161
12.8529132472
13.2570847682
13.2746830524
13.3013633775
13.3194779742
13.4333448205
13.4832911209
13.5181678232
13.5515798033
13.5673324321
13.5769450968
13.5860066558
13.9564600642
13.9929746433
14.0077813572
14.0300680029
14.0584228342
14.0890372811
14.1414010513
14.154063529
14.1721519655
14.206867023
14.4129529451
14.4353673371
14.4494398988
14.8070009745
14.8167661001
14.8293223282
14.8466313715
14.8714963729
14.9044887269
14.9338447231
14.9689762899
15.6067907937
15.62876978
15.6522321021
15.6626098002
15.666973145
15.6725210571
15.6935270612
15.7109923444
15.722001806
15.7333960365
15.7552340506
15.767797695
15.8013021576
15.8151381394
15.8215876607
15.8403329085
15.8585938237
15.9024183741
15.9280986029
15.9732738464
16.0008895464
16.0059786012
16.0304214181
16.1092961988
16.1184181605
16.1565943259
16.2068166141
16.2250910355
16.2597649008
16.293304495
16.4658017289
16.5461961788
16.5889024124
16.6204177313
16.7062903744
16.7966323322
16.8134841854
16.817928586
17.058255989
17.0646310362
17.0686054659
17.0751275214
17.1061138352
17.1771041289
17.1918385533
17.2032895173
17.2134199705
17.233181851
17.2466161251
17.2698790598
17.4848052346
17.5026894322
17.5250893206
17.5401760778
17.5543019012
17.6221024467
17.8352349084
17.8536590725
17.8692169283
17.8890189583
17.9684186924
18.0177318215
18.6769266822
18.76074332
18.7986658913
18.8155932085
18.8660664357
18.8762821339
18.9550187426
18.9829560772
19.0089834798
19.0173586995
19.0255756963
19.0639943949
19.0868493624
19.1321819132
19.2109551839
19.2172497187
19.2486028712
19.2703911419
19.2862097594
19.3095774799
19.3172795463
19.3411630806
19.3457277976
19.3655801718
19.3771563528
19.3915777959
19.4041171795
19.4190729978
19.4382327726
19.4586740675
19.4694494146
20.1366400881
20.1565419055
20.2058086408
20.2336730661
20.3006824265
20.3238226639
20.3854166871
20.4037244079
20.4263026212
20.4321404293
20.4462589056
20.455868237
20.4642299311
20.4739568276
20.4907355601
20.5074497453
20.5184942053
20.5223774698
20.5303918595
20.5503939603
20.5680401821
20.5953375464
20.6141845643
20.6280136154
20.6755678604
20.6969516388
20.7496982032
20.7647405106
20.7834777841
20.8182382259
20.8442525565
20.8545289038
20.8593576092
20.8830632298
20.9219943511
20.9376842418
21.0592977721
21.0645063323
21.0777439633
21.0887380506
21.1486127136
21.1611142579
21.2344637596
21.252545776
21.2754105425
21.3352211604
21.3583991437
21.4426790203
21.4795918013
21.4871503224
21.50952444
21.5436827937
21.5936385424
21.6204973854
21.6386560635
21.6434894923
21.6497159212
21.6593183504
21.6667895809
21.6883853695
21.6964217651
21.7205612232
21.7405057758
21.7748835856
21.7878569226
21.8008599159
21.8247755943
21.8403402344
21.9012954412
22.0000525527
22.011988128
22.0423597222
22.1128697502
22.1507411427
22.1542869644
22.1859240903
22.2310965387
22.262382742
22.2795245687
22.379059872
22.386830788
22.4041978294
22.4392804917
22.4480753074
22.4636542691
22.5062735468
22.5395086637
22.5526804945
22.5916297869
22.6516830326
22.8036517232
22.8116567887
22.8155467286
22.8209830863
22.8270039845
22.8342619615
22.8396772187
22.8499777005
22.8677960381
22.8845772646
22.8986974317
22.9192745899
22.9695298288
22.979807633
23.0255446449
23.0614077101
23.0787842689
23.0975197874
23.1173690054
23.1278100839
23.1311673342
23.1406135049
23.1541562513
23.1867304735
23.2035968126
23.2173853615
23.2539633288
23.2863357175
23.2995753212
23.3288139683
23.3709437414
23.5354113581
23.5617039197
23.5743285059
23.6059273413
23.6711863825
23.7463830898
23.780419491
23.796105883
23.8441680491
23.8924169766
23.9091330254
23.9153814468
24.005824063
24.0202901268
24.0250568868
24.0388876056
24.0653711162
24.0803985008
24.093037238
24.1172144266
24.1335365456
24.1499299325
24.1538668191
24.26175193
24.2697380186
24.283220592
24.300515315
24.3045304044
24.3260344324
24.3396411891
24.3511357701
25.058083686
25.0874647039
25.1687863491
25.2095771679
25.2245836512
25.5346251955
25.5549898973
25.5718790743
25.6016813636
25.633308121
25.6899736614
25.7040573404
25.7110292783
25.7412385453
25.7499495358
25.7705234082
25.7992353341
25.8237598842
25.8680369394
26.4061227072
26.4121690075
26.4248626937
26.4672429946
26.4770210798
26.4862302003
26.490754345
26.496282717
26.5041595481
26.5251069553
26.5334006997
26.5382167026
26.543075224
26.5484232318
26.5680426758
26.5858965693
26.5931485964
26.5993331298
26.61309692
26.6176391257
26.6769977857
26.6993784701
26.7489398742
26.759467774
26.7670445959
26.7736251172
26.7976776793
26.8340969109
26.8399235519
26.8468266669
26.9190061753
26.9594522414
26.9801795024
27.0085394947
27.0170714115
27.6307072948
27.6438481922
27.6545391043
27.92936445
27.9530303452
27.9569740019
27.9922747288
28.0129353839
28.04110947
28.0855790963
28.1212092703
28.1340953768
28.164311067
28.2116496731
28.2578351372
28.2763678632
28.3121258979
28.3369358836
28.3600244891
28.3918303141
28.4097118247
28.4353001168
28.480307356
28.5656852595
28.6081379785
28.6997439744
28.7273050624
28.7642681271
28.7873914674
28.8187691222
28.8283873032
28.8450139434
28.8570698711
28.8777105907
28.8894539862
28.8991540979
28.9060214607
28.917901642
28.9244408839
28.9288377918
28.9335717719
28.9410655128
28.9618545028
28.9684261359
28.9720350681
29.15385013
29.1594409507
29.1767041696
29.1871473766
29.2114891038
29.2285746882
29.2452178788
29.2616639463
29.283238778
29.3047279781
29.3149199764
29.3275535823
29.4044649623
29.51162493
29.5353307587
29.6017739616
29.6665082162
29.6948469724
29.6994084273
29.7358970341
29.7945491883
29.8015209093
29.8297280227
29.9285651154
30.0553000202
30.0605656205
30.0734154799
30.0768773909
30.1810165024
30.1892324181
30.211120114
30.2421393825
30.2616528684
30.2775168295
30.2860547577
30.2970340677
30.3178534571
30.3432797611
30.3496897379
31.2097202456
31.2132828004
31.2368561332
31.2421889961
31.2513164151
31.2589877486
31.2992416129
31.331417797
31.343689027
31.3513913803
31.3620339841
31.377283753
31.3808499878
31.3920939522
31.4064027709
31.4171529101
31.4360189119
31.4792683406
31.4980560285
31.5193054545
31.5947726476
31.6041346789
31.6161606412
31.6342372413
31.6405327777
31.7183741809
31.7270940518
31.7534285911
31.7584445035
31.7840512525
31.8221250749
31.8553497271
31.8756282384
31.9168469551
31.9309567536
31.9391003336
31.9525603168
31.9801748955
31.9968694121
32.0260099731
32.0411158956
32.0587517111
32.0986032007
32.1020246288
32.1189464741
32.1660924354
32.197783789
32.259585217
32.2945931857
32.394688028
32.409789746
32.4237532405
32.42997929
32.439060284
32.4443052685
32.4603248381
32.4776168963
32.4891143593
32.4960268985
32.5079974546
32.5196326728
32.5401045115
32.6014463384
32.6200978585
32.6513852944
32.7952730028
32.8502639456
32.8657140783
32.873308852
32.8871057966
32.8937879647
32.9158936363
32.9289839001
32.9409600464
32.9748918638
33.0132299442
33.0579543516
33.1540544728
33.1715037126
33.1749940696
33.2089242129
33.2428637158
33.2799879994
33.2995425027
33.3427232014
33.3880745295
33.3927641531
33.4447922783
33.5196538888
33.5705756354
33.6665980748
33.685126542
33.7167898095
33.730650896
33.7370406083
33.7411513163
33.7542311811
33.7614019318
33.8111781703
33.8323415923
33.8496688766
33.8882973567
33.9049937414
33.9180249328
33.9268957747
34.0140316135
34.0325424491
34.041310383
34.1508257726
34.1775825001
34.2020220149
34.2443682495
34.275329347
34.8174742521
34.8770612484
34.8874275498
34.904466216
34.9252015156
34.9315981035
34.9486728253
34.9545598232
35.0015911089
35.4674248083
35.4723504207
35.4844399736
35.546106685
35.5722229368
35.5769575802
35.6244483486
35.6616310308
35.676194537
35.7203442718
35.7660899684
35.7827956231
35.7877183925
35.8300917308
35.8805460363
35.9083973773
35.9644027786
36.0173959633
36.0441954346
36.0477838746
36.0593694637
36.0745449331
36.0922841666
36.0989098409
36.1092583032
36.1143843593
36.1264532609
36.1608080439
36.1695902724
36.2111082081
36.2351611788
36.2529617739
36.264001035
36.2906003015
36.3130030143
36.3273153266
36.3480081003
36.3520007084
36.3640053429
36.3747764063
36.3974629382
36.4028590903
36.4128658664
36.4410962202
36.4668712426
36.4977809228
36.5382041199
36.5523084649
36.6340709016
36.6689476631
36.6849479287
36.7128865444
36.744686735
36.7585363346
36.7722237544
36.8254857653
36.8567931843
37.2076258914
37.2186500037
37.2350419563
37.2449154883
37.2557686173
37.269014262
37.2736844853
37.2906177517
37.3066011022
37.328107704
37.3558297484
37.3637219794
37.3917493426
37.4130886848
37.424982922
37.4495992469
37.5874167092
37.6280694199
37.7304039988
37.7564915947
37.8224391288
37.8680347545
37.8880136786
37.9580753615
38.4529355245
38.4696169076
38.4766661909
38.4889258238
38.5035170961
38.5277416605
38.5474198001
38.5568430049
38.5646483727
38.5704631018
38.579192434
38.5879310197
38.6130674759
38.6324999547
38.6623522562
38.6901055896
38.7123614188
38.7219768334
38.7613858956
38.7682975101
38.8479435637
38.8676338963
38.8731680011
39.1016788885
39.1287738557
39.179785575
39.2104405326
39.3995337951
39.455647955
39.493907414
39.5125622953
39.5224845348
39.590873632
39.6201819502
39.6305702103
39.6357357379
39.6594013336
39.6686073162
39.6903143914
39.7029621073
39.7074199402
39.7483675767
39.7639197794
39.7826641067
39.7893636844
39.8268294004
39.8374422121
39.8640499961
39.875207356
39.9376628329
39.9581246552
39.9749944514
40.0120722178
40.067897827
40.0952810555
40.1133124717
40.1389793474
40.1710097787
40.3189702239
40.3607160089
40.8075349373
40.8382997864
40.8514394569
40.8767113938
40.8885603303
40.9004273838
40.9104983318
40.9291410199
40.9352587301
40.9457897551
40.961139249
40.9685121814
40.9905752157
41.0327516228
41.0551265388
41.0766549229
41.0902380906
41.1073847766
41.1143835968
41.1379764693
41.1525601419
41.1673335933
41.1892633492
41.2119480638
41.2211303203
41.2293710219
41.266025135
41.2794790429
41.341810045
41.3519795594
41.6034245232
41.6238639085
41.6418736699
41.6579894899
41.6762297037
41.8090670516
41.8610469209
41.8843292846
41.9296151157
41.9723166551
893
