6.00581228128
6.01339936432
6.02527306341
6.04970752209
6.06807572983
6.09430872097
6.10929053863
6.11772044706
6.19917572901
6.22373970266
6.23302881776
6.24924434108
6.2691894189
6.30585164223
6.40734976013
6.43343033592
6.45430757587
6.47123081718
6.54313397847
6.5535003541
6.57340094687
6.58939389828
6.6385740713
6.75919590749
6.76960123574
6.79046199907
6.81712177483
6.82154402839
6.90066524207
6.98739498371
7.03558024025
7.05140389329
7.07347833176
7.2145838204
7.2240091582
7.23533293142
7.24420797448
7.25014119311
7.27119017849
7.29780266313
7.30616307847
7.32637782608
7.34100704595
7.38065843694
7.39249265228
7.41134001742
7.4215741578
7.44993263225
7.46530321139
7.47533389675
7.49772297837
7.50349950909
7.50782791475
7.58455116101
7.59164640735
7.60577680655
7.61546042148
7.63078065775
7.66365245559
7.69251712603
7.74385150693
7.75800723763
7.78831289688
7.80338086849
7.83845129068
7.84954010184
7.85909202326
7.94601956642
8.31563083801
8.34020609821
8.36165321749
8.36971815958
8.41719240359
8.42637198888
8.4839655689
8.50746719994
8.5322566103
8.53930318563
8.56735743515
8.57452216758
8.57989494189
8.58910764741
8.61433422135
8.6227057592
8.97090006515
9.02093946826
9.24185983629
9.25679512324
9.27610938707
9.32785375938
9.33141969674
9.35756091244
9.36396040266
9.41210024547
9.43081798266
9.5048651033
9.53990658201
9.61365902816
9.62170031842
9.6278461088
9.64375381151
9.65070839806
9.65767382595
9.66852310725
9.68140282198
9.69178194013
9.70569951567
9.71304313608
9.7239426479
9.73026668204
9.73568948573
9.75240855064
9.78762971104
9.80225292948
10.3081366536
10.3360020463
10.5912820544
10.6541453752
10.6602011322
10.704937991
10.7711281748
10.8072407764
10.8697455463
10.8852106964
10.8938236428
10.8973392369
10.9222219467
10.932875083
10.9470885819
10.9682690867
10.9746921069
10.9807400134
11.0381461992
11.1374011642
11.154715221
11.1694003173
11.1851034312
11.2116529947
11.2335016305
11.9616703691
11.9992987904
12.0141683318
12.0301984001
12.0438107797
12.0558231834
12.0592312303
12.0637823888
12.0739282659
12.0945489489
12.1664657261
12.1857799623
12.1967267876
12.2091692446
12.2182559847
12.2381863648
12.2553591782
12.3309381778
12.412610239
12.4313408213
12.8515817537
12.866696203
12.9019265974
12.9480654539
12.9975778154
13.0496234135
13.0691906207
13.1571007874
13.2065275392
13.2247939771
13.2454363776
13.2662685463
13.2751533338
13.2845811187
13.3185053403
13.3252713927
13.3413263364
13.3646398619
13.3713802754
13.3750100413
13.4024312675
13.4519636772
13.4558795234
13.4842411662
13.4957635549
13.5147685149
13.5299869809
13.5363341943
13.5556206264
13.6000584857
13.6167947416
13.6304429109
13.6409161537
13.647053885
13.6787387386
13.7139175909
13.7623406056
13.7699741817
13.7979235124
13.8419402834
13.8729018172
13.8889876481
13.9033268504
13.9124270986
13.9347160459
13.9558419842
14.0224769194
14.0630508129
14.1192130736
14.1384934006
14.1786626275
14.2635981881
14.3543808781
14.36364532
14.3828319041
14.4083509872
14.4244965343
14.4567618667
14.4642575165
14.4796435235
14.7535137175
14.7645649012
14.7902766423
14.8180252418
14.8538174382
14.8943644909
14.9029113935
14.9085538133
14.9292927128
14.9582901659
14.9774521355
15.2118633011
15.2782694969
15.3228558119
15.6179067369
15.6334719553
15.6396849266
15.6462281314
15.6508190431
15.6566189421
15.6706689521
15.6896475788
15.7125722423
15.7253412711
15.7353236224
15.7547451895
16.0512211103
16.8399541115
16.8576319578
16.8654701336
16.868943919
16.8844740757
16.8912899478
16.8990482238
16.9238274098
16.942303409
16.9511815567
16.9772666254
17.0501199551
17.0672025546
17.0917629466
17.1102563042
17.1204512591
17.4675476937
17.4827237497
17.5448192465
17.5489910903
17.748582749
17.7724628106
17.8252982204
17.8520227845
17.8781577646
17.9074650122
17.9675483822
17.9923622698
18.0079579049
18.0149278248
18.0448017662
18.0517114432
18.0624942778
18.0758510949
18.0887909483
18.1217386348
18.13781226
18.2297872587
18.2420172485
18.2537453098
18.2749668179
18.2894731812
18.2985484935
18.3138213371
18.3651055742
18.4329602584
18.4522586228
18.4716436888
18.4913716302
18.5104613779
18.5318995421
18.5737240459
18.6227816265
18.6563735344
18.667901167
18.6844246782
18.7004632254
18.7998233361
18.8267880112
18.8445247155
18.9087026335
18.9327784193
19.0782611474
19.09920401
19.1553577976
19.1913162859
19.2074980904
19.2155311112
19.2205947585
19.2827003759
19.3125967102
19.3221620792
19.3280357846
19.3578754007
19.3639106506
19.4019806471
19.4241760021
19.43728536
19.4658645917
19.4813702811
19.5014783356
19.5096744579
19.5264788494
20.1485254072
20.189801306
20.2320850459
20.2602798374
20.3214211089
20.3556847624
20.3994207438
20.4150218807
20.4343544594
20.43777417
20.4660052392
20.4918323155
20.5040404672
20.5167364638
20.5353499605
20.5456875202
20.5552243977
20.5623323305
20.5729528303
20.578465072
20.5984025544
20.6219078607
20.6546595238
20.659271086
20.6818223291
20.6863220458
20.6929973849
20.6971293503
20.7059405798
20.8126342561
20.930468475
20.9509426309
20.9645690813
20.9869724792
21.0252568329
21.0638469638
21.0723947708
21.1039959205
21.1143080947
21.1547165859
21.1810554881
21.2211409925
21.2480370766
21.2703346755
21.3044621002
21.3292780153
21.3438656495
21.3827985465
21.4434407797
21.4541026634
21.532581345
21.5592431773
21.6139231695
21.6442768294
21.6573438332
21.6760912042
21.6910451082
21.7085471518
21.7137908423
21.7238215435
21.7427410128
21.7484088372
21.7607934977
21.7728101935
21.8000315769
21.8094197689
21.8158136728
21.8242503816
21.969221488
21.988663772
22.0346761408
22.4587716489
22.8179927921
22.8244223869
22.8341868142
22.8412596632
22.8447290272
22.8501377866
22.856165222
22.866995501
22.8728114172
22.8789562203
22.8898432558
22.9200019557
22.9346152412
22.9531078836
22.965906952
22.9803476964
22.9989018242
23.0169712091
23.0236622133
23.0293081802
23.03852545
23.0576747076
23.082471063
23.1009968709
23.1782976497
23.1871722755
23.2064861734
23.2950712528
23.3156334594
23.3494970967
23.3937909473
23.4128914937
23.4306252127
23.4651840893
23.479905858
23.4832518386
23.5326145719
23.5491743331
23.6333023433
23.6978398105
23.7520481363
23.7746503156
23.8083632693
23.8270236863
23.8753112829
23.8809839553
23.9236249646
23.9722987247
24.0148633951
24.0630351963
24.1343593002
24.146905178
24.1510852379
24.1645635678
24.1739412408
24.1788710123
24.1878140686
24.1991187529
24.206085215
24.2234910423
24.2385885226
24.2571035285
24.2684643912
24.2825439154
24.4405101112
24.4591350153
24.5337056422
24.662956726
24.6745783114
24.688391205
24.6931526404
24.7278964492
24.9340580167
24.9546002248
25.0232922822
25.0886683161
25.0941863783
25.1490538488
25.1854847498
25.2132315891
25.2325984848
25.2450384596
25.2895416145
25.2965337937
25.3145058005
25.3333270248
25.3372425897
25.343631028
25.3507360437
25.3626839216
25.382815528
25.3997625876
25.4152502094
25.4338651662
25.4667341625
25.4771850214
25.4981949026
25.505892551
25.5426819071
25.5624486946
25.5745702257
25.5940045674
25.6352325066
25.6595367116
25.6754332442
25.6954033224
25.7129036131
25.746209077
25.7605321667
25.7805595313
25.8362476177
25.8564940557
25.870152433
25.9050518068
25.9300578224
25.9344220731
25.9769508404
26.0242725297
26.0497645546
26.0929917073
26.153616454
26.4235325682
26.5395374143
26.5504754699
26.6453232828
26.650059794
26.6970710505
26.7168944982
26.7279064934
26.7495964946
26.7863428445
26.7989309316
26.8040963852
26.830893489
26.8534745687
26.8775910704
26.8936418653
26.9082517416
26.920853902
26.9517997496
26.9733633542
26.994891393
27.0078424611
27.0296513747
27.0527093581
27.1470950069
27.1717174489
27.218066137
27.2472339654
27.3005347772
27.3213301767
27.3309086502
27.3480573818
27.3620915934
27.3801160858
27.4126152003
27.4534631189
27.5343542035
27.5388582729
27.5994719878
27.6105573392
27.6282145242
27.6357103186
27.6413346658
27.6771802193
27.6846782783
27.7096156657
27.7172561524
27.9345409566
27.9547182212
27.9601928071
27.9635492354
28.029740403
28.0533321775
28.0625337605
28.1161103976
28.1262796391
28.1394298296
28.1544357072
28.1730117152
28.1887932375
28.2049832106
28.2585705833
28.2654779803
28.442018068
28.5189868534
28.5361521351
28.5800300732
28.5922828554
28.6041438929
28.631958469
28.6730205585
28.6795538489
28.7975645937
28.8832310024
28.8911439528
29.3458970917
29.4038126252
29.4219043848
29.5061462479
29.5425424473
29.5852196412
29.6183436935
29.6471544378
29.7292520258
29.7540353091
29.7989346168
29.8349893858
29.8604645058
29.881143889
29.9579971433
29.9780471737
30.0081346845
30.0355653186
30.0503045013
30.0596158702
30.0656492292
30.0787776731
30.087814697
30.1003227255
30.1355105788
30.1453138903
30.1602517435
30.2852754419
30.3063289035
30.318397248
30.3297815305
30.385894758
30.3899245133
30.3980974767
30.4091217719
30.4354158424
30.4482303304
30.472631464
30.4906694501
30.5219195458
30.546154837
30.5959801836
30.6440941683
30.7022369105
30.7283352878
30.8209163034
30.8847041251
30.9256540262
30.979136562
31.0242026271
31.1838525603
31.2068984485
31.2247137085
31.2452089166
31.2649614981
31.2805067651
31.3150952278
31.3323224647
31.3755225419
31.4032197124
31.4600236843
31.4807304359
31.4938018282
31.5089242578
31.540822747
31.6361482193
31.6439109949
31.664689956
31.7066365881
31.7325268974
31.7395766552
31.7643751946
31.7771520735
31.787853211
31.8235448187
31.8820322296
31.9257569761
32.0480433248
32.0791302026
32.1143157741
32.122403617
32.2062265346
32.278698549
32.2954313366
32.3196913083
32.4077865651
32.4142373827
32.4237519338
32.4526450726
32.4711801461
32.5166747333
32.5219807924
32.5450808691
32.6403263149
32.6516650902
32.6689300102
32.7300350232
32.7510191636
32.7922541153
32.8286278634
32.8366430795
32.8481868601
32.8733823438
32.954473855
32.9744320308
32.9927236325
33.0026954397
33.0171641192
33.035690861
33.0457467263
33.162311275
33.5929470111
33.6069296615
33.6415087089
33.6863016754
33.7060678024
33.7096953019
33.7267763932
33.7454043008
33.8086762924
33.8325482792
33.8489413508
33.8679963397
33.8950709203
33.9454982738
33.9503140915
33.9871379424
34.0006953101
34.023871697
34.0507935793
34.0737362864
34.0960698494
34.5242461445
34.5718280372
34.5877330827
34.6189315879
34.6639535161
34.6801395738
34.7517863978
34.7724210656
34.7860151794
34.811099197
34.8267129721
34.8502081388
34.8602743128
34.8754622559
34.8810876164
34.888074171
34.8927030534
34.9053899127
34.9111210691
34.9353357314
34.9427971366
34.952090544
34.9610098803
35.0028747914
35.0306276277
35.0500680188
35.0645867533
35.0862927624
35.0960480228
35.1125330317
35.1286749653
35.1528228618
35.175314691
35.1858209093
35.2033831713
35.2171979564
35.2485621558
35.2595093364
35.2897169722
35.3174216801
35.330608458
35.3391919088
35.3585685489
35.3859430158
35.4196886861
35.4406060637
35.4740401042
35.5130301795
35.5210296475
35.5415961234
35.5976931936
35.6129048049
35.6566424238
35.6771480229
35.6844692963
35.7338075994
35.7372779079
35.7574586171
35.7780356329
35.8172185614
35.8495421106
35.8593551642
36.0118382929
36.0277578579
36.0345233449
36.0402629551
36.0505044429
36.0585765802
36.077936614
36.1062735301
36.1340681205
36.1547214522
36.1934005834
36.2137237229
36.2305771333
36.2450618795
36.252779678
36.2662800987
36.2885075269
36.3081757326
36.344522448
36.3601835903
36.6056124582
36.6583807037
36.7111994649
36.7702152637
37.3191978577
37.3308259211
37.4079375735
37.4217433258
37.439292927
37.4464094471
37.4548697797
37.4643011689
37.4858115309
37.4933390254
37.5120650286
37.5309415006
37.5374867467
37.5452251706
37.5693523563
37.5962004488
37.6355205277
37.6584403161
37.6687723821
37.6856049602
37.6933643603
37.7167762396
37.7600218702
37.784877196
37.7996901041
37.9155577957
37.9482013949
37.973091388
38.0169178904
38.0370084609
38.0527878013
38.0910071789
38.1055540981
38.1661931364
38.1744177005
38.2133493877
38.2188598599
38.4139380875
38.4287322049
38.4387215154
38.4566048033
38.4635168858
38.4811498663
38.5160299895
38.544292325
38.5704276642
38.5746476027
38.8192558019
38.8475263856
38.8868681081
38.8973620101
38.9012868586
38.982863947
38.9995316699
39.029256461
39.0515400082
39.0616054858
39.0719392592
39.119826762
39.635988586
39.6617811979
39.6694192955
39.6912543353
39.700473168
39.712818684
39.7175875737
39.7311179232
39.7359389291
39.7505447083
39.7722857821
39.7791014664
39.7902517757
39.7978292552
39.8091785486
39.8245806941
39.8296020668
39.8364079964
39.8496540153
39.8661757384
39.8774220569
39.9601908181
39.9683350982
39.9756044083
39.9849982702
40.0059972352
40.0589878575
40.0886831558
40.1047536699
40.1269937722
40.1613302124
40.2190289493
40.2357463031
40.278420445
40.3076740921
40.3343308473
40.3721328346
40.4295364748
40.4525913196
40.5188389633
40.5450122397
40.6689244482
40.7085655558
40.7328074647
40.7570464476
40.7985078475
40.8053079354
40.8265897902
40.8388280591
40.9017233002
40.9565085044
40.9715532274
40.9770533006
40.9804695049
40.9906751915
40.9995908403
41.0102616069
41.016715548
41.0335254805
41.0425163519
41.0813977274
41.1127945171
41.1178608508
41.1508652867
41.1690218717
41.2136924972
41.2190634601
41.2486521989
942
