6.05432672511
6.05771107312
6.07444932603
6.08264944192
6.09964733816
6.10725692245
6.17606769115
6.18862715279
6.20699135538
6.21673789569
6.23894385544
6.28113976091
6.29596290423
6.29945594387
6.30777620415
6.33291817016
6.34419620991
6.35026496133
6.36194247233
6.39086134075
6.40604251524
6.42724613516
6.44137790109
6.45193354765
6.47986834852
6.51735988232
6.53046893841
6.5339444642
6.56919024588
6.61510040895
6.66151876759
6.70892900771
6.71852782485
6.74592047919
6.79881182267
6.83549813927
6.86959210103
6.90179854485
6.94202017214
6.95279638625
6.95888453076
6.98212418043
7.00379822564
7.0755128079
7.12829397854
7.13434348164
7.17985234384
7.22213889681
7.23442413016
7.24540341443
7.25708602389
7.26103500503
7.27030356728
7.29644797113
7.3121711673
7.3296701521
7.33780658215
7.34951505252
7.35597852514
7.37827337245
7.39323094253
7.39681515034
7.40636985993
7.41982159578
7.42772770066
7.44072561871
7.46052614377
7.47753772833
7.48919378957
7.50640707221
7.5166569567
7.52596680542
7.53320634176
7.54238690815
7.56290291897
7.61755093678
7.64068948022
7.65985342572
7.6800147378
7.69449708852
7.69830758218
7.72111365789
7.75002594057
7.80899184276
7.83474836492
7.86347280687
7.90153104293
7.95830219187
7.9947964856
8.0098617553
8.02847750599
8.06809910749
8.09786471522
8.1138177928
8.25011746096
8.36419958576
8.40842886946
8.41287597859
8.430869157
8.44238212583
8.44995811321
8.45759515761
8.47140097584
8.49198441256
8.5029403707
8.51539870806
8.5443583122
8.71162583998
8.72237681309
8.73184234706
8.75091943712
8.87247894695
8.88098271233
8.89740278832
8.92917435229
8.94055094558
9.03683237372
9.09927945917
9.12111589418
9.63531564761
9.64366690126
9.66491967642
9.68102799894
9.69169661511
9.70533332115
9.74289537999
9.74876555317
9.75847782652
9.76399930832
9.76750707937
9.79450871699
9.81584125122
9.83285029154
9.84232693764
9.86134230802
9.87457383657
9.90692009079
9.92328605287
9.93766749746
9.94946922024
9.97558925107
9.98632414532
10.0083072277
10.0481710099
10.0583639013
10.0894852245
10.1212847559
10.1321349423
10.2251355471
10.2461248001
10.3076089422
10.3793850625
10.4142672911
10.4431789351
10.4877885575
10.5065478271
10.5796344153
10.6074686452
10.6217570395
10.7048153599
10.8144647622
10.8264174304
10.8385202431
10.8432458155
10.859475464
10.869712752
11.0416829539
11.0623061696
11.1189526767
11.1464081885
11.1563275747
11.1828276186
11.3607367405
11.4202218798
11.4522964435
11.5092132716
11.5952836357
11.635615878
11.6579295074
11.6706610897
11.6970957092
11.7524751174
11.7689722192
11.7960313084
11.844365393
12.0363273297
12.054436813
12.0777949202
12.107194949
12.1279803659
12.1356240102
12.1455893651
12.16896617
12.1805606322
12.1989297285
12.2377361669
12.2601003781
12.2700186961
12.2840768128
13.2051459367
13.2804798677
13.2909430844
13.3095664419
13.3255008603
13.3307929373
13.3518843444
13.3653345913
13.3754536307
13.3936140885
13.4253226764
13.4319496556
13.4524091695
13.4678489741
13.5030540465
13.5890888619
13.6020075369
13.6306122474
13.6519547351
13.6565667307
13.6743062714
13.7007653061
13.7242025671
13.7558764042
13.7796114954
13.8097084866
13.8782022043
14.0076481854
14.0274048433
14.2744900124
14.308401041
14.3164734927
14.3475239155
14.3722560341
14.4238385893
14.4403833129
14.450053469
14.4555044318
14.4690370179
14.4816509812
14.4927567387
14.5145986935
14.5240883955
14.5367506448
14.5403064006
14.5838058183
14.6289933561
14.6511937076
14.6741744305
14.6962185278
14.7303658135
14.7609786541
14.7741171907
14.7999561084
14.8250478789
14.8523354301
14.8662322499
14.8797197892
14.9770168235
15.0085741982
15.0244458418
15.0278235941
15.0653291042
15.1309714573
15.1798805315
15.2580287731
15.2656014579
15.2879791731
15.3187606448
15.3261248688
15.3382257675
15.3556187642
15.3755114144
15.4061071266
15.4890940786
15.5201972342
15.5457141875
15.5597803052
15.6136747498
15.6184706026
15.6252663935
15.6286055368
15.6457337846
15.6649124207
15.6716492168
15.6831263787
15.7018006285
15.7104183828
15.7212493502
15.7475647061
15.7593223418
15.7802367025
15.8062615223
15.8396869323
15.8445404875
15.8571547341
15.8870188744
15.9052274437
15.9217506117
15.9437102476
15.9734831592
15.9952791731
16.0041176022
16.0094389721
16.0204153057
16.0264886351
16.0358473451
16.0482217183
16.0670244216
16.1062281907
16.1270989448
16.1499372156
16.2361788533
16.2795102326
16.290277837
16.3173022437
16.3561095965
16.3797260777
16.4068723491
16.4538531123
16.483163637
16.5386222683
16.5620272923
16.5868570607
17.3052328196
17.3276505591
17.3332923335
17.3495525817
17.3908121311
17.4021496505
17.4354309715
17.4533388545
17.4641035728
17.5054571446
17.5132417056
17.5174799964
17.5298930625
17.5854457584
17.6018790562
17.6294319842
17.6736705918
17.7422486674
17.7883974346
17.8359470194
17.8504657061
17.8556511458
17.9065772474
17.9189023627
17.941431066
17.9879643475
18.0047230124
18.0084168874
18.0278453258
18.0463881638
18.0577458377
18.0623993468
18.0705678945
18.0753536516
18.0818815996
18.1255410107
18.159258633
18.1696995429
18.1919646964
18.2143295938
18.2605976186
18.2669482156
18.284729091
18.3397003558
18.351999311
18.3781214116
18.3991427411
18.4120379993
18.4355337911
19.2676264065
19.2789302723
19.2840101173
19.2974211678
19.320473854
19.3383830843
19.3675139676
19.4155474877
19.5714252928
19.7081278249
19.7647362223
19.7904578992
19.8194126446
19.8755854787
19.8866809034
19.8960077254
19.9412918444
19.9474174102
20.0111677539
20.0504708799
20.0626047733
20.1051672816
20.1381431481
20.1596921298
20.2234690525
20.3085040711
20.338153166
20.4039476759
20.4275361956
20.4435735012
20.450639981
20.5054793578
20.5335088931
20.5409974766
20.5573088628
20.6784278839
20.6851498801
20.6961114909
20.7154736754
20.7381437215
20.7695904376
20.7806001715
20.8054496523
20.8317446191
20.8575629528
20.8827377322
20.89176417
20.9125031828
20.9235839464
20.9290363172
20.9394946974
20.9690876809
20.9836527433
21.0188699485
21.0473615867
21.0728078156
21.0833843137
21.2197585116
21.4427703337
21.4580525173
21.5285405309
21.5990372271
21.6089604782
21.6294496394
21.7518573204
21.7670918421
21.7845768658
21.7964474128
21.8083871758
21.8193117128
21.8385134082
21.8621923901
21.8753946003
21.8877550717
21.9030103831
21.9145429581
21.9188598533
21.9359614043
21.9687528222
21.9802852712
22.0170557937
22.0833883223
22.1244854372
22.2020531259
22.2359428449
22.2474465953
22.2719721772
22.3260634914
22.3576613348
22.4099833482
22.4629987937
22.4999981056
22.5589402267
22.5877292958
22.6008485387
22.629571159
22.6656607648
22.7039033394
22.7504677663
22.8048794937
22.8197302851
22.8339181976
22.8599972521
22.9124066085
22.9160341927
22.9374425217
22.9620790425
22.9764254299
22.9895235404
22.9947085951
23.0375462073
23.074623449
23.0943631118
23.1224601151
23.1396052096
23.182101911
23.1965889595
23.2079422784
23.2493787776
23.2541908283
23.2930235852
23.3140252788
23.3246314945
23.3328529004
23.3561325668
23.3846701383
23.4334563982
23.472204007
23.4777686292
23.504181335
23.5228062769
23.5418965347
23.5756585459
23.5951968863
23.6361021488
23.6577940517
23.7192528317
23.7998910972
23.8059638766
23.9367993729
24.0041294832
24.0279247018
24.1230397735
24.1334737976
24.1387043483
24.1626288346
24.1737384375
24.1795507994
24.1935600476
24.201181705
24.2180876985
24.2229199159
24.5502961719
24.5598066234
24.580661157
24.5887288299
24.6113537406
24.6220609192
24.6531360284
24.9066847192
24.9637544096
24.9884726601
25.0398915186
25.1406453114
25.188623478
25.2042353287
25.2304197207
25.240932208
25.2479039266
25.2556676877
25.3093303819
25.3212900323
25.3408634992
25.3516480142
25.3652960566
25.3741093311
25.383849185
25.4092263716
25.4169673144
25.4640494719
25.504959062
25.5414556221
25.5511496422
25.5955871555
25.6159043757
25.6446499756
25.7401464608
25.8026768982
25.8218333455
25.8398117666
25.8635337075
25.8898355261
25.9153486246
25.9318740527
26.404660146
26.4214082943
26.4285348427
26.4394717455
26.4475546394
26.4568904216
26.4683989999
26.4768860931
26.4944767354
26.5151371344
26.5214987682
26.5310387604
26.5437821588
26.5494744953
26.5628859524
26.5775920055
26.5831656699
26.6105534697
26.6504468192
26.6582495728
26.6827204317
26.6933057943
26.7064639641
26.7295697839
26.740515161
26.7628117185
26.767142406
26.8891633217
26.8981100581
26.9016135609
26.9101636718
26.9874679485
27.0097933707
27.1422166644
27.1470535006
27.1625678622
27.187411635
27.1928808915
27.2355921331
27.2673695213
27.3603994717
27.3787799618
27.4060962855
27.4199085791
27.6091312672
27.6270852564
27.6529781987
27.6638154037
27.758740553
27.7721860469
27.7859464045
27.7936839876
27.8114566404
27.8333875529
27.8549443261
27.8705891545
27.8881297593
27.9072045207
27.9584733022
27.9980732126
28.0031638859
28.0123725726
28.0410081657
28.0522513191
28.0846775237
28.13336781
28.160787841
28.1961165914
28.2088156656
28.2498425828
28.2591135573
28.2829483708
28.2959957372
28.3491538172
28.4672058178
28.5376735074
28.8142173411
28.8239819569
28.8427088725
28.8667173602
28.8797169885
28.8915848037
28.9054008941
28.9250055182
28.9370974269
28.9475796175
28.9636891074
28.9715027343
28.9834996314
29.0042405256
29.0502300843
29.0742033327
29.0842171378
29.1210680298
29.1314460972
29.1456913242
29.1730493413
29.2379250917
29.2576857906
29.3138268035
29.3213959392
29.3426927655
29.3789278142
29.3917203116
29.406795816
29.4170535818
29.4439500955
29.5124397382
29.5470542787
29.5628478295
29.5838111104
29.6001980208
29.6181846381
29.622609495
29.7248930483
29.8885231098
29.9462607022
29.9822665382
30.0097368829
30.0141390496
30.0322136202
30.0786246326
30.0924157662
30.1095024954
30.1286786865
30.1416239155
30.1521411092
30.1595421043
30.1780283402
30.1864559153
30.2001713858
30.206361483
30.2202709912
30.2435634289
30.2576593571
30.2980455878
30.3065306393
30.319083257
30.3350361826
30.3520612061
30.4634252699
30.4782887402
30.5097195995
30.5240519063
30.5738004406
30.5909845624
30.6226712782
30.6443567045
30.6601197151
30.7334924159
30.7538881716
30.7728255705
30.7961716581
30.8159594408
30.829164259
30.8451431246
30.8929464709
30.9280306738
30.9343909618
30.9404954463
30.9596360472
31.0133403145
31.0261498912
31.0537302399
31.0641752409
31.1062028149
31.1335834648
31.187274691
31.1910035745
31.2114937838
31.2407991245
31.2488476011
31.2555041249
31.2678824753
31.2887170828
31.310203555
31.3201561958
31.3330735337
31.3416068054
31.3593443864
31.3639565097
31.3885331388
31.4078299775
31.4344478084
31.4412432735
31.4533230353
31.4624741904
31.4793286558
31.5456460155
31.5767311667
31.6045758471
31.6531532384
31.6789166277
31.7785474367
31.7941266551
31.8377996764
31.8451200058
31.8549575321
31.9786898134
32.014385983
32.0378558293
32.0698542468
32.1355213026
32.2152540621
32.2291471039
32.2430646455
32.267905061
32.2869445447
32.3187447645
32.3632401446
32.375894595
32.4054383151
32.4226309043
32.4315127867
32.4374490797
32.5265198411
32.5535599283
32.5637428835
32.6490460973
32.663584658
32.6886220874
32.7246009834
32.7627723563
32.7759769297
32.7831890936
32.8037290774
32.8127993416
32.870563769
32.8872993086
32.9029671583
32.9198630443
32.9754851728
33.0066786761
33.0125648787
33.0405157359
33.0525665447
33.0756080167
33.0855193254
33.1277903634
33.1517309977
33.1945791946
33.201146427
33.2174064283
33.2855374988
33.3619097918
33.4327286966
33.5520695966
33.6050067316
33.6158623
33.7209420494
33.7351915907
33.7429452529
33.7565033334
33.7641529074
33.7686378241
33.7762486875
33.7865250658
33.8306704521
33.8532627338
33.8621641434
33.9036484147
33.9255464609
33.9332481439
33.9426923289
34.0010173721
34.0211852063
34.0363010834
34.0859692614
34.161721107
34.1828138929
34.222176156
34.2381218602
34.2506366007
34.2656058032
34.3109050524
34.3535171916
34.3760292152
34.407184531
34.5622753406
34.5929720523
34.6486724896
34.6912723723
34.7157600917
34.7773520848
34.8150075722
34.8374703302
34.8586626277
34.8697798814
34.8884816677
34.9715292632
34.9905581316
35.0016298176
35.1173553152
35.1467719937
35.1702424891
35.1861728035
35.2051691532
35.2112741807
35.2154314131
35.2225116466
35.238770607
35.2586027936
35.2968005444
35.3303060216
35.3440585435
35.3651894075
35.3894592575
35.417027843
35.5009725668
35.5127477694
35.5352041191
35.5416822492
35.6336921135
35.6584576305
36.0113594255
36.0733381183
36.0863304751
36.0940082796
36.1050517338
36.1146117079
36.1243099878
36.137654673
36.1911906891
36.196776592
36.2112429633
36.2155119151
36.2276472489
36.2571891723
36.2801035265
36.3046307481
36.3399292935
36.3609813907
36.3915740196
36.4177086321
36.4272724675
36.4397505935
36.5077637638
36.524721235
36.5990431356
36.6096390357
36.6271172348
36.6590449649
36.8640667555
36.8894885683
36.9267004596
37.0137610675
37.1544432019
37.1961258922
37.2089498353
37.2264923334
37.23266032
37.2372926281
37.2463364013
37.272729859
37.2861449309
37.2947131513
37.3147081113
37.6775034888
37.6953518633
37.7174729142
37.7483907371
37.7883421564
37.8140565838
37.9555843392
37.9944942672
38.0398558051
38.0667588717
38.1270654876
38.1599194418
38.2425740598
38.281525173
38.3351077466
38.3999882597
38.4046306035
38.4162426243
38.6086122616
38.6258521687
38.6329237303
38.6418812552
38.6516893786
38.6605038392
38.6684721842
38.6781521583
38.6842169159
38.6893897393
38.6972049469
38.7259187642
38.75983844
38.8787764209
38.8971530003
38.9100893357
38.9145367419
38.9255513756
38.9397388332
38.9619064075
38.9845522809
38.9954895011
39.0180114898
39.0318069396
39.0685645347
39.078082125
39.2927345371
39.3369318311
39.3515040453
39.635389423
39.6648188089
39.8259724195
39.8421890005
39.8737446469
39.8811038673
39.8912656086
39.8980045507
39.9038737126
39.9685211864
39.9804069759
40.0120273943
40.0189920089
40.0284169133
40.0496935333
40.0577314281
40.0780342708
40.0979778647
40.1731402638
40.1836226309
40.1932434498
40.2034695422
40.2248214514
40.2584623656
40.2661327309
40.2898099095
40.3378892671
40.3500940447
40.354312599
40.398419808
40.4455653938
40.4850942298
40.5082688928
40.6886493754
40.7299715516
40.7359816435
40.7997462833
40.8321933802
40.8427474873
40.8509965429
40.8697131014
40.8747382871
40.9040526197
40.9189399782
40.9313667842
40.9603621455
40.9730169772
40.9953831265
41.019367362
41.0337703729
41.0731688142
41.3100209209
41.4523332317
41.5092084599
41.5872593604
41.6271395636
41.6744051786
41.7288493274
41.7361180453
41.7626759479
41.7927206624
41.8122998006
41.8425146926
41.869287439
41.9594482304
1035
