6.03560242407
6.21586048486
6.23161519022
6.26564583287
6.35878899926
6.4099458747
6.43716859018
6.45611580983
6.47297448282
6.61040762161
6.6369291585
6.64678641651
6.66216112235
6.71114039618
6.73008529029
6.81423747272
6.8360281811
6.87420038708
6.90667640398
6.96282590693
7.00323009938
7.09369241818
7.21367121558
7.22138339749
7.23067829208
7.24302446765
7.27262864298
7.29354115227
7.31218467325
7.32330365975
7.32981268987
7.33348559786
7.35238381644
7.36582729837
7.38242590882
7.40677142289
7.44123208392
7.45302163042
7.46695906948
7.51260355245
7.52683303013
7.53514814875
7.56038388357
7.56991334721
7.58991123764
7.61026386497
7.64154546153
7.67539189599
7.68412588726
7.72538452887
7.7694340423
7.79836083607
7.86061455918
7.93608317734
7.96956761422
8.0049519088
8.04800977496
8.06119118221
8.06648623097
8.09129876625
8.42511069082
8.4300490007
9.40428116602
9.43770697459
9.47892332285
9.51173920343
9.55147740765
9.59492196723
9.61715359168
9.63121663122
9.64490118713
9.65019779845
9.66975083795
9.68351383711
9.69381797251
9.74865635298
9.80669835889
9.83532958802
9.87948945156
9.8884143506
9.90807078295
9.94267099601
9.95465405622
9.97591426874
9.97940833606
9.99541842417
10.0146377435
10.0581341217
10.0737515277
10.0851251199
10.1219816589
10.1394407836
10.1834065196
10.1990964923
10.2082601313
10.2371128111
10.2542653767
10.3090981077
10.3539859036
10.3633834923
10.3838678929
10.4498084043
10.4844465581
10.5422859277
10.5594077379
10.5820068529
10.6192623758
10.6485066909
10.7183424783
10.7314845091
10.7979008818
10.8221655566
10.8271133837
10.8322141562
10.8481248437
10.8594535196
10.8715792441
10.8898664181
10.8994925783
10.9133071289
10.9191248344
10.9260706918
10.9344119095
10.9575190972
10.9739100395
10.9776990886
10.9920899482
11.0078363038
11.1484623095
11.1777239758
11.1870265177
11.2038543732
11.2294544466
11.2966129785
11.3172815285
11.3649849894
11.3818424427
11.4364356376
11.4547918675
11.4675848096
11.4949224214
11.5075083888
11.525290777
11.53741634
11.6132119241
11.6179299513
11.6461254986
12.0144225306
12.0305102437
12.0579470755
12.0724632311
12.0816843599
12.0890286893
12.1035927778
12.1225538326
12.146671423
12.1665811458
12.1799230534
12.1972340889
12.2207296977
12.4514702588
12.4691259606
12.4860418907
12.4952815388
12.54150571
12.5751605919
12.5964195381
12.7348361416
12.7648047377
12.7781715771
13.2043549356
13.2112157616
13.2302366333
13.2408400349
13.2467858859
13.2628500217
13.2957284038
13.3239018445
13.5531592532
13.5588738411
13.6002032516
13.6443165245
13.6515906326
13.6658999565
13.6698665394
13.7040497683
13.7152769316
13.7280672137
13.735438384
13.7466025642
13.768715442
13.8304327492
14.081534578
14.1156572425
14.1565131889
14.1794959906
14.1966100891
14.2095903712
14.2677389197
14.2740062255
14.2893370837
14.3557424486
14.4138232079
14.4284145116
14.4388410172
14.4435738422
14.4473792715
14.4717180913
14.4770436965
14.5195686056
14.5431883749
14.5566746954
14.5738393569
14.5870968044
14.6133741315
14.623043164
14.6419095304
14.6529150227
14.7687665025
14.7737675325
14.7890895977
15.0398938736
15.073225151
15.1263250083
15.1371604092
15.1638928698
15.5870022717
15.6098013592
15.6144052158
15.6311544114
15.6586356727
15.6690269727
15.6822685627
15.688964715
15.709029978
15.7162251198
15.7212784128
15.7710511091
15.7753535463
15.7822884792
15.8431891552
15.8547306584
15.8620156535
15.8686083018
15.8810488569
15.8952929087
15.9075841134
15.9308146699
15.9473195782
15.9606329313
15.9868716079
16.0008930587
16.009726987
16.0622673054
16.0744951105
16.0822070892
16.2333080135
16.2376813079
16.2610090216
16.2820684904
16.3004214136
16.3318029074
16.3887261403
16.5460788096
16.578052836
16.6097994157
16.6542431724
16.6709212005
16.7305742161
16.7547528766
17.0131659955
17.0317671951
17.0374736628
17.0480742097
17.1198077488
17.1243258385
17.1466479719
17.1578300043
17.1836476421
17.2949456331
17.3120996237
17.329512705
17.3391673283
17.3710574581
17.4123530403
17.4477983539
17.5351056234
17.5499292391
17.575206603
17.828208315
17.8532214053
17.8831075128
17.9723178646
17.9929192024
18.0358461482
18.051116946
18.120440316
18.1280327155
18.132624169
18.1464472549
18.2312077755
18.2602996007
18.2747502011
18.2791352544
18.2852119171
18.3295424615
18.3377741097
18.3908161139
18.3980773267
18.4073803666
18.4332660937
18.439479115
18.4491008386
18.4625890137
18.4779892235
18.4897624949
18.5017955057
18.5195847103
18.5436811788
18.5579657455
18.5666311091
18.5975496026
18.6631065419
18.7053875024
18.7427203525
18.7470143077
18.7515682465
18.7680730138
18.7967936368
18.9074039785
18.9841518804
19.0502136042
19.0652244162
19.1251142132
19.1690521718
19.1995305639
19.2200423723
19.2276595035
19.2464794999
19.2520777169
19.2695273275
19.2825402024
19.3522885148
19.3651693554
19.4286529438
19.4392421026
19.4775915511
19.4897927602
19.497097302
19.5081462476
19.5219061526
19.5260945194
19.5405713308
19.5583243899
19.5730722201
19.5874155797
19.6159944559
19.6287229767
19.6719070764
19.686760487
19.6922075678
19.6991704585
19.7388601897
19.7599289309
19.8009485676
19.8279691293
19.8672711243
19.9088549943
19.927071633
19.9631293696
19.9911211461
20.0067481651
20.0941902629
20.1386001423
20.2110240197
20.4092330734
20.419342086
20.4376415888
20.4536737419
20.4876719004
20.4943740074
20.5559037268
20.5768461903
20.5889938523
20.6034122194
20.6196941444
20.6370884818
20.6566220968
20.673470702
20.6840652412
20.7034342115
20.715547255
20.7336106525
20.7479297837
20.7565791735
20.761066819
20.7898582456
20.8037109201
20.8220632788
20.8461283397
20.8759847819
20.8829361922
20.8968937421
20.9424297756
21.030605006
21.0635524205
21.0722897536
21.0875987351
21.1179794005
21.135032775
21.154030211
21.1753580816
21.2039549335
21.2291832947
21.6072236516
21.6172140507
21.6211202048
22.8286885596
22.8342778288
22.840938835
22.8476566115
22.8546465771
22.8707428476
22.878612309
22.9002103399
22.9180464796
22.9263422632
22.9304139101
22.9730209209
22.9940831179
23.0339458247
23.0464818368
23.0702409996
23.0868017613
23.1072628663
23.1266065476
23.5188587678
23.5390294945
23.5661846278
23.6056961653
23.6261332182
23.718376776
23.7433528004
23.7924659585
23.9053555141
23.9663669255
23.9735840542
24.0209351997
24.0278074631
24.0612446852
24.0672601234
24.0824828763
24.0952546407
24.1004382439
24.1307241254
24.13718562
24.1448319258
24.1540569334
24.164808548
24.1734624365
25.2150053817
25.2338571711
25.2416249723
25.2507258066
25.2835767274
25.2967943027
25.3286863566
25.3494442635
25.3561328794
25.3766058994
25.4513852825
25.4856472642
25.5033675405
25.5137232801
25.5232794343
25.5732122642
25.5830888671
25.5924837781
25.8601879166
25.8693598403
25.8898852947
25.8938432621
25.9072256186
25.9455530667
26.0438869305
26.0832227295
26.1076938709
26.1414981816
26.1607761886
26.184757894
26.2294120543
26.2362139133
26.2484081633
26.3128538592
26.3406653708
26.3846865969
26.4113905288
26.437501381
26.4424614847
26.4536216923
26.4637847303
26.4725911021
26.4923365056
26.5015854138
26.506752518
26.5263278153
26.5403939708
26.5477864366
26.5638121832
26.5718459946
26.5920586549
26.6098850057
26.6183198094
26.640959082
26.6575399092
26.6996869461
26.7116348487
26.7422602981
26.752379406
26.7584099714
26.7741699098
26.7785910572
26.7997298399
26.890203892
26.9212756498
26.9248900132
26.9314100693
27.0086586655
27.0448749084
27.0759288121
27.0879129947
27.1123331062
27.1369056839
27.1512303141
27.1658778712
27.173526215
27.2032727625
27.2111508546
27.2154474729
27.2471768634
27.2674240375
27.3143055486
27.3749911247
27.4025529274
27.5477678804
27.603374393
27.6209025898
27.6334912348
27.6385341154
27.6527817362
27.6605976342
27.6710316179
27.6824803272
27.6961656151
27.7120807479
27.7205216197
27.7310314186
27.7427518123
27.7535088866
27.7649700661
27.8100610812
27.8363590677
27.8431564542
27.8604149558
27.8717171868
27.8941988614
27.8990975685
27.9066311806
27.9325910031
27.9533664475
28.0505897868
28.0670975677
28.0979878654
28.1016497282
28.1266223084
28.157123375
28.1980987781
28.2163857721
28.2427418877
28.2597518856
28.2800319782
28.2899890213
28.3021540172
28.331459535
28.4221515757
28.7964249936
28.8110909495
28.816537179
28.8248041207
28.8423715961
28.8622565529
28.9048329218
28.9226507962
28.9800644165
29.0181869964
29.0532365214
29.0742663206
29.0883120167
29.098310404
29.1109033177
29.1400508927
29.1498846389
29.1663250125
29.2953811602
29.3059369951
29.3235787929
29.3556009591
29.3750671482
29.387220109
29.4401014514
29.4857598592
29.5343491841
29.5583048971
29.5876979729
29.6172669525
29.6819457844
29.6858474438
29.6898955034
29.7416540623
29.7806542641
29.7983841696
29.8224966809
29.8685318779
29.9256826074
29.9624693397
29.9896910479
30.0076017881
30.0955019995
30.1003532463
30.1161608765
30.1400395311
30.1600684844
30.1772774411
30.1981975256
30.2105325885
30.2208312577
30.2416904415
30.2643318637
30.2773998926
30.2991443947
30.3083497279
30.340063806
30.354295602
30.3682760332
30.3897811312
30.417156363
30.4651457876
30.472331692
30.5001356375
30.5289143352
30.5441546866
30.5631541604
30.5954446126
30.6098967009
30.6575093024
30.7018818387
30.7257101761
30.7678154871
30.8049893678
30.862651822
30.8844793327
30.9067393183
31.0136539678
31.041596375
31.0970032597
31.1008038113
31.1885021651
31.206777723
31.2233432019
31.2337928114
31.237736087
31.2600966683
31.2663865257
31.2776218289
31.2937563774
31.3104271328
31.3238142692
31.3341615048
31.3431145888
31.347305568
31.3781206326
31.6251200343
31.6428465611
31.6653698032
31.6929110295
31.7037475226
31.7270385804
31.7587406402
31.8242008143
31.8347175024
31.8634581682
31.8879521799
31.9485772921
31.9775011674
32.0202379548
32.1066865958
32.1458061077
32.1606053223
32.1828784079
32.2465683399
32.296477473
32.3254274751
32.372514702
32.405232407
32.4239000318
32.4410614329
32.4545892587
32.4603652021
32.4710053226
32.4920857702
32.4999000215
32.5056361255
32.5158127429
32.5297837254
32.5372001676
32.5526384337
32.5631194525
32.5676947785
32.5743396085
32.5876270879
32.6213417488
32.6247119439
32.6387454029
32.6596243461
32.683816968
32.7084106994
32.7329476747
32.7574186335
32.7840144504
32.8215202793
32.8469208014
33.0161248845
33.0522895068
33.0902680677
33.1264243382
33.3245156442
33.5675050946
33.5961662271
33.6103192148
33.6378636516
33.6563252082
33.6706601531
33.6780483962
33.6848001903
33.7275557976
33.7453667057
33.7684103212
33.791083366
33.8149477629
33.8693026095
33.8861186164
33.8974849008
33.9068869505
33.936086063
33.9518394687
34.1121873791
34.133897592
34.1454407066
34.177571763
34.2666432927
34.3463574437
34.4452828003
34.4491137078
34.4622187951
34.5052679447
34.5606919253
34.6363175312
34.6622643245
34.7001581958
34.7548697088
34.8106136963
34.824888662
34.8409705011
34.8454426437
34.877829509
34.9039614243
34.916037703
34.9483366689
34.9658033521
34.9786469597
34.9876940778
34.9978138399
35.0200928734
35.0475706986
35.053272751
35.0580148177
35.0763266864
35.1365503312
35.2272077007
35.2389078261
35.256471263
35.2733428035
35.3050578987
35.3414070419
35.354425975
35.3633353903
35.6865819046
35.9368187666
35.9710883258
36.0112287741
36.0352339833
36.0526968338
36.0735742146
36.0797829702
36.0838488877
36.0898715525
36.093699492
36.0991312557
36.11621645
36.1246471888
36.1484118439
36.1725590691
36.1869145256
36.1963371066
36.2159340984
36.2383371403
36.2453701137
36.2627075533
36.2762716169
36.280981164
36.308742311
36.3304083421
36.4004686547
36.4149923741
36.4239911506
36.4471722021
36.4711810485
36.4893441545
36.504172993
36.537061395
36.5497709791
36.5644835626
36.572397312
36.5832774679
36.6151100174
36.6550866433
36.6707302507
36.697145613
36.7370972419
36.7580081044
36.8077821191
36.859073476
36.864002447
36.902958344
36.9447988004
36.9974406562
37.0382739973
37.1499301946
37.1848881149
37.2166218588
37.2231967372
37.2639807287
37.2747109506
37.2921420318
37.5210644866
37.5459739196
37.5503867931
37.6014427772
37.6602516491
37.6958836851
37.7172584803
37.7352291802
37.748791846
37.7904043032
37.797610952
38.0447028973
38.0553567176
38.2482912257
38.3193017968
38.3351586003
38.3816981449
38.409541216
38.4294995688
38.4455038891
38.6179344815
38.640847198
38.6488585336
38.6727316207
38.6892217606
38.7135047492
38.7452906202
38.7590677711
38.7832034371
38.8099083583
38.9369969895
38.9410245587
38.9943034523
39.0959876031
39.209602933
39.3924590764
39.3973137871
39.4024240542
39.4262924548
39.4448649432
39.4617778527
39.6142860207
39.6273990413
39.6567445488
39.7299813451
39.7429393614
39.7540282468
39.7883732826
39.799971605
39.8093737478
39.8157325218
39.8360976761
39.8415437564
39.9555141182
39.9614591683
39.9902268114
40.0230875572
40.0327102476
40.0582999321
40.0872792715
40.1047712181
40.1262663209
40.1491103267
40.1733627339
40.5133994392
40.5241761199
40.5418649284
40.5721304378
40.6023514724
40.6261331219
40.6641375434
40.6756274136
40.6903832545
40.7216567138
40.7346980282
40.7472550338
40.7790691966
40.8173975852
40.8232416189
40.8388603276
40.8495844015
40.8754907869
40.8845249139
40.8951349598
40.9032684967
40.9253403939
40.9848204277
41.0020489622
41.0224841772
41.0453005767
41.0643410718
41.0726701344
41.086616067
41.1111369956
41.120180286
41.3378637535
41.3950095521
41.4188328373
41.507461073
41.5675883371
41.601902672
41.6147080461
41.6340931971
41.9647161556
958
