6.17751665646
6.19044524662
6.21614816217
6.25835197053
6.2812080169
6.29134685456
6.31294155373
6.32570648292
6.36644567718
6.37145136925
6.39611014531
6.44366454975
6.46565016443
6.50106161904
6.51809001277
6.58578284946
6.6000341602
6.62224169405
6.63504326177
6.65550928467
6.67992313536
6.72735307978
6.74412140754
6.75586744358
6.76263918953
6.80487073723
6.86690391447
6.87772711158
6.92211725287
6.96875118464
6.97458851733
7.00155663132
7.01529767724
7.0642393477
7.09010134491
7.13103391192
7.17962209053
7.19174453425
7.29796791931
7.30727285921
7.32972675317
7.34661363143
7.38962675765
7.41190904265
7.42186976243
7.43799724161
7.46922071184
7.55814213937
7.58641751247
7.6067723348
7.61697116367
7.62711451587
7.63950687294
7.67713917413
7.69258504631
7.70915079304
7.77731951623
7.78101259213
7.82559841419
7.8579937071
7.87568274433
7.8965021789
7.91915016273
7.9416338518
8.13974802981
8.1649416085
8.20025472841
8.20897818369
8.2337179066
8.25803641136
8.26589757767
8.3361366889
8.41133052575
8.42100945619
8.43098124867
8.4492925127
8.45703523714
8.47713833122
8.48250234877
8.49027441014
8.49699535088
8.50295317437
8.52435780537
8.53147658819
8.54804482557
8.57756825928
8.58645326058
8.60171587365
8.6082986235
8.62587212734
8.630703836
8.63554359152
8.64226451307
8.66529086015
8.67628589618
8.72203534361
8.7489681938
8.767376277
8.77518123874
8.79202750329
8.79556822424
8.83044025372
8.84858433508
8.85735216179
8.88516730043
8.93690608667
8.98277913077
9.00847448569
9.04325066314
9.10436968317
9.16559309692
9.20650292918
9.23475625429
9.28079957012
9.29081703572
9.31254026695
9.35597584582
9.39411152785
9.60797999342
9.62474834538
9.63856660045
9.65586351331
9.67533255961
9.69098896924
9.74034668719
9.83147883361
9.85349707889
9.87626299439
9.88257290255
9.8886401684
9.90530429431
9.91584859109
9.92658064507
9.95139644309
9.97408315092
10.0035602816
10.0213258908
10.034747307
10.0630351322
10.0949340601
10.1111268463
10.1221250115
10.1381909053
10.1545164507
10.1647154988
10.6673318466
10.7067948987
10.7163940365
10.8050559099
10.8166559175
10.8202898224
10.8236364394
10.8279498509
10.8436000571
10.8541143544
10.8627380117
10.8697477284
10.8764435108
10.8852039299
10.8948014644
10.9073196504
11.012999427
11.0553538592
11.2419611278
11.27964475
11.3166793871
11.3482164387
11.3594759013
11.3946095861
11.452536545
11.4571716877
11.4817993062
11.629581353
11.6593898731
11.6884574558
11.7001481211
11.7495407081
11.7962373127
11.8345513451
11.8677835598
11.8717605692
11.8815943281
11.9048476441
11.9314654398
11.9492849115
12.0060168883
12.0197389376
12.0230832539
12.0373271073
12.0497915972
12.0591529278
12.0653196816
12.0759914294
12.1078524633
12.1227577159
12.1759947971
12.2089197951
12.220103074
12.2419161711
12.2613770822
12.3301778101
12.3495154874
12.5983609612
12.6018154179
12.6175523321
12.6277381176
12.6383275271
12.6431659831
12.7281704014
12.9978571863
13.0429276744
13.0757058704
13.1195653587
13.1451551913
13.2064792431
13.2121277343
13.2162036991
13.2364000756
13.4361382734
13.4618952994
13.4806376891
13.4872482459
13.4969796389
13.5141745558
13.5225984639
13.5412606206
13.6052458424
13.6487209876
13.6748714443
13.7065561506
13.7270570478
13.7608777808
13.7983826764
13.8199637068
13.8581792502
13.9559837934
13.9751113554
14.0341504362
14.0629689413
14.0824886697
14.0980487282
14.1147848969
14.1323351684
14.1360243732
14.1551817342
14.1902701771
14.2256706934
14.2776151047
14.3711261125
14.4074322141
14.4228534838
14.4316793041
14.4356955547
14.4560716664
14.4730706121
14.4841562996
14.5040647462
14.5575437837
14.5687427361
14.582724147
14.590143624
14.6165609838
14.6217928321
14.6312071162
14.6797443166
14.6938735846
14.7257479181
14.7346199205
14.7481388062
14.753354542
14.7579126668
14.8358743761
14.8587703408
14.9012475093
14.9683476595
15.001840589
15.0116173167
15.0431405093
15.092930738
15.1208969877
15.1582770783
15.1861045379
15.2267030321
15.2590983491
15.3094911062
15.3165467551
15.3330384217
15.3840594653
15.3998604394
15.4598770829
15.5250825522
15.5661094956
15.6469642143
15.6538208036
15.6648083403
15.6753670014
15.7181687031
15.7465095239
15.7517993511
15.7605141558
15.7764031777
15.8064962801
15.8157902773
15.840357932
15.8607623131
15.8829759014
15.9080241487
15.9196730364
16.0098307648
16.0201978182
16.041680174
16.0523498209
16.079576225
16.098979241
16.1288325513
16.1405845394
16.2006861885
16.2391365832
16.276946669
16.2889827132
16.3014869954
16.3120020416
16.3415329701
16.3565594645
16.4019517892
16.4104173939
16.4288706627
16.4724536748
16.4881016662
16.5198655922
16.5358293081
16.5739846188
16.5782672715
16.6752422251
16.712872355
16.761445917
16.8044413798
16.8138869435
16.8912776737
17.6519865253
17.6659761922
17.6743264033
17.7028901471
17.7258223554
17.75959438
17.7755324994
17.7839128964
17.7997183471
17.8552045431
17.8871982881
18.0119634137
18.0386849842
18.0670808335
18.0973170042
18.111988011
18.142612053
18.1567719606
18.1984365999
18.2184423691
18.2252115467
18.2363935776
18.2566806442
18.2687558458
18.2797009882
18.2996077044
18.303126535
18.3094787151
18.3593414276
18.3919329641
18.4126713155
18.4294905773
19.2087972763
19.2183164376
19.2307532128
19.2431299813
19.2511836303
19.2810748579
19.2850726905
19.2922094246
19.3044760443
19.315013354
19.338751391
19.3452461219
19.3650729856
19.3762548608
19.3869491326
19.4080608219
19.4311703572
19.6291314252
19.6535924089
19.7066638567
19.7224907113
19.7302914834
19.7647857957
19.7796480591
19.7855544995
19.7910682519
19.8308032507
19.8664896933
19.9940305047
20.0132376258
20.0372373591
20.0478213461
20.0710002354
20.1034703891
20.1070646594
20.2103253981
20.244539178
20.2774768575
20.2844145021
20.3242261909
20.3446586129
20.3869413437
20.4149352095
20.4519610745
20.4597494789
20.4810461969
20.490845489
20.5024008766
20.509596097
20.523767536
20.5460589695
20.5558355223
20.5788206189
20.5915646889
20.606047779
20.6141125799
20.632048683
20.6610536074
20.6874206735
20.7007194576
20.7220163199
20.7364183731
20.8088857865
20.8257345602
20.8438804987
20.8910920757
20.9273730715
20.9401697253
20.9463717902
20.9501084375
20.9577787464
20.976286385
21.0046763732
21.0239349153
21.0396614969
21.0660624226
21.0876663484
21.1601795629
21.2317176258
21.235099154
21.248134923
21.2864706713
21.2953098755
21.4882322728
21.546333982
21.5616259829
21.6180941091
21.6374488133
21.6726972447
21.6915367768
21.723380986
21.7587338209
21.7694860487
21.7763177198
21.7879655382
21.8740832971
21.8833932592
21.9377873879
21.952568842
21.9623616638
21.9711840032
21.9835422092
21.9933774699
22.0118652314
22.0466684429
22.0578135163
22.0656385019
22.0721357668
22.0970544309
22.1582839471
22.2048211887
22.2416370603
22.3782649867
22.4425122344
22.4604641661
22.4795889975
22.5195765005
22.5584215968
22.5718253594
22.81300568
22.8207837267
22.8408520789
22.8943396163
22.8999630333
22.9216843342
22.9384138446
22.9433231783
22.9604122227
22.9804096131
22.9956577992
23.0188492673
23.0403627349
23.0537568128
23.0660557782
23.1061436389
23.1152352232
23.1630174176
23.1887042461
23.2058486209
23.2132693907
23.2566909903
23.2687855863
23.2836238845
23.3940083946
23.4042674704
23.4165856952
23.4296085741
23.4481670289
23.469532282
23.5011826273
23.5247127667
23.5696530592
23.6214218878
23.6386461887
23.7350749566
23.7758860412
23.834847378
23.8560316858
24.039675671
24.0529633616
24.0739095284
24.0842443487
24.0893427873
24.0939505331
24.1000954361
24.1077652942
24.1162261555
24.1229228694
24.1310033104
24.1433349887
24.1637187157
24.1743979354
24.1896523738
24.2042795408
24.2185307496
24.2408979907
24.2630696283
24.2793229759
24.2901480556
24.2998700541
24.3205624496
24.3450536857
24.3645030713
24.4101044475
24.4318821585
24.4461652268
24.5679483818
24.5819828613
24.6028669617
24.6321365971
24.6388090259
24.6629132081
24.6925355609
24.720985262
24.752206905
24.7719693469
24.7757259006
24.8000976701
24.8616919575
24.8661561304
24.9131676647
24.9381314464
24.9656916872
25.0212408398
25.0731813961
25.112497788
25.1219884493
25.1523234083
25.169300169
25.2055042086
25.218871337
25.2377748536
25.2555567679
25.2645548802
25.2829949985
25.2909548771
25.3151398866
25.3311251374
25.3371662078
25.3462820886
25.3546476951
25.3614368114
25.3886533929
25.4006609376
25.4165821688
25.4301177116
25.453307453
25.4639624545
25.4763643107
25.5154983995
25.5273178103
25.5378272739
25.5712592398
25.5775108833
25.5887813393
25.5922283986
25.6085716692
25.6328029701
25.6526689331
25.7475579823
25.7526599598
25.762442637
25.7911272958
25.8377660345
25.8671303119
25.9928775581
26.0215057006
26.0514681607
26.097637669
26.1213110132
26.1822467911
26.2043994328
26.3120984933
26.3333794494
26.3419063516
26.3624072585
26.3848243985
26.4232757677
26.4311612062
26.494507583
26.5064131788
26.5109771831
26.5506169258
26.5905577757
26.622567579
26.632879125
26.6535245782
26.6752823767
26.7132108787
26.736696753
26.7639746729
26.7816655851
26.7962177205
26.8353978733
26.8458428968
26.8633773969
26.8694522942
26.9114854612
26.9645335913
26.9958040273
27.0958653401
27.1214108248
27.1646272185
27.1926974416
27.2216256561
27.2406504374
27.2878699697
27.3168026982
27.3780950923
27.4228654945
27.442691867
27.4512966109
27.5351477052
27.5709372704
27.6362177019
27.6426995016
27.6643267778
27.6750200366
27.694648215
27.698945825
27.7234463619
27.7378819335
27.74826297
27.7547120392
27.7655471995
27.7803872956
28.0143068403
28.0476658757
28.0857375866
28.2417696911
28.2584559364
28.3031327191
28.3176311975
28.3523220909
28.4067651482
28.5173763536
28.5591699964
28.5843929162
28.6048619848
28.6427235309
28.8219496516
28.8303298208
28.845598891
28.8500781221
28.8976267725
28.9084496214
28.9179344302
28.938147369
28.9451236828
28.9586496028
28.9754964854
29.0155656852
29.0394733072
29.0574606406
29.0759391395
29.0924424772
29.1041856776
29.1440809202
29.170118084
29.185646946
29.207108052
29.2201263999
29.2358942224
29.2439837547
29.2591103589
29.266202547
29.2837976828
29.3065852655
29.3198468485
29.4290731629
29.4860426822
29.5009427411
29.5363972855
29.5607704523
29.6774589449
29.7026498606
29.7174274994
30.0204771689
30.0362574074
30.0431499855
30.0597054675
30.0667980683
30.0758951861
30.0849926949
30.1128895296
30.1249205307
30.1490052127
30.1617521743
30.1786090582
30.2198876534
30.2460287023
30.3014002024
30.3293056347
30.3461034973
30.3540828813
30.365642748
30.3829499746
30.3952798948
30.401992069
30.4164196505
30.4216698533
30.4373330916
30.4812512769
30.509951227
30.5363103284
30.5500463264
30.6171461572
30.6677214425
30.7225298254
30.7975173459
30.8171228191
30.8370727201
30.9232880823
30.9424010013
30.9844642513
31.0118492419
31.0963916115
31.2080213944
31.2141506306
31.266817189
31.2728601068
31.2914301615
31.3484059404
31.372265524
31.3852660743
31.4012656595
31.4402620891
31.4475760177
31.6455636658
31.6588250457
31.7003161269
31.7186109649
31.7362517294
31.7568226928
31.7618634615
31.7761642846
31.8032059239
31.821059087
31.8486679485
31.9197169159
31.942609041
32.0128720338
32.0411391246
32.1041625863
32.1166717609
32.1919628291
32.2053571543
32.284816592
32.3005852521
32.3061185481
32.340408222
32.3797552299
32.3892907923
32.4253596425
32.5470633776
32.5646787441
32.6276966814
32.6390776818
32.6615956481
32.667926071
32.6775216892
32.7121006425
32.7321920807
32.7421374411
32.7802878258
32.8466440381
32.8515565123
32.8640458692
32.8791931543
32.9213567508
32.9313736887
32.9551602806
32.9588906902
32.9815030696
33.0085499621
33.0380812786
33.0909021256
33.2932573345
33.3034370156
33.3306644074
33.3828988659
33.4038167038
33.4566152152
33.4762898372
33.4840812061
33.5595178504
33.5873641916
33.6093254666
33.6150078089
33.6236801464
33.6418875674
33.6564282695
33.6671981455
33.6829162431
33.6894242943
33.7002277546
33.7151925693
33.7264437954
33.7324816276
33.7587476751
33.7706195868
33.7794058899
33.8020631483
33.8413420721
33.8516526922
33.8571358375
33.8955864504
33.9092723634
33.9164262673
33.9357095193
34.0917259785
34.1135926034
34.1391496111
34.1954816368
34.2085298633
34.2368260248
34.2609769921
34.2769246515
34.2968520394
34.3119446015
34.3302558653
34.3568504227
34.3722497202
34.4208860087
34.4545844035
34.5129685929
34.554674939
34.5772612843
34.6091769755
34.6285365293
34.656089567
34.6642426061
34.6678440599
34.6829096704
34.7494914283
34.7788770884
34.7950426566
34.8288311123
34.8401754956
34.8600381241
34.8682716038
34.8840324081
34.8955439345
34.903915496
36.0154558485
36.0239869799
36.0286156986
36.0419616336
36.0512093358
36.0687876865
36.0845553397
36.1044411291
36.1156301402
36.1671577223
36.1870287816
36.2057417869
36.213932521
36.2218829347
36.2386121478
36.2543705117
36.2866946599
36.3786554202
36.4101997313
36.4276545404
36.4321047003
36.497054172
36.5214095581
36.5270031278
36.5401902422
36.5791213271
36.5952392801
36.6329530478
36.654311499
36.7160179669
36.7420413817
36.7688438736
36.77391895
36.7782965582
36.8301816081
36.9030677451
36.9364009751
36.9995989879
37.032898686
37.1878896527
37.2124578717
37.2886749441
37.3104393202
37.3211910803
37.3454044678
37.3538100497
37.3833322244
37.3989782934
37.4153799324
37.4386889081
37.4493888398
37.5207367075
37.5494658513
37.5618237497
37.5885674719
37.5963143865
37.6651058749
37.6955744803
37.7134358859
37.7248254351
37.7290179572
37.7640969205
37.7799205379
37.7875548781
37.8235774266
37.8394709162
37.8991274798
37.9241177405
37.944957374
37.9535088119
37.986393733
38.016597828
38.0520340416
38.0629772492
38.0864491145
38.1088147515
38.1244424786
38.1751352422
38.2451554976
38.3020820044
38.4144238587
38.4195223757
38.4279291251
38.4378579907
38.4976202488
38.503333875
38.5077924575
38.797752875
38.8072290827
38.821035905
38.8419339055
38.8690635252
38.8832886945
38.9060241837
38.914949344
38.9268733337
38.9476176932
38.9754786451
39.131999873
39.1509352024
39.162465152
39.187871978
39.2057735137
39.230089869
39.2477081536
39.6315857449
39.6367826948
39.6439522688
39.6608169633
39.6642282598
39.6765934631
39.7119082988
39.722299595
39.7488789206
39.7614047406
39.7833688716
39.8042930479
39.8228500988
39.8335314514
39.8423202441
39.8556468663
39.8978051617
39.9146487815
39.9235453218
39.9359294948
39.9446527342
39.9774161603
40.0118004809
40.021455834
40.0256842466
40.0319154133
40.0451721226
40.3624645429
40.4036567188
40.4188337642
40.4814198101
40.5066784158
40.5477467594
40.6026849607
40.6411036269
40.7226285227
40.7539429132
40.8319187336
40.8383132159
1039
