6.01431899157
6.01973664399
6.03655345894
6.05114299868
6.0677425846
6.07577080613
6.08442383006
6.11054971492
6.11687168648
6.12471480717
6.13018858698
6.14493182457
6.1665286567
6.18743920022
6.20323939677
6.22279572392
6.24360810388
6.24758780847
6.76858419118
6.7997705701
6.88774987235
6.93931414336
7.20700336717
7.22381682479
7.23407660301
7.23965561269
7.25677219796
7.26581756962
7.27504871279
7.28278638191
7.28825890443
7.29516340351
7.30224202163
7.31133996792
7.31581938464
7.69734358682
7.70518468684
7.72138137608
7.74443693995
7.83356408915
7.85923662101
7.87072370428
7.93046763239
8.01483729262
8.04033460259
8.0822957303
8.11504839318
8.17741765378
8.22722461736
8.28311696937
8.33154439854
8.34266687658
8.3587591572
8.41871247408
8.65614133771
8.88366598958
8.88781692488
8.95082669759
8.96119911555
8.9739041036
8.98763069961
9.01364342001
9.02347750696
9.02769836346
9.06488422291
9.1025341599
9.10994071056
9.14656079286
9.33757455051
9.3603000847
9.36499183329
9.4117930186
9.44078619787
9.47578770054
9.51711467604
9.56496619172
9.59668818649
9.60965514812
9.61613547491
9.6217421207
9.62553587497
9.6420421461
9.65349686533
9.66438581662
9.68252957009
9.68778528628
9.72886570281
9.75238138795
9.78120526937
9.78633964765
9.80190353193
9.81615629831
9.82053262656
9.825540523
9.83428171331
9.85616629356
9.88308080002
9.9121207205
9.93096539896
9.96198451504
9.98931819727
10.0013895437
10.0668744426
10.1083352954
10.1256686959
10.1562242518
10.1766205282
10.1895596992
10.2166841986
10.239919211
10.2766857432
10.367944313
10.4771581336
10.4852572332
10.5348184934
10.5816155698
10.6080750646
10.6663729981
10.721206298
10.7270453716
10.7435670174
10.7608443242
10.8337045604
10.8518483533
10.8648603618
11.3796427576
11.4579517112
11.5025621302
11.5332402767
11.6043846349
11.6380258366
11.6421126228
11.6462081368
11.7105685151
11.8487519628
12.0136429467
12.0236571313
12.0325033328
12.0854884993
12.0952209053
12.1069357063
12.1138314116
12.2011906239
12.2262551375
12.247552076
12.2750399949
12.3346412445
12.3416859527
12.3521058433
12.3673030268
12.3920954359
12.3964375278
12.4068833262
12.4177374495
12.4340772476
12.4750129907
12.4883557057
12.5017160317
12.5067045088
12.5301032719
12.6861468873
12.7453129766
12.806517728
12.8424525137
12.8663648904
12.8849857061
13.1242030474
13.212505604
13.228572111
13.2568182619
13.2630895634
13.2790222517
13.3283616465
13.3382726156
13.3456284057
13.3601788649
13.44590654
13.474498433
13.4889387653
13.6282638062
13.6648225854
13.7071433505
13.7163341456
13.7728263523
13.8047656395
13.8333110671
13.8575454824
13.8752802102
13.9065172859
13.9150549485
13.9402576795
13.9606924752
14.0023060651
14.0391742257
14.094961859
14.1684965412
14.1921867675
14.2477259555
14.2968637132
14.3365911429
14.3409471553
14.4234044876
14.4447538257
14.4607597871
14.4822349833
14.536943087
14.58125054
14.6131024683
14.6352253825
14.6469040086
14.6539268378
14.6683505113
14.6859153768
14.7057065127
14.724379215
14.7470960406
14.7550281034
14.7846047631
14.7995965529
14.8286327085
14.8526828927
14.8697971657
14.8772319588
14.8953191978
14.9175730212
14.9786766625
15.026856871
15.0950565195
15.1301867972
15.1337136191
15.1647728843
15.6058117426
15.6140752328
15.6268032002
15.6463972773
15.6516597546
15.6554053675
15.6616161629
15.6895851872
15.7156290088
15.7296520239
15.7438476269
15.7652709047
15.7729674906
15.7826471074
15.7919129305
15.8056717401
15.8110179719
15.8296064969
15.8373508738
15.8560714145
15.8786867184
15.895329222
15.8998822945
15.935765217
15.9440617164
16.051667094
16.0717499519
16.095277841
16.1012717932
16.1954890805
16.2177339047
16.2499586558
16.2718195237
16.2855545774
16.32636004
16.3305632553
16.4119766162
16.4466867983
16.6046104328
16.609941041
16.7530777416
16.7816942901
16.8138545812
17.1053687607
17.1191960448
17.1301784956
17.1455897488
17.1665587723
17.1901465142
17.1972392739
17.2281582883
17.2411817377
17.2560735094
17.2741965918
17.3146374864
17.3375465263
17.346994023
18.0154209246
18.0218361305
18.054403464
18.0580427715
18.1031847364
18.1206066437
18.1390619476
18.1604784272
18.1669309873
18.1748622825
18.1803735777
18.2029356005
18.2244530668
18.2312883059
18.2379337283
18.2593475827
18.2699924675
18.2956511698
18.299570539
18.3134726412
18.328928996
18.3435380381
18.3912358402
18.404329109
18.4374010387
18.4549990655
18.4802904
18.489458932
18.4980189419
18.5021648587
18.516868481
18.5313091597
18.5604744474
18.5657995087
18.5957114886
18.652399187
18.6741699255
18.6913052767
18.7234269845
18.74312764
18.803006344
18.8181090379
18.9105009156
18.91488409
18.9637741816
18.9743955314
19.0117675961
19.0418324989
19.0625719007
19.1113400606
19.1518384103
19.1899382989
19.2112643995
19.2156878362
19.2251138249
19.2506283186
19.2907088884
19.3028181561
19.314974427
19.3229299677
19.3384614397
20.4123798847
20.4207461604
20.4256439607
20.4423434859
20.4499593105
20.4642656239
20.5570490891
20.575162227
20.5949419581
20.6152375268
20.6286552208
20.6340410339
20.639339544
20.6452079342
20.6741227312
20.7006989597
20.7213000752
20.7304315413
20.8511426409
20.8739857714
20.8953409577
20.9414461062
20.9550023812
20.9841352885
21.1242528084
21.1627374917
21.2882201171
21.3060111998
21.3650288909
21.378862683
21.3911803481
21.4171976543
21.5302468607
21.5711047972
21.5770177297
21.6090640143
21.6165550564
21.6250882586
21.64181004
21.6585361693
21.6626346977
21.6874806758
21.69493548
21.7049723744
21.7253194976
21.7412825919
21.7579637449
21.7717083666
21.7933845073
21.8045328904
21.8163504427
21.8279420014
21.8388363447
21.8470142151
21.8767949493
21.9156489319
21.9273086916
21.9471456214
22.0121588044
22.0383705925
22.0487392656
22.0601146956
22.0718461734
22.0941961441
22.352450539
22.3742544553
22.3942531319
22.4017918525
22.434606954
22.4709553765
22.5852694134
22.6138433415
22.6703379137
22.7267556182
22.735760605
22.812559581
22.827644823
22.8330653328
22.8479219409
22.8555976158
22.8657926863
22.8715817506
22.904746864
22.9177486009
22.9225629762
22.9358083589
22.9581251109
22.9769871124
22.981666601
22.993924602
23.0045777204
23.042242159
23.0520508735
23.0682300728
23.1000318873
23.1047137585
23.1228178122
23.1521500526
23.1557665944
23.1826522712
23.210150043
23.4994907137
23.5294863662
23.5547674836
23.5806117392
23.5922675227
23.6168665643
23.6688439648
23.6810446107
23.7207262247
23.7395608263
23.851885326
23.89804486
23.9064066792
23.9103705368
23.9338303486
23.9859430851
24.0277768608
24.0369832167
24.0507729696
24.0557468529
24.0697565175
24.0824378792
24.0885241438
24.093429533
24.1032287333
24.1077008458
24.1198895069
24.1452684768
24.1566390348
24.2119665374
24.236380946
24.2470577374
24.2683937945
24.2828741238
24.308201108
24.3160698483
24.3219053757
24.3261647887
24.3361918785
24.3685490769
24.3987226681
24.4282952648
24.4396458527
24.4513590004
24.4569937481
24.4688417264
24.5032673105
24.5148788368
24.5363313598
24.5571929292
24.6078907512
24.6155246049
24.7342737221
24.7560550836
24.8149382271
24.828554423
24.8730271486
24.8910783316
24.9233833291
24.9429054342
24.9463817191
24.9754456526
24.9799334851
25.0084475996
25.0934354867
25.1160672973
25.1934438641
25.2175416514
25.2261382692
25.2419737961
25.2515979465
25.2743245029
25.2813211955
25.2894618866
25.3023168497
25.3101912531
25.3148017991
25.3262251336
25.338330623
25.3662405525
25.3983238779
25.4115108576
25.7335584852
25.7517301322
25.7808559003
25.8754581924
25.8948576603
25.9028139436
25.9440637464
25.9667989315
26.4061859078
26.4111820834
26.4198263368
26.4283819487
26.444865744
26.4693863426
26.4767198353
26.4853527392
26.4945966564
26.5050231834
26.515936135
26.5224053178
26.5415389284
26.5459523473
26.5663362959
26.5912649833
26.6176750522
26.9835325017
26.9934294482
27.044657552
27.0828143307
27.104559314
27.1477061112
27.1909590406
27.2614735509
27.3037566398
27.3230070927
27.3283850362
27.3546353861
27.4573146638
27.4822286656
27.5022606872
27.5185482718
27.5492663912
27.5813515957
27.6158726431
27.6250060875
27.6424635425
27.6533103568
27.6648859244
27.687446776
27.6929693919
27.7096821127
27.7270677477
27.7521462989
27.7637568352
27.7775112935
27.8044299239
27.8125928426
27.8278917275
27.8521510016
27.8881317967
27.9048571474
27.9319281391
27.9462169759
27.954823026
27.9879202932
28.0114049234
28.0254040423
28.0353253047
28.0537288065
28.0725569384
28.0888807958
28.1713005691
28.1923300107
28.2259002397
28.4339193583
28.4467811694
28.4635400086
28.5110802703
28.5256178119
28.6658387559
28.81744154
28.8266573645
28.8332868707
28.8520778801
28.8681620419
28.8806935168
28.8871589124
28.8953223639
28.9115884111
28.9579634351
28.9757214832
28.9845047938
28.9899437365
29.0025743237
29.0309358943
29.035124531
29.0800167229
29.3873723515
29.3997976808
29.4122143712
29.4335727754
29.4638778392
29.4976346598
29.5118002579
29.5424078745
29.5580385268
29.5901659686
29.6277863653
29.6528630477
29.6896937304
29.711297656
29.7189295858
29.7715779245
29.8239206406
29.9100140348
29.9335263824
29.9945170335
30.0202079208
30.0387349267
30.0515521216
30.0975377561
30.114399199
30.131124989
30.1511171037
30.1732992008
30.1858685291
30.2021048295
30.394197661
30.408659493
30.4163705809
30.4199736911
30.5216260093
30.5835601737
30.5975554102
30.6431274381
30.7599155027
30.7702166441
30.8153264072
30.8595985181
30.8647533981
30.9065803165
30.9367345148
30.9773155109
31.0059915742
31.0524563856
31.2080722731
31.2413243351
31.2650186984
31.277256138
31.3216955472
31.3426222481
31.3463276673
31.3591659255
31.366784407
31.4003298872
31.4075118697
31.4286645473
31.4390623494
31.4473894699
31.4518970713
31.4589002576
31.473664499
31.4886475823
31.4991987636
31.5104337072
31.514984759
31.5251001654
31.5395493027
31.7144684425
31.731202207
31.7747946411
31.811101238
31.8932058622
31.9766029575
32.0167649455
32.0368483277
32.0598243828
32.0831718631
32.1057973671
32.1683012297
32.1747602696
32.2156225319
32.2271333243
32.239552089
32.2566520143
32.3085668098
32.3429424888
32.3535008686
32.3800189985
32.4244806113
32.431019081
32.439411198
32.4563496677
32.464787174
32.4716354408
32.4794394795
32.4914778519
32.5038449347
32.5275303722
32.5454456951
32.5558846811
32.5646743031
32.5686980485
32.5723903606
32.5829099158
32.5928609674
32.5984280083
32.6171139986
32.6228113281
32.6407840716
32.6548269129
32.6806189885
32.6992807512
32.7069511501
32.7325628773
32.7897439766
32.9045202676
32.9246593107
32.9389296948
32.9682896142
32.9844673092
33.0151513443
33.3490556516
33.3740438857
33.4109030588
33.4172988021
33.4457807825
33.6063535841
33.6227719517
33.7275356762
34.8513506789
34.855019301
34.8604227037
34.8724531915
34.8912240157
34.9188213114
34.9359650408
34.943170004
34.9757290531
34.987288589
34.9958221462
35.009895141
35.0242747149
35.0356670279
35.0451326895
35.0569027233
35.0774973513
35.0902467405
35.1281790027
35.1518480629
35.1937255459
35.2018746685
35.2142789961
35.2350263182
35.2816719306
35.3120730511
35.3313752438
35.3701300206
35.4242104204
35.4434658005
35.4520365075
35.4643071005
35.5059475353
35.5106296285
35.5652128596
35.5845556843
35.6280868856
35.657716153
35.6819373846
35.7007332906
35.7562734381
35.8284555351
35.8464165092
35.8681732568
35.9086559053
35.9423827488
35.9556808543
35.9938565427
36.0128000117
36.0217717254
36.0357366569
36.5969822721
36.6531082447
36.6678746468
36.692483299
36.7258326743
36.7942912359
36.8023060275
36.8378229286
36.9450696994
36.9758402575
36.9950111478
37.0228032663
37.0805658352
37.1319216927
37.1456109275
37.1824551129
37.1863487175
37.2076563761
37.2166620472
37.2322994728
37.7030992761
37.7346142014
37.7483077074
37.8002122314
37.8148475624
37.818821308
37.8277408114
37.8640327533
38.4089340395
38.4257464854
38.4311243221
38.4415797957
38.4480172767
38.451893796
38.4628576614
38.4881426414
38.4926397559
38.5016221536
38.522974041
38.5664923147
38.5805822049
38.6278533711
38.6774253846
38.7017469834
38.7069280287
38.8126560533
38.8369001185
38.8969378767
38.9342721861
38.9675668417
38.9862759946
39.0155278793
39.3445356847
39.3846655633
39.4341464678
39.5425342075
39.6110254662
39.6192428911
39.6461094859
39.662330608
39.6737146589
39.7597197322
39.7763733639
39.7934760273
39.803873989
39.814028291
40.102419347
40.1394489023
40.1779614127
40.1957395288
40.2131526619
40.2301823121
40.2613832462
40.2794083057
40.3296068992
40.3468891196
40.3568279254
40.4075558614
40.4252414336
40.4376357639
40.4702825816
40.5119917671
40.5357067216
40.6482085329
40.7417776883
40.7647500283
40.7872039715
40.8135682777
40.819740721
40.8352424827
40.8430289411
40.8537711782
40.8589267117
40.86856282
40.88109142
40.8882058042
40.8974406688
40.916663991
40.9303305951
40.93720936
40.9513171479
40.9661555683
40.983552522
40.9986269735
41.0348070783
41.0677942776
41.089571558
41.1093278825
41.118007882
41.1378699371
923
