6.02024368872
6.02766238369
6.03965531612
6.06955626784
6.07944431583
6.17932815385
6.18792386785
6.20029216994
6.22290957338
6.23378510679
6.26710382414
6.28115430197
6.29921021152
6.31626724867
6.32432153941
6.344845781
6.3720105172
6.44214831875
6.47418575559
6.48424675632
6.49888523787
6.54570680757
6.57773167105
6.60798912435
6.61311290394
6.63702960586
6.6618704899
6.68319675236
6.71872820088
6.75932703734
6.79048489624
6.82385805326
6.86123882946
6.87545533517
6.92479346528
7.12942110505
7.13381151858
7.20824098841
7.23216754187
7.25454367767
7.27007232885
7.31480733171
7.34517583568
7.35719389428
7.36927651971
7.37991565771
7.39941937122
7.41963696435
7.42863876742
7.4332231054
7.43774675565
7.44316087129
7.45813908799
7.46643379125
7.53598357477
7.54461541169
7.70560498998
7.73155004094
7.74705039045
7.77094090951
7.78399480899
7.78945179464
7.82766711102
7.83179979655
7.84553796859
7.86720601479
7.89523443181
8.05006354052
8.08016423238
8.11838369191
8.14552985857
8.1667381395
8.17399027905
8.19202282495
8.21050842039
8.21957012622
8.49597300394
8.50871298203
8.51436060992
8.53849760493
8.55564223657
9.5123481969
9.54231491789
9.58289699403
9.61126392848
9.61893654895
9.62954234397
9.63418388977
9.6491088761
9.65423284481
9.68893167376
9.69729698466
9.70911430771
9.72491993127
9.73492089523
9.75145558649
9.76868829795
9.77935937415
9.78745883316
9.79238741561
9.80638948182
9.83132262968
9.87071203114
9.90661989223
9.91058229711
9.92194089882
9.96116313017
9.9694085822
9.99993384901
10.0165453275
10.021192804
10.0419639541
10.0730046757
10.0983891007
10.1358766921
10.1497480802
10.1658085717
10.2085567938
10.2250671339
10.2800979654
10.2988201892
10.3378782294
10.3567451844
10.409885755
10.5173192035
10.5370577368
10.5623548381
10.5965493733
10.6891437899
10.7256740133
10.76614422
10.8123823083
10.8162229383
10.8322681895
10.927965828
10.9399558217
10.9596778699
10.9703011805
10.9803752506
10.9934190199
11.0428404652
11.0610445544
11.0948857095
11.1109692009
11.1428332033
11.3549411518
11.3613666617
11.3935752585
11.4118888596
11.4344753382
11.4702610153
11.4896075264
11.5361651397
11.566265688
11.6227186873
11.6308367422
11.6703498154
11.7209706659
11.7328606386
11.7362416569
11.7742292214
11.8057490575
11.8281716285
11.8700955939
11.9078425016
11.9595320428
12.0382251393
12.062062105
12.0678975315
12.267968691
12.2721942619
12.2879001012
12.2936965558
12.3032739679
12.3192017854
12.4020125783
12.532741519
12.5386023772
12.564901335
12.5722473606
12.5959096213
12.6092123042
12.6499664999
12.738815571
12.7426885676
12.7634695314
12.7824794864
12.7913753744
12.8075743613
12.8299674131
12.8669074726
12.9155672649
12.929708628
12.934873544
12.9441229753
13.00736864
13.0373671585
13.0933155066
13.1316166208
13.2140494065
13.224038322
13.2346835741
13.2412480241
13.296463374
13.319644356
13.3274854199
13.3392492118
13.343790393
13.3499377199
13.3676638959
13.3869731042
13.3981199425
13.4124768986
13.444081053
13.4552238278
13.4986213257
13.5846242658
13.5998419766
13.6113145624
13.6157774271
13.6323350466
13.6444383105
13.6630459873
13.6719449889
13.7450014141
13.8024820563
13.822860651
13.8573112112
13.9179521837
13.9500921274
13.9874852668
14.0126925651
14.0204865292
14.0446320003
14.0616859569
14.1143834742
14.1468186874
14.1530838679
14.1836771711
14.2003471575
14.3018355779
14.3563630483
14.4064548503
14.4116754712
14.4302811626
14.4344900903
14.4448005119
14.4588810656
14.4681236397
14.4931152583
14.5147486681
14.5204237583
14.8085158376
14.8408982329
14.8538562219
14.8755951675
14.9222090373
14.9431884983
14.9792384932
15.0030985231
15.0211557921
15.0432178586
15.0815754634
15.1770576443
15.1914749434
15.2332609917
15.2372957828
15.2476421918
15.269438941
15.3083743182
15.3282747065
15.3784596003
15.3992337824
15.5807416252
15.6268857848
15.6530789907
15.6896021655
15.6960008491
15.7052435087
15.7262739859
15.7394495865
15.7467535008
15.7691660266
15.7851050411
15.7913503362
15.8091010709
15.8374489278
15.8633910398
15.8768547695
15.9239407726
16.2075549225
16.2195567234
16.2368582913
16.2562128245
16.2880780559
16.3170024838
16.4279019094
16.8126556549
16.8323893162
16.8478654184
16.8567704096
16.8747790115
16.8812263909
16.8849898629
16.9009680063
16.909725264
16.9179404518
16.9364437308
16.9424985628
16.9608662749
16.9684086513
16.9730243895
16.9849394419
16.9922682468
17.0007006526
17.0326125155
17.0444630538
17.0579638859
17.0826562867
17.1099494168
17.129225608
17.1550203739
17.1715635961
17.206417811
17.2282439638
17.2796275094
17.2954646026
17.3247172559
17.3750535837
17.4062450891
17.4816463078
17.5147935108
17.5329333509
17.5461592693
17.5580054482
17.5847914046
17.6074977423
17.7398606113
17.7974974226
18.0169543033
18.0573802598
18.0700229667
18.0842865888
18.1045947369
18.125612079
18.140778304
18.1522154675
18.1736093451
18.1973063052
18.2081421861
18.2445994977
18.267445194
18.3017857441
18.3095883531
18.321781943
18.3471200718
18.3648147301
18.4210184229
18.4632731708
18.4737660827
18.4821749199
18.5068535893
18.5207738793
18.6329237824
18.6596911729
18.6791651974
18.7279773075
18.751199186
18.7845307322
18.81998313
18.8466539454
18.860559445
18.8691576157
18.9092975911
18.9582689824
18.9958727919
19.0051771825
19.1378947765
19.1573202326
19.1679321931
19.2080304968
19.2155793156
19.2247788585
19.2362691021
19.2415416102
19.2455629769
19.2973647967
19.3263641659
19.3316986171
19.3756700841
19.3943561362
19.3977604238
19.4790169553
19.4858820694
19.5536529689
19.5661926398
19.5818684105
19.5959154508
19.6084940967
19.6368193093
19.647873468
19.666164213
19.7128233527
19.762056232
19.812392686
19.8329259883
19.9477361094
19.9664008522
19.9807238614
20.0094288172
20.0386237517
20.0580788949
20.0743797847
20.0892638726
20.1125685298
20.1481732918
20.1943676367
20.2075100244
20.2431989872
20.2989039219
20.3782429543
20.4071379889
20.4320367228
20.4538528547
20.464131819
20.4755149246
20.4822438307
20.5236945647
20.5286107429
20.5378921861
20.545751795
20.5599296618
20.5746188192
20.6051904843
20.6172168569
20.6489978549
20.6630285623
20.6961640189
20.7187124204
20.7777729723
20.852682562
20.899693411
20.9238423962
20.9536803664
20.9886966955
21.0184471126
21.0717988443
21.1474877368
21.165778862
21.1992532204
21.293311147
21.3158981298
21.368669619
21.420898885
21.4456344622
21.4788407289
21.5041787876
21.5273695374
21.5440725475
21.5896997334
21.6115733995
21.6270432007
21.6424634318
21.65842329
21.6711037224
21.7372649245
21.7635937917
21.7744849964
21.7944529408
21.8034210893
21.8168008349
21.8284408163
21.8411333245
21.873451367
21.8837743841
21.9209443224
21.9409699451
21.9777480592
21.999933048
22.0128868423
22.0273054115
22.0880564519
22.0996411986
22.340096474
22.366251277
22.3865160157
22.4250416031
22.4367652007
22.4704206821
22.5237681845
22.5369434139
22.5877328569
22.6212948746
22.6376826804
22.6553124004
22.7919855699
22.8114822591
22.8268632598
22.8313859721
22.8390531209
22.846476935
22.8688919794
22.8773814956
22.8935015013
22.9022817873
22.9075987996
22.9178520422
22.9384138372
22.9590569814
22.9750043897
22.9918328002
23.0095750637
23.0354369437
23.0460727562
23.0594047228
23.0689048957
23.0866475219
23.2698499056
23.2750691858
23.2864822112
23.3640675672
23.3794535451
23.3942879164
23.4116732707
23.4640529479
23.4943537569
23.5264988297
23.5960968793
23.6159105345
23.6307083456
23.7437979112
23.7731973609
23.8061974981
23.816321873
23.8380961479
23.9052585863
23.9470058526
24.0115435458
24.0240845113
24.0321338459
24.0481423632
24.0670222282
24.0819115202
24.0967456074
24.1114064366
24.1408901482
24.1480589734
24.1580621087
24.1830841489
24.1866648495
24.1998439106
24.2165549583
24.2248233988
24.2412076294
24.2936989568
24.3052918113
24.3575773003
24.3673084359
24.393880669
24.4481637338
24.4698904483
24.4772932616
24.6257032017
24.6474978235
24.6981029137
24.7241892711
24.8326217066
24.8478062666
24.8792911562
24.893992115
24.9378099332
24.979518581
25.0305327561
25.0798115456
25.112102809
25.1248447304
25.1420247527
25.184676674
25.2046155575
25.2083998453
25.2195219918
25.2302043669
25.2505499635
25.6774296506
25.680797896
25.7203495087
25.981834475
26.005007605
26.0161525286
26.4140004964
26.4228849319
26.4382192098
26.4429443889
26.4472607766
26.4562259715
26.4754858967
26.4962410931
26.5039849204
26.5213861559
26.5368207219
26.5518541466
26.6824993788
26.6953932478
26.7055826232
26.7220232828
26.7870331434
26.8053331662
26.8598085893
26.8738731473
26.8990625032
26.9104505577
26.9289159655
26.9565909163
26.981615325
26.9915544854
26.9965511629
27.0711107141
27.0881268058
27.2687483299
27.290332103
27.3324304692
27.4041556123
27.4416034486
27.4458378049
27.4544624386
27.5237764919
27.6042092178
27.6313542466
27.6347657475
27.667542905
27.6849533525
27.7085785151
27.7154716127
27.7446989201
27.8995044242
27.9275803887
27.9390377625
27.989456874
27.9951793088
28.0047851435
28.0240667669
28.0385618643
28.0604102424
28.0815502248
28.0959659526
28.1179482258
28.172158211
28.2053816234
28.2595152813
28.3523812741
28.3770965162
28.4322256596
28.4727304017
28.6702074235
28.743943341
28.7934527412
28.8166346254
28.8309421571
28.8462312783
28.8649077367
28.8847009738
28.8935288638
28.9018914025
28.9191443478
28.9383195157
28.9473153619
28.9551372618
28.9626850339
28.9804353868
29.0011961713
29.031067354
29.0440615056
29.0486137268
29.0555529323
30.0190090974
30.0348193912
30.0490396442
30.0575776933
30.0960354267
30.1159488718
30.1602509309
30.1703287623
30.1778141071
30.1956077192
30.2067742295
30.2224629876
30.2631633056
30.2792243845
30.2933893158
30.300539332
30.32592267
30.3343169279
30.3379277733
30.3518873497
30.3666201952
30.3809954498
30.3863307393
30.4977352214
30.5060459808
30.5175226955
30.5547175572
30.5789387261
30.6133157469
30.626879022
30.6547178596
30.6901609886
30.7140891478
30.7304628638
31.1063218157
31.1108607864
31.1709676211
31.1893872728
31.1966723655
31.2098132889
31.2177134028
31.2297136631
31.2568432558
31.2671462052
31.2728435321
31.282469664
31.2888773163
31.2926450059
31.303400496
31.3757691919
31.3825809372
31.3948025273
31.4058548001
31.4368530421
31.4501516804
31.5098014846
31.6227348549
31.6971242574
32.4124836047
32.4254586992
32.4341391372
32.4637562308
32.4679669201
32.4765471725
32.494889423
32.5019188557
32.5264321931
32.6540460725
32.6725576162
32.6788231741
32.6844964558
32.7294424526
32.751779145
32.7736090905
32.8159311691
32.8323875738
32.8624599595
32.8763295349
32.8938500725
32.9069038438
32.9438247445
32.98167755
32.9904551279
33.0076678061
33.0212648108
33.0650270763
33.0982138823
33.1103654553
33.132480333
33.1526518342
33.1730165796
33.2067434782
33.2144213449
33.2577185685
33.2816734419
33.387721674
33.4127676168
33.4620156361
33.4974341437
33.5219309107
33.5402407658
33.5939733221
33.6151325055
33.6233226242
33.6323523161
33.6390208513
33.6598177228
33.6698754969
33.6822292882
33.6923462822
33.6981222179
33.711311498
33.7662840154
33.775999197
33.7824310252
33.8109590252
33.8356192924
33.8438758192
33.8477834011
33.8545050282
33.8851120254
33.9214162327
33.9268247497
33.9357696754
33.9476891605
33.9583535903
34.0271951332
34.0653687946
34.8067228095
34.8202567352
34.8265131847
34.8373985874
34.8501356859
34.858512196
34.8629430394
34.8954050431
34.9024066131
34.9268569764
34.938453783
34.9716132214
34.9990683331
35.0067870107
35.0182377575
35.0339039818
35.0478997654
35.115374172
35.1223616543
35.1325095099
35.1469504652
35.5188977581
35.5356835181
35.5472219083
35.5811874449
35.7159290451
35.7415312632
35.7665449136
35.7755203549
35.798784102
35.8324420184
35.8445600119
35.8646120412
35.8809208871
36.016002424
36.0229882911
36.0703472963
36.0765859823
36.0817879468
36.0931814977
36.103666018
36.1312463119
36.13876311
36.1432892916
36.1537942756
36.1876418452
36.2055463393
36.2253274905
36.2386505496
36.2541365766
36.2769565586
36.3132517828
36.3434606553
36.3696982794
36.3819951385
36.3921321678
36.4076948707
36.4340376746
36.4473085127
36.4629337762
36.4905718272
36.5035067313
36.5253829713
36.5671766968
36.5906353027
36.6562116889
36.6643078003
36.6923034818
36.7125403534
36.7282904318
36.7568445279
36.7829884014
36.8340975803
36.86871819
36.9146546463
36.9524817905
36.9727135743
36.9852185582
37.0200585855
37.0489752366
37.0529102195
37.0869627751
37.3166621136
37.3346133923
37.3402457429
37.373980215
37.4110982789
37.416787315
37.4355531232
37.4938252918
37.5083022097
37.5260939706
37.5328069363
37.5972697257
37.6082494769
37.6300107173
37.6753727623
37.7660416302
37.9248560042
37.9460537572
37.9707263058
38.0054599795
38.0376853397
38.0491377371
38.0621873359
38.1067515893
38.1530630891
38.2188959608
38.2419975961
38.3381217705
38.3590468311
38.3700371075
38.3919478627
38.4244793314
38.4336165417
38.6201405598
39.0400590922
39.081206153
39.1514612369
39.1752877672
39.2299586023
39.2995609239
39.3029800776
39.328220294
39.380578179
39.428440864
39.4731877042
39.4802466898
39.5024582925
39.5447835557
39.5729129053
39.5966014016
39.6048020199
39.6144117026
39.6224484078
39.6335737581
39.6395214207
39.6529278856
39.6595296189
39.6728056493
39.6885722397
39.7035698571
39.713803635
39.9600137071
39.9876816668
40.005217208
40.0159949834
40.0327562865
40.0467509684
40.0769171133
40.1024737626
40.1123565527
40.1752365006
40.3204357221
40.3914005689
40.4269931193
40.464164442
40.5011305477
40.5335265162
40.5809738915
40.6108272017
40.6676451553
40.8057081764
40.8211976312
40.8274446058
40.8405857656
40.8592708222
40.8668305734
40.8965596995
40.9139143967
40.9310532719
40.9556333394
40.9671612318
40.9788724782
41.0043956437
41.0149587262
41.0200163233
41.0293939007
41.0360187639
41.0599124098
41.1040192619
41.1910441918
41.218095107
41.2640093018
41.2710657118
41.2907812542
41.3047709732
41.3333458435
41.3479024391
41.3775166731
41.4075222232
41.4515964802
41.4732705518
41.4828481784
41.4995154606
41.5105194714
41.5251668755
41.5477691011
41.5786616473
41.6331979738
41.7030870426
41.7460071717
41.7658652243
41.8340290216
41.8975744898
41.9342162274
41.9898461165
1009
