6.08354174647
6.35232632118
6.49857928884
6.63398657648
7.01349565493
7.13726292965
7.59492878338
7.88458775366
8.85794626087
8.91425529069
9.35607890986
9.75065556404
10.1566014113
10.2983494165
11.1526983492
11.9421315045
12.4718341271
13.2773660688
13.5386909253
13.8311424312
14.6892227804
15.0823970752
15.5488478629
15.8204678958
16.0161108741
17.1612290337
17.1914710078
17.9533440378
18.1920803064
18.5911014368
19.0335153053
19.3968808135
19.5518727111
20.0628087437
20.3454592588
20.5385588441
20.713587806
20.9451518548
21.3088664461
21.7355422649
21.9071674778
22.2961956631
22.6230252405
23.1061637779
23.6421413264
24.1236883452
24.7103685511
25.2706718134
26.6487472388
27.9561027579
28.7694793289
29.9788236946
30.2694369364
30.4507588473
30.4820806374
31.0691907811
31.1980881462
31.3567568183
31.3932266373
32.0821379356
32.5594532373
32.7168059198
32.9000125194
33.2047167674
33.6976679151
34.1434620015
34.490418534
36.3823525268
38.5776987341
38.7506059235
39.2558829248
39.3436369969
39.7232268839
41.1366006437
41.7055493352
75
