6.04328136184
6.2207083829
6.28418960918
6.33092153445
6.34881129096
6.46941930416
6.89958865619
7.10944686737
7.2566030701
7.36561286731
8.5479176196
8.76044177274
9.21041260357
10.3374872652
10.4775110747
10.6995053661
11.1909170737
12.2557610508
12.6081079233
13.2164028345
13.5545045841
13.9217657513
14.820452208
15.1717124266
15.9380032497
16.1024336088
17.3044218479
17.6656037877
18.0465315112
18.1881708178
18.5405890738
19.4025119473
19.5390613545
20.0200800421
20.741272853
20.9728096339
21.5355544655
21.7109601164
21.7408011266
21.8569283968
22.3125045862
23.2063181689
23.9165627379
24.2642017582
24.7163492726
25.0756858852
25.7023611755
25.7548812807
26.0689870317
26.4388246119
26.5941584972
26.7772650807
27.1516330082
27.4770585997
27.5556682057
27.7414208774
27.768477836
28.1264694025
28.3617635694
29.0435641104
29.215886443
29.2560879693
29.4356600404
30.3388690152
30.4332595974
30.472167038
30.7798212615
31.5015619136
31.9336220282
32.2526999955
32.7455466985
33.0910531577
34.0638722078
34.4578188677
35.3189034626
35.5659049464
36.1465928361
36.5447216518
36.7926666447
38.2360442206
38.5635164819
39.0347031168
39.8259883333
40.8996543744
41.4027204127
85
