6.09570839606
6.18779474013
6.55966153395
6.58182292824
6.62556042475
6.87405403039
7.44578161619
8.49487807883
8.59053616726
8.64544693749
8.75239384704
9.88423717053
9.97492051311
10.0126015185
10.211427425
10.3034215018
10.8416971555
10.9786203157
11.0932078845
11.5500014098
12.1166520469
12.2856092609
12.7105684234
13.2888542829
13.4673068718
13.9296751725
14.4720385437
15.0556093495
15.5394463512
15.69353382
15.8464459248
16.1030242011
17.0113825226
17.2010316716
18.1811381185
19.4950023873
19.7433307239
19.9205154082
20.7198633962
21.0931504407
21.6856116348
21.7931704962
22.1917366765
22.7128651782
22.9775556737
23.0093310265
23.213042759
23.4701021708
24.2110807854
24.3464878307
24.9782817022
25.4068380639
25.5739344073
25.8650863607
26.0324019731
27.1774675683
27.4668577354
27.9050079102
28.3612308182
29.3144493081
30.2814661331
30.6216575798
31.0824086793
31.1507078238
31.4961371567
31.9115459888
32.4930526937
32.6215707445
33.5592366872
33.8322878851
34.2809311008
34.8925445878
35.0415880816
35.073916339
35.1250586391
35.2055615881
35.7511223023
36.1463145036
36.3216273034
36.8454829693
37.0036485088
37.2390625151
37.734029632
37.7823511292
38.6966478536
38.7423936593
39.0322015879
39.7012894943
40.2511069259
40.7568292402
40.8290138489
41.0682181646
92
