6.04669406925
6.18301695285
6.47667170669
6.78597444196
7.25937895113
7.91619004499
8.12338806022
8.49852655067
8.52553531109
8.56494327108
9.09560308988
9.29946310046
9.72430676019
10.7978594904
10.8974677757
10.9933266309
11.40161133
12.1827827747
12.3486682442
12.8900151311
13.3327221365
14.3501465973
14.5916560518
14.7828377175
15.477841726
15.7232207973
16.2002037788
16.5909251703
16.6436458195
16.9213510438
17.0969428936
17.419420707
18.374348365
18.5893915455
19.0426532967
19.2553118452
19.5620517325
20.622052369
21.1639173106
22.3373909859
22.390035114
22.8169619054
23.3396151574
23.7561191538
23.8990187162
24.6179764454
25.1358220241
25.3460427897
25.3944937395
25.6985870135
26.2076007843
26.6433995799
26.9929685049
27.6235040682
27.8554446942
28.1458257076
29.0987957473
29.8250206873
30.1079905416
30.2265199209
30.4375806112
30.7696834186
30.8844840535
31.4441433894
32.3254351126
32.5751791754
32.9646103297
33.2245821609
33.7717429021
34.0968053527
34.2821320336
34.8274971968
35.2563715174
36.2901824635
36.3160399176
37.0734939098
37.3337591204
37.8613741135
38.0987545458
39.774419947
40.0348843636
40.7295629439
41.0945326066
41.983829556
84
