6.0096480022
6.35008701827
7.39355128386
7.56821012474
7.98946065486
8.56115226206
8.98616709464
9.22320681186
9.4402100168
10.1465582437
10.58777171
11.0808011868
11.434377476
11.8279703001
12.2890821548
12.6018808928
12.9889652229
13.3800050791
14.0526140763
14.33396311
14.7628239007
15.3267931797
15.6234630958
15.8215745801
16.4980059382
17.31225291
17.9985075934
18.318374638
18.7196245743
19.5273296109
20.6657308134
21.0190960369
21.5159815898
22.3297821933
22.402833726
22.5414524002
23.0532228875
23.4337591128
24.1503566761
24.3014674389
25.5903958032
25.8118564078
26.413795696
26.428670669
27.3118861261
28.0518082296
28.7547389847
29.0511067155
29.0931647383
29.2905202739
30.0872605252
30.4576667463
30.7778936519
31.1612633879
31.4177279941
31.5544907043
33.9861761225
34.573354952
35.0998811302
35.4341335608
36.0920543194
37.5644570855
37.6252368184
37.9875711791
38.7815662324
39.3964444446
39.721304441
39.9086087593
40.4335632638
40.9377760002
41.1744130013
41.5182981555
41.8465665368
41.9736865022
74
