6.0347324419
6.12518116602
6.19748321131
6.34989065209
6.3680494555
6.47553260246
6.54794994213
6.62697832747
6.98218765905
7.28565485856
7.39749540416
7.60322915332
7.79807703274
8.66623288765
8.81502052801
9.38241374205
9.75141497524
10.0393825744
10.1443377082
10.5605120728
11.239883
11.8098176824
12.1841166795
12.3093638465
12.3538980579
12.8318488605
13.359336529
13.7914806124
14.3236214885
14.6374184929
14.7920646417
15.1311817217
15.4893085787
15.8064291938
16.0940962525
16.6640057477
16.9323295676
17.0919260755
17.2881588145
17.376010508
17.8764888028
18.3059036404
18.5916824088
19.4807562728
20.0150808161
20.4182445674
20.6939129728
21.3461669923
21.4383034593
21.5532885907
21.6233763355
21.7790946243
22.2190862277
23.0053496527
23.4219965827
24.0899359436
24.3127550351
25.328350236
25.4415621806
25.6949985843
25.9751543374
26.7038766032
26.8661042794
26.9047574461
27.5714506009
27.6187026085
27.7459552247
28.3089451147
28.9369329821
29.1391068784
29.4269704188
29.8059643579
30.397648298
30.7733484212
31.7883917896
32.0693168315
32.5376564132
32.7371924378
33.1843401056
33.6926829894
33.8018061802
34.0878525973
35.0938547683
35.1538491848
35.6040953496
36.2945718664
36.7738584729
36.9514827254
37.4966761324
37.9766417894
38.5107890154
38.6024054902
39.216208121
39.7668995734
40.1616037312
41.2375263435
41.7063999513
97
