6.15234434592
6.21886191867
6.38895012496
7.33522039107
7.44813126504
7.7040320554
8.09740003166
8.83786848285
9.36956381688
9.63156840198
9.88484569905
10.4496291697
11.0275545292
11.4891515324
12.3170058524
12.7678682757
13.4163726981
14.7214463644
14.745945896
14.7806408471
14.8406039876
15.2879875005
15.7454838977
15.9278423018
16.0727083384
16.2802579384
16.8247475991
17.1961878659
17.7782255532
17.9019318533
18.1940893672
18.4092030424
18.8505514078
19.3533179141
19.5084386985
19.5989455042
20.0226211513
20.6607119982
21.2660620582
21.420422616
21.8630444452
22.0265752473
22.7346512933
23.054008609
24.2496649087
24.5092983048
25.1523689273
25.3954847093
25.7014066045
26.4752883123
27.1235452961
27.664402424
27.8036022529
28.0612722287
28.4968743583
28.5777751291
29.0048435198
29.4438142136
31.3484732965
31.3902071326
31.4500062733
31.8396378895
32.4967207793
32.8376324651
33.4031176578
33.8399510093
34.2166064904
35.2899952102
35.5687279184
36.0292228068
36.5224847273
36.685124184
36.9936200173
37.9928457361
38.7139077707
38.9008835635
39.2523966199
39.9331090886
41.0131646457
41.4900999111
80
