6.06821448713
6.4272726365
6.78477117392
6.90655587662
7.37320901484
8.05781507053
8.61260951809
8.82670310367
9.0926344773
9.14567081444
9.76373035241
10.0370176
10.2085421503
10.7929442648
11.0275057999
11.3216109422
11.3823200517
11.7657482645
12.3275418824
12.508658004
13.3908791667
13.7102522793
13.7819068693
14.5835264391
14.7153112038
15.0975699299
17.0424033167
17.4142103741
17.6369914342
18.2140048819
18.3676576876
18.9887582975
19.3068398618
19.4567036409
19.8753892503
20.3119989491
20.5026194999
20.8418431174
21.4391984665
21.7056268244
22.1116038689
22.2557264552
22.8442703535
23.3740495844
23.4305542096
23.8097592201
24.2813475896
25.4952658267
25.7347537826
25.837665075
26.381773848
26.6595919547
26.7042243237
26.7857819425
26.9479650618
27.4739164482
28.0442682392
28.1076172171
28.5167539848
29.0854925517
29.712916155
30.2770186793
30.7738509381
31.5451742802
31.9248798822
32.0556842734
32.6434462355
33.0993766196
33.571782604
34.0026639995
34.5344101051
35.23529444
36.3000095705
36.3866534321
37.0447440102
37.2773774214
37.4758910318
37.6424130219
38.0888346127
38.641803249
38.7200903559
39.0364819657
39.5030446977
39.7026622574
39.7281101383
40.0390673933
40.6720305897
41.5660014051
88
