6.73160632631
7.27032769361
7.46607654531
8.55515095343
8.60138705369
8.70240610602
8.98364195562
9.80762881575
11.2402748136
11.5354270005
11.6641219413
12.1355286874
12.5304938296
12.9093410337
13.3216936059
13.4860821827
13.787447012
13.9989371958
14.0427762936
14.0912634073
14.5595470387
14.8756897687
15.1211125066
15.7915944277
16.0490557545
16.3321185305
17.1335169631
17.3295621961
17.3863766577
17.6314183431
18.1691617099
18.2703344968
19.6582455263
20.2727245488
21.536939727
21.705879292
21.9781365814
22.4695019875
23.0416636466
23.182350903
23.5262967712
24.097569696
24.3977028242
24.5873321108
25.221689075
25.3149363734
25.3772815532
25.4070009874
25.6143459572
26.3923047508
26.6343439651
26.8838248258
27.9643386162
28.1073202091
28.993713678
29.2715983059
29.7698637469
30.204785403
30.9157547474
31.2131219363
31.3921493196
31.5302802093
32.0217098662
32.3366817166
32.7700897472
33.0913553653
33.2716872113
33.4570509078
33.9662392589
34.1939509119
34.4417952799
34.988218372
35.1638143445
36.2209831458
36.3256733521
36.7315629401
37.7454008841
38.1661907162
38.608936243
39.0022740339
39.6784888399
40.0421276201
40.3874096311
40.6773438278
41.4079611254
41.9716123478
86
