6.06111281618
6.33449020619
6.4782409315
6.77027010122
7.2141132613
7.46329064586
7.63371486829
8.2398496135
8.55897948006
9.03582797962
9.40214271979
9.6510140878
9.71372918156
9.74854397457
9.99763126882
10.6261305954
10.787394571
10.9977858368
11.2743562958
13.4587875232
13.5932550893
13.9220343489
14.5295534691
14.7964768004
14.8331028042
15.9180685923
16.1630675898
16.6673818758
17.0235203081
17.58060788
18.4286125149
18.486962937
19.414433215
19.4656001506
19.6043414732
20.3283233907
20.7970441322
21.207706482
21.3959647396
21.7302400365
22.9772400163
24.6445638138
26.0164581511
27.9132728694
28.5884325626
28.7681533157
28.8968372741
28.9198472371
29.0111417105
29.1523217074
30.0510102649
30.1369472417
30.4141571165
30.6296556328
30.9636900553
31.2684547465
32.5063327393
33.0263531849
33.7929809931
34.085610463
34.7231185727
34.8858584615
35.1252362299
35.811278825
36.263876058
36.5921557741
36.7415555696
36.9361620263
37.8188532032
37.9415618733
38.6164050539
38.6933938751
38.8107524592
41.0150534606
41.4935084568
41.8635127626
76
