6.06163591128
6.15581549117
6.51104420862
6.71859429647
7.25968989679
7.69535729624
8.60905249122
8.66561306783
8.91293703438
9.43275564927
9.85543011491
10.0340634106
10.5425143581
10.7610001251
10.9842644545
11.0169405889
11.3466507628
11.8324155524
12.213200533
12.3639037299
13.4416256909
13.7308217526
14.0447454227
14.6239039082
15.1029009107
15.2446353526
15.7493237297
15.9000849448
16.1595653447
16.9659700227
17.2052803721
17.6534793114
18.2596612641
19.3347061293
19.7897140892
19.9922775856
20.6312157409
21.8785455221
22.3596758719
22.8791752705
23.1173753152
23.4494188418
23.6196545809
24.103736525
24.4308453259
24.9348027336
25.5196809378
26.0269943312
26.2108110793
26.5621825625
26.6661740159
27.4898427642
28.0060036619
28.4003631957
28.6722835058
28.9622616752
29.2031091952
30.1568814665
30.2021774521
30.4132758568
31.0870676022
31.5310427274
31.5702740969
31.8279059769
31.8905827773
32.9311386063
33.9133407057
34.896027769
35.0356918421
35.2381581974
35.6150340021
36.1320904602
36.4658083999
37.4427696917
37.4790420373
38.0864243341
38.6666501033
38.7628537151
39.045624432
39.5148888205
39.6758600397
39.7928791226
39.909225601
40.9768193624
41.1702020788
41.2248773103
41.2554657115
87
