6.1683653214
6.48883444022
6.64248481425
6.8953129712
7.4127299005
7.69048449264
8.48831933366
8.62393368904
8.83188597901
9.88247273444
10.9558484385
11.1739963277
11.7914651925
12.1678389789
12.3487592509
12.8973399645
13.4565996788
13.7881729866
13.997973644
14.5649693239
14.7686978822
15.7602299223
15.9058634988
16.8515407409
17.1478564569
17.4522193169
18.7253791355
19.2265318639
19.2702283639
19.5262498117
19.9894525377
20.5212869972
20.9433691798
21.8461435836
21.8874547422
22.0294204997
22.302873953
22.7455695885
23.4320039167
23.8392796979
24.3153782601
25.2701880608
25.6461782635
26.5932698417
27.0080504845
28.0937169559
30.0532137952
30.1198373673
30.1904952897
30.5107933896
30.7122360064
31.8775287357
32.0712039946
32.6210001649
32.9225837363
33.2190602553
33.6210868521
33.7925108831
33.929847194
34.6159447397
36.1532315759
36.2529568186
36.530697674
36.7888745358
37.4292433613
37.575942147
37.8251096837
39.2132621345
39.4572383695
39.7920494517
40.0393495532
40.8539056574
41.6902404909
41.7514393869
74
