6.09079412903
6.21903782497
6.23086100962
6.32181859704
6.53110705784
7.0590108733
7.37734072094
7.74202408303
8.58439352502
8.85564637663
9.78540309858
10.1475770682
10.3177178948
10.4807298912
10.9586334407
11.0316473476
11.5058258138
12.1082691679
12.3191467883
12.5203862618
13.027485407
13.403674832
13.7509048425
13.9638151815
14.7014210512
15.0420595075
15.6954009298
15.7184786658
15.9614322094
16.1574189362
16.1933950596
17.0872461146
17.4072610042
18.1112587004
18.3630960545
19.0136946042
19.3628068274
19.5211080733
19.7966285172
20.6276655735
21.330988222
21.7396059298
22.5751157015
22.836418003
23.0088521801
23.7869875489
24.1351192704
24.2825795537
24.5626287869
25.3975012854
25.8906512742
26.6512275467
26.9038176054
27.8349259736
28.1356289472
28.9235988034
29.4425606944
29.6739880896
30.2790988313
30.5737400513
30.6186131627
30.8134321021
31.6362138771
31.962997725
32.379003274
32.7432920449
33.0513879178
33.2106931891
33.548743424
33.9794786733
35.1261541721
35.2491190246
35.7409398567
36.2754583812
36.8515021651
36.9383646816
37.6972034956
37.8201560091
38.2672479423
39.6610651803
39.9403239495
40.1539330725
40.477605392
40.9654441303
41.2270417947
41.8316701269
86
