6.14104266708
6.34294948999
6.48646278222
6.79384075579
7.12158330826
7.52645558303
7.5610014046
7.95723519429
8.68309285916
9.64881683934
9.79329590001
10.0123100123
10.0520870892
10.7297461745
11.0820618564
11.5075437189
12.2072921824
12.3992652347
12.8415932807
13.3476053487
13.7980463822
14.2813514875
14.4577358206
14.6628472967
15.0807315217
15.7067492661
15.9196423402
16.4673762267
16.6692259908
17.2554335638
17.9365003469
18.1441478935
18.5048166915
19.3413192898
19.4622795047
19.937622583
20.324992461
20.426413054
20.6365709966
20.9905167745
21.5356745373
21.8733140288
22.3242133468
23.1653644251
23.9462037939
24.1339694679
24.5720689988
25.1988189352
25.4729270322
25.6079347294
25.6780761858
26.2021204314
26.306841865
26.4295722867
26.671845259
26.8838560577
27.7904457588
27.9331041005
28.1400287227
28.3154108878
28.8481243524
29.491746205
30.254594593
31.3476121348
32.5298034075
32.7789392142
33.3443466993
34.0570526913
34.239242725
34.983743713
35.5507365619
36.5195500752
36.5620298852
36.9583101203
37.0334693008
37.3753683384
37.5871296853
37.9049998993
38.5667675669
38.8190921727
39.4841625168
39.7984988486
39.8389736883
40.0362799256
40.3729345319
40.5677180374
40.9635976657
41.2127333382
41.7139423473
89
