6.15826902422
6.60435616224
6.75242508503
7.10677916376
7.21136476549
7.41803879819
7.75465916643
8.60433125418
8.96301493346
9.63693426202
9.82249471629
9.94217449071
10.1602213668
10.5375616006
11.004481376
11.2033480488
11.7776300924
12.1579437369
12.6428432511
13.6404678176
14.6572386515
15.2015619625
15.9689837437
16.5142935691
17.0871018824
17.5659292461
18.6338579229
18.9600230518
19.3189367406
19.6403806123
19.6728295475
20.579609919
20.6268887986
20.927248564
21.5742944494
21.8320062752
22.0744265489
22.2638669694
22.4468189126
22.5037501543
23.7424544965
25.3548818283
25.6557828336
26.6423117239
27.0161311178
27.3618148627
28.4336513496
28.7938456087
28.8133327023
30.1122408346
30.5104886111
31.4244258604
31.6467879392
31.9734376048
32.7651054458
32.9563946907
33.3217086824
34.0256073713
36.1205973848
36.2757142969
37.0446586653
37.6914923044
38.2103939224
38.4783317206
38.4995600699
38.6161658056
38.9111110712
39.1942692766
39.5877894589
39.6327714927
40.0620507417
40.100994123
40.2993480223
40.5829326218
40.9420935169
41.198610963
41.4265922543
41.9743397393
78
