6.03838142809
6.11025776018
6.1667766502
6.23313548223
6.26625114528
6.5950354161
6.89979832737
7.26211619042
7.49661134752
7.68993526715
7.81148434887
8.12507952294
8.48114123143
8.54078513906
8.74839581541
11.1492413904
11.9781735279
12.6980369531
13.1254523101
13.4196548232
13.5680461697
13.7572087083
14.0833284822
14.4553518456
14.6096901449
15.5717657429
15.8293466447
16.1153224435
16.9291928617
16.9691471244
17.2171719999
17.551677235
17.8252536191
18.2270958103
18.3169693126
19.3694526466
19.8456700549
20.6023050682
21.2654946129
21.8454655206
22.2535374623
22.9739966747
23.2676893902
23.7279882925
24.3872163628
24.8253274965
25.2500041127
25.5023283634
26.086870869
26.4406221253
26.5920439673
26.9662843823
27.3242770737
27.6192982312
27.8677427938
28.587375499
28.6723545922
28.8213996484
29.1746815617
29.562592063
30.5543917757
31.426667485
31.6133836527
32.4909697023
32.7419752736
33.3104201181
33.7031500676
34.0559258442
34.4713986704
34.8766687833
34.9360020871
36.0309580925
38.2673300601
38.4272199588
38.7093779619
39.0805768536
39.5385157872
39.8130752908
40.4126220502
40.9941456794
41.404109039
41.5470240879
41.9339164233
83
