6.07851122318
6.14635668928
6.22002370441
6.37586543286
6.76686007976
6.9717710923
7.27949386399
7.37560600482
7.52100242171
7.88023014103
7.96580194063
8.68248714492
8.94815085451
9.14940897533
9.48679433725
9.95347462258
10.0848614308
10.2069193624
10.9439537213
11.0588427757
11.9523203144
12.0431235761
12.2157332137
12.4388969127
12.8554311202
13.646500903
14.0220652992
14.6003893805
14.9526530229
16.2349460383
16.6518514388
16.7980854779
16.835875637
17.3015787305
17.5860022111
18.0351696365
18.2476206491
18.4271977631
18.7221994893
19.3967020787
20.5287557497
20.6689778638
20.9190734974
21.7528173058
22.1022328753
22.6093282449
23.1271402808
24.2939196388
24.4804878857
24.8810457394
25.7265754896
26.0340174487
26.741292551
26.9845706908
27.8159504025
28.0852408701
28.5260060742
29.080938352
29.3846502346
29.560619904
30.2780431409
30.7121068225
30.9859353094
31.299277753
31.6379795945
32.1535555637
32.5686208455
32.7609760845
33.1412428867
33.4074365886
33.6614225469
33.7858428517
34.0033567061
34.1474289265
34.720250278
35.0256405495
35.2183004532
35.8753289697
36.4232038339
36.6819310322
38.4851683619
38.6910622238
39.4586966948
39.7581044827
39.9668566956
40.2867144601
41.0968797166
41.3847401032
41.9720894353
89
