6.17111671212
6.32933122323
6.68079892423
7.26955257307
7.61090201086
7.64940506337
7.90591105876
8.1659826064
8.64186507966
9.32747717939
9.72888823437
9.87389829479
10.0566348088
10.315871424
10.7694624756
11.1221638427
11.3260052876
11.9511155369
12.1920820659
12.5027901362
12.5683473962
12.9677800657
13.7997984228
14.4152998467
14.6476068442
14.8369933022
15.1933052702
15.7630019854
16.0960203687
16.6677099246
16.9353633054
17.403963731
17.7018683144
18.1837353604
18.3442265433
18.6716921278
19.5388462162
19.8998964633
20.3772065169
20.6195526174
20.7889596291
20.8904893772
21.2471044576
21.5029799949
21.9639597612
22.2418101832
23.045092123
23.2098805655
23.7789661611
24.0696756363
25.3224518666
25.5631862663
25.7947651332
26.1315771968
26.6981640901
27.0860476775
27.7626720595
27.9240116413
28.368924591
28.4374585461
28.9671452168
29.0254494286
29.5885586292
30.2101261734
30.3123097317
30.7404193343
30.9654111796
31.4143266579
32.850138308
33.1492714302
34.8285228733
35.2165040836
35.7204410511
36.2652032146
36.4935138621
37.3305702729
37.7818613798
38.2718777468
38.5742001912
38.841672046
38.8852720469
38.969529368
39.5127090102
40.0920035346
40.1447796708
40.4036427933
41.0859927443
41.6367977515
88
