6.169255224
6.24928216778
6.30942080826
6.71536823923
7.31567712547
7.516990437
7.63073068111
7.64892168833
7.83456458216
8.26517236112
8.480924792
9.3895515675
9.51176912481
9.85083184844
10.1662552643
10.5064325223
10.903951057
11.069448907
11.1115964632
11.6182802917
12.1657059814
12.7097807681
13.2909074714
13.3415077275
13.3571877682
13.7877678258
14.7578562462
15.2398557839
16.8766457345
16.9829010048
17.1170072683
17.2017991736
17.4747194199
18.3725975461
18.8443453791
19.2347007582
19.3124478748
19.6065009701
19.7835471099
19.909140451
20.7212213822
20.9359749141
21.5037298595
22.3124431294
23.079256141
24.271138358
24.6979954386
25.5236560419
26.3368423503
26.4640082048
26.5893202
26.8359699854
28.0182691238
28.4061461641
30.0186609963
30.322824497
30.8149076443
31.6705658274
31.8047219515
31.8910550751
32.2896081999
32.4150914703
32.658131068
32.9202451261
33.3338628955
33.7086952795
33.8641055211
34.1600075983
34.2018584986
34.2406986482
34.9176657228
35.1322494153
35.6578311285
36.8376066892
37.6809088546
38.0817434175
38.3698844206
38.8460081756
39.6347674213
39.7098538902
39.856146566
40.1187196521
41.5625746571
83
