$ Stimulation Interval(ms): 1200
$ Delay(ms): 0.000000
$ Number of data : 208
$ TSTOP : 4000
$ PN stimulation current max : 0
$ LN stimulation current max : 0
7.50000
18.40000
31.72500
42.45000
54.05000
67.32500
78.15000
88.47500
104.82500
114.40000
125.40000
135.00000
146.25000
157.62500
171.40000
186.70000
196.52500
205.37500
218.32500
228.87500
247.45000
257.82500
272.12500
284.65000
305.45000
315.70000
339.52500
352.62500
363.62500
380.70000
396.30000
417.30000
428.07500
439.07500
452.40000
461.65000
471.22500
485.82500
498.05000
513.52500
526.32500
537.87500
548.55000
558.62500
573.27500
585.05000
604.25000
615.92500
628.72500
643.65000
654.32500
667.62500
687.95000
700.02500
719.75000
734.80000
747.22500
776.55000
796.55000
808.87500
832.60000
844.25000
857.25000
891.65000
904.72500
917.32500
932.30000
942.05000
954.90000
979.00000
1010.25000
1028.65000
1068.77500
1085.07500
1104.67500
1118.00000
1128.70000
1149.07500
1163.80000
1177.27500
1195.80000
1209.65000
1235.87500
1277.07500
1293.70000
1309.27500
1325.67500
1340.40000
1367.80000
1385.82500
1401.35000
1416.75000
1436.20000
1460.45000
1479.77500
1492.90000
1505.32500
1532.52500
1547.75000
1567.32500
1581.75000
1599.95000
1627.30000
1640.02500
1660.42500
1700.27500
1716.90000
1733.40000
1746.40000
1786.67500
1804.92500
1820.27500
1872.77500
1887.25000
1900.05000
1918.02500
1940.90000
1968.07500
1986.75000
2003.92500
2021.82500
2038.10000
2051.65000
2068.42500
2080.62500
2101.10000
2115.40000
2149.50000
2171.77500
2209.32500
2222.65000
2238.05000
2256.75000
2290.67500
2314.50000
2329.25000
2353.05000
2387.10000
2403.70000
2448.62500
2464.52500
2476.72500
2508.22500
2527.55000
2572.70000
2584.47500
2602.60000
2618.97500
2632.82500
2653.10000
2670.87500
2684.95000
2699.12500
2731.15000
2744.67500
2760.30000
2781.07500
2817.32500
2856.65000
2874.35000
2896.02500
2912.35000
2929.65000
2944.42500
2977.00000
3011.92500
3024.17500
3044.65000
3075.17500
3122.50000
3176.97500
3202.40000
3218.90000
3237.60000
3255.12500
3273.80000
3293.77500
3342.02500
3366.20000
3379.62500
3408.52500
3421.20000
3449.32500
3474.95000
3493.70000
3512.25000
3542.40000
3561.97500
3603.00000
3617.92500
3639.45000
3659.92500
3680.02500
3695.27500
3713.52500
3731.27500
3744.60000
3767.35000
3785.45000
3799.72500
3824.67500
3841.15000
3880.85000
3896.27500
3910.92500
3937.75000
3967.00000
3984.12500

