6.00682577432
6.02570151223
6.04004700956
6.04411833767
6.05364592698
6.06548584047
6.07513034099
6.08699683301
6.09391415028
6.10156550089
6.10617656334
6.12134499938
6.13653111583
6.14527552109
6.27297745504
6.29103467851
6.37544665069
6.41746944656
6.45663822852
6.49255986708
6.50374952674
6.5352292713
6.54970240849
6.60311546543
6.61948321601
6.64938478986
6.68492317472
6.78671803193
6.81894249807
6.84128641315
6.85361740568
6.90971469739
6.92300129732
6.94109956747
6.99335229821
7.00652902921
7.01654285577
7.04455735912
7.07022075949
7.2170632296
7.22604532801
7.27464111609
7.29851479195
7.30379272626
7.30762371874
7.32367891267
7.33432849835
7.34261300692
7.35473440307
7.36693476591
7.49824635108
7.54050119702
7.58038650862
7.61420121263
7.64332056385
7.64798127952
7.65464686454
7.6982116806
7.71457103021
7.74243984429
7.77722522663
7.82216966793
7.84034745244
7.89067064105
7.9298993961
7.95912273646
8.08009495495
8.09345899208
8.11623041127
8.36963580719
8.41226867099
8.5393521011
8.55754631448
8.6069958751
8.67651742032
8.74132999231
8.76150159836
8.82218181933
8.84123077422
8.8908376451
8.91724373741
8.92900460693
9.00359891592
9.04266989576
9.09186725046
9.09982469016
9.14841262624
9.23039156286
9.23805984464
9.25619858191
9.2700041778
9.42500392382
9.49411113079
9.55977770663
9.59643068327
9.7103416768
9.73276292774
9.74840800626
9.77845731648
9.84960816649
9.86734929695
9.90124212025
9.91650914348
9.9709677754
10.0223058543
10.0797681405
10.1513325065
10.2093771136
10.301716524
10.3525196297
10.5376933883
10.5693240011
10.6103610006
10.7130355039
10.7199969599
10.8332446126
10.8481130738
10.8617676447
11.3287090002
11.3803321417
11.4975505225
11.5364668933
11.5844616891
11.6074427249
11.7224572757
11.825924176
11.9306369728
127
