6.04696280551
6.05929379972
6.08820610117
6.09789936724
6.10502249972
6.12435067358
6.12856204621
6.1666892783
6.17068559991
6.18306317737
6.20034467777
6.21914923061
6.23005808906
6.2500254458
6.27511287147
6.28323215552
6.29057490968
6.31674918342
6.42950351587
6.52894521115
6.53489572323
6.55280615282
6.56755800026
6.60468924682
6.61404490803
6.67044303334
6.69143167902
6.71765491182
6.73524470599
6.75501355938
6.83824812779
6.85695399985
6.86789683942
7.22929030414
7.25644158638
7.30814341216
7.33675063622
7.34542267059
7.36336111858
7.37545440318
7.38502514847
7.39263184477
7.4247575586
7.45975322391
7.48767560777
7.50765064218
7.56714221772
7.59099274636
7.62167586521
7.64301320084
7.64932725579
7.66468242769
7.81023419073
7.93011862382
7.96026379812
8.00222986199
8.03633253381
8.05425683834
8.40678627914
8.44193789477
8.53682132667
8.54971029138
8.58585239635
8.59628965855
8.65342077965
9.63936829093
9.67154605997
9.68922398258
9.71467236951
9.77291352957
9.79854335277
9.82848906497
9.85026805681
9.86902313745
9.8855939459
9.91028699819
9.92380766934
10.0980066357
10.1413158308
10.232141427
10.2705690478
10.3333878876
10.3998716993
10.4480537401
10.5254964759
10.6949614729
10.730026048
10.7986918386
10.8655806655
10.8830658896
11.0339248638
11.0795421832
11.0977524551
11.149138362
11.1952734236
11.2081538398
11.3139552625
11.3796536993
11.4617737412
11.5786139901
11.6018535371
11.6388593586
11.6965127401
11.7055465653
11.8118089223
11.9171467509
11.961777377
107
