6.03602387863
6.04573189606
6.05727323546
6.06827466055
6.11228944542
6.11590724373
6.13171748084
6.1460691108
6.1580820898
6.16680745509
6.18669086812
6.22051438028
6.25640746916
6.27610371858
6.29039868923
6.32813158523
6.3339607522
6.3429846383
6.36565582655
6.38806415786
6.40592470057
6.41926848786
6.45091042547
6.45440799693
6.47564933115
6.48810824153
6.49395918646
6.51926178143
6.54557520885
6.61180349619
6.64368032087
6.65782104283
6.66939429434
6.68581854863
6.69401154098
6.7548638655
6.79579674365
6.81787092832
6.83185463776
6.85069234619
6.91814232513
6.96393086144
7.00286544072
7.03274220053
7.06551723264
7.12313005564
7.16976533881
7.22549609419
7.47556617416
7.49124019739
7.52545581876
7.53398908929
7.55356101933
7.73250809906
7.7814728801
7.81643575231
7.85646646195
7.87670015837
7.92389680646
7.94725344796
7.97101420276
8.03581272276
8.07724188465
8.20648193734
8.36242294653
8.36803589207
8.38910045911
8.40918413653
8.42684448339
8.43272494605
8.45909025619
8.48622263063
8.50405704988
8.54350113654
8.57894528567
8.64238145207
8.77469942866
8.8507767127
8.87202888137
8.93263562839
9.00886865754
9.01428728345
9.02675370356
9.05274760421
9.35347249384
9.4186085931
9.48790151932
9.58930793005
9.6307489974
9.65209230879
9.81737080946
9.90727715012
9.925069418
9.95364756972
9.99463150119
10.1905625774
10.1969504267
10.2517905297
10.3213306612
10.361950161
10.375133535
10.4627833368
10.5279692857
10.5511617178
10.6312309491
10.7273060659
10.8284625232
10.8439562652
10.8928413537
10.906121707
10.9372817466
10.9642497667
10.9879849577
11.0047712315
11.0576337388
11.1066340563
11.1849046142
11.2148874779
11.2409482209
11.2861538124
11.3528916248
11.3981433286
11.4740645726
11.5432163498
11.5560665446
11.5604289245
11.6312475305
11.6812624646
128
