6.01911262108
6.05202369691
6.10565999058
6.12465477166
6.13060939115
6.14498190582
6.16424609644
6.17093700051
6.18009676189
6.21085661035
6.2147626513
6.22873189502
6.23748183456
6.25550391581
6.26607515878
6.28903638538
6.30447999018
6.33308945816
6.35891210015
6.37392933756
6.39762682198
6.40699273376
6.41841981888
6.43758630396
6.44848373074
6.45883622709
6.46263273545
6.49856169996
6.53344350114
6.62910894394
6.65532951048
6.73814430625
6.75715222965
6.85999318053
6.87763584918
6.88470036045
7.25102199257
7.26760418525
7.2817228278
7.29665146665
7.30059862018
7.31781958228
7.48817279469
7.4988365458
7.53665309693
7.55278842093
7.59385194108
7.62230506888
7.67531092864
7.71041474293
7.7332222142
7.80312307631
7.85798643849
7.86132518079
7.9017139614
7.98292863583
8.05310743468
8.11489430538
8.17193039691
8.21522186965
8.26350831624
8.35714061163
8.40731900676
8.42710392124
8.4599502692
8.47939146325
8.51157405962
8.52525626659
8.542919185
8.55343889272
8.67075396146
8.70559654417
8.73597878374
8.97083451984
8.99706924868
9.04716893618
9.07592793577
9.20773307533
9.28978038878
9.38030181994
9.49109413212
9.50850986674
9.54355371581
9.62618064588
9.66052357441
9.67642049198
9.69235499879
9.76604232209
9.80293349366
9.83311536364
9.8799984555
9.94138519663
9.99538244998
10.053167347
10.0861170471
10.1425433329
10.1665908165
10.2464936211
10.2693888483
10.2985868693
10.3189347553
10.3849190975
10.419763275
10.4497530327
10.4656326386
10.518107624
10.5972880469
10.6704972176
10.7406492845
10.8436865803
10.8498486705
10.893079417
10.9059914919
10.9175537597
10.9242219409
10.9668237812
11.0022423418
11.0115297459
11.0502479272
11.0696760637
11.1999542742
11.2346595898
11.2848085783
11.4987624774
11.5322111404
11.6010077383
11.8386601716
127
