6.00537045559
6.01315776935
6.02737516891
6.03926291867
6.04956634008
6.05933996335
6.07056972252
6.07614036263
6.0919278702
6.09599477361
6.10228990052
6.11055658308
6.14340464192
6.14770389306
6.15416206774
6.16061821137
6.17961057351
6.2330382181
6.2365537197
6.2420171324
6.25954634801
6.27822550177
6.29329065872
6.32459194279
6.44907372877
6.45418519065
6.55545597246
6.9745469753
6.9970285833
7.04062475063
7.09440814264
7.13695820237
7.15776903154
7.22334484708
7.24591424542
7.27858485634
8.5080615022
8.52764518664
8.78014183358
8.84276425587
8.85631461427
8.93387397689
8.9530522323
8.95808066923
9.03284975262
9.09113657445
9.11166819605
9.15404180614
9.25465570321
9.33618034323
9.34035346842
9.3673084521
9.61117990112
9.62867077095
9.66447002482
9.70011566366
9.71616761685
9.75762308336
9.765047702
9.78881802763
9.81499750249
9.83676274159
9.86276419216
9.88059158827
9.9274378762
9.94088394992
9.98386661273
10.003740285
10.0338778747
10.1024160598
10.1659730544
10.3603140404
10.4748141258
10.5697187943
10.6469975226
10.677893888
10.7730782792
11.0615018796
11.0762493256
11.1067758074
11.1302960787
11.1648938951
11.2028900136
11.2420149765
11.246820484
11.4337497093
11.5714314904
11.6330435529
11.6446676311
11.6833570402
11.9806533206
91
