6.00911935689
6.04697138393
6.06130273472
6.08653873729
6.10727019429
6.11562658917
6.12583511106
6.14419804832
6.15240303486
6.16832923379
6.1785824078
6.19349225191
6.20836308426
6.22159058492
6.23714733255
6.26003069523
6.29141155206
6.30693620532
6.31037230136
6.32906336639
6.36168758701
6.38538558391
6.39242057764
6.40342374503
6.41558989732
6.45594584143
6.46267026022
6.47663130283
6.48374035058
6.50035634311
6.63118969705
6.63818067208
6.64870013475
6.66381695354
6.67474857152
6.69758462515
6.71590367151
6.93372807352
6.9981186971
7.10569909996
7.16316241772
7.22355722506
7.24258347062
7.26958845328
7.29699202634
7.31658144793
7.35968605295
7.37706934637
7.40258541798
7.42649125588
7.47812745599
7.48883972048
7.52344857186
7.52737024055
7.5555476188
7.56788553554
7.63391652542
7.71323367634
7.76761359248
7.81135925527
7.83338359053
7.85163949259
7.88855491636
8.00007194129
8.07162970622
8.41372931081
8.49537275596
8.51733546918
8.52846006888
8.53723223144
8.56887775191
8.64977675527
8.75027663386
8.8034499331
8.83271353705
8.88907797199
8.92133311781
8.92505467309
8.97836146831
8.98365131044
8.99666737359
9.22464946506
9.29470580169
9.54568974454
9.61075230266
9.65357227734
9.67240956034
9.68191846526
9.72875841292
9.75672521536
9.79637366631
9.88399088496
9.92534302543
10.0398306884
10.0956978583
10.8169963315
10.8337450705
10.8764612404
10.8911544585
10.8985440446
10.9332203159
11.0389237155
11.0502156045
11.0790034693
11.1484308052
11.1930939582
11.2460230583
11.3092807872
11.3559047638
11.3809831725
11.4125430837
11.4428747433
11.4755835469
11.6368746485
11.6601980699
11.8448275968
11.9545882174
117
