6.0158854964
6.03451869829
6.04469748197
6.0503554896
6.0726091721
6.08786333558
6.09894172353
6.10689952885
6.11479156927
6.12472517809
6.13660557914
6.15271232809
6.16491622906
6.18373980968
6.21097151704
6.23595548456
6.25838657772
6.27884529964
6.37464345867
6.39628381031
6.41858693693
6.4908737019
6.5158156015
6.52325836855
6.52990556207
6.57052717941
6.60149658596
6.65896007633
6.66764558933
6.70523274218
6.76451229264
6.79082576887
6.82757543948
6.93736594064
6.97251775709
7.00207802369
7.00968062466
7.14308636935
7.18488040238
7.20845149938
7.24490860108
7.25714092425
7.29090403437
7.3063598191
7.34567552827
7.37318305137
7.3880501898
7.49694077294
7.52049111941
7.55189117043
7.55941274515
7.69496229891
7.71166541242
7.75336975434
7.7806778429
7.80255036341
7.81765822548
7.84747544017
7.90742009437
7.96328850184
8.0184951537
8.05225288089
8.09275814511
8.13955053073
8.18076030978
8.20254804143
8.25574869703
8.29481584044
8.32903717925
8.38775433613
8.42470411254
8.44651521694
8.45169876943
8.45962209964
8.48234653691
8.49869647453
8.50759035156
8.57290938477
8.62656351017
8.64179563177
8.65495953301
8.68801641281
8.72308791877
8.72720453912
8.82952366149
8.8417205466
8.89813696856
8.92258989994
8.96205983418
9.02579518686
9.04103258531
9.0927063278
9.10575885293
9.12076654845
9.17498569033
9.26249719146
9.29828250238
9.36395835491
9.44572901935
9.54024635584
9.54896670257
9.64147541618
9.65779121582
9.68626550283
9.71619121474
9.74735741984
9.80796119979
9.83746168314
9.92044845757
9.92717435422
9.95471410598
10.0011847151
10.0324078938
10.1404542824
10.1777713686
10.1890143733
10.4841856465
10.5544790405
10.5939375219
10.6077866952
10.617928905
10.6836045374
10.7784086509
10.8219271107
10.8633227842
10.8783276614
10.9938921695
11.0073270835
11.0384098329
11.0864354726
11.1016386112
11.1585187049
11.1828971472
11.2931201418
11.3163385366
11.4429924513
11.450501026
11.474685844
11.4838739044
11.522331534
11.745020228
11.8650043348
142
