6.01216235175
6.02295052357
6.03291073429
6.04036989175
6.0441711522
6.09089727518
6.09777551261
6.1232947968
6.12666317331
6.14792862045
6.15202769436
6.16044083042
6.17762206025
6.19049288161
6.20707961383
6.21109781709
6.22770968942
6.26217408119
6.27952420814
6.28521818148
6.29840267659
6.31498180313
6.33636965804
7.20924021398
7.21476424085
7.25503449563
7.36630219352
7.39965237288
7.40967989355
7.44178573804
7.4596872643
7.48005050346
7.54994381276
7.57560989489
7.64456552671
7.68569403287
7.70262971973
7.80493057496
7.85607919419
7.87871425386
7.91456967395
7.98616721455
8.0265568049
8.13117514614
8.20345300922
8.22916800458
8.32272010779
8.42491363876
8.43785462975
8.44654026751
8.47073464067
8.48897180107
8.52386273352
8.84218864691
8.84733217083
8.91145303833
8.9615106374
8.98702511231
9.02010868116
9.10652715049
9.12548306029
9.23436176851
9.28937756915
9.43077216504
9.47609565041
9.55745397902
9.66592588809
9.69559875687
9.76994479341
9.80441993651
9.91480136364
10.1568091151
10.2062890203
10.2171353292
10.2255697649
10.2564699648
10.3382091992
10.3468670668
10.4117488568
10.4224612272
10.6171021307
10.653806195
10.6640388168
10.7782356592
10.8312835516
10.8471154731
10.9146072329
10.9309319205
10.9685507858
10.9795253399
11.0165622993
11.041589754
11.0607221277
11.0770605685
11.1085631953
11.1725146773
11.2035802031
11.2346795272
11.2841905382
11.3350451745
11.3443927247
11.4057568812
11.4731593186
11.5574832249
11.5775776549
11.7591161233
11.8155160846
11.9078939001
11.9332970292
109
