6.00390871413
6.02868144033
6.0373243209
7.05151239433
7.086099915
7.11783128418
7.21765162925
7.23688701741
7.24468073604
7.37527907438
7.37964320539
7.40679688893
7.41582637545
7.43203712318
7.47289308059
7.5147024137
7.52634888177
7.54614171905
7.56957477068
7.60134153738
7.61980434546
7.65268869997
7.6788816005
7.77101618996
7.79621753898
7.81833300499
7.83025454128
7.84731695984
7.87735298906
7.90668846417
7.94215413651
8.00156639802
8.08886800808
8.11217843014
8.1474197603
8.16049121111
8.2256832902
8.28636951426
8.35290201245
8.41406836266
8.4207033479
8.43147221966
8.4475515644
8.47440862685
8.47944193928
8.49045998091
8.5134894681
8.51947457374
8.53624135552
8.54992941893
8.55791890344
8.62464103015
8.64341854074
8.6844126792
8.71912585894
8.76364432216
8.78651808855
8.81051770968
8.81952826189
8.86455384981
8.91302974902
8.98086152078
9.03086663237
9.12130001295
9.14232871764
9.17449964875
9.20351610115
9.31479212364
9.42687076988
9.55482778174
9.60623064347
9.66539962314
9.69030219801
9.74028117325
9.80116287011
9.84124339996
9.85095699914
9.88023676871
9.89650133111
9.94675820607
9.97597915939
10.0123098961
10.0299222245
10.0508669912
10.0885221446
10.1455683821
10.2225344723
10.2676958647
10.301706914
10.3864178844
10.4380162779
10.4509362548
10.4861979523
10.5497783949
10.5900758533
10.6703407797
10.8094003685
10.8291954879
10.8549400125
10.8682102051
10.8760783039
11.0807032759
11.0960574536
11.3313912152
11.4840968787
11.5974718682
11.7339797633
11.8488457797
11.9249639247
11.9872392438
110
