6.00525834691
6.01543550322
6.03020503685
6.0352969108
6.04344188805
6.0518874159
6.06487240379
6.08750481114
6.1158509184
6.14400677536
6.15158841263
6.26744227727
6.28318688011
6.3046928624
6.31472722041
6.32966046216
6.34429122179
6.36262692548
6.36729848382
6.37549355037
6.39741558053
6.42648628788
6.48619931398
6.51569003943
6.52587109621
6.57307136686
6.59118058854
6.61042748298
6.62070488157
6.63521556272
6.65416540313
6.70341737764
6.77144984427
6.79860184506
6.81118536434
6.83167274287
6.88032469191
6.89108513829
6.94332489877
6.99895807691
7.02856998669
7.05017731568
7.06815899488
7.15217069044
7.2299017854
7.24737515493
7.2736398732
7.28156148915
7.30538239616
7.33971747385
7.38437573165
7.40321235483
7.41575545343
7.45491169535
7.47343596251
7.50275011262
7.53565337846
7.55356861499
7.58980098458
7.63364798335
7.64299502733
7.66750450563
7.7436639754
7.85901147325
7.87703065179
7.89526704548
7.91634236178
7.94658549637
8.0204354956
8.1024114048
8.18394009972
8.23607736544
8.31056077894
8.32044963067
8.35607271589
8.37253536841
8.37667239096
8.41362772289
8.42142551639
8.43935404933
8.48208779647
8.49101782735
8.49626989469
8.53320819902
8.55811127689
8.56186180035
8.59336949733
8.62406117653
8.67310528642
8.70644324484
8.76275820161
8.80591542338
8.86212192747
8.88354711547
8.91840137754
8.93238799585
8.98384358628
9.02447715731
9.08791205
9.10778892454
9.13788057189
9.15846459444
9.17623291621
9.20089648499
9.24620366961
9.31273739366
9.41281848678
9.58698348405
9.61219676118
9.6293421427
9.6423817996
9.6599500236
9.68674914622
9.69280678024
9.7362525057
9.77174357701
9.78586196325
9.80251016255
9.82013453487
9.85942334987
9.96071026774
9.98553819947
10.0374252352
10.0431625654
10.0588157469
10.1043275234
10.1478292072
10.1912937152
10.2126157682
10.2638567815
10.3008432333
10.3765951542
10.4300556965
10.5290199898
10.5934753599
10.7783706715
10.8312785313
10.8606638633
10.8743180604
10.8869412346
10.9238896167
10.9696533777
10.9876816216
11.0281413941
11.1047046981
11.4161966778
11.4897652859
11.5399607276
11.6160959916
11.6374397751
11.676082002
11.8236656602
11.9619443523
153
