6.00674828196
6.01965007744
6.03238164086
6.03645012112
6.05267106688
6.06019220321
6.06578986506
6.20612423655
6.23659296729
6.26459627864
6.2823112484
6.29371162764
6.30169168312
6.33227411675
6.37526675602
6.3936701743
6.41738433747
6.44477978854
6.4791770838
6.63335160353
6.64189933021
6.6916245321
6.70750281992
6.73753519484
6.7527631092
6.80001618769
6.81934628019
6.89912016682
6.90249060148
6.93898324198
7.21286335198
7.2359969711
7.25014459817
7.26477107134
7.3112843713
7.3292331596
7.3805025713
7.41589966701
7.44533320282
7.48403739889
7.50693010817
7.53470979324
7.56958788664
7.58538936895
7.60434834456
7.62022933725
7.64132827602
7.67438242597
7.68875166609
7.74360768859
7.7510802094
7.77727279181
7.78292755265
7.91219435136
7.98161629608
8.01954098454
8.08585816183
8.1926183881
8.37793874611
8.40812701053
8.42287404994
8.45223764667
8.47207228684
8.49614067347
8.64983219251
8.68081671772
8.71465833893
8.72086827299
8.76056650568
8.78566553224
8.86867827377
8.91147839984
8.94031274388
8.9513045519
8.99546864801
9.06383556755
9.09174458308
9.13450182565
9.16548370954
9.19265411622
9.20317978552
9.24971448391
9.34575540062
9.37538072079
9.49120258448
9.51824789114
9.55095256325
9.62854926943
9.77025744308
9.813431255
9.85267901165
9.91696211293
9.94182269894
9.96864074687
10.0176394719
10.0837723005
10.0955044072
10.1250439062
10.1929318437
10.2942133257
10.3437251592
10.372384181
10.4472878627
10.451987889
10.4608769894
10.559778811
10.5694228856
10.6266944989
10.853594915
10.8960717482
10.9467777912
10.9953732066
11.0087600519
11.0312977976
11.0744392301
11.1046403174
11.1506001699
11.177715753
11.184951589
11.2356829239
11.2601865083
11.3317970345
11.4367404128
11.4657580823
11.6128205675
11.6456110714
11.7319855119
11.9635721398
128
