6.04792633683
6.05230262019
6.06297614453
6.07771548454
6.09563933164
6.12689161115
6.13844489797
6.14344146612
6.15652679882
6.165349287
6.24915987835
6.2674117416
6.29086669244
6.30182562252
6.30651664759
6.31109698703
6.32642328401
6.34870921733
6.36377448873
6.37835665235
6.39072351664
7.20400734698
7.21830833732
7.2404975739
7.3031578853
7.32560580565
7.33204369846
7.36972403706
7.38149150771
7.40848910832
7.42284271607
7.44902349859
7.46080307981
7.49095998779
7.52016035372
7.53470488563
7.54927359468
7.58989170764
7.61456144826
7.66084203192
7.69037371186
7.74197526635
7.74846139232
7.76918452411
7.8143671132
7.86610725124
7.90760924757
7.92428510473
7.9652634788
8.02825379245
8.05561990571
8.0611879278
8.12947859844
8.1415155399
8.20442855808
8.27548597804
8.31585999361
8.41049401349
8.48949985187
8.50332507753
8.51642564334
8.52478827623
8.54724750658
8.55093409883
8.5600388697
8.56361692283
8.60157930411
8.66108873347
8.6760177984
8.69803029267
8.70191337748
8.78390673173
8.82319890532
8.83369456854
8.86009688085
8.89938018772
8.93764709391
9.62985380032
9.65232650755
9.66204615085
9.71310626816
9.74732392223
10.3234595114
10.3602984786
10.408369173
10.455914514
10.5568438967
10.5909926907
10.8158282739
10.8318866565
10.9502429009
11.0692664676
11.1395956749
11.1452478675
11.1967867944
11.2116162277
11.2658370865
11.2873556917
11.3776360108
11.5098364812
11.5505003558
11.630116892
11.6435440557
11.6994594582
11.7967179471
11.8514392027
11.9411349179
11.9595447015
108
