6.02965590276
6.04098450111
6.05297398528
6.07286673611
6.0855592889
6.10842201442
6.11868223599
6.19250208334
6.20877900152
6.22988546151
6.27611686188
6.29353943782
6.30642945412
6.41663649288
6.42679921727
6.44125620996
6.46697358267
6.50459119024
6.58393786461
6.62976410127
6.66294508715
6.70739454897
6.71874129248
6.73855534413
6.77700316029
6.80006522369
6.83864649336
6.88742263109
6.89704426085
6.91441844492
6.9310320743
6.96959551348
6.98178695323
7.00094903777
7.04458483723
7.08747403363
7.13323493491
7.21007468168
7.21721566184
7.24817697765
7.31572553708
7.32979652998
8.41854507502
8.45327263572
8.45777167415
8.48083082694
8.49652936608
8.51204439035
8.52190331422
8.56518970545
8.62507017122
8.69464153295
8.74095592133
8.76870385417
8.78740875856
8.81636943342
8.85978446651
8.89389248779
8.9119959426
8.94671148259
9.00391725045
9.06673103567
9.14726840267
9.15076297958
9.26527008242
9.34390671076
9.37799908571
9.48031105446
9.61492387057
9.6189287125
9.63185132791
9.65636144403
9.66682261444
9.70668184317
9.78891916842
9.79436665595
9.90537940471
9.92546807911
10.0388796493
10.1165561448
10.154969996
10.238776372
10.3261637792
10.4163489154
10.424056559
10.5010390366
10.5476275049
10.6043313964
10.6343478513
10.7134918702
10.7617903887
10.7814236403
10.8500584479
10.8909047464
10.9192361158
10.9274073772
11.0162355529
11.0270320637
11.0746103536
11.1085186656
11.1423353755
11.1500456609
11.1945235309
11.216913435
11.2881543938
11.3125856211
11.3679493788
11.4239870821
11.4296551027
11.5909305237
11.6474810995
11.8200508875
11.8776183283
11.9088068832
114
