6.00629154259
6.01621557846
6.02538942383
6.02977112874
6.03989482466
6.05138856208
6.91869133289
6.94711145949
6.98013652585
6.99297843513
7.09825701411
7.23520676848
7.2550443247
7.28578537571
7.30014939558
7.3145330478
7.4860156078
7.50458473232
7.52309157685
7.61368258559
7.63300389377
7.66548010149
7.70486732526
7.75673420188
7.78820493134
7.83404242144
7.90495471266
7.90950290244
7.91973483905
7.93882678825
7.99219617334
8.05542508872
8.10139556449
8.13044261304
8.20268516323
8.24682248203
8.28949502254
8.37180988473
8.37725637095
8.41765410527
8.44538252186
8.47906003083
8.49013440469
8.49774192893
8.54501420558
8.57110947212
8.58753138973
8.62724784044
8.63933642912
8.67249381169
8.90168280825
8.9258124129
8.99343186976
9.01726192484
9.07146500227
9.20654310482
9.27316423273
9.31136036097
9.35271036245
9.3918078937
9.42685967037
9.51284569609
9.54936326487
9.61569670462
9.64460672379
9.6630476766
9.67709039024
9.76785264711
9.82832908196
9.8696369065
9.93293868136
10.0578516516
10.2368252884
10.3088443615
10.3869357186
10.5228158335
10.8129269127
10.8880429312
10.9147140853
10.9534686165
11.1592888672
11.1956572761
11.2075941149
11.2830421458
11.3290461988
11.6774755525
11.7387317792
11.7800290909
11.8367901942
11.9399032253
90
