6.01658664152
6.02776339907
6.03845435448
6.05136842648
6.06043911138
6.07620598528
6.2189820874
6.25406290423
6.27180975564
6.29322040111
6.31150972914
6.32666666334
7.21739675144
7.23033549735
7.24164549666
7.25737044111
7.26498924109
7.27695077331
7.28756689879
7.29398990948
7.30179168564
7.31007517111
7.31354471171
7.32478206521
7.3529218714
7.38834661558
7.4328942935
7.44090578984
7.46499902459
7.47465049296
7.49535235116
7.53164781693
7.55178593159
7.58214765004
7.5926997938
7.60316530937
7.6425647859
7.65458965197
7.67863962981
7.70577720304
7.72523047127
7.73779141564
7.75109493338
7.76294321779
7.77472718588
7.78130991434
7.79614421751
7.81784851033
7.99414711139
8.45283139333
8.47763371412
8.50333030238
8.54087512708
8.58892815697
8.60437516503
8.66319251847
8.92047680578
8.96027746098
8.98151779861
9.08531414582
9.12077440353
9.15467617253
9.17810779033
9.20424697724
9.24284596333
9.24839442565
9.38916085811
9.44908274731
9.51953592359
9.60727628922
9.61304039946
9.64004746002
9.64870118101
9.68501988482
9.70092975139
9.72456397524
9.74105007349
9.77168447123
9.97669603327
9.99644479403
10.0366669273
10.074414787
10.1181646606
10.1562015926
10.2159614993
10.275538852
10.2803792595
10.4155496445
10.5199158624
10.5254514635
10.5360482808
10.5820642815
10.632058528
10.6932184732
10.6989896393
10.7166702314
10.8469901301
10.8597751534
10.9237039509
10.9824188406
10.9895707909
11.0126451743
11.0421721639
11.1022357295
11.2411179295
11.2659212137
11.2898537884
11.3319353709
11.3754286897
11.4040670465
11.4465129191
11.5017136912
11.5510067358
11.6098342637
11.8516419553
11.9023713516
116
