6.00897725322
6.0168699721
6.03547273666
6.04193595959
6.04883976316
6.06243926248
6.07860810861
6.09248030111
6.11159397512
6.1514936152
6.15593804758
6.16298941868
6.18529487138
6.20847455463
6.21689987648
6.23011954931
6.2352446634
6.2478491246
6.25906647451
6.28621235818
6.29627944738
6.45403215177
6.51734106844
6.5309396309
6.54421073525
6.56609861791
6.57111888865
6.60912773526
6.64558194363
6.78819190624
6.82540145281
6.85047731737
6.85768249834
6.90169468114
6.94781938341
6.98315843968
6.98993346067
7.02614672862
7.04097526277
7.06157361081
7.07728176886
7.12413358355
7.15302081541
7.20649378189
7.23359727001
7.26651888171
7.28849911429
7.36170951528
7.36676583464
7.38480308879
7.43600692813
7.45362409926
7.47725449674
7.48452087045
7.50053756292
7.51604205273
7.56308645329
7.66709021733
7.87790017106
7.92366341658
7.93520883774
7.97703586313
8.04141253789
8.11951187726
8.43269551672
8.44882490764
8.53973701869
8.58173951104
8.59566119665
8.6631822614
8.69008197128
8.90977994862
9.02074854041
9.0491419649
9.11148710951
9.35968492569
9.6432260775
9.67242516342
9.6874783492
9.7387621725
9.80655005107
9.83552559297
9.85742421172
9.86175671682
9.89339765465
9.92188529065
9.93496520416
9.97354698665
9.97851924249
10.0066735342
10.062415797
10.139024365
10.1815914924
10.2340573943
10.315881001
10.3734675581
10.6618444131
10.6936283363
10.7886998644
10.8345135134
10.8468137197
10.8794935618
10.9087004582
10.931629901
11.2289212029
11.2724074568
11.3054667629
11.3198813381
11.3589343662
11.4653975741
11.5202680245
11.5955621697
11.886565218
11.994150653
114
