6.01258777074
6.02613741086
6.03944315709
6.06875636016
6.07547456902
6.09038522488
6.09657276593
6.18127377269
6.20468452594
6.21266308163
6.22781609625
6.24372409938
6.27840128424
6.28859952988
6.32125849143
6.34628495446
6.37351757711
6.4018042979
6.41684238902
6.44050323491
6.46608400129
6.49138038161
6.51373590845
6.52554233969
6.53612742223
6.55265402997
6.57280512958
6.63166664629
6.71146949369
6.72970083404
6.82692193155
6.83992873342
6.91560852931
6.95053874305
7.09681535525
7.13495511745
7.18088820203
7.2165708541
7.22288102132
7.23309072986
7.26264470702
7.2660530022
7.29058243425
7.30600757674
7.35209593625
7.35889095327
7.40194518563
7.4126793915
7.44839016735
7.48154707943
7.50843632723
7.55856344667
7.6739527956
7.71056574496
7.76609081091
7.78737252196
7.82275543373
7.85036542197
7.86447423584
7.93472765537
8.00116633887
8.11089863309
8.12686881316
8.15330065032
8.19357273151
8.23260141885
8.2990308241
8.37130759363
8.42012238871
8.45486822663
8.91847818528
8.94480158996
9.02107246456
9.02851589297
9.03960593067
9.07905755603
9.18438100722
9.21199290364
9.24772441681
9.25171774638
9.34899840278
9.41308657903
9.45505253813
9.49609647142
9.51483160248
9.61924270073
9.62815101369
9.63780735686
9.66365873359
9.69406289839
9.71847047087
9.73533317458
9.7560105462
9.76338904868
9.77468512077
9.82089875162
9.82664567047
9.84407553364
9.84895517083
9.88511589134
9.8962209119
9.93474307356
9.98076557532
10.1332883235
10.480091815
10.506613443
10.5849379689
10.6016482
10.6534652458
10.7456352272
10.8220619663
10.8310604054
10.8415320242
10.85794165
10.8770296298
10.8860784588
10.9207785605
10.9553637988
10.9601206148
10.964637995
10.981755991
10.9985379725
11.03291708
11.041969053
11.0797035086
11.1492630933
11.2262839726
11.2644021656
11.2729042459
11.3114701403
11.3609526339
11.9464526711
11.9958704545
133
