6.050405868
6.07223053848
6.17259021735
6.18292249013
6.195157016
6.21532188662
6.22216926636
6.2431363481
6.25997004747
6.26824925146
6.48055155366
6.50972161364
6.55094083082
6.56072688914
6.58355462331
6.58926213027
6.60783173207
6.71222326521
6.73378496545
6.76107853671
6.78703599394
6.8181207324
6.86183613642
6.89431575744
6.93243096502
7.03212189247
7.05378605211
7.0600596302
7.07084445267
7.08588309617
7.14149408159
7.22367754705
7.24391635972
7.27309581178
7.27801926147
7.28627847704
7.31047150494
7.32720556219
7.34499145661
7.37618085448
7.42096159572
7.4453708949
7.45879685217
7.48394910647
7.52318814785
7.54660799316
7.62012307737
7.65014554959
7.68663848132
7.74155971083
7.79892348784
7.83945923262
7.86814511244
7.87512505694
8.00116118123
8.06524402632
8.092530638
8.15868418106
8.18916777596
8.21840064995
8.28531326469
8.31314001883
8.41019412614
8.42983959064
8.43361196548
8.452903189
8.47631091625
8.51032754975
8.56231520447
8.58970434963
8.61893943186
8.63968174748
8.66931109038
9.40422157821
9.45390035883
9.49960601017
9.54752809136
9.56840489708
9.60502424726
9.61864541974
9.65240064341
9.67350347574
9.69834836065
9.72935832302
9.74292625826
9.77398325921
9.80902388448
9.8337288907
9.86836340801
9.89291167835
9.92189157636
9.93484898926
10.1177377359
10.2039369202
10.2352410787
10.2631964041
10.3126897917
10.3508221545
10.4180475568
10.4707784476
10.558114389
10.5807786786
10.8154042435
10.8428271699
10.8635322399
10.8885231028
10.9287393621
10.9830394671
11.014416274
11.0375864463
11.1265394304
11.1802137676
11.3087057857
11.5093359911
11.6225681417
11.6283138083
11.6780966585
11.7395003003
11.8747503162
11.9237949972
11.9696654187
121
