6.01367002749
6.03462138808
6.04298000781
6.10290925636
6.11606712839
6.13239599304
6.15060498514
6.1615308869
6.17735460062
6.19837163225
6.20814992588
6.2183362798
6.27643417324
6.29006491842
6.29923863665
6.34439192836
6.3555886903
6.39415688181
6.41179291192
6.42648845916
6.46116294431
6.46916980108
6.49751674974
6.52807429466
6.54596338809
6.56552439514
6.58554141142
6.60723616122
6.61814226573
6.96026368563
7.2232451881
7.24529267037
7.26580350366
7.31542648895
7.32590938798
7.33994568858
7.40956563719
7.4152302998
7.50536161906
7.66726625391
7.80550677645
7.85883850268
7.91726490516
7.93750228149
8.01873461664
8.06021628679
8.41830946427
8.45751072696
8.47279485631
8.47893113055
8.5245755738
8.54261516579
8.58538683629
8.5969645064
8.61839656361
8.64774355142
8.65382519353
8.68023917939
8.91054888703
8.93289068094
8.96357198711
9.13173585175
9.20218733966
9.29752562768
9.31661314779
9.39126942045
9.42635745597
9.51357442971
9.57723717715
9.60456418795
9.62131363192
9.64029057938
9.6778415114
9.713048097
9.7602030596
9.78047822594
9.82119688056
9.8596968692
9.89369535096
9.9436202465
9.96560868063
9.98377973913
9.99530739403
10.0487162666
10.1156348355
10.1228303517
10.1566155392
10.1845475348
10.2233613854
10.2671151055
10.2862148345
10.3491232893
10.3760353107
10.4653425838
10.5847377515
10.6845583938
10.7637679746
10.8064766556
10.8276154168
10.8376211735
10.8491183065
10.869167761
10.8873601183
10.9028011687
10.9335083825
10.9643412447
11.0015594548
11.0107472695
11.0247099106
11.0298987643
11.0489481182
11.0682948712
11.0752698887
11.0912790094
11.1363012239
11.1864099198
11.2191289847
11.2469212416
11.2991419778
11.3595942387
11.3855878752
11.4215891616
11.4252494693
11.4469284641
11.5107436413
11.5668952707
11.8267969573
11.8582643761
11.9197419879
129
