6.00596994307
6.00983908182
6.01781580382
6.03439321649
6.04208193671
6.06537264783
6.08035848924
6.0890885909
6.09752589657
6.12167814706
6.13052484196
6.13573463411
6.15067408977
6.17589295438
6.18646778731
6.22611624174
6.2519128891
6.26212448205
6.27219630158
6.27890349792
6.29707707946
6.32959727966
6.33684073002
6.35840492456
6.375364278
6.38796174046
6.40671548974
6.42081201505
7.21144393771
7.22831214852
7.23335117663
7.23840772078
7.26341634238
7.30905009859
7.34749334016
7.35381155914
7.38827191333
7.43809292435
7.4668497304
7.49608392848
7.52576373213
7.58739791439
7.65468846523
7.67723370314
7.68857922944
7.69691850483
7.75554731606
7.78052031701
7.80973084577
7.84843355004
7.86278853239
8.13788833211
8.17903304026
8.20661117476
8.21532831563
8.41125694128
8.43158295895
8.72735868462
8.80018992692
8.81587690169
8.84882790054
8.86567409613
8.87935037918
8.92353740082
8.94361531675
8.96479650233
9.01198280785
9.06715577859
9.08197171941
9.12684064525
9.17251301807
9.2183942095
9.24676745693
9.29306575249
9.33208648678
9.41324145852
9.58510858468
9.61941163788
9.62599823462
9.63157642099
9.64341920848
9.65704033778
9.67288569158
9.69574826523
9.72077746201
10.3863824082
10.5392389786
10.6840686934
10.6940837812
10.8068027069
10.8410726007
10.8602723565
10.882253206
10.8991328457
10.9402463223
10.9729129124
11.0020417108
11.0186732323
11.0732243332
11.0970234371
11.1133370391
11.1605285341
11.165507323
11.1852251246
11.1975681401
11.2086414792
11.2431969088
11.2717194924
11.3081824648
11.3736160651
11.4508226409
11.5527863997
11.5765633653
11.626118872
11.7169279935
11.8736627013
11.966777788
117
