6.00459717266
6.01870767306
6.03716792197
6.04234401149
6.0558386346
6.06031442948
6.08704565477
6.11469991509
6.18900062563
6.19818285337
6.21413585752
6.25142557317
6.25967442115
6.2849501965
6.2976060439
6.3055449163
6.31800506787
6.35320607599
6.37737399496
6.45243989891
6.46696442854
6.47900165127
6.50174364937
6.52946966196
6.55286442391
6.58201462543
6.6248868104
7.01856322173
7.08437315544
7.09126899394
7.14730049489
7.19682840329
7.21901614063
7.2432713763
7.2641962058
7.28940068536
7.3030149674
7.32310012636
7.36404982619
7.44304389491
7.48295831515
7.52326193553
7.54881814085
7.59188234166
7.60567329683
7.63073508763
7.64969756233
7.66623350349
7.68532349266
7.71812353084
7.75595414464
7.79822140059
7.82289900995
7.87464234536
7.91470665951
7.91923202594
7.93925353157
7.99625139595
8.0273671698
8.05427690303
8.1098058437
8.13803666121
8.22814438509
8.3272184684
8.37059122339
8.43122675461
8.44642329019
8.45108541361
8.47886509123
8.49927552809
8.50563894442
8.55545656666
8.59503534689
8.60385313699
8.63088953536
8.71100823531
8.78272606399
8.83008361081
8.85351876937
8.88474541406
8.93802856828
9.00153726462
9.04567590068
9.12795691893
9.15290776438
9.22548127657
9.29778749457
9.35153804059
9.43377470755
9.87148100999
9.94494601619
10.0010642775
10.0480966465
10.107506099
10.1287851927
10.175242769
10.1899291141
10.2211249846
10.2663510356
10.3561891934
10.7420387084
10.7513212892
10.7782223649
10.8130360525
10.8437834353
10.8539448657
10.8723932193
10.906455139
10.9485325961
10.9660671181
11.0389643392
11.0864917003
11.12149454
11.143682995
11.1892507916
11.2247623844
11.3650460958
11.4272583166
11.4583882152
11.4637182095
11.4895905352
11.5978706016
11.6759946647
11.7959891374
11.8296646058
11.9205568933
11.9558675224
127
