6.01936593859
6.02648405545
6.04144937688
6.04674047025
6.05135548553
6.05973725676
6.07405513229
6.16870755348
6.17574995119
6.22237176399
6.23869288697
6.26701082293
6.28425521281
6.30071199238
6.312598238
6.37746940186
6.41184582815
6.44161218651
6.46758413679
6.47983618114
6.53023415352
6.54448035718
6.5533840371
6.58578370356
6.61918540369
6.6272196949
6.67911867637
6.68823872166
6.70035371716
6.72927200722
6.78008261143
6.7992430636
6.83030787953
6.96282371389
7.00474597569
7.02977887173
7.0680932268
7.10947968847
7.13651217447
7.16651852746
7.1894854026
7.22430358303
7.32219825432
7.34121838047
7.36122777052
7.4529949957
7.46602231042
7.47459106554
7.49718932195
7.54374174485
7.56093257535
7.57573612282
7.61309440763
7.62527135223
7.63029332026
7.66678706656
7.71629468567
7.74376371299
7.8174859102
7.83749865451
7.87899849455
7.89415535266
7.93238436915
7.94954739678
7.99575612359
8.0484835272
8.06929637455
8.13429674261
8.18411152837
8.21764298955
8.25673631312
8.26261109764
8.29684230794
8.32866399576
8.36801013555
8.42217093245
8.43149235442
8.44157642744
8.45718733432
8.47337393312
8.48933732686
8.50171076493
8.55853234662
8.60883053843
8.68185920147
8.7283655179
8.73829361153
8.77682212817
8.82036831919
8.85545491628
8.90427919587
8.95012144692
8.95537555846
9.02848071235
9.10332535088
9.14044749541
9.15692603015
9.17307543836
9.20254954224
9.26973066349
9.61451607663
9.64419458759
9.68550166256
9.71178786797
9.7525391393
9.76709828056
9.77989032786
9.82317394016
9.84254390905
9.93219758102
9.94718991836
10.0532016443
10.0765204941
10.1215503596
10.1393221223
10.2580991851
10.3589221605
10.497104949
10.5411029915
10.5515708616
10.6482005064
10.6751527473
10.738603296
10.76232386
10.8933993078
10.9168939888
10.9585790933
10.9657664178
10.9937210271
11.0300993314
11.0783484296
11.1087699281
11.140233275
11.1664638597
11.2004439906
11.2302194942
11.2634499813
11.2916745755
11.3024063128
11.3660659251
11.4924945406
11.5289955297
11.6001951222
11.6490773644
11.8139649856
11.8926669536
146
