6.01264700025
6.02068018034
6.02661694096
6.04180650252
6.0491116964
6.07539191453
6.08725680941
6.13849217225
6.17384937445
6.18048722342
6.21384169785
6.2329152044
6.24560454359
6.26390037912
6.28877996671
6.30467579628
6.33855780865
6.35001191254
6.42729019756
6.43436816997
6.45189851699
6.46520105034
6.47734751655
6.4931593373
6.49716506723
6.51901300115
6.54047395868
6.57677312846
6.58927161585
6.62674795532
6.64642444565
6.70744585503
6.72511754921
6.74971591803
6.77917074608
7.02080747212
7.03073280131
7.05200555869
7.09124094373
7.22809801404
7.24090763829
7.25046251156
7.29041456756
7.30376904973
7.30828391106
7.34044928224
7.40926653539
7.424451946
7.4323067076
7.47050823971
7.49827279216
7.52042824185
7.55044708413
7.57284078884
7.73072291691
7.74488463448
7.75266395165
7.77559336703
7.82947729702
7.84943142499
7.90378637836
7.95574362646
8.0403815168
8.0921068292
8.11618329479
8.1637142579
8.25049877313
8.30755800516
8.31930173273
8.3728635043
8.42357966542
8.45882740834
8.47862550055
8.4882057513
8.5126864861
8.53815114211
8.56146131671
8.58253021464
8.58889284154
8.59813700117
8.63819578283
8.6758889621
8.75378111045
8.76242279688
8.78943471933
8.82623086798
8.86578223871
8.99723332934
9.01331295371
9.06791214537
9.10798454414
9.13604022209
9.18883774367
9.21636928745
9.22393551408
9.25278323783
9.31172660216
9.34021893561
9.46129087886
9.54071637295
10.242584258
10.2464284507
10.2882950875
10.4972102405
10.5384377329
10.8328300848
10.8748757114
10.9019739108
10.9166513929
10.9313254378
10.9747950694
11.045641286
11.0729510396
11.1024083624
11.1378709761
11.1643037458
11.2593268309
11.3123186017
11.4177112744
11.4299932581
11.4567071599
11.461523549
11.4790724236
11.5269418976
11.5651058503
11.6287680187
11.7811462641
11.8468286065
11.9467934517
11.9977097271
130
