6.00578352317
6.01380498641
6.01832038765
6.02828186449
6.03541080174
6.04422233448
6.12086376993
6.14475063406
6.15141491911
6.17769791241
6.19284158955
6.23521315237
6.24359066721
6.25179222599
6.25986466346
6.28466304166
6.29520955479
6.30808208015
6.32034751591
6.3467592299
6.37501879472
6.38929988719
6.41464202762
6.42109538027
6.44442893462
6.45316784502
6.47835542307
6.50116423689
6.5267875238
6.55446843689
6.58386010534
6.65769070702
6.68849639935
6.69405067245
6.72890474619
6.75679096976
6.7605116348
6.77478146186
6.80222254099
6.83094844784
6.83599978308
6.85960942348
6.88937827831
6.92193892658
6.95253048215
6.96452856799
7.01682420159
7.08649322795
7.15026936363
7.17642417009
7.19907231635
7.21949368374
7.24113940758
7.25240071939
7.27189952348
7.27995090004
7.29521484028
7.31407259779
7.32849684008
7.35516903492
7.43529050252
7.47458907083
7.48151573158
7.48818302991
7.50146349511
7.51218450985
7.56600290353
7.6051275545
7.61948337774
7.63410981326
7.64004547973
7.85978045805
7.90867147188
7.93337206016
8.10305218905
8.20392018465
8.25306569028
8.33895636718
8.38523800295
8.44637658295
8.4697449814
8.5003959392
8.51513621388
8.57545622197
8.59401530087
8.61824725583
8.63208428995
8.65943832449
8.69840873828
8.73261880058
8.75206743364
8.78099824092
8.79807884077
8.84113688727
8.87244156748
8.8768059029
8.89324677525
8.92616639325
8.99403107078
9.01398144743
9.07146108379
9.1413615076
9.1788103174
9.22237009209
9.24834692407
9.29484468875
9.35830071615
9.38820844577
9.39251608782
9.39722398829
9.40492351369
9.4138274521
9.50994128212
9.55349458068
9.56109339478
9.62866683555
9.63930474886
9.65091596063
9.67541190725
9.693782426
9.70692212741
9.72239118759
9.75293735866
9.761777752
9.77341344649
9.78435787616
9.79406031698
9.81463922911
9.98831856331
10.0285237462
10.1304837262
10.1569998567
10.2036717021
10.2239236463
10.2543957782
10.2884649092
10.3478691832
10.3865065706
10.8298043955
10.8452625189
10.8990995326
10.9161039291
10.957629303
10.9672461508
11.0043776359
11.0354368521
11.0546088608
11.0702703522
11.0876593816
11.0991789992
11.1459230601
11.1853937761
11.2135784382
11.2328733308
11.2490295564
11.2942398892
11.3770496406
11.4431966345
11.4865342816
11.5288861426
11.6790728881
11.7117176268
11.742084682
11.8161351915
11.8268476821
165
