6.01699426793
6.02959342164
6.0612582691
6.08273140019
6.09594332791
6.14292810257
6.15161097992
6.15896886304
6.16434670073
6.17507719573
6.19535468129
6.22955963259
6.25922385834
6.27477008211
6.330143516
6.34957897898
6.36816079075
6.40384729535
6.43616163523
6.44797944686
6.46052699428
6.47246888272
6.48468230395
6.55632658681
6.59200856262
6.60855591596
6.82363209376
6.8391327993
6.87844265861
6.95312298889
6.97408189107
7.01348613326
7.04655426911
7.13006350313
7.19927169032
7.25102598652
7.26955634538
7.29710307734
7.305160622
7.31676326549
7.40209684518
7.40548444218
7.41204359997
7.43170065839
7.44107445802
7.50262100784
7.53770385874
7.56007943809
7.57803139228
7.62487461021
7.66842962972
7.68860970263
7.71667893682
7.74529036475
7.8354829593
7.87808343712
7.89199552731
7.9484405995
7.98522966692
8.01175711824
8.06653091327
8.21513599769
8.22913466414
8.25366145946
8.30000201516
8.36346889696
8.39887887857
8.4046649561
8.44452231753
8.46228267492
8.46978012152
8.49145262694
8.52006041134
8.52693321991
8.53257693289
8.56423600817
8.57447682921
8.59099055629
8.60031425328
8.6261407623
8.69030031401
8.72834533254
8.76519283122
8.77349556133
9.04922023473
9.10298409238
9.28612161455
9.41298366418
9.42122002238
9.48908893464
9.58296260428
9.63512649636
9.79667473391
9.82920966878
9.83564550819
9.85917246527
9.86252936896
9.87970352454
9.92155313233
9.96758696975
9.9997855035
10.008334778
10.0351462034
10.0577953452
10.0800976002
10.1288971191
10.1754568961
10.1847997359
10.1965857855
10.2330004218
10.3167907271
10.3733359999
10.3962399204
10.5328766649
10.6172430247
10.8252456674
10.8964362062
10.9220513092
10.9424150615
10.9650725461
11.0278237221
11.0640384912
11.1119847713
11.2859762407
11.2958312963
11.3142362423
11.3725297427
11.4299336104
11.471097788
11.4906371709
11.5150054183
11.5953921304
11.6408059284
11.7546536269
11.799019533
11.8845549415
11.8917542725
11.8991650432
11.9539491959
139
