6.01593439928
6.0507317842
6.05804520419
6.06942905414
6.07903744496
6.09076579413
6.18279480791
6.20400882288
6.21389539846
6.21891770259
6.22546887256
6.37889012939
6.38962989484
6.40497677369
6.41958652273
6.45129827684
6.46704697965
6.4847456983
6.50681394178
6.5474522933
6.56301685127
6.62525797433
6.63887832346
6.67278948145
6.69164522551
6.72702979751
6.75576534609
6.76377858191
7.01097771533
7.05406080159
7.15163772418
7.15810648301
7.20767867068
7.23211760939
7.25980440643
7.26654575049
7.3255105054
7.33256298013
7.35473390934
7.39137507416
7.42645844161
7.46335414471
7.47208120669
7.48519295583
8.40991272461
8.43353413675
8.45376900236
8.47552347876
8.53806719048
8.55314525308
8.73545660247
8.74076776933
8.77479353134
8.78698626469
8.79970401966
8.80436272157
8.84086881049
8.8775948306
8.96034567332
9.00538889994
9.03883215348
9.06434296158
9.10116240745
9.42932509075
9.45349168642
9.56573949888
9.62363698497
9.65210728334
9.68464523841
9.69215509317
9.70583114511
9.72921431761
9.74684331814
9.81223360434
9.8156533998
9.84050840861
9.90922587688
9.93155247353
9.95092039839
10.0083177597
10.0623781379
10.1766572745
10.2456374439
10.2937076077
10.322332664
10.3534454173
10.4519885766
10.4965432414
10.5012897185
10.507594393
10.5440926008
10.5988609264
10.6742684112
10.6977287125
10.8254353688
10.8795681808
10.9006764652
10.9389263117
10.960559684
11.0020148021
11.0898449352
11.100286867
11.1088275615
11.128228989
11.1572518906
11.1823788433
11.1987142137
11.2313205523
11.2468247641
11.2635398988
11.27110553
11.3096448331
11.3315804426
11.3468455178
11.3679359254
11.4497946499
11.4887176583
11.521067657
11.6608355227
11.7183279442
11.8244307805
121
