$ Stimulation Interval(ms): 1200
$ Delay(ms): 0.000000
$ Number of data : 98
$ TSTOP : 12010
$ PN stimulation current max : 0
$ LN stimulation current max : 0
10.22500
24.02500
51.00000
85.67500
116.92500
129.72500
225.32500
239.62500
273.20000
341.35000
374.80000
864.55000
1077.72500
1097.35000
1186.40000
1209.52500
1231.60000
1382.67500
1403.32500
1437.07500
1467.25000
1651.42500
1899.25000
1986.05000
2043.90000
2348.77500
2409.80000
2563.32500
2653.17500
2703.40000
2724.75000
3140.12500
3305.97500
3327.25000
3449.87500
3580.07500
3608.97500
3674.52500
3788.87500
3806.95000
3970.45000
4143.15000
4219.82500
4494.12500
4730.95000
4811.45000
4868.67500
4963.90000
5017.67500
5053.37500
5427.37500
5449.32500
5470.47500
5728.52500
6008.27500
6046.15000
6061.92500
6117.40000
6218.72500
6404.25000
6456.35000
6473.80000
6575.05000
6712.00000
6857.47500
7146.02500
7209.32500
7255.45000
7316.55000
7510.07500
7606.57500
7664.97500
8071.57500
8130.17500
8409.75000
8424.80000
8440.50000
8453.20000
8479.37500
8587.62500
8831.92500
9091.60000
9609.42500
9681.35000
9861.17500
9931.55000
9995.45000
10212.25000
10366.67500
10612.30000
10695.30000
10810.20000
10890.75000
11034.37500
11182.50000
11531.30000
11657.35000
12008.75000

