$ Stimulation Interval(ms): 0
$ Delay(ms): 0.000000
$ Number of data : 80
$ TSTOP : 5000
$ PN stimulation current max : 0
$ LN stimulation current max : 0
18.25000
30.35000
55.10000
75.40000
122.25000
158.15000
184.72500
191.55000
261.85000
270.17500
276.57500
355.90000
359.30000
376.12500
384.45000
392.55000
409.10000
421.97500
434.02500
500.30000
533.57500
580.65000
620.90000
675.52500
711.00000
742.30000
868.47500
909.30000
924.65000
943.37500
1159.67500
1218.10000
1231.40000
1249.90000
1315.77500
1344.77500
1382.77500
1384.97500
1392.80000
1460.95000
1491.42500
1543.25000
1606.25000
1756.12500
1781.45000
1896.17500
1961.70000
1976.02500
1990.42500
2012.22500
2072.77500
2150.45000
2155.30000
2208.95000
2236.67500
2312.60000
2376.57500
2442.67500
3102.95000
3156.12500
3247.42500
3316.55000
3905.17500
3985.65000
4080.82500
4201.25000
4260.17500
4295.52500
4326.00000
4356.55000
4389.90000
4435.05000
4481.97500
4495.87500
4618.55000
4645.27500
4744.55000
4807.90000
4897.55000
4986.70000

