6.0078845012
6.01995335781
6.03315218678
6.04176562885
6.05731492405
6.06269937719
6.07001328952
6.10605182337
6.12181760068
6.12661748497
6.16006137898
6.16574465509
6.16730750574
6.18032447174
6.18917482684
6.20162244709
6.21874708452
6.21954858119
6.23992775325
6.24748228209
6.27451926197
6.33392693967
6.3535212195
6.36763855328
6.37199306324
6.38295695773
6.41239335065
6.43360281414
6.44274260628
6.47701691659
6.48302612599
6.48981998603
6.5059095401
6.52272132658
6.5326279893
6.545372925
6.57508053425
6.58356775392
6.59660614115
6.60952740569
6.62774735832
6.65670475932
6.66750958262
6.67662396477
6.69940269967
6.7219032367
6.72460948094
6.72747795729
6.77451627095
6.77608768497
6.79677188374
6.84132780131
6.90942729837
6.93240944511
6.94046094158
7.00567110261
7.01900473665
7.05228017176
7.10009165157
7.12239012067
7.16320103706
7.19518516646
7.22606775722
7.24175497824
7.27672149532
7.31592069854
7.33974327634
7.38593331144
7.43129105927
7.45264197439
7.47857480964
7.55088484069
7.57284573295
7.65349907076
7.67918655898
7.70246397382
7.72847334374
7.81154308674
7.84722858575
7.88724252073
7.96560279314
8.01296192777
8.01669130943
8.04141654331
8.12641517887
8.16833530794
8.2896430341
8.30728355046
8.33845733802
8.36977486317
8.37290794513
8.39984355076
8.40605692475
8.42171711453
8.42570900883
8.45088837174
8.55006868477
8.6187748796
8.62235018129
8.62876825168
8.71168849091
8.72208677836
8.77061919966
8.82981594088
8.9128567397
8.95462700376
9.03175476308
9.11028891946
9.11631140193
9.2161640202
9.4723882332
9.53996526033
9.60785717042
9.64023206566
9.79563865228
9.84943790258
10.0173217506
10.2067652379
10.2949161698
10.3979652912
10.4427642546
10.4784958421
10.537271773
10.7444990415
11.0092407239
11.1598134657
11.3148830115
11.4571274732
11.6119042102
11.8512824258
11.9893473618
12.0703967636
12.3009807255
12.4860081198
12.5906634641
12.7720364659
12.823414084
12.8797352619
12.9786487931
13.1741294465
13.4398976923
13.5423322701
13.6322606779
15.2808659209
144
