6.00952169769
6.02146282615
6.03593778119
6.0495230455
6.09934247771
6.10830847452
6.11937718627
6.13782202388
6.14609414178
6.15892234329
6.16505787363
6.17406094321
6.18737504722
6.19325235339
6.20067617625
6.21969567594
6.28483029114
6.28769393921
6.39101702625
6.39551772452
6.39798769201
6.41295592364
6.41451948974
7.11783989197
7.14136105837
7.18429596737
7.23709612898
7.29397043336
7.31136362816
7.32592715322
7.35294972725
7.3737816232
7.40182234534
7.49482303232
7.52562217317
7.55346703831
7.59716166094
7.68272227986
7.71505734819
7.73741264367
7.76413563221
7.76667739642
7.85322504729
7.89672591321
7.94833917357
7.96341051595
8.02527003944
8.37202761061
8.5468566662
8.59623932723
8.65110713214
8.67745647187
8.7546798045
8.89792831155
8.92912669554
9.02442096573
9.07558593927
9.09943054242
9.30960036893
10.6117793664
10.747109045
10.8368338984
10.8828963505
10.9768451557
11.0931466886
11.2489527601
12.4856890102
12.5852205488
13.144197315
13.1707426047
13.3414693274
13.4247094707
13.5892474596
13.759688796
15.4624092147
75
