6.0086175052
6.02326222834
6.02729676796
6.02992323491
6.05150552593
6.05816271839
6.05978972618
6.07263306909
6.08558545602
6.09798539573
6.10031364309
6.10581384349
6.11144901608
6.20213528798
6.21263461121
6.22528900182
6.24308313634
6.25774197994
6.26751253301
6.28980567688
6.29566137715
6.34095228637
6.34287334542
6.36992515809
10.8200246232
10.8784225176
11.0219112847
11.0574360278
11.1196809681
11.1485668062
11.2704958148
11.6151957551
11.7012365901
12.1644116657
12.2960956103
12.4465421981
12.6082185486
12.6941004963
12.8158963126
12.9606683079
13.194184814
13.2831061814
13.4947866437
13.6678408679
13.8525335337
14.1323888162
14.409964207
14.4820782507
14.6185291318
49
