6.00394237995
6.03078003337
6.04157419005
6.04311234287
6.04909589456
6.05595132367
6.0571296972
6.05880907559
6.06482770807
6.07590692356
6.09455408291
6.10015906613
6.10790281959
6.11051610618
6.12307020174
6.12758093614
6.69946010109
6.71071193322
6.72591238928
6.75231951436
6.76600195529
6.7883715526
6.82016850784
6.86271209443
6.9229622634
6.94310960574
6.97010159901
6.98515468154
7.00804937114
7.03728776188
7.0960710448
7.16192020737
7.1789206863
7.20453430418
7.23707313548
7.2771660316
7.29520404384
7.31210185783
7.3871331652
7.41533971163
7.46740270118
7.52084214582
7.56395385834
7.63551560757
7.65464990745
7.69734021477
8.26183093586
8.27281459438
8.38968029487
8.39704891962
8.40290370818
8.48368229762
8.54031030603
8.57036529
8.58707489047
8.7166855526
9.19499898719
9.32824968589
9.42483595217
9.61321266329
9.66892700444
9.75836216054
9.78802225869
9.85599015295
9.88807434782
9.95178451352
10.0451846346
10.1338479597
10.1638027402
10.228692369
10.2810561969
10.2980900506
10.3108077947
10.3799148762
10.4527243887
10.4654192245
10.4754807633
10.5315039474
10.5994020379
10.7472246411
10.7881080955
10.8031729912
10.9248284388
11.0486801375
11.1987446422
11.3664530693
11.4136592578
11.5777186225
11.646903522
11.7910667289
12.1278386476
12.2146786937
12.4006850699
12.4669344035
12.5440401034
12.7153174286
14.9759474853
97
