6.05382466352
6.05977925784
6.07548198488
6.08099493435
6.08592048909
6.09764667901
6.11788288769
6.12920570061
6.13919981099
6.15103053331
6.16755598665
6.1717602286
6.18127162647
6.19402149236
6.20082897094
6.21978261905
6.22357392863
6.23380638313
6.25575442674
6.27908471822
6.28940171365
6.31460930946
6.32354192468
6.33720856644
6.34129065441
6.36228696946
6.37584265992
6.38092929632
6.38183026158
6.39082269558
6.39644044488
6.40468250967
6.41527001053
6.43539003888
6.46000568834
6.48037986775
6.48574585009
6.49267670603
6.51098424294
6.5122634971
6.52351087155
6.53791603767
6.56006001081
6.56571993576
6.58752669784
6.59415436452
6.61165642094
6.62951676753
6.66539168945
6.70036688786
6.71419269179
6.72478181988
6.76922675539
6.79408108315
6.83107896032
6.86075350912
6.87360171353
6.91384240938
6.93549653418
6.95166191424
6.95338850379
6.97763123219
6.99123872827
7.00244778638
7.02112000291
7.04238330367
7.06342727244
7.13948398035
7.18044879004
7.2406317415
7.25701447124
7.34917077516
7.50581500684
7.60121744069
7.67607901389
7.74392326343
7.76573149164
7.81014236013
7.82880074606
7.84758644711
7.88172629123
8.07410675568
8.10815848355
8.11440188953
8.13712149873
8.1669176007
8.18655395388
8.24142085482
12.5130736224
12.6663487425
12.7175543478
13.1992011553
13.2715099631
13.5802758065
13.7671442824
13.9661967812
14.0533337904
14.0729264733
18.2609590219
99
