6.00509605976
6.01689926121
6.0231675656
6.03682438694
6.053643164
6.05441566743
6.05844535179
6.06840442342
6.0834445229
6.09764494131
6.11286702644
6.1199093348
6.14029078746
6.14406554254
6.16713679853
6.18242490638
6.20096546769
6.20503511701
6.26077389763
6.26521573833
6.2837015943
6.3032656412
6.35139693876
6.35842845189
6.38601780257
6.39871333882
6.41391427186
6.42183538631
6.42979717043
6.45239835456
6.45889771546
6.4772554964
6.48985981425
6.50204757465
6.50458999852
6.5086737778
6.55061747395
6.57991716656
6.5871979146
6.63312703054
7.002125113
7.0231221306
7.03007145331
7.04589267078
7.05650204538
7.07307994594
7.08500263405
7.45998299185
7.46642366998
7.49428394186
7.49704752715
7.54480807107
7.5719139368
7.63514501007
7.82267678841
7.85229985532
7.94423246043
7.95441044441
8.07290528159
8.10769876058
8.13560856144
8.18346314313
8.25369125841
8.27128465704
8.28272268664
8.34962153749
8.37496122251
8.40754203211
8.42297434708
8.53484417692
8.56101213709
8.56841577015
8.62088394367
8.68653424961
8.7180333947
8.77543988373
8.81192480702
8.81879229404
8.8542901611
9.00655118451
9.02176808469
9.10304367129
9.13705567503
9.23646352317
9.3777906293
9.45729943979
9.48939992212
9.53949333601
9.69544644713
12.1066369987
12.1789306686
12.7792424485
12.9293432134
13.2292408538
13.3545660662
13.5263006124
13.569174364
13.8285478176
13.8477093715
13.9772950728
14.1558430658
14.30579838
14.7226571034
103
