6.01546387448
6.0244499587
6.03414519555
6.06207424633
6.07002112141
6.10177870334
6.10651552537
6.10727262373
6.11126314122
6.11217219083
6.12533491622
6.1329063471
8.83189079755
8.88686279637
8.93111705573
8.93779146462
9.18899185897
9.22605427966
9.2692581656
9.35235760801
9.5623418085
9.59394379776
9.66150296115
9.71187246883
9.76261921216
9.83080231379
9.92354699583
9.99008753163
10.2696019215
10.3052582883
10.8596546228
10.9631770865
11.0416370955
11.1725486538
11.3662087523
11.4552532972
11.59690847
11.6067942099
11.6715891159
11.7513396302
11.7913213431
12.0679140097
12.2615863805
12.4742618877
12.8094666553
12.8651229201
14.0668866496
14.1729188033
14.5023553594
49
