6.00194357508
6.01070327383
6.01670523322
6.02160050935
6.04472963638
6.05696793757
6.06384290063
6.06660212564
6.12511771458
6.13128119759
6.13935722362
6.15117594463
6.16165864689
6.16438971683
6.17538590261
6.18664700386
6.19832880892
6.20526056235
6.2117332741
6.22102397861
6.23064550506
6.23626905354
6.2773931817
6.27840352549
6.28284347866
6.32480410715
6.35374602542
6.35988675175
6.40301736524
6.4418641299
6.51380596984
6.52643248339
6.53702733493
6.5524820829
6.56479646193
6.58769391396
6.62902307669
6.64291831348
6.64988675709
6.66653325869
6.71154526274
6.71481657974
6.765211001
6.7678785549
6.82431027606
6.85475171201
6.88122378395
6.99347569423
7.03073143526
7.06595431435
7.10761210666
7.21575053583
7.25645967957
7.31468085733
7.3175774538
7.33847835516
7.38874363289
7.39147347363
7.39406398561
7.41459701273
7.42935907407
7.47037005563
7.49559588817
7.5093010709
7.52629570857
7.57046427995
7.59028660752
7.62194897915
7.65385764189
7.75209494455
7.80059533641
7.8677779129
7.93946506935
7.95941526628
7.98934301069
7.99448112404
8.11192465927
8.15234607015
8.21706726336
8.2432889349
8.31140197021
8.33761869507
8.36240969762
8.41302433598
8.48690570015
8.54877472247
8.56487645743
8.59093931806
8.83088342994
8.83534557158
8.84014441557
8.8489648189
8.85636506706
8.9305830332
8.98688947254
9.01803240495
9.08535300904
9.26882144835
9.3604566768
9.36949887625
9.38324678437
9.47191065485
9.55082844649
9.74971446105
9.86451009487
10.1194372073
10.1383460962
10.1661018453
10.3447445503
10.3835083347
10.3988765426
10.8593520136
11.2132444264
14.0643781169
14.2738182311
14.354062564
14.5226569018
117
