6.00634993351
6.01128010624
6.03900012531
6.04548373401
6.05992333481
6.06577070494
6.06720806954
6.07156142811
6.09064975994
6.10476310088
6.11192311225
6.11765322692
6.12406361843
6.14756071713
6.17200504895
6.28909516266
6.30690497481
6.31397914785
6.32610156887
6.38319740625
6.39547389538
6.41061789343
6.41683435377
6.43370192152
6.46289875222
6.47845397637
6.48546167985
6.50211064835
6.50390871702
6.52849103587
6.54030085853
6.57383326653
6.58185609498
6.59103925939
6.60362543194
6.61638321354
6.64749473165
6.66746877341
6.69311985651
6.81105722136
6.85842583538
6.87583281355
6.92204594681
7.32466896841
7.38139897453
7.40683362561
7.50362680484
7.54293759256
7.56508436796
7.66633399592
7.66913343217
7.70131149168
7.72195754541
7.75292222089
7.79576346303
7.81234037234
7.82718101985
7.85428911092
7.92703541263
7.95516659784
7.98982628944
8.00962700505
8.02286220237
8.02585731709
8.03422277609
8.05111994963
8.08386697664
8.17083863809
8.26005904944
8.31717805285
8.39004815978
8.40602506683
9.19965996267
9.23761458679
9.2425933773
9.3066736779
9.33102588159
9.54443116434
9.61888917096
9.68571587277
9.75022579146
9.77959724405
9.83492317934
9.86060534052
9.91204633609
9.92967290436
9.96071996297
10.0133604323
10.0618567373
10.1406495346
10.2662801125
10.4214303579
10.5983247865
10.689622284
10.817277591
10.9617753726
11.0086738281
11.0559592222
11.0999728962
11.1272173124
11.4119361149
11.9989209532
12.211641848
12.3507507146
12.3671562283
12.4051595193
12.4408181897
12.5574840615
12.7915545359
13.0446298135
13.1008811932
13.1968305983
13.3848245752
13.6075310843
13.8556877439
14.0909492213
14.2984671618
14.4665809009
14.7128416967
119
