6.01027739493
6.01551584179
6.02493474599
6.04043687128
6.06017946954
6.0682928117
6.07145894576
6.08419405873
6.09215252327
6.09638247343
6.10468673359
6.11690619008
6.13183805563
6.15722618891
6.19943157171
6.2086501266
6.21428471169
6.21909400589
6.22883893068
6.23913310215
6.24847963319
6.249402985
6.26132988777
6.28092263237
6.31088655997
6.3132679356
6.33694412479
6.34375305107
6.36411710899
6.44102578263
6.44444058738
6.45899341579
6.48011215343
6.5056685655
6.52072888947
6.53037011007
6.53232372179
6.54226832127
6.57660778489
6.60411189279
6.61103955023
6.63309514919
6.64057972227
6.64460872144
6.67060399263
6.69351289287
6.70868697286
6.76088947101
6.77128261556
6.78706112848
6.81060135966
6.84491145938
6.85135844721
6.8893212536
6.94148006214
6.98556853637
7.02350818632
7.04081761155
7.07912028642
7.10515454698
7.23157244122
7.3388135704
7.38864426948
7.41325389162
7.43220290153
7.44247936262
7.45943771796
7.48102676175
7.49850271199
7.60434945218
7.60791793668
7.66748340921
7.7024890515
7.70968176098
7.72789067828
7.74370601053
7.79931388671
7.80717465619
7.82685745182
7.84668631052
7.89365906329
8.01438690526
8.03583747108
8.11292346563
8.12521627135
8.15495234947
8.2207780576
8.26542264235
8.28488298898
8.28823351227
8.36086544007
8.39669644438
8.46873749762
8.489868117
8.5208684601
8.53808119334
8.66909514075
8.68931604108
8.696204554
9.06467456904
9.16399512547
9.25338812672
9.26775308545
9.50306888246
9.6421632263
9.68239361515
9.91202375904
9.95154295348
10.0544973236
10.0884116034
10.1880901483
10.3158095151
10.387657274
10.476242817
10.536866165
10.6401254077
10.7294430829
10.7941555921
10.8968637717
11.2154134313
11.2977952511
11.4005661982
11.4342549175
11.5724388371
11.6765067018
11.8282730566
11.9909797324
11.9987120173
12.0667105782
12.9705638177
13.0670181248
13.082329964
13.2758980282
15.2709233625
134
