6.01093542182
6.01676022655
6.02030036461
6.06034740878
6.08883416579
6.09188643866
6.10605021739
6.12080579586
6.12877738527
6.1353600125
6.13712987417
6.37943911079
6.4005765598
6.41657079693
6.50741237935
6.53777935894
6.56593171051
6.57880288248
6.58562983473
6.6000879566
6.6013851272
6.68087149349
6.70375876528
6.7404968764
6.75476261716
6.76499183413
6.77643209455
6.79017358594
6.82481506309
6.88097190744
6.96156777716
6.97314142997
7.17748923612
7.18781222373
7.19116347446
7.21146061003
7.23434796418
7.25994746756
7.28966703378
7.31489771547
7.35112660507
7.41227494862
7.47780833009
7.60813582854
7.65762214158
7.76567156005
7.87101242272
7.96245834225
7.99873020006
8.04691323885
8.04983814661
8.05434410975
8.10339560709
8.13296187393
8.17428834265
8.18641317656
8.29397002597
8.3341358387
8.36687847369
8.48209530939
8.57186573334
8.60433026965
8.92468526831
9.0395595485
9.06446719826
9.19032230287
9.23765131927
9.36165053155
9.41381584281
9.43445178644
9.66358559408
15.5411509322
72
