6.00959834179
6.02557174324
6.76556865681
6.77410956009
6.80400926344
6.80776762196
6.8180968687
6.85374831614
6.9622545036
6.99912926162
9.09385403468
9.15713508711
9.26711739453
9.2976355739
9.40008494112
9.40470540063
9.43589572355
9.48286479673
9.51530056885
9.53532235179
9.622441776
9.67502315802
9.70493405671
9.75282567024
9.77981367809
9.9285482606
9.96489008931
9.99526940524
10.0587283473
10.120907656
10.2718537361
10.2822038693
10.4061037277
10.5132854345
10.5352867298
10.6004993659
10.6520807754
10.6622436865
10.8106487185
10.8860153308
11.4949006678
11.6941539814
11.8209434921
12.0727722359
12.0834249503
12.2252554745
12.2964006636
12.358901752
12.6027010808
12.7921954432
12.9598248185
13.7449746135
14.1005697743
14.3372870547
14.5204971635
55
