6.00515039967
6.0202370384
6.03487321944
6.04212628394
6.04489721941
6.05722369962
6.07706835462
6.09970729887
6.11092582641
6.11929549302
6.12569017832
6.12829832197
6.15785369386
6.17753772005
6.18756233644
6.20577015975
6.22094320921
6.23574045693
6.23825379758
6.25206648285
6.27592353731
6.29731776186
6.3207078504
6.33611722905
6.35469629683
6.35601407652
6.36303774237
6.37394152298
6.38432893707
6.39158085512
6.41369792826
6.43320620567
6.44658629399
6.47299611641
6.56106309822
6.75031088419
6.78080332819
6.7875490061
6.78935412677
6.80140776614
6.810565556
6.829215625
6.86670489872
6.93622359321
6.99265321686
7.02553480144
7.06444983551
7.07405283396
7.10820489064
7.11357411143
7.15697659275
7.30497790634
7.36820938064
7.37900515434
7.41987760243
7.42774566598
7.60136408918
7.63934516091
7.68901957096
7.71478980866
7.74441163422
7.79959671319
7.83708428119
7.86221261599
7.92486830035
7.95410369131
8.06896294262
8.11287807502
8.13377967517
8.15895959754
8.21821748945
8.23736163117
8.34171318374
8.423842936
8.4970442706
8.5235481303
8.66636586026
8.70332697717
8.74783649445
8.86894490817
8.90390865026
9.0185451132
9.07203501681
9.66210066926
9.68386707964
9.74437286375
9.83177109253
10.1375340311
10.3596143241
10.3760825605
10.4247232995
10.546403851
10.6088310564
10.7604725933
10.7894166986
10.9559099345
11.0064821863
11.0667305442
11.2269845617
11.450129094
11.581363947
11.6967417189
11.7795550218
11.8633343329
12.0272817146
12.1329180884
12.3171048639
12.3244750778
12.3443062862
12.4809990234
12.6674319341
12.7612078372
13.2654205684
13.4955343683
13.5795147961
13.8419016688
14.0421032872
14.2548796163
14.3578561326
14.5556367454
120
