6.00829508358
6.00921383232
6.01636754045
6.02287373494
6.02607764881
6.03653653505
6.04979912216
6.07484535286
6.08740463568
6.09393596633
6.10710338499
6.16368478943
6.17191505415
6.17753979988
6.21469039636
6.25357729923
6.26320725322
6.27228137324
6.30686514301
6.3223487228
6.3301620815
6.37162708183
6.37286641168
6.39353325668
6.4198982352
6.44372494769
6.44475172774
6.47743824802
6.48671581562
6.4931916933
6.49621701174
6.54428423397
6.5655851972
6.57156948707
6.5731736671
6.60022581256
6.64007848591
6.64818334764
6.69848683217
6.71363457944
6.72300662806
6.72534593539
6.73405048226
6.76237309987
6.77691374403
6.80106735763
6.9564481422
7.00432539886
7.01962874502
7.0307355274
7.13215943019
7.14874132867
7.18045347695
7.2258560728
7.23487319485
7.27656882524
7.29389533265
7.36642308252
7.37175520774
7.43802133811
7.45512414352
7.46623343243
7.55331933082
7.57822722747
7.60377273432
7.64273584257
7.68561895713
7.70873616677
7.74848789984
7.77621504991
7.8199851196
7.87408551369
7.90041229378
7.94230734235
7.97126077209
7.99669013366
8.05630696109
8.0980127311
8.18488277805
8.21551543337
8.29332193341
8.35788129877
8.36208140536
8.40229973719
8.54281596726
8.61722318503
8.68873733347
8.72350328899
8.81469572064
8.90026998564
8.96614963959
9.09474626456
9.15558692356
9.19709511985
9.71229708571
9.79299871347
9.82813387273
9.86053762898
9.89617732045
9.94773101283
10.1161307849
10.1623823182
10.1904103387
10.2228903675
10.2434882637
10.2711584787
10.293476892
10.3609410892
10.4362446618
10.4685206407
10.537683465
10.6519073066
10.6932525166
10.824765512
10.8971768775
10.942915111
11.0290699376
11.7740375754
11.8322630092
11.9551302312
12.0073821524
12.0490114255
12.1068136433
12.1382006353
12.5114370212
12.5290843259
12.59699294
12.747538296
12.8648968688
12.9562471377
13.022562669
13.032724961
13.1277981983
13.2733088558
13.4195231673
13.5597399883
13.7989050802
13.9131909974
14.2025164313
14.3376354278
14.4203161371
14.9673895883
142
