6.00150766205
6.03321481179
6.04299038075
6.05099507983
6.06186755165
6.08464405106
6.10738059273
6.11822937964
6.12516637921
6.13191546071
6.19016847157
6.19130298013
6.20401153745
6.211882771
6.21696110685
6.73944505787
6.75486638424
6.78368715406
6.79196849739
6.8307541688
6.85963905529
6.87600049462
6.88959179195
6.93243453767
6.94949877981
6.95702811683
7.0794535053
7.11241513617
7.15813040523
7.16108231289
7.36309034795
7.39625412297
7.50198756828
7.51497062696
7.53034461192
7.60562671794
7.64078079166
7.69178122251
7.76293919696
7.78845860883
7.83085553214
7.87465891691
7.95819924586
8.01586790988
8.03484520832
8.11796070548
9.16556023531
9.18671096852
9.29998469943
9.41020234197
9.46731196622
9.52473458923
9.62819330929
9.64786495282
9.68059579895
9.7586005538
9.83611716223
9.92350863064
9.99426115831
10.0568835009
10.0648347244
10.1774966931
10.2058619951
10.2966821233
10.3407725782
10.3852896071
10.4222770661
10.4754274545
10.5158337097
10.5701581671
10.7973379572
10.8073577283
10.8551267018
10.9080741226
10.9611667993
11.0314271836
11.1396735013
11.224659354
11.2593329577
11.4651043128
11.510096664
11.7856466778
11.9512421304
12.0292301844
12.28507297
12.3233651401
12.3396619244
12.3976635242
12.7524083573
12.8612435252
12.8783818205
12.9524479334
12.9650300106
13.1833980657
13.2705847778
13.4047004716
13.5171975091
13.7794255069
14.0069863147
26.1077480618
100
