6.00410946589
6.02175636713
6.03234315075
6.04043942811
6.04771227223
6.06238943362
6.08029894808
6.09580007238
6.11992386366
6.13324696876
6.18688816112
6.18926346959
6.20130472221
6.58732346731
6.60828603802
6.64023969479
6.69089128481
6.70182438975
6.73275683359
6.75415333188
6.76752684431
6.77159331739
6.81157885811
6.83055732839
6.85665502633
6.87902823677
6.93654649798
7.0131199369
7.01695073788
7.04667258496
7.06570622882
7.09019078865
7.11728900753
7.13353728348
7.14029471056
7.16788534537
7.17691756633
7.21092802911
7.25794661297
7.3020801778
7.32151958811
7.35324427508
7.38034007344
7.4001595221
7.44641442622
7.45517210948
7.48724602889
8.85143976195
8.87976074923
8.90502358529
8.96715277468
9.13305607288
9.2436994615
9.43730661201
9.5346157618
9.59864894204
9.70491087045
9.79082487101
9.82985608869
10.0612840694
10.7686671407
10.8393888924
10.8726532809
10.9369309543
11.0849505325
11.1721026469
11.1786973986
11.2835916349
11.3698766101
11.4506596982
11.6158685897
11.6907201232
11.7889504644
11.9391961294
12.0586888351
12.1963964059
12.3218439301
12.3841826667
12.4366037372
12.8223533757
15.5269625546
81
