6.06043333919
6.068825622
6.07661018008
6.08796643542
6.09896277934
6.10046761621
6.1062288736
6.11273849329
6.12482883112
6.13343063499
6.15656944083
6.26898343433
6.27663002054
6.2960191352
6.32836528405
6.33581953479
6.33736001233
6.34332409428
6.3609160895
6.3636215106
6.38158899125
6.3830556996
6.4008384585
6.40599726199
6.41060054552
6.41972579042
6.46724554452
6.49951221962
6.52477398848
6.57286941525
6.58319084366
6.59188898621
6.59993592302
6.61223073233
6.67424118409
6.69920660011
6.71884897071
6.73994847465
6.77274408622
6.78158745533
6.79590955656
6.82793528634
6.84251675124
6.84448880243
6.86412385398
6.97197387563
7.22416004477
7.23396435978
7.23651858695
7.32187245288
7.33770203575
7.35451079809
7.39618300935
7.47532895086
7.48927091142
7.50554878189
7.51970300279
7.57699212817
7.58068262263
7.63217061563
7.63809083382
7.64878594785
7.66791064814
7.68074598908
7.70254390535
7.96771752227
7.99895128507
8.00420188618
8.04304709201
8.06695718472
8.12243878387
8.14690102979
8.15935609381
8.16744795974
11.1016127541
11.1783740196
16.4656990491
77
