6.00406211899
6.00678356899
6.01333106481
6.01424123947
6.05378448091
6.06753501017
6.06954379338
6.07965188104
6.08722112795
6.09281692521
6.18196601348
6.20251677935
6.2068363993
6.2238873282
6.23465121366
6.24177489196
6.25332591129
6.27454254529
6.28255496523
6.31312115666
6.32553871254
6.34871130756
6.36077608456
6.39788531477
6.41045864254
6.95024800794
6.98496689702
7.00243300964
7.03903698892
7.06228149762
7.18893720551
7.21875417183
7.2761534385
7.33591861829
7.37385825635
7.39244471015
7.40370607533
7.41868723388
7.47736202935
7.49191023546
7.54257724281
7.5756192032
7.59690709574
7.6109141548
7.73629142609
7.7688260851
7.79083798753
7.86033072062
7.88638518339
7.89797001565
7.95163617252
8.24804390109
8.30049383938
8.34217545561
8.36979637203
8.42835065755
8.45577017929
8.61726203361
8.82971554833
8.83313320002
8.8882433773
9.31395560974
9.36443068334
9.45850487181
9.59124467016
9.60300507548
9.66681894175
9.71921530896
9.76545496598
9.85515513576
9.97151325986
10.0853652912
10.1596242358
10.1961330399
10.2398860006
10.3320479406
11.1816688013
11.2815067324
11.5049929606
11.8096950103
11.9377670962
11.9612035346
11.9711782014
11.9789221704
12.2074114211
12.3426331772
13.3086563421
13.5933421515
13.8480699052
13.8669010379
13.9115734388
14.130626548
14.1465346674
14.3362025119
14.9291535477
95
