6.00743900519
6.03251327949
6.03541277989
6.05599688191
6.05740172713
6.05841871838
6.06094572742
6.0728222712
6.07722928171
6.08462942024
6.09218074948
6.09660056727
6.11031926362
6.1288940328
6.14886073909
6.2403784532
6.26025502854
6.28729118468
6.30342363886
6.31211250892
6.32144644623
6.32334290969
6.32574039498
6.35040609627
6.40443071988
6.4303250069
6.44085031565
6.46215290234
6.46436735589
6.48086669869
6.49002086885
6.55948574654
6.60510077653
6.61945035648
6.63125237281
6.63301347396
6.63500469385
6.6983086572
6.73608152517
6.75697049158
6.81385905706
6.82543338436
6.86276781379
6.89149206263
6.97045316887
7.01976657956
7.02283574844
7.0463458406
7.06010322314
7.08139156701
7.0962957649
7.13599615062
7.28997911917
7.3074736021
7.32009390476
7.56035639404
7.61900193788
7.64500197822
7.67587773275
7.74438892646
7.78573502642
7.81064334294
7.84449177398
7.84710074213
7.86448430083
7.90087291493
7.92319026576
7.95792922319
8.03278024471
8.04664153456
8.06390215922
8.09341932002
8.11845238949
8.1383086301
8.16254743766
8.22495226605
9.18103391325
9.27735962731
9.34968803282
9.45503064157
9.47899540485
9.75281209621
9.78230450938
9.86023075656
9.95804249167
10.0067723172
10.047081937
10.3156428614
10.3847726948
10.4790313714
10.5945875156
10.6625209012
10.8209136001
10.9959278943
11.1658084577
11.2393345044
11.3844830121
11.4610383888
11.5560975443
11.6067811985
11.6473232339
12.0130425143
12.1904948624
12.3728402538
12.5097019067
12.6056125521
12.8608248759
13.1342476107
13.3131025646
13.5122290046
13.6188058745
16.1450228167
112
