6.05326174823
6.05613815977
6.06883778579
6.076119875
6.12943890605
6.82371506628
6.84052775081
6.91433046072
6.96085145415
7.01026228274
7.05055832531
7.08906601504
7.1237678598
7.14696282034
7.17077800133
7.19527047158
7.21130490666
7.24929954315
7.48580108334
7.50547348798
7.52505480766
7.54259765887
7.57880229824
7.59792603494
7.71794359115
7.77566907095
7.80007595433
7.85608207227
8.06362061977
8.32486814405
8.35576582583
8.40011443565
8.63133515644
8.98239798157
9.03133448899
9.03554614259
9.11145134946
9.40318134271
9.43687225155
9.46806740134
9.52225912566
9.57132497407
9.58789824482
9.6061580149
9.71568754523
9.73617921059
9.8199425044
9.88972859391
9.90724488804
9.96738433343
9.98842611617
10.0129276606
10.043433713
10.1223269897
10.229702573
10.3459357633
10.4529511926
10.5266396806
10.5458134299
10.6172413704
10.661343979
11.833087883
11.985325517
12.0749511831
12.2000286789
12.3725467471
12.527835479
12.8406587148
12.9151799991
12.9877384361
13.1406884816
13.3172765676
13.4297478162
13.5258444763
23.2858009526
75
