6.00279691706
6.02332503814
6.03040368935
6.03125279733
6.05092696015
6.06685099707
6.08085105877
6.18397168271
6.20146592501
6.23469282934
6.2423470753
6.28635429617
6.29222373176
6.29767504542
6.30746078573
6.31230321454
6.31343205213
6.33177022082
6.33999103111
6.35420601505
6.37481842883
6.38267466251
6.40155362133
6.49199807574
6.51107291447
6.51681639353
6.53936912208
6.54367842439
6.55291173126
6.56371866711
6.57992107002
6.63189232428
6.64545754408
6.64828320375
6.71293190865
7.82894828748
7.87127828238
7.90644488424
7.9561729842
8.02016865615
8.03022726184
8.0631032611
8.08917004596
10.1288784491
10.1743582804
10.2203704377
10.2404487436
10.2870485662
10.3019270521
10.3854541213
10.4273173463
10.5064695164
10.5830831154
11.4118719842
11.5477343057
11.9517316737
12.0401251171
12.2826167889
12.3638120053
12.5852930428
12.6976615637
15.3637794873
62
