6.005003123
6.0483072755
6.06371361126
6.07673661166
6.09105695846
6.10135418022
6.11947499773
6.18747240811
6.20369907966
6.20844353097
6.21490222976
6.24775372493
6.28782997491
6.30906991239
6.32209042525
6.34707439051
6.35886436209
6.3647481109
6.38876575262
6.39845416958
6.42430443115
6.44604652053
6.45838144524
6.46955962742
6.48817259225
6.50419088464
6.52043194467
6.54807181212
6.56312843313
6.58334433437
6.59886106183
6.65273624518
6.69823922813
6.72639510591
6.74336817029
6.76423991853
6.78347424863
6.79304835567
6.84623281212
6.86610351362
6.88244549159
6.94885049731
6.97363954397
7.01814033861
7.04503359581
7.06317623363
7.11786818615
7.12358790501
7.1273261533
7.1455771229
7.16415535317
7.16981159808
7.21187599982
7.2441862741
7.25770834167
7.27188448317
7.29606758728
7.38507935452
7.40927055055
7.53034925711
7.55025113937
7.56572556738
7.79291661217
7.84517083761
7.94927167239
8.12912547184
8.17439617248
8.18448902317
8.21897692042
8.23554875757
8.29006185712
8.34411633085
8.39421722904
8.4011145233
8.47863771628
8.50531867278
8.60392134255
8.64918436106
8.70629527137
8.76316066464
8.81883252433
8.83714755296
9.06279765806
9.16486652933
9.19750552749
9.23356135983
9.29777156241
9.30487015292
9.34264957568
9.4517626231
9.49949365119
9.55501636704
9.55967543864
9.59244229648
9.68637666953
9.76617489304
9.87606479752
9.94104964056
10.0998224093
10.1455198734
10.1526381975
10.1785207541
10.4992449794
10.5606756962
10.6533000005
10.8077663484
10.9764492067
10.9935554646
11.1532573651
11.3156712374
11.3688684743
11.7408272262
11.9963653325
12.0655256988
12.1831536541
12.2335582021
12.3207638999
12.375585197
12.4924527962
12.52251556
12.7228499142
12.8539003495
13.1140379242
13.1584183254
13.322903892
13.401716967
13.664171736
13.7893735639
15.3073524458
129
