6.03310585515
6.03863706191
6.15246000705
6.15896274209
6.16677473314
6.1688362118
6.17165684303
6.17800075837
6.18434787537
6.19579481268
6.21500208769
6.22917919808
6.24879521825
6.29541700347
6.30212713765
6.30381876724
6.32403528416
6.3357951023
6.35253517765
6.36555270637
6.3754019451
6.41543820713
6.41982447877
6.42805919633
6.45333248734
6.48263820829
6.49818404906
6.49995096501
6.51832153658
6.54090012009
6.54661140548
6.56423265433
6.56649856868
6.57838526592
6.59951903373
6.62936412241
6.63745377377
6.64042286434
6.65200325078
6.68132111577
6.68278784112
6.69564502271
6.7746086729
6.86803428152
6.89349898188
6.89494393169
6.92047464202
6.93755000432
7.008270426
7.04398365437
7.07997897555
7.10400971343
7.13397361996
7.23607516686
7.2439509146
7.28980643187
7.30533917433
7.32890883803
7.35483635881
7.37893084053
7.42133358716
7.4531355656
7.54148961766
7.62548174354
7.6902824881
7.78360445311
9.60879208383
9.6137994427
9.7259154102
12.4267654772
12.6418521912
12.8612154732
12.9545474333
16.1435356467
74
