6.01212278503
6.02021389819
6.03102575379
6.03220951762
6.03613534795
6.05585245901
6.05749412999
6.06770145734
6.0836071437
6.10721242973
6.10801554381
6.12162710896
6.13437041745
6.13503599785
6.15136706602
6.15890244823
6.16903529103
6.18581943665
6.19343990999
6.30529850711
6.45470197148
6.46643575519
6.48078837703
6.50180713125
6.53878951439
6.56852765471
6.61032847903
6.62058418134
6.64161928328
6.65150506836
6.7394042962
6.9596620084
6.96901289001
6.9776216073
6.99722802582
7.04360587229
7.06930181889
7.09665013054
7.14036194588
7.17372357761
7.20537531879
7.2203955874
7.23357401358
7.28283738261
7.32419679865
7.35871324429
7.414338663
7.4441178481
7.44739380641
7.49767046048
7.56994092293
7.69657713221
7.76297915136
7.87852739152
7.91118199917
8.10091439246
8.21732669496
8.2614164615
8.26510462875
8.34393794867
8.87283651892
8.92425527013
8.96480940054
8.97066056946
9.00431241185
9.00996563568
9.12666759941
9.39429889625
9.40750261071
9.46843379566
9.5274548182
9.61490509454
9.97378025913
9.99217562484
10.0392322274
10.0965788625
10.1539789568
10.5173143932
10.8714063609
11.0034558713
11.2633268728
11.5700768414
11.6376085318
11.689449078
11.7905049197
11.9109810752
11.9669099214
12.1227612402
12.3489270981
12.4336136501
12.4635089086
12.5747628056
12.8038865093
12.9566833314
13.0569227054
13.0772318873
13.2370505614
13.3443767198
13.4540709335
29.3131346028
100
