6.01044080813
6.01156407248
6.01743786758
6.0344376494
6.04097896168
6.04388902163
6.06869975327
6.07845421823
6.09414731462
6.09503378796
6.11507379293
6.12170885611
6.13897041746
6.14545834294
6.1527011551
6.16987869333
6.17420931513
6.17558520462
6.19462909569
6.2125366784
6.22186877578
6.23021021211
6.23682145527
6.24492051519
6.26685485521
6.27943674374
6.28118353483
6.30198278033
6.33087979371
6.33224431885
6.34429935264
6.37549927667
6.3769199179
6.41999763024
6.42713686841
6.45732472687
6.49926269504
6.54809000462
6.57235208583
6.58247088076
6.60476892563
6.61298724769
6.65640585853
6.67182606704
6.68926800065
6.69696696309
6.71769140693
6.7223725516
6.7941643383
6.82097754417
6.83551816639
6.84543723881
6.85487474345
6.86985141015
6.89681979585
6.92701941312
6.94210233447
6.9992875507
7.07312897613
7.1171481837
7.1397611681
7.39526516721
8.19283518162
8.48273727122
8.54835497441
8.60669901754
8.61821664412
8.64742266179
8.68002804555
8.69245697921
8.78374406434
8.81133813099
8.88939636658
8.9358974405
8.95769930307
9.04450685056
9.09117829755
9.09672390164
9.10837186234
9.16394727497
9.19253281673
9.21962591466
9.25813216085
9.33554985689
9.40714088144
9.49147954178
9.5635713364
9.61873506654
9.6717400956
9.71562023695
9.74450113245
9.75056054266
9.85679797987
10.0004830651
10.0670758261
10.3175587041
10.4050498174
10.512310922
11.2608414272
11.3015880742
11.5524297225
11.6300982382
11.721947675
11.7974229483
11.8662154833
12.2169294257
12.3976653138
12.4652460098
12.5242431373
37.6347785801
110
