6.00454938756
6.01458298339
6.03074054844
6.0439199347
6.07654861922
6.09413155491
6.11391763553
6.12256207497
6.12404384157
6.12674030538
6.13516644696
6.1428722704
6.14394927836
6.16032160649
6.16803512969
6.17596123891
6.19850469995
6.20297950925
6.21822354435
6.24421529351
6.39351660419
6.41303386309
6.41465291107
6.42514096639
6.44939844257
6.47363685503
6.48252725866
6.48498786718
6.51540732688
6.54637609297
6.55658323684
6.57763643867
6.59875293506
6.61783594507
6.6399709177
6.65267080048
6.66056181327
6.66333048784
6.66472242981
6.67291763838
6.67795886104
6.69915626909
6.71586540162
6.72830930408
6.73066505498
6.75356999597
6.7582972395
6.83813264705
6.90395292577
6.91588375144
6.93513509094
6.97256951019
7.00618769681
7.0563944122
7.09593426124
7.13173261758
7.1766920107
7.18068968363
7.18864520312
7.21597206997
10.2031046777
10.2687759643
10.3822976783
10.4407819416
14.6476972191
65
