6.00639065036
6.01697616424
6.03370659881
6.04318452376
6.04970592747
6.06223405068
6.07055995379
6.07687925281
6.08447436487
6.09067828683
6.09522195883
6.12417049872
6.13694533436
6.14489163703
6.17129557528
6.17597939549
6.19416456643
6.20306400415
6.21148147704
6.23296807269
6.23894461848
6.29498023146
6.30267750364
6.31150423007
6.33040443534
6.3499296588
6.35901701934
6.36474188583
6.37586248706
6.38886833563
6.43976276938
6.44888425665
6.47857947558
6.48541517046
6.4903007641
6.51648557417
6.52750139833
6.56426114257
6.60766243264
6.62644874871
6.63394849822
6.63744452139
6.69821944346
6.72478443804
6.79899223067
6.80938592221
6.83552456425
6.88000992232
6.89846811477
6.93357773799
6.99009792554
7.03198794086
7.05816701485
7.07841350102
7.09696000661
7.11255831924
7.13427485797
7.14311369623
8.05065592238
8.08358773764
8.129115474
8.16817208031
8.18945964962
8.26409273402
8.33413534074
8.40399428532
8.4296737517
8.60760659828
8.65001473431
8.69107167895
8.72891106487
8.78164274375
8.83804581415
8.87357211951
8.89869310861
8.92647286114
9.00560225842
9.13314568542
9.15094022933
9.1817837086
9.19453291621
9.33241259322
9.3655387545
9.40428274035
9.49708337153
9.62298295107
9.66507908635
9.7293379763
9.79705519632
9.80468886551
10.2581032845
10.4364713978
10.4727123886
13.4258859976
13.4811942605
13.7766353829
13.8446569952
14.0298429961
18.5649056676
99
