6.0091594523
6.02213499905
6.02455314894
6.02979149415
6.03964384335
6.07722756163
6.09097891971
6.09925505412
6.11430368774
6.13240382252
6.1469734128
6.15626518671
6.17490288591
6.19309886588
6.20083635053
6.20277001228
6.22055884249
6.22305242437
6.23425918415
6.36502853463
6.36605139643
6.37554007745
6.39553678871
6.40989357349
6.42439401372
6.45671585155
6.45781911968
6.51038580068
6.5189144037
6.53370884911
6.5355491037
6.57394804654
6.58793635385
7.40716870816
7.49744358187
7.53526224683
7.60336077765
7.62730167956
7.65711674027
7.7094196285
7.76097588097
7.79037536727
7.84463345141
7.86030773005
7.90547815912
7.93267410689
7.99437553689
8.01686348482
8.05679438948
8.10078483525
8.14062819828
8.28648889119
8.33469638021
8.40070601045
8.43972141424
8.62346438533
8.62776799231
8.68017519157
8.75149312244
8.83979632828
8.91572843123
8.96037977434
9.0408188284
9.10805899326
9.36847552175
9.4035447851
9.64779745823
9.72796633122
9.74038384898
9.85478192816
9.89058956333
9.91858996309
10.022082501
10.6409235395
10.7609317069
10.8850020008
10.9519213088
10.960304954
11.0090953687
11.1238567533
11.237172586
11.2538722293
11.353618787
11.8551555138
11.9040810985
11.966852932
12.2934020912
12.3285454562
12.371321438
12.4443747602
12.5336171608
12.7018647219
12.9149808307
13.1246057862
13.7335389447
13.7861097234
14.0704743607
14.2104968388
14.6742336744
99
