0.743125
0.939050
1.112875
1.506475
2.742300
3.138675
4.635200
5.538100
5.751100
5.812900
7.200525
8.154425
8.462575
9.076950
10.509200
10.645075
10.704025
11.080875
11.199750
11.953150
12.573975
13.014950
13.410775
13.452525
13.602450
13.783650
14.338675
14.401200
15.053000
15.612875
16.385425
16.688650
17.351475
17.411325
18.469900
18.923625
18.935625
19.072100
20.687075
21.292850
21.708150
21.719550
22.336200
23.436275
24.311150
24.815150
24.856025
25.351350
27.889775
28.255650
28.590025
30.034525
30.065900
30.145775
30.727100
31.687050
32.532525
33.983700
35.027775
35.158500
35.894550
61
