0.607275
0.671900
0.736975
0.922775
2.106375
2.131050
2.592500
2.722350
3.767275
4.819325
4.902050
5.428125
5.520950
6.047250
6.266150
7.015525
7.779200
8.576500
9.239550
11.647150
14.056525
14.209450
16.578225
16.971950
17.385800
18.236525
18.296875
19.177625
19.307075
19.460000
19.945800
20.023350
22.580575
23.175675
23.425150
23.841175
23.864525
25.292175
26.295025
26.742475
28.119225
29.602050
29.697575
29.722275
29.858825
30.116300
30.923275
30.941125
31.322200
31.363100
31.384850
31.598825
32.793375
35.571775
54
