0.129500
0.984225
2.056975
2.429650
2.596050
3.293025
3.706950
4.040425
4.202650
5.374450
6.060650
7.380525
7.653975
7.817800
9.447350
10.220425
11.627175
11.649700
11.766750
11.964425
12.205400
12.453400
12.793200
12.831725
12.874800
13.886900
14.073175
14.190925
15.675775
16.227325
16.303000
18.374550
18.430375
18.482675
18.911975
19.849925
20.136250
21.329300
21.350550
21.629600
22.406250
24.341575
25.659925
25.877950
26.425625
26.675900
26.884075
27.019100
27.856775
28.231475
28.745975
30.255275
30.327325
31.413350
32.102075
32.343450
32.926975
33.731875
34.139475
34.496250
34.955300
61
