0.455875
0.612125
0.697575
1.256700
1.878500
2.053175
2.375625
3.492450
4.647325
5.480150
5.587450
8.403600
10.047900
10.078875
10.101250
10.147450
10.359675
10.778050
11.272900
11.788750
11.968325
12.430650
12.446800
12.523950
13.230525
13.347125
14.933600
15.256700
16.659200
17.191600
17.700325
18.252050
18.389850
20.301250
20.493375
22.281025
24.353475
24.569350
25.455725
25.768625
26.573350
27.324900
27.761700
27.811850
28.099400
28.140300
29.896600
30.488325
30.619725
31.044950
32.613350
33.210475
35.613525
53
