1.781825
1.986975
3.085300
3.203075
3.664250
4.205825
5.467175
5.628075
6.385750
6.462125
6.850825
7.409475
7.604850
8.863125
9.298200
9.770425
10.221475
10.253275
11.501950
11.781800
11.879750
12.016475
12.068275
13.464625
13.795425
14.960200
14.991000
16.123300
16.143300
16.408100
17.337100
17.921450
18.606150
18.952725
19.664925
20.676725
21.967275
24.296925
24.474925
24.578175
26.006175
26.676575
27.993975
28.093475
28.310150
29.226275
29.272400
29.291275
29.497450
30.319000
30.434750
30.635900
31.111150
32.698800
32.819550
32.967950
33.574875
34.115600
34.221850
34.630275
34.826075
35.079700
35.566825
35.929700
64
