0.569950
1.251200
1.741925
2.762075
3.585975
6.858575
9.133125
9.492025
9.637975
9.800200
11.174275
11.401575
11.788575
12.229975
12.556725
12.863725
13.424675
15.798025
16.543150
16.793450
17.070350
17.468175
17.603050
18.052700
19.052100
20.013125
20.498375
20.960275
21.266150
21.444375
21.823625
22.401425
23.022000
23.986025
24.065750
24.153175
24.495450
26.565250
26.906125
27.184050
27.460000
28.043400
29.275700
31.568425
31.947000
32.303650
32.347575
32.675950
32.944250
33.509475
33.629350
33.941000
34.276100
34.603775
35.993700
55
