0.099150
0.614750
0.727025
1.142450
2.681750
2.858625
3.010075
3.410275
4.798750
4.997775
6.756700
7.425950
7.708250
9.433475
9.544425
9.568100
10.723350
11.139950
12.707150
13.113725
14.461750
15.255750
15.734100
15.842250
16.531150
16.787100
18.710650
18.944575
20.801950
21.982250
22.065625
24.422025
24.565425
24.697625
24.833275
25.754575
26.108750
26.164875
26.339750
26.385475
27.169525
27.484775
27.556175
29.212175
30.745700
30.952775
31.964150
32.202325
32.281200
32.566475
33.144275
33.272650
33.689575
33.815675
34.506600
35.151625
35.671950
35.696850
35.846350
59
