0.371925
0.812750
1.305200
3.999875
4.378100
4.407475
5.099775
5.125375
5.953500
7.441500
7.790050
8.439700
8.568725
9.868025
10.295800
11.735325
13.400100
13.569000
14.149375
14.423825
14.651900
14.696650
15.870225
16.169400
16.894225
17.630125
17.858825
18.336625
19.604075
19.641400
19.669000
19.703425
21.311175
22.293925
22.411825
23.118025
23.960100
24.406275
24.634025
25.061800
25.085975
25.322300
27.379975
27.552850
28.493075
28.659000
29.052075
31.482550
31.585650
31.600350
31.689200
32.000775
33.034275
33.250075
35.495850
55
