0.301400
2.318600
2.612250
2.631500
3.065375
3.151375
4.212950
5.083500
5.655200
6.206375
6.624175
7.624425
9.505525
9.785325
9.957875
12.405025
13.284575
13.856275
14.889800
14.970450
15.664200
16.667200
16.975175
17.010325
17.033300
17.148800
17.284075
17.905700
18.197200
18.583575
20.416425
20.437775
20.688300
21.499975
21.867425
22.608300
22.617825
23.628175
24.699875
24.841425
24.873525
25.503175
25.914500
27.243325
27.977075
28.317300
28.808300
29.063225
29.825900
30.698225
31.788175
32.741650
33.572800
33.886200
54
