0.694625
2.550050
2.758025
2.808900
3.841500
3.882275
4.320075
4.801100
4.978750
6.487675
6.706975
7.641750
7.898675
8.088400
8.350425
8.415225
8.542200
9.616800
12.321950
13.251625
13.276125
13.385900
13.412275
13.645925
13.779425
14.485875
14.656025
15.321900
15.385625
16.275750
17.048250
17.486000
18.066950
18.399000
19.008900
19.014950
19.742475
19.758025
20.009950
20.847150
20.915050
21.471200
21.762200
22.381525
22.426225
23.042875
23.743500
25.232675
25.835425
26.631500
27.032825
28.112825
28.776850
28.889375
29.056625
30.465650
30.985475
31.184525
31.832500
31.953700
32.409800
33.409275
34.038100
63
