0.395025
0.669750
0.784600
1.428350
1.471675
1.517425
3.054050
3.671500
4.281625
6.221375
7.416225
7.459975
7.634050
8.411000
8.532600
8.561900
9.712525
9.972425
10.552475
10.794200
10.835525
11.424425
13.053775
13.382800
13.915050
13.969775
14.156950
15.238050
15.269650
15.478250
18.001600
18.201975
18.423225
18.536925
18.656125
19.539550
19.619600
20.148525
21.174325
21.587550
22.094025
22.314200
23.002775
23.102825
23.935125
24.648750
25.294550
26.121525
27.046750
27.092175
27.385750
27.707500
28.092450
28.777450
29.863775
30.363175
30.734725
31.175725
31.614250
33.190075
34.092550
34.961725
35.235925
63
