6.00741345691
6.01749425358
6.02547697023
6.04141402937
6.05385508538
6.06036088045
6.06605898256
6.07129531896
6.15381093144
6.16101203786
6.1657561198
6.17655520048
6.18359344947
6.18949622709
6.20350810016
6.21468104374
6.2300902271
6.23859076708
6.24745256023
6.26080605307
6.26978650769
6.27363600261
6.2863285506
6.307508805
6.32618440275
6.33231107106
6.34094006541
6.35709371581
6.36625234318
6.38922185044
6.40099671735
6.43845366319
6.45374665552
6.49308437361
6.49960639167
6.52856558418
6.53468102416
6.54953068031
6.5662976068
6.57994713824
6.58749547508
6.63508562061
6.64983855459
6.65614378896
6.66775556326
6.69706795712
6.85054792567
6.87842256371
6.89083710995
6.91877305111
6.93492105385
6.96841937397
6.99060369305
7.02147062722
7.75149107744
7.78664155184
7.80666492866
7.85485643205
7.88356810981
7.91264246311
9.7060972351
9.79802644311
9.86203282758
9.88675894854
9.92625881415
10.0897325828
10.2358853155
10.2795054698
10.3043283311
10.3949224918
10.4345575713
10.5322570892
10.5818485116
10.6547798586
10.7349845668
10.7465437563
10.8149122086
10.890292021
10.9464493912
11.0689951367
11.0814520003
11.1359053564
11.6832074165
11.8176405386
11.9205269384
11.9878861148
12.0604575817
12.3035499125
12.3609070771
12.5312016798
12.6270385083
12.6537484213
12.7240276145
12.7436250361
14.2162259617
14.4931385671
14.7689475488
97
