6.01001122315
6.01418767241
6.01877893413
6.02444705108
6.02881956086
6.0341913665
6.060302501
6.07212259518
6.07557022293
6.08820666756
6.11933687528
6.12779444203
6.14359733026
6.14715563057
6.15818539739
6.1757254474
6.1899895348
6.20137496221
6.20923761118
6.2158241269
6.24676512641
6.259426953
6.31137402135
6.3197702651
6.32880106405
6.3349389495
6.3955366924
6.40759460831
6.45615625914
6.46407146653
6.48554882627
6.49765888583
6.52606527558
6.53668745202
6.55206981995
6.57470513489
6.5817185404
6.62092692796
6.63340052457
6.67219075589
6.67947719701
6.70383606844
6.72258622421
6.74424062579
6.75797823855
6.76930910667
6.80567697974
6.82639288218
6.84025452411
6.87992323638
6.90088040595
6.93810718816
6.94816685856
6.96673211588
7.00690384523
7.05666601088
7.07454346249
7.08567741947
7.09722552433
7.14196888126
7.16165420474
7.202374848
7.24073079585
7.26202064205
7.28063989828
7.29489740171
7.3188340544
7.34685252252
7.39078748007
7.41174823629
7.42253601817
7.44069077513
7.46317710418
7.47943895613
7.52057240692
7.56723488702
7.87685314159
7.89744745661
7.94744633263
7.97729409949
8.01594295472
8.04002428713
8.06490374059
8.09877338509
8.10640672885
8.15317651848
8.16112646136
8.19759939118
8.23531656854
8.29687152207
8.30302671937
8.41768331184
8.44205258523
8.46592324072
8.4763748215
10.8451881946
10.941463658
11.1726321908
11.1951843346
11.2731143672
11.3567457977
11.3962091116
11.410606214
11.6165456279
23.0438908967
105
