6.00482978898
6.01018738374
6.01995266018
6.0302622422
6.04134571582
6.0493975476
6.06184702162
6.06709934612
6.07187036696
6.08230922141
6.08669419254
6.10521633175
6.11699931567
6.12250712118
6.1360968646
6.14281802341
6.15258987911
6.15743756904
6.16159063739
6.18723835179
6.20152404522
6.20933688807
6.21685305657
6.24617646686
6.25530218102
6.25942876315
6.26601026067
6.27519729036
6.29294097351
6.31035908545
6.42625420521
6.43730364211
6.45236025965
6.46511773098
6.47900238986
6.52330167584
6.54837472721
6.62194192421
6.62536559984
6.63281780046
6.64339981415
6.65776774757
6.70050369895
6.7085605626
6.71658057041
6.75156207381
6.75652717344
6.76936169439
6.79485254706
6.81362708234
6.85041983962
6.86485038209
6.88377194596
6.93267450683
6.96585924189
7.07985303471
7.08590808682
7.11900604015
7.1298876042
7.14401628263
7.18484543103
7.20065859151
7.23357750037
7.25130606215
7.27172385027
7.38799032583
7.41365868706
7.43701477908
7.4648211127
7.49141280072
7.52698962853
7.5774441071
7.58334849649
7.5970999065
7.65709182173
7.68742419903
7.69912587722
7.73776207274
7.76561920874
7.8774963667
7.89264264832
7.90188284017
7.94805655117
7.96882872973
8.0308293471
8.08515842544
8.17500681642
8.20950135043
8.27377868329
8.33506279865
8.3793632697
8.38289484892
8.44911868003
8.50433031019
8.54686513727
8.61283467983
8.61669554895
8.78752779582
8.80222468594
8.96597807661
9.06917119123
9.13150499474
9.14280755127
9.21787817895
9.24381032015
9.3189232722
9.35752563207
9.38088670014
9.46195438284
9.59990768029
9.63456732773
9.69785634705
9.81853461717
10.7008391692
10.7110567077
10.8934191499
11.0314700213
11.1757893436
11.1987222162
11.2394959725
11.2743504145
11.3128718988
11.5117351863
11.5735267336
11.5868241343
11.7145657624
12.1761349457
12.2450424146
12.4978258391
13.944604669
14.0721352605
14.094430731
15.1959154388
133
