6.00429870225
6.01081367811
6.02230196782
6.03078040644
6.04095188474
6.0513763966
6.06600815036
6.07249450028
6.08550559391
6.08912136401
6.09642906566
6.11063210928
6.12410000778
6.13394598634
6.14648337873
6.15154847053
6.16220587581
6.19677379648
6.20072608479
6.2042637122
6.2122410061
6.22018806067
6.22724891559
6.23326300543
6.24056354836
6.25073701182
6.25807805644
6.27870079466
6.29930681389
6.31019171817
6.33368064592
6.33817861957
6.41031242157
6.42387873189
6.43176808371
6.44870196157
6.45806630148
6.47973586274
6.49178356603
6.50720894342
6.64457546778
6.65870214115
6.66518320606
6.67741964177
6.69425007396
6.71170648761
6.73331294838
6.75096678403
6.76505449627
6.78157775567
6.78557095982
6.81937123605
6.84092400005
6.84826637366
6.85187744298
6.9274806766
6.95494615319
6.96971801237
6.98026526495
7.05835097396
7.0938721384
7.12103158452
7.14777757629
7.18862194721
7.20089147428
7.21780985382
7.22877499198
7.25205927435
7.28228544918
7.31096027579
7.35052829942
7.35609428175
7.39558954141
7.42037113718
7.4409344722
7.44896113779
7.57216047232
7.60230837171
7.66061203551
7.688108494
7.71452786012
8.01403667269
8.04368775568
8.05397274055
8.11493223169
8.14003870943
10.5657209458
10.6118573175
10.6951572824
10.7139675212
10.7622729892
10.7728896278
10.9130540942
10.9514808593
10.9954452977
11.0200440828
11.0662487497
11.1475795808
11.4489126605
11.5733535453
11.7955651221
11.846566127
12.0621080757
12.1428096831
12.2367839059
12.4359304058
12.4985155037
12.5748398288
12.7305408005
12.8065307778
13.0964995226
13.2879530657
13.3258737707
13.4433578841
13.5211465598
13.7010511212
13.8820205076
14.052598198
14.1543894447
14.6008760309
120
