6.00967117622
6.01501509577
6.01920708889
6.02891357437
6.03725249399
6.04689662978
6.06628338479
6.07760052714
6.08532210657
6.08950499878
6.10819325551
6.12199265289
6.12595614727
6.13306917555
6.14305930586
6.15380865726
6.16209698113
6.17622686859
6.18136001792
6.18918896406
6.19400164606
6.1975975182
6.2026844158
6.20646755784
6.21465044438
6.21867072905
6.22679134446
6.2362045137
6.24140687463
6.24569607375
6.2526726019
6.30788826074
6.32010253485
6.33083305809
6.34065742674
6.34765786593
6.37186685391
6.37736964724
6.48932024925
6.50518964329
6.51051097555
6.53001000644
6.54407757752
6.56721803295
6.57926922978
6.60599348285
6.61398673821
6.63564470242
6.64325344484
6.64739239336
6.65566795604
6.67170169538
6.68165537106
6.68913169375
6.71746337181
6.7445479286
6.76551026305
6.78692484994
6.80722747773
6.83675655772
6.86328586212
7.05185234199
7.10805219449
7.11287779971
7.12985388578
7.15002493818
7.20423349066
7.2106879706
7.32309134925
7.42644112883
7.4490906848
7.48784392878
7.52147532079
7.56328633125
7.86753173916
7.88222052715
7.90833168629
7.97074847818
8.00483461272
8.05413409307
8.12293311486
8.12804788087
8.156278977
8.21856096915
8.25048798943
8.27325798677
8.28883161672
8.3394426477
8.36649841978
8.43304963454
8.49881354594
8.50520482452
8.51850446433
8.7296631978
8.79163709788
8.81846928481
8.97114673474
9.01181239389
9.04660886417
9.08065679742
9.22755620711
9.27848341727
9.32065251346
10.9167213244
10.9896697288
11.0456857298
11.0879807603
11.1720732514
11.1789535496
11.2554108818
11.3194729883
11.5108452783
11.5251890214
11.6287964735
11.6668789818
11.8810384394
11.9332937774
12.3008553825
12.4440372632
12.6176544534
12.6331455612
12.9188242316
13.0668641901
13.1497357717
13.2705350011
13.5023649655
13.7289428897
13.7901021263
13.8783731581
14.0945100214
14.2827489744
15.1677871367
132
