6.00431562105
6.00792697531
6.01147300483
6.01646451664
6.02661704482
6.04036020759
6.04489537898
6.05075831709
6.05680612719
6.06639282251
6.07401276088
6.08688416607
6.1224705431
6.12597593138
6.13913397596
7.03639262059
7.04650984248
7.06588067467
7.09488263349
7.1159410126
7.13440281056
7.14471549876
7.15258068641
7.17365257072
7.19926401396
7.23130057918
7.25551717267
7.28249527161
7.30452401236
7.35749288143
7.38793343807
7.42259485892
7.4558949019
7.48033927683
7.49674964359
7.53422226578
7.56433919172
7.58817711347
7.60492982635
7.77230856347
7.82652996929
7.89695877541
7.9346241755
8.01068424018
8.03487477004
8.07460968471
8.08627961656
8.15796380845
8.18576571597
8.22145229466
8.2721114589
8.33240863405
8.34904990134
8.36448142741
8.42426828196
8.48259095831
8.52730405302
8.8200334377
8.88399228715
9.17952952043
9.28694909436
9.29313972209
9.2974514007
9.3054084031
9.33434843222
9.38056081931
9.50441795874
9.56585924053
9.6479083447
9.68324265233
9.71252791781
9.77497395173
9.86039233797
9.92009597561
10.1942255727
10.2092834256
10.3208337649
10.3481318094
10.4796129126
10.5658872213
10.6399791705
10.7316757445
10.7478286087
10.9028964752
10.9368329304
11.083861092
11.1784006971
11.3409531575
11.3961706049
11.5844246015
11.7327175501
11.7777340136
11.9935333258
12.2410918905
12.2483045064
12.891944576
12.9210530223
13.0943297479
13.2341489966
13.3749907781
13.6299730815
13.9348960466
14.0395801635
14.2651804216
14.28200192
14.3886025125
14.8219594894
107
