6.01169551368
6.0239519404
6.04427091185
6.04836037883
6.0593327445
6.06420180947
6.07449309859
6.09160150071
6.09554041389
6.10612391291
6.11353689186
6.11763782166
6.12123418566
6.13345866384
6.15834100647
6.16354151715
6.17216676948
6.18352443787
6.19467724719
6.20033270798
6.35938331206
6.3656591088
6.40198524054
6.42436827659
6.43956955322
6.46916166752
6.48772914528
6.51651350343
6.53580327037
6.55303772723
6.57142353988
6.58923379393
6.59867759875
6.60905240561
6.63346145288
6.65987400771
6.67338843254
6.69814795682
6.72330249202
6.75366854109
6.77155210071
6.78662698595
6.83168430525
6.84425401465
6.88473089404
6.89613782299
6.90324964433
6.94000004038
6.95971246589
6.97090514485
6.98258168723
6.99317871788
7.02387513968
7.20483275874
7.23154749428
7.254919285
7.27423307239
7.29535553434
7.31640294464
7.36955667214
7.38844674485
7.411579666
7.43064985812
7.51876364597
7.53498995629
7.54842529691
7.58631318011
7.6290484782
7.63760793231
7.67754980257
7.68677303437
7.69164343627
7.7840507763
7.81013532935
7.81569836851
7.81958960645
7.84845874494
7.88754048484
7.94160597064
8.10445481072
8.13301127093
8.62930890834
8.67966519261
8.70141758523
8.71824057841
8.82065439918
8.83904361817
16.4466239945
88
