6.0068303032
6.01294187784
6.02163064337
6.02694395517
6.03104311896
6.0468675131
6.05135455902
6.0552862236
6.06114509917
6.1360721988
6.14028044632
6.15211732453
6.15861367138
6.1638648752
6.1744870754
6.17833381739
6.18328792043
6.1909591582
6.20820199483
6.21938142172
6.22604017031
6.23151848443
6.24466503732
6.26145639132
6.26732262468
6.27597427868
6.28047413353
6.28684841397
6.30264110927
6.31797577704
6.391067541
6.4146096604
6.42008957538
6.48925762718
6.50477147988
6.57794915155
6.58469171891
6.59040037009
6.61416226041
6.61868281878
6.63578570126
6.64336656191
6.65576920792
6.6728619001
6.71503484861
6.73869776462
7.0784519387
7.10155925974
7.11625821627
7.13696744395
7.3393432824
7.38099705826
7.42075992746
7.48911190472
7.54785786309
7.55718972294
7.59115839869
7.59473550308
7.66168621183
7.70297872591
7.71892203146
7.74822497078
7.81066378693
7.8608744614
7.89022550357
7.92929254964
7.98586131222
7.99497370916
8.02252794243
8.06879887034
8.09318293834
8.1320023057
8.42428700143
9.99375598714
10.0226277531
10.0729180855
10.1495074163
10.2034037723
10.2367536146
10.2592690514
10.3517612345
10.4108765416
10.4590758561
10.4638450359
10.5658765069
10.6555932813
11.0104348767
11.0465629748
11.1971755054
11.2081408372
11.2868329229
11.4310022279
11.4746581527
11.5143547167
11.5539236595
11.5923998649
11.6706729275
11.686666893
11.7007349701
11.7473836617
11.8735431581
11.9498102144
12.047176784
12.2295001126
12.3100032035
12.3678584475
32.2427684087
107
