6.00510719681
6.01691613409
6.02742751597
6.05153990479
6.05727348698
6.06824265965
6.07813356847
6.09019839049
6.10203363259
6.11843477664
6.1281573689
6.13804453663
6.14701558877
6.1621773698
6.18145289838
6.19312397082
6.20317592155
6.20906679648
6.23129520718
6.35309000056
6.36337932108
6.3865168374
6.39161107119
6.42897930491
6.44071608351
6.44934031758
6.4565736595
6.47402538367
6.47913475752
6.50210108768
6.52166399581
6.53212775141
6.55283963725
6.56626303434
6.57664257403
6.60533740283
6.61947704805
6.62705381925
6.6345330458
6.64069959037
6.66101262363
6.66831367379
6.6752457059
6.68739904219
6.71146863184
6.73042828467
6.816499416
6.84237412714
6.86923530331
6.89332882882
6.92259079413
6.93704485968
6.94062067075
6.95399989703
6.97200878922
6.97701317452
7.00663535639
7.07281700622
7.09190026822
9.14500609536
9.18490493807
9.22316204114
9.28297817053
9.30013293982
9.38749493075
9.44774395742
9.49690342648
9.51579449347
9.57156512098
9.60877675673
9.70549897608
9.91704451813
9.93468569636
9.95125371233
9.98719032107
10.0651992523
10.2129148299
10.2680180159
10.3297808262
10.3481167354
10.4386743681
10.5230853366
11.045454289
11.203422541
11.2593047572
11.3990981964
11.5774761375
11.630463527
11.7524717774
11.9483722362
12.4574478843
12.5789255109
12.7145268188
12.9801826709
13.2484007265
13.314285308
13.5035608759
13.6060075369
13.7664234494
13.8681321641
13.9400349576
14.0544174202
14.0801610989
14.1753024683
14.4682560858
14.5372914332
106
