6.01235651457
6.02020088763
6.03122962182
6.03583449461
6.05159693065
6.06013665335
6.07901658734
6.09294503995
6.11875967663
6.12473276182
6.13214391892
6.13618341295
6.13964621272
6.14517685165
6.15299269761
6.17229686159
6.17739322959
6.18793065959
6.19295255999
6.19914902077
6.20521660788
6.21463021301
6.22582110983
6.23982308144
6.24808133323
6.25496690537
6.25933166515
6.26827300941
6.28373268636
6.29698095282
6.30219486276
6.32106029913
6.33326674847
6.34656209927
6.35029460616
6.36371022218
6.37586480507
6.38573358763
6.39285821077
6.39766265004
6.42598063726
6.4335809177
6.44233670922
6.44622349543
6.45535707009
6.4606860862
6.47025589699
6.47750725923
6.50875577773
6.5238091281
6.52806849339
6.53744302613
6.55085008492
6.56869824139
6.58185932231
6.64691729371
6.68701889332
6.71438432453
6.72995000131
6.74861738419
6.7767042117
6.79144444891
6.79819676466
6.81877319532
6.82490328338
6.92370239153
6.92751153021
7.06215461369
7.07100838714
7.09789773573
7.11005950176
7.2206892958
7.26263661126
7.30831975876
7.31552914058
7.33008168173
7.38934389236
7.40731824709
7.4258773608
7.46394960007
7.51941595493
8.01576033318
8.16679296155
8.22887991041
8.24565724872
8.44434374876
8.49916232635
8.55171224806
8.79082955105
8.8414986358
8.90539557362
8.92581498958
8.9574653289
14.6611734286
94
