6.00420145219
6.0089401015
6.01610110284
6.02695912086
6.03099154783
6.04085678877
6.05686852896
6.06472963978
6.07871944266
6.09096443734
6.09546821217
6.10826768489
6.11345267094
6.13073600191
6.14162947309
6.14814456249
6.16163045433
6.17810031031
6.18422905889
6.1891070446
6.20293715675
6.20780332797
6.21330164585
6.2194214045
6.22773875013
6.2441334405
6.2484278622
6.25845905891
6.27512800759
6.28774260651
6.31366782734
6.32865481015
6.33959232147
6.34652454262
6.36197226915
6.37678020122
6.39560321612
6.40317849539
6.41051270084
6.43108180094
6.46627057187
6.47878984853
6.48242275572
6.50985311848
6.52702276868
6.54641933037
6.56947966244
6.57842003791
6.60253120872
6.63677769443
6.65508903641
6.67848058775
6.68829928209
6.70135046001
6.75324326763
6.76360973823
6.78169464599
6.79787475335
6.82332611674
6.83995665735
6.85119564061
6.88533789401
6.94627642482
6.95923931762
6.96772710199
6.9978088403
7.01269345883
7.01833209938
7.03992276125
7.06414909365
7.11184468213
7.1621420326
7.1838215625
7.22512278544
7.25685295632
7.28308272251
7.29592462347
7.309885556
7.33035232624
7.33698195752
7.351441819
7.45602920557
7.54501464761
7.56689876727
7.6279302182
7.68428915233
7.71190303761
7.74379687453
7.75639069317
7.82874884636
7.92379251469
7.98569471569
8.13984970796
8.25580310731
8.26038572567
8.26428151612
8.27051444784
8.28291429671
8.31065548847
8.34613242581
8.37519378869
8.71797521175
8.78592825847
8.88495202188
8.90042686222
8.91317498496
8.94792527943
9.24115344088
9.34978764151
9.48066692006
9.55327672044
9.58955526023
9.59670847169
9.60108117038
9.6407875178
9.69070761793
9.74251956522
9.7540296556
9.83766558755
9.86777900264
10.0968100626
11.3873588531
11.5419502947
11.6718726819
11.9911293417
12.185148943
12.2708611192
12.6014410819
12.7665680212
12.8677149217
51.2353438857
131
