6.0047324556
6.01562738026
6.02099331701
6.03531250986
6.04098548066
6.04442087356
6.05389087762
6.07153978128
6.08034464745
6.08532023822
6.12120905907
6.16324066655
6.16710655166
6.1804949814
6.18869970733
6.20076746215
6.20989021441
6.26360960206
6.26711126587
6.27249730992
6.27607029043
6.28528253752
6.29252894663
6.32229682959
6.33005118901
6.33954821334
6.34583257291
6.37755607066
6.3819868697
6.39877536598
6.63136813045
6.64541309175
6.6544334652
6.65991040579
6.68117996607
6.69534652054
6.71365158025
6.73447795263
6.75213436692
6.78246464617
6.8149708646
6.83742745124
6.88391440783
6.93662193144
6.98006238512
7.01797855104
7.0328151656
7.0521948326
7.06304644659
7.10887989841
7.17856719777
7.26801648349
7.29183820468
8.37141199411
8.41527235646
8.48362398532
8.58673132139
8.69434934198
8.71076339016
8.77972144284
8.80582155587
8.84013363072
8.89022915062
8.96835504541
9.02316499151
9.06335419968
9.13458452466
9.13838553738
9.17337173729
9.2522280954
9.31662856195
9.43072606491
9.43735751748
9.48229373025
9.74560802301
9.84751852091
9.93640892352
10.02323676
10.2745158017
10.3295177783
10.3959425992
10.6519032965
10.7862806239
10.8045650713
10.951398952
10.9591628938
11.0121808786
11.3944010604
11.5971964162
11.7064613636
11.7587139662
11.833091672
11.8780436271
11.9750678222
12.0069376987
12.3416470247
12.3512233885
12.4904258281
12.970769722
13.0670909693
13.4440935786
13.6106902347
13.7589476245
13.9355722263
14.0860972036
14.2757055229
14.6679859128
107
