6.00613442958
6.01641043466
6.04901417262
6.05923200596
6.07771220195
6.08356995465
6.09129753597
6.09936189646
6.10374225066
6.11176958822
6.11694042222
6.12942325222
6.14133182273
6.15150913782
6.15918372963
6.16513297548
6.18241209706
6.21607665527
6.22532040118
6.23328343763
6.24118030103
6.27515160601
6.28119081127
6.28756096274
6.30530823525
6.30880357308
6.32139753074
6.33253378415
6.34775175034
6.3580263411
6.37647891443
6.38664077265
6.39644274347
6.40546975434
6.41207800349
6.41908367146
6.42311459052
6.43206206491
6.44805815798
6.45904310911
6.46973012008
6.48621156979
6.51548666602
6.55145340308
6.5558009412
6.57714496757
6.58933440413
6.60040304283
6.62287925033
6.65407100348
6.67976979555
6.68354123379
6.74380177772
6.7519998259
6.75707228517
6.77212319018
6.77692198334
6.80365452858
6.83902651681
6.85221425281
6.86546374559
6.88495491547
6.8918004932
6.91631123675
6.9439443709
6.98132442766
7.0305364036
7.04639809796
7.04973725215
7.07439124479
7.1044868188
7.12184987054
7.15037959425
7.18409527724
7.1892513007
7.2000358132
7.21758197486
7.22641792757
7.24007256726
7.25695979112
7.27526202118
7.31380435484
7.34781359336
7.36776118668
7.41273402087
7.42837514924
7.44640445265
7.46929843537
7.48303200832
7.52661700133
7.60588399635
7.62785287353
7.63703383602
7.66421591182
7.7199127198
7.84237266782
7.90764867908
7.96977088973
7.9940155606
8.06159151111
8.1077860669
8.16305132206
8.18465379776
8.23113933243
8.28525904834
8.30908554171
8.38652165602
8.40601201914
8.42260822165
8.47660907389
8.54171630887
8.62878857054
8.6833924617
8.72839400191
8.8463565163
8.85316489037
8.99384994942
9.01012199471
9.07461628016
9.14004716777
9.1651275106
9.17468169667
9.21193583726
9.26286534176
9.27775534619
9.32151490782
9.67627294105
9.81637856187
9.91502339871
9.96695935202
10.0908426572
10.2039601077
10.2994050186
10.3788556518
10.7316776297
10.9407691836
16.1636761904
137
