6.00723931118
6.01199614542
6.02221804021
6.02841393092
6.04172572637
6.05344946653
6.06442230546
6.06800896991
6.0756597312
6.08164634658
6.09223867001
6.0960188355
6.10712772536
6.11446107651
6.1181820629
6.1322445177
6.13888420172
6.14538075624
6.15346577496
6.16443855991
6.199399035
6.21414419661
6.2240131626
6.23169496889
6.25081719359
6.25811497957
6.27510072886
6.29344230476
6.29695613213
6.31306124847
6.31640920548
6.32447532574
6.35112531696
6.36224596518
6.36969961539
6.37524946969
6.38128075231
6.41042129525
6.44395988232
6.46069598568
6.47727116989
6.48812255884
6.50539822903
6.52516252941
6.53177694978
6.54959153801
6.56429293574
6.5838232194
7.7343768446
7.75484060889
7.80708647768
7.85781783391
7.87579188112
7.9553080488
7.96705705369
8.05035138788
8.09243956876
8.20398719881
8.21551141836
8.3962616995
8.44914291722
8.48076704547
8.56100765465
8.59417779344
9.26529465235
9.55549436003
9.60868943331
9.62214282702
9.67374464887
9.73510908807
9.78214618209
9.85222705711
9.92546824645
9.9791104099
10.0154115838
10.1991840731
10.2766450172
10.3345952174
10.4736909009
10.5687043755
10.6145981878
12.4177226971
12.438533511
12.631780814
12.9750305635
13.0045045368
13.2299488289
13.713575867
13.9681111822
14.0756745116
14.3055092386
14.5707532984
92
