6.01185839579
6.02650047277
6.03257308761
6.04009215077
6.04721050738
6.05215285784
6.05946552906
6.06686984964
6.07181693379
6.07616954455
6.08344020062
6.08771973131
6.09570085546
6.10164303151
6.11875557242
6.13304009363
6.1393510438
6.14951493409
6.17921208598
6.19040746497
6.19950140723
6.20287374503
6.21763274383
6.46789462474
6.47876509625
6.61181695686
6.62897813724
6.65343131275
6.65935979805
6.67052260702
6.67957059854
6.76922037614
6.77717003682
6.79046691761
6.80826408961
7.22587199937
7.23674419773
7.26378554714
7.3015033222
7.33930246954
7.38158719152
7.392318987
7.41516309806
7.512381196
7.55230725798
7.58556084958
7.60964904468
7.63679965448
7.6839189442
7.71040928495
7.71483177684
7.73393506826
7.76895258888
7.82004287922
7.87103843104
7.91129217353
7.94939329805
8.0461482594
8.08050483053
8.117030845
8.25234371474
8.26577359197
8.2780892937
8.29817520634
8.31268797717
8.38942660095
8.43534395765
8.50544880576
8.5415313732
8.54927673913
8.59996271862
8.64800546795
8.78268940032
8.79017422039
8.84100720708
8.91831291332
8.94937415902
8.9974477111
9.03018480577
9.04424592682
9.11304552083
9.15566805794
9.3203707
9.35905030623
9.37041915205
9.38646690886
9.40746772194
9.47788279271
9.51554643463
9.52838533595
9.62124298839
9.66972381961
9.76071782666
9.78976649982
9.82222648763
9.84245191156
9.84768711165
9.91990816408
10.0041862225
10.1523236958
10.2443775946
10.3704646945
10.437293862
10.5537937797
10.6239128227
10.7325190836
10.9732551819
10.9996964662
11.0773843154
11.2140334977
11.3725517643
11.4582548506
12.0762772985
12.2574513024
12.3194280348
12.9407107258
13.1200554836
13.2542353087
13.3908095333
13.4314755445
13.5320000341
13.7126185324
13.9602217582
14.6447009454
124
