6.03846725954
6.0490885781
6.05332955143
6.06229372033
6.08227644546
6.09136633342
6.10874430974
6.117600009
6.12461265715
6.12890818006
6.14373449415
6.16152855249
6.17210597581
6.17581405904
6.18213297395
6.19038606139
6.20031739732
6.20368472848
6.21738891335
6.22331961386
6.23418776799
6.25174437351
6.25519148193
6.25923842271
6.26835352928
6.28003203219
6.29625265453
6.30083608152
6.32197939751
6.41834982362
6.43591916552
6.45203556937
6.46707837798
6.49133378857
6.523664007
6.53554782344
6.54416411543
6.5686283685
6.57994045302
6.58726849403
6.59639348964
6.63356732668
6.69186311577
6.7003645452
6.70583934709
6.71787650619
6.74751868626
6.75628229588
6.76767604822
6.77797998312
6.78408462997
6.79379438204
6.80869142747
6.82656327544
6.83791614364
6.86661330732
6.88526487349
6.94011825581
6.95310811331
6.96298700605
6.97850731966
7.03332556905
7.17570012068
7.20576896384
7.2646051378
7.28380252493
7.30955675081
7.33858315202
7.34264978417
7.35234798866
7.61631686193
7.68274670959
7.7500214654
7.79116210321
7.80989849615
7.83532041507
7.86539266414
7.88635697792
7.93733383577
7.94633323966
7.99100724537
8.0065877381
8.03416288357
8.12547541837
8.14286898671
8.14638579373
8.16131685737
8.20300525737
8.21914940721
8.45121034662
8.51966129084
8.54649407817
8.58007739368
8.77962965977
8.89893144473
8.95569097165
8.99396700054
9.0149164215
9.06427991067
9.12619643688
9.22176658154
9.35227301857
9.37738281955
9.48248892702
9.55471929152
9.56478647058
9.71162518522
10.0176030278
10.059126748
10.0871775265
10.0977343914
10.136262925
10.1826220812
10.2322833214
10.3542461852
10.400964491
10.5210448292
10.5559277203
10.662134049
10.6712857712
10.6992125025
10.7316758758
10.7889907715
10.8323707413
11.2885936754
11.4134203568
11.4293360395
11.4363063046
12.093223462
12.208476651
12.3694213438
12.4627826085
12.4737969003
12.7286453214
12.8667409842
13.003878694
13.1524902503
13.2179266253
13.5777731414
13.9074005865
14.1149772074
14.6197882382
142
