6.00711693553
6.01562068778
6.03398044709
6.04436559871
6.05351662975
6.06651402014
6.0915149672
6.09775622359
6.10448215371
6.1175490545
6.12093141207
6.12817041743
6.1371701838
6.20046666614
6.20645066917
6.21720849046
6.22693402222
6.24973391097
6.27546787202
6.28693150695
6.29944096479
6.32419538563
6.59139610408
6.60554952188
6.61431761695
6.63544890606
6.64636173637
6.68064437113
6.68753929056
6.76258345649
6.76712178784
6.78638395789
6.81449631017
6.88723777071
6.90012902867
6.9086661569
6.92388266564
6.94894781858
6.98636052749
6.99830666853
7.03503377946
7.06369709265
7.07111867194
7.09634208877
7.13256786618
7.15705949045
7.19494218216
7.23835312153
7.25448111871
7.32137031632
7.33108757189
7.40173436379
7.49928832131
7.52205370909
7.53087124842
7.5474744164
7.63863538551
7.66845496155
7.67592990507
7.69279719209
7.70454865292
7.71114894884
7.73672322618
7.79791690178
7.8403025208
7.86452565425
7.9243712394
7.94138848667
8.04935946016
8.14136361767
8.17801749447
8.23480764586
8.2798719793
8.30648596751
8.32157554245
8.41316134788
8.41718113978
8.45453600951
8.49489452129
8.50969498948
8.53373664213
8.59003398751
8.71622778119
8.74274146423
8.77529484487
8.80115265016
8.8280819979
8.8619681154
8.91180507178
8.93984350087
8.97145857708
9.02842397412
9.03293194628
9.08089004969
9.24057026998
9.30254438808
9.34317202295
9.38077101422
9.42524383464
10.1629104433
10.3136348723
10.3648095366
10.408003115
10.4874831186
10.5457498247
10.8169642032
10.8772214182
10.8953705089
10.9698325977
11.0248252301
11.0674765788
11.0901210315
11.1671282538
11.1750004056
11.2144794325
11.296573951
11.316123694
11.3689525918
11.4967614693
11.5602666945
11.6603044602
11.7440787889
11.8580866752
11.9855706706
12.103937375
12.9494069432
12.9879240222
13.0992587873
13.1105770906
13.2581128489
13.4935845572
13.6570054685
13.7922199176
14.0210361135
14.3226096975
14.6148995878
136
