6.00636894007
6.01156291058
6.01519058527
6.02049540424
6.07985783847
6.0943728997
6.09955458689
6.11020940781
6.1191455406
6.14472124346
6.14939124562
6.16064314156
6.17608263451
6.18295778719
6.20135299774
6.21064125678
6.2558065317
6.25954036403
6.26481454647
6.26853899443
6.27239210608
6.29586379174
6.30970191034
6.317704155
6.33486591859
6.34940332724
6.39724630435
6.40567277904
6.42720356876
6.44209364797
6.48439733405
6.50420212768
6.51950596395
6.53423327275
6.55142639659
6.57026920377
6.5817257521
6.60843184009
6.65256741797
6.68288027912
6.70232351714
6.70757740602
6.71466457351
6.72435380431
6.73893750125
6.76234388789
6.77077947479
6.80171372239
6.80557838411
6.83155399357
6.91372217294
6.95118250278
7.31568319267
7.39972007544
7.45583750015
7.4926568922
7.54887479962
7.55222993759
7.58286528179
7.83009400751
7.85301119279
7.91545455109
7.97023766408
8.01324728782
8.08405176148
8.15124020241
8.16842128526
8.21477538107
8.26237280569
8.298986786
8.34996652698
9.7088622638
9.75036171533
9.80465931766
10.0325953981
10.1401338524
10.206527453
10.2983067872
10.4216133675
10.6358164254
10.7159151476
10.8311053803
11.1107159767
11.2766364839
11.2904177321
11.3076161839
11.8420775437
11.887852093
11.9084866916
12.0528266122
12.0867164819
12.102861961
12.292536941
12.5503004736
13.2002615607
13.3619641997
13.6679314869
13.7782728965
13.9797121096
14.0423553096
14.2621629853
14.5664083179
102
