6.00412927977
6.00754529942
6.019112075
6.02248336097
6.07997298037
6.08581066005
6.10499264787
6.12011024029
6.12763956418
6.14713017559
6.15218107427
6.16254846484
6.1818712658
6.19485577021
6.21693819857
6.22718197153
6.23314773803
6.23836905569
6.25220237405
6.26157737532
6.26558752556
6.28632474093
6.29930319498
6.30449039034
6.31857844782
6.3237513668
6.33736784668
6.35566200263
6.36477804723
6.3708895618
6.40675325056
6.41877141114
6.43755275554
6.44594138715
6.45149353405
6.46204706398
6.47570015983
6.50038180397
6.51946005333
6.53490363717
6.57116085599
6.59526717749
6.61255936142
6.63732694499
6.65655223061
6.6754843899
6.70027753492
6.72586800803
6.73278628335
6.74560602422
6.76570059424
6.79814946112
6.82248977369
6.84421271639
6.87611018251
6.90763951376
6.92981576474
6.95112299239
6.96914462365
7.75059424716
7.77255945276
7.82834761928
7.86467853854
7.87786380409
7.90061169648
7.94830096712
7.99591931896
8.06576293232
8.11441255558
8.14859539225
8.17138375045
8.20315657544
8.21361733496
8.2821671477
8.34268217414
8.39272827248
8.41188722983
8.45615588002
8.49214449001
8.56203796815
8.62187955357
8.66291221039
8.71635078688
8.75437057375
8.75804655323
8.80047470834
8.82072666555
8.93497650987
9.05013823058
9.05421369163
9.13508544299
9.15198104084
9.21898562134
9.29886155326
9.36121904229
9.40033183036
9.44769283005
9.55870107835
9.65644560622
9.89751787363
9.97127881232
10.079325095
10.08716857
10.1237814235
10.1411150728
10.2928062063
10.3926535669
10.4316912637
10.5555381647
10.718691048
10.7485571939
10.8758807558
10.9186879968
10.9660852558
11.0641761017
11.1079572038
11.2197822228
11.9983448809
12.0527391342
12.1779246311
12.3005520352
13.0821071442
13.2478807616
13.3032995154
13.3806238694
13.4032791802
13.4441638843
13.9243030843
14.170391776
14.2946974774
14.7655119889
131
