6.00545235157
6.01505221447
6.02849999741
6.04064717682
6.05221968138
6.06678670586
6.13656384758
6.1424441682
6.15689143261
6.16302023477
6.17237677849
6.17949175624
6.19041526643
6.2063517303
6.22230851532
6.22765100023
6.2339310727
6.2677485782
6.27778801096
6.28446809262
6.29436780161
6.30964948833
6.32048755408
6.33133068287
6.43224894246
6.45063655557
6.46480216259
6.4825683166
6.50986796315
6.51765699086
6.5228157978
6.53718600572
6.55619246208
6.79440441133
6.82272804034
6.85261309746
6.87050854229
6.8788472133
6.9307144619
7.00376119356
7.00867194517
7.0172220114
7.04225353828
7.13970931857
7.28538306723
7.30881922288
7.32604932522
7.33190942319
7.58508725485
7.61992329879
7.66213047867
7.69148561738
7.72606286907
7.74977052618
7.86428030478
7.91216729469
7.94021916814
7.94448705975
8.04282437307
8.07268275553
8.14543227268
8.18932266433
19.4729735189
63
