6.00786177785
6.02145708481
6.0359179787
6.0477360142
6.2467271919
6.26105811588
6.40219892417
6.40846619505
6.42210423956
6.43615356342
6.44066567555
6.45130454212
6.46091556337
6.46502086313
6.47082984174
6.47801643653
6.4826416039
6.50187532171
6.52395200607
6.53181189213
6.55855259197
6.57345303363
6.58399402698
6.60450386743
6.61684582668
6.63558853937
6.79943106814
6.81576517779
6.85537265713
7.08577121604
7.11480994964
7.13289032376
7.1681227934
7.20845321094
7.23255693392
7.26955096127
7.31688316415
7.38760461857
7.41180240401
7.42566207903
7.44934634888
7.73904089026
7.76015347615
7.81677624589
7.8439887352
7.85177783225
8.10404110437
8.15649013471
8.27167896826
8.28210045462
8.44625490089
8.48754868118
8.53276549408
8.73027488873
8.7558371913
8.76357140925
8.82220783134
8.84143321735
8.90529935139
9.3208535894
9.37283821889
9.44390747111
9.46825464282
9.49692188788
9.61872403879
9.65697379627
9.76133328643
9.84831973871
9.8848587467
9.94963164159
9.95873301369
10.1183068374
10.1662007014
10.212511087
10.3179231596
10.3560813289
10.4895801502
10.57175448
10.6836870099
10.8578075665
10.8913403903
11.1477496239
11.2063618207
11.2749501361
11.4178111574
11.6568031536
11.8194201562
11.8718854678
11.9830724476
12.0238774274
12.105215391
12.3465850452
12.4751769534
12.6283848094
12.8514159083
13.0765934577
13.2089722277
13.3403330901
13.472606114
14.0115029435
14.3189996179
14.5168542473
102
