6.0139590517
6.02491509138
6.04002912432
6.05209708645
6.05715122652
6.06050204794
6.06989994453
6.07370933737
6.08093001721
6.08479219969
6.10986646835
6.11794337079
6.12177976599
6.12726350329
6.14898301276
6.15636833123
6.16420558174
6.17708165056
6.19377002522
6.20876656211
6.21671430972
6.22633970648
6.26560064255
6.28122931989
6.29744211147
6.30534869121
6.31955049288
6.32847246769
6.34352822019
6.35005385649
6.35961061331
6.37717103586
6.383536254
6.39107428456
6.42004621758
6.42864602844
6.43328645148
6.47087410098
6.49525155333
6.50254297935
6.51803240037
6.55171280565
6.55585266403
6.56516808943
6.57378008638
6.58452645089
6.61900277039
6.6458539724
6.65936517613
6.67513349849
6.67946148508
6.6864679863
6.6984841577
6.7194063798
6.72953734763
6.74333871159
6.76775471777
6.78733201268
6.80232351547
6.80825234484
6.98669616738
6.99666699864
7.02113468238
7.04163822503
7.13328009889
7.15843233937
7.1772071983
7.18845758504
7.20218227517
7.21326427653
7.22611485777
7.24940663574
7.26944702638
7.31119065508
7.33390933703
7.3626467563
7.39302831231
7.4142779068
7.45708159344
7.54993007978
7.59214917107
7.59648397031
7.61696099915
7.65034307881
7.69067227476
7.74222942354
7.80308414965
7.82193157337
7.84693942619
7.86974413285
7.87358020733
7.904084773
7.96829705195
8.10903924672
8.16223997513
8.17686752681
8.18258332626
8.2222415757
8.32585328148
8.3781672423
8.40585195562
8.48648194665
8.49765865331
8.51361062016
8.52444876827
8.58284986623
8.62485989364
15.7055236324
108
