6.00348525062
6.01494105915
6.11120087507
6.11655725695
6.12237581949
6.12861347662
6.1342815285
6.14188811009
6.15055189441
6.1688954438
6.18165516156
6.19387438916
6.20132115419
6.20929528643
6.2156451982
6.21955788729
6.25624797606
6.26908445593
6.28290095574
6.29717629641
6.307569752
6.32045628611
6.3247379321
6.3454178909
6.35754540297
6.37921727956
6.39799539258
6.41184055166
6.42167738808
6.43235479274
6.45018310242
6.4567473038
6.46807013299
6.48305890331
6.49852274691
6.51156884553
6.93908892269
6.96040508737
6.9775464414
7.00918116739
7.02113199622
7.16456030224
7.191350692
7.21331793095
7.27411955333
7.31016541523
7.31653042914
7.38861298483
7.47479944062
7.52274753983
7.54471849594
7.58293226834
7.6393561754
7.6558812942
7.69238386391
7.74922195041
7.79713546611
7.84754711401
7.86844707503
7.8721021899
7.91192943962
8.18354353472
8.19428142404
8.20566027497
8.29440759026
8.34962583943
8.38174258317
8.40429356392
8.98233315507
9.08206372397
10.0717862757
10.1615212883
10.1947319718
10.2713437993
10.3083696517
10.3167658818
10.45300164
10.4834853695
10.5484648864
10.5852180773
10.683298516
10.7610791679
10.8238154326
10.8648057602
11.52745694
11.7288845453
11.8767092871
12.3674601685
12.4331571474
12.4981621254
12.5960984991
13.37498472
13.5475278612
13.8535403842
14.0872682705
14.1788618389
14.2525488543
14.6768446753
98
