6.03467991094
6.05637524937
6.06485868275
6.06985113084
6.07901182657
6.08242128511
6.09462679284
6.11261789455
6.12145246096
6.13140942253
6.13581722964
6.14431516076
6.1579899344
6.17611663076
6.18816074175
6.19508221281
6.20169938445
6.21183461889
6.2251277081
6.2313544164
6.24196391031
6.25184220744
6.25833047549
6.2652154866
6.29006097417
6.30537818319
6.31629227781
6.33104515708
6.54026747767
6.59042058512
6.59767035582
6.62010434554
6.66457355804
6.69136621672
6.72767708752
6.74807004254
6.75282262996
6.89067702901
6.91016116045
6.93022341114
6.96649272526
6.98405168989
7.0047023101
7.02136961316
7.03151237906
7.04415621422
7.06741299842
7.17212402087
7.20097095846
7.21908178173
7.25917171575
7.26522219175
7.32116977273
7.35505582265
7.38119538626
8.65139512869
8.66824706132
8.68760358618
8.76768482871
9.47885534136
9.48298808893
9.49230415479
9.59618331318
9.66087847822
9.78138711164
9.7988156494
9.97886970644
10.0363685773
10.1405334256
10.2471860226
10.3636482869
10.5667548149
10.6744984477
10.7197912839
10.7654995124
10.9504408059
11.110413921
11.1816726349
11.1943367909
11.2519896749
11.4216189623
11.4919744069
11.6304217071
11.7567717349
11.859671149
12.2857498233
12.5165241403
12.5628959523
12.6444234792
12.7085346136
12.7752525101
12.9114176218
13.0350825045
13.1916424494
13.3014446929
13.9856102714
14.4118914897
14.6183348358
98
