6.01123114371
6.02505432484
6.03579385115
6.04014780375
6.05049106481
6.05399395797
6.05757246032
6.06931263217
6.08130419805
6.08794302822
6.09272355738
6.10232573954
6.10833186887
6.11460464094
6.12403815506
6.13769652188
6.14222894237
6.14879345461
6.15789445215
6.16635470288
6.17341079129
6.18059196496
6.20159239731
6.22844853207
6.24193929821
6.24924520838
6.26226675411
6.27565743042
6.28257875685
6.29351252579
6.30175538599
6.31143053383
6.32572002221
6.33215779645
6.34425806863
6.35173821843
6.37390589416
6.41188050036
16.701758213
39
