6.01012502353
6.01736170222
6.02287303749
6.0362723378
6.04136087552
6.06719009729
6.07058164021
6.08427895543
6.09877600701
6.11378535086
6.11895900758
6.12338195817
6.13353722537
6.14091611584
6.1566867309
6.20436325719
6.21617798493
6.22015194747
6.22685013483
6.23724864556
6.24091502315
6.24914606067
6.26228851989
6.271952623
6.28297550966
6.29156722684
6.30251854535
6.31911632117
6.3731657008
6.3837402983
6.39736597413
6.43011373388
6.43990960799
6.44861893135
6.50288318802
6.51395104286
6.52032331458
6.54657736782
6.55807520806
6.60063156985
6.61351699939
6.64749254185
6.65339000208
6.69150292846
6.71241445391
6.73376146284
6.74075939506
6.7524476158
6.7877162678
6.80357883255
6.86465429306
6.94754687872
7.01433466539
7.02148284789
7.07818099343
7.08899454014
7.10226307787
7.12246696986
7.16004678546
7.18959467027
7.21306024698
7.21690938768
7.24347518698
7.24928945667
7.27603763571
7.28952669297
7.30114223369
7.37730780637
7.4000148771
7.4125438176
7.4506087196
7.48649886265
7.59150736293
7.64817430994
7.69282765485
7.72438687994
7.74135728048
8.0209516678
8.04642259144
8.09068452757
8.12501899477
8.14121076268
8.16035276489
8.20083186938
8.26899319555
8.31651868176
8.38007764389
8.41173641768
8.61647276471
8.6440126873
8.65901107901
8.69854178167
9.0841893249
9.12779857019
9.287006662
9.51354020284
9.51942723041
9.57539772533
9.63384817573
9.67120539298
9.71852122597
9.78800220768
10.0663739071
10.1061347525
10.229667898
10.4636873675
10.5923414321
10.8956089084
11.0566993602
11.1535151708
25.632346092
111
