6.00757241355
6.01182366208
6.0185662646
6.02685423303
6.03577398415
6.04012949883
6.04988137348
6.06186256946
6.07184520598
6.08261743615
6.08979532328
6.09502230022
6.10441281373
6.1134782859
6.11911809247
6.12909971085
6.16777314559
6.17137483087
6.24588342637
6.25020632963
6.26118898639
6.27205424088
6.28194300041
6.32033931577
6.33301315977
6.33654346606
6.34410800337
6.36266444321
6.38361218693
6.398834668
6.40440114743
6.4289384607
6.43664674087
6.44895972385
6.45719779839
6.64259584158
6.66909138098
6.67707071429
6.68102545867
6.6988662427
6.71685817356
6.75649700194
6.84382760462
6.86527798861
6.9233236568
6.92717744796
6.95555704865
6.97301883388
9.14507325717
9.20828715547
9.22617806618
9.31775142043
9.38325505126
9.41190929055
9.42227921488
9.43140269365
9.49839139163
9.53038900426
9.60460506186
9.76990936732
9.82259854519
9.90153487112
9.92849168446
10.0054948646
10.0539029284
10.1472980878
10.1801074844
10.2972005666
10.3036233144
10.3236693622
10.4159148533
10.4527472718
10.5281816342
11.1349272868
11.4978958877
11.6655499887
11.7610687982
11.7974639457
11.8560442866
12.0563312202
12.1284759587
12.3095363332
12.4478481228
12.4660405552
12.4933454602
12.5063629919
12.5548296838
12.6535973798
12.7402466401
14.6185746044
90
