6.00928819602
6.02314175816
6.02793372356
6.03707957377
6.04055118713
6.04936115182
6.49499197387
6.5017691385
6.52664190866
6.55114031696
6.56901520445
6.58305258785
6.59434865776
6.60310791148
6.6075101675
6.67857376459
6.69007182547
6.70486700587
6.71165079625
6.72051062162
6.75321753949
6.75939782567
6.76879064932
6.79323644927
6.80020294709
6.82108135271
6.8460900106
6.87145831999
6.88124416082
6.89371160452
6.94591440216
6.95965221232
6.98272495964
6.98969218415
7.02551186282
7.03694623321
7.07394233604
7.07863836896
7.13774932484
7.14672990858
7.18745031238
7.25993020132
7.30280058361
7.30829991099
7.36003385845
7.3886420868
7.88556390587
7.89430130631
7.92131670407
7.95200206551
8.58171786124
8.61435328795
8.63353923384
8.66849568306
8.68623394318
8.74973494874
8.82267801079
8.86204904308
8.90115268173
8.98964922484
9.18024385875
9.18551618146
9.24714668305
9.30903768146
21.035559308
65
