6.00382723298
6.01247298929
6.02163349333
6.03131648241
6.05180207681
6.0603593364
6.06507292866
6.0919140789
6.1113944258
6.12627073359
6.13032191689
6.1405849917
6.14684551474
6.15309369915
6.16211722264
6.17913812114
6.20517451052
6.20940528268
6.22125186282
6.23756954435
6.33463002689
6.34050912104
6.37902971596
6.4108373178
6.42780736805
6.43429806105
6.44867122461
6.47187851332
6.4908901902
6.49963159162
6.54018249851
6.56767720035
6.5903510066
6.6160684074
6.62100766261
6.63235793278
6.65105956959
6.69820050947
6.72435981321
6.79791282026
6.8187525391
6.95436169748
6.96852639159
6.99270794986
7.02207248238
7.06720403935
7.08583424417
7.12487832149
7.13169856032
7.14457229718
7.17756696286
7.18278102224
7.31493813684
7.3332505374
7.3954072348
7.43774882507
7.47882971307
7.49890876866
7.51297335654
7.56364129717
7.61015237999
7.64771784832
7.6845604652
7.69654214699
8.88325868069
8.9034499365
9.00880300856
9.07679375677
9.13392733027
9.23720811031
9.2745243065
9.34929232004
9.39694697956
9.41823902985
9.48817836671
9.5486667557
9.60584061276
9.77518398553
9.7966600189
9.84181027137
9.97624195968
10.0726554969
10.7348040458
10.7617874697
10.833684944
10.8929773906
10.9664725421
11.0895459434
11.2139490183
11.3328239051
11.5001466818
11.6340637602
11.701233282
11.7937130174
11.8831459731
12.0155665695
12.2650741207
12.3133384555
12.3874733255
12.4580495875
12.5244588655
12.5428343641
12.7420676417
12.812661822
12.8999457468
12.9711591033
13.0434216819
13.1282759229
13.285032976
13.3837286863
13.4898302948
13.5026012284
13.5175576374
13.6091058958
13.6227663376
13.7884751196
14.238642584
14.3489333203
14.3663246143
15.2470788168
120
