6.00454096449
6.03469152709
6.04953831583
6.0578115199
6.06336883302
6.08136475577
6.08958109783
6.09318063351
6.09801097339
6.10531430825
6.11195977358
6.11787537229
6.12604756692
6.16994640931
6.26351361882
6.27874235876
6.3023325698
6.30645843657
6.32015676409
6.33558797285
6.342312294
6.35383983691
6.36365935341
6.37477043953
6.39202737515
6.41889494633
6.45150644846
6.46308367403
6.48341553354
6.50074436363
6.52012749619
6.55178845958
6.57133288867
6.59448254838
6.6258125883
6.63738044971
6.65194256039
6.68183990307
6.7112993239
6.7169135661
6.74522332396
6.7582921373
6.78108645612
6.78977390208
6.80349601597
6.82876135836
6.88014757711
6.89125650353
6.91050329602
6.93981428258
6.94387813621
6.96153080957
7.09268982486
7.11351038318
7.12070924868
7.17213271791
7.21406851364
7.23440770958
7.26381305178
7.27972884005
7.29508656972
7.32691354711
7.3665101808
7.39983005993
7.44637132666
7.45179660925
7.45540427396
7.47132547379
7.51178314912
7.5688255639
7.58854257858
7.62924431716
7.66498923002
7.724958902
7.7453065921
7.89262688286
8.13619012409
8.20620177725
8.21698023326
8.27688500898
8.28854708925
8.30352072326
8.37833960448
8.4712334001
8.60657616401
8.69568508187
8.73843459549
8.83572133346
8.93507413089
8.93967295626
9.01143141657
9.0221393212
9.03909846061
9.09427077767
9.11252692981
9.16693698337
9.17081394764
9.2685340708
9.30423681456
9.35998407841
9.40026836363
9.45995842781
9.54494682664
9.67114626973
9.71512367719
10.4054930135
10.4959905881
10.5734373254
10.675302862
10.7790601117
11.2866564544
11.4150999824
11.4753021953
11.9205609308
11.9685110042
12.1841098749
12.3093844073
12.5630926921
12.6602196017
12.7221418226
12.8943981783
13.0457618005
13.2257034508
13.404138282
13.5929585922
14.3859731709
14.4039691746
14.6457377942
128
