6.00771716003
6.01503939375
6.02292887101
6.02786692478
6.03317714393
6.04501807622
6.05078233667
6.0755660586
6.08084410804
6.10005077019
6.1298684504
6.18103999289
6.18777478887
6.19691391423
6.22525529332
6.23948429056
6.25110693306
6.26281084773
6.27398513711
6.28284482966
6.31107079632
6.36019490641
6.36800257502
6.38103695045
6.39666491986
6.4107866986
6.49457254295
6.50533615202
6.5141192602
6.51889518689
6.53842869738
6.56038989553
6.56843683324
6.59995838786
6.61917544979
6.63433231186
6.64433720817
6.66126596181
6.67309805763
6.71186450227
6.7190283116
6.7653199052
6.77875996297
6.78828612298
6.82955973249
6.89225628742
6.93468823059
6.95617970042
6.96974275313
6.99525618336
7.03698267423
7.19079670035
7.20494748013
7.22481783507
7.25594556809
7.30470120851
7.93649888409
7.95931728304
8.00282980725
8.07581507384
8.11099712239
8.12538605655
8.1799706462
8.20845594363
8.22587969548
8.28428105532
8.30598285702
8.39943423944
8.49691511094
8.54338042817
8.55078352489
8.63020117356
8.66520081843
8.7051426219
8.77778175818
8.84822175024
8.90055036313
8.93775316242
9.10678460341
9.13178402126
9.22509574273
9.31248587078
9.37832086289
9.45542196105
9.50515545912
9.66458965772
9.77429944849
9.80586325193
9.84281184247
9.88986168904
10.0783364377
10.2202721201
10.318907537
10.3837387538
10.5719591321
10.6586796476
10.8074305042
10.9015902031
10.9489732376
11.3457733692
11.421324671
11.4650014898
11.8666319022
12.2494909076
12.4075058305
12.5834561898
12.6000505518
12.6312858417
12.738208239
12.8604683712
13.2010433446
13.2695139402
13.4129287301
13.5489934898
13.7797396912
14.0209795283
16.9913963561
117
