6.00538818303
6.0148269007
6.0353980189
6.04112255733
6.05557147646
6.07403226014
6.09729900615
6.1327511814
6.13672233326
6.15093548281
6.16280409762
6.16801751428
6.18342031526
6.19660406032
6.20708468792
6.22299742518
6.22823668027
6.24655324511
6.33433004675
6.33889780222
6.35517660858
6.38133939241
6.38874490538
6.40602391556
6.42497351404
6.43536292299
6.44153667414
6.44879069074
6.45571119014
6.46514950908
6.47342388959
6.49171735039
6.49683862931
6.50095780753
6.50980431608
6.52561585591
6.54108863251
6.57098414747
6.58324933817
6.65859140659
6.66775105723
6.68687287761
6.71050483342
6.74141403259
6.75243795549
6.76500041598
6.78093587457
6.80669364644
6.81455211971
7.50463455818
7.51956041205
7.55789988039
7.57329593203
7.57823348227
7.59884422573
7.60223353777
7.65100074514
7.6790518011
7.8277091274
7.88708223867
7.92412904347
7.94190199631
7.98535035472
8.11138349427
8.13749073383
8.19179143955
8.23704990244
8.29634663924
8.35940779846
8.53360490294
8.58562040067
8.62226483354
8.66841928311
8.67202153894
8.70429049753
8.73115268065
8.74748184132
8.79098119743
8.81426759077
8.9187510151
8.96578216963
9.01326980314
9.11785021217
9.14471468893
9.16632839455
9.23184314087
9.27365099611
9.33329457403
9.3418512133
9.36806170526
9.4501248129
9.47548336894
9.61748489009
9.72177211753
9.81658629311
9.83398150231
9.87904040622
10.0745317698
10.1936565127
10.3059382675
10.3392160121
10.3545925439
10.3878036776
10.5539852004
10.6178315373
10.6894920578
10.8105013947
10.8640274569
11.3218330108
11.3436379846
11.5230448768
11.6240267589
12.4711977186
12.5912011797
12.7301617614
12.9575655601
13.0257577705
13.1904743166
13.302067208
14.3059468676
21.2683168342
121
