$ Stimulation Interval(ms): 0
$ Delay(ms): 0.000000
$ Number of data : 174
$ TSTOP : 5000
$ PN stimulation current max : 0
$ LN stimulation current max : 0
11.22500
21.92500
31.42500
43.07500
55.50000
66.45000
77.02500
90.05000
101.15000
113.10000
122.70000
140.20000
152.35000
163.87500
175.17500
186.95000
204.05000
216.75000
239.25000
250.95000
269.25000
285.82500
299.12500
310.90000
331.30000
342.57500
363.47500
383.52500
407.60000
424.97500
444.57500
457.25000
484.90000
538.87500
554.25000
576.20000
593.70000
607.50000
619.20000
650.80000
664.27500
675.80000
695.55000
709.65000
729.80000
744.97500
759.92500
771.82500
786.80000
798.52500
816.00000
863.12500
898.55000
914.12500
945.30000
957.27500
987.20000
999.22500
1011.47500
1026.40000
1048.05000
1063.72500
1077.45000
1090.95000
1110.52500
1128.95000
1143.90000
1177.77500
1203.25000
1216.45000
1230.02500
1243.85000
1275.02500
1290.20000
1303.55000
1320.50000
1347.57500
1361.92500
1380.45000
1411.15000
1432.62500
1484.17500
1497.82500
1532.02500
1559.25000
1574.75000
1592.17500
1671.20000
1724.67500
1788.27500
1822.90000
1839.17500
1857.55000
1871.25000
1893.40000
1924.70000
1946.35000
1969.57500
1985.85000
2006.30000
2026.25000
2051.25000
2073.50000
2088.37500
2121.67500
2155.80000
2169.25000
2187.40000
2236.35000
2336.32500
2364.05000
2381.82500
2407.97500
2420.80000
2435.47500
2458.07500
2485.27500
2507.45000
2526.70000
2540.95000
2598.27500
2640.00000
2704.95000
2730.20000
2788.55000
2805.25000
2866.10000
2927.80000
2952.72500
2987.15000
3000.17500
3035.72500
3071.17500
3091.07500
3112.10000
3146.90000
3179.55000
3195.82500
3214.95000
3245.92500
3267.87500
3320.97500
3340.67500
3419.97500
3486.57500
3579.00000
3629.45000
3714.22500
3736.60000
3791.87500
3914.57500
3941.70000
3968.62500
4021.97500
4043.05000
4094.65000
4140.22500
4216.15000
4293.65000
4348.50000
4382.92500
4447.67500
4482.80000
4501.77500
4530.47500
4548.05000
4575.22500
4633.62500
4706.52500
4737.42500
4770.05000
4840.57500
4863.30000
4984.77500

