$ Stimulation Interval(ms): 1200
$ Delay(ms): 0.000000
$ Number of data : 81
$ TSTOP : 4000
$ PN stimulation current max : 0
$ LN stimulation current max : 0
7.65000
19.12500
28.82500
47.27500
73.25000
86.80000
97.20000
111.22500
121.45000
135.45000
175.20000
188.05000
199.50000
213.40000
228.07500
270.15000
293.75000
306.55000
320.97500
368.32500
381.40000
392.55000
405.60000
417.25000
442.05000
454.42500
469.80000
548.67500
562.45000
640.82500
655.02500
670.30000
694.55000
749.37500
803.35000
821.87500
834.22500
905.67500
921.22500
1044.72500
1082.60000
1096.75000
1111.55000
1126.97500
1180.30000
1211.85000
1236.85000
1260.90000
1306.07500
1326.97500
1411.87500
1444.90000
1464.17500
1487.75000
1565.97500
1627.30000
1670.15000
1778.02500
1795.07500
2079.97500
2126.42500
2355.40000
2438.85000
2485.32500
2502.40000
2577.42500
2598.87500
2641.82500
2669.92500
2839.30000
3127.32500
3143.12500
3263.75000
3489.05000
3552.80000
3580.50000
3615.95000
3633.57500
3676.37500
3904.22500
3985.07500

