$ Stimulation Interval(ms): 1200
$ Delay(ms): 0.000000
$ Number of data : 98
$ TSTOP : 4000
$ PN stimulation current max : 0
$ LN stimulation current max : 0
8.30000
21.42500
32.67500
44.90000
113.75000
154.57500
167.30000
227.80000
271.55000
285.70000
297.02500
308.77500
322.22500
348.77500
367.92500
380.75000
391.67500
405.35000
417.65000
453.22500
470.92500
483.77500
496.30000
510.27500
524.32500
536.77500
548.92500
574.50000
593.30000
626.17500
640.15000
657.60000
687.70000
701.25000
714.27500
729.97500
774.17500
786.07500
808.92500
833.22500
845.72500
869.37500
930.00000
943.02500
988.27500
1050.07500
1074.50000
1126.45000
1165.82500
1190.52500
1243.05000
1258.62500
1273.05000
1286.80000
1313.35000
1332.42500
1394.30000
1411.30000
1486.72500
1512.32500
1570.87500
1667.87500
1780.30000
1911.25000
1926.75000
1950.55000
2000.10000
2017.10000
2035.52500
2233.67500
2273.50000
2307.87500
2428.52500
2467.97500
2485.40000
2503.77500
2527.50000
2578.02500
2597.87500
2643.25000
2671.37500
2747.90000
2851.72500
2869.17500
2931.37500
3082.05000
3144.32500
3180.30000
3216.00000
3259.62500
3590.10000
3632.67500
3659.02500
3675.75000
3753.15000
3820.80000
3895.92500
3990.62500

