6.01378319722
6.01719638362
6.0321997167
6.04164221251
6.16294496973
6.17942471176
6.18698424612
6.22574898823
6.23864237982
6.24838286622
6.29195143043
6.30565849693
6.32518969338
6.34897751006
6.36535016824
6.37699578037
6.38657075655
6.40300750267
6.40727208419
6.4197257373
6.43202513181
6.44535773056
6.45254958399
6.46046034568
6.54083933609
6.54644047392
6.59202119171
6.63111444654
6.66112555439
6.682071371
6.6872270135
6.69196772893
6.7163958973
6.72201428878
6.72636992906
6.74794125348
6.75506817378
6.80222689553
6.82176333352
6.83714421791
6.84104283609
6.86851562663
6.89307884513
7.20771362464
7.22218521992
7.22727109379
7.24198717876
7.24949420734
7.26942960179
7.27576465357
7.2803421407
7.29698795584
7.30853961925
7.31468281675
7.32682847085
7.33464612739
7.34161773045
7.35528159319
7.36652638282
7.39870067944
7.40453803859
7.41843455129
7.42242775147
8.58594181088
8.60653683268
8.62392496225
8.63994351054
8.64569796029
8.65908212596
8.67031972455
8.68298044662
8.69323868475
8.70960924115
8.72396571447
8.74745428545
8.77830981838
8.79280595197
8.80454042459
8.81383416632
8.83885454153
8.84552362315
8.85343028175
8.89036953095
8.9290373092
8.948769469
8.9657984231
8.98115941123
9.00045696884
9.02160153019
9.036038947
9.06963785621
9.08423480324
9.10272990185
9.11363958505
9.14070168899
9.18329352833
9.19580707717
9.2061222369
9.21547422087
9.2189469452
9.24114577302
9.44617082301
9.46979035394
9.51571611522
9.59647060058
9.60523456803
9.61412662887
9.62724094137
9.63318909309
9.6439050246
9.65562991866
9.66274667982
9.67439969765
9.68825205856
9.69285493418
9.70517055409
9.72632590558
9.73310913066
9.74510855518
9.75926112322
9.78487336097
9.798650334
9.80474110114
9.82325118069
9.85018320668
9.99400922799
10.00496953
10.0237777644
10.0435481473
10.0560283625
10.0693818154
10.1050855871
10.1337234176
10.1524237853
10.1819815171
10.2043402002
10.2228295718
10.2426647019
10.2636924381
10.2760307692
10.2907591568
10.3145899156
10.3410933519
10.3645787854
10.5857445485
10.6094914331
10.6385372794
10.6844217599
10.7194691627
10.7444741329
10.7671601911
10.7745694954
10.8108223187
10.8263397729
10.8576753267
10.8610488928
10.8680023997
10.8833591377
10.9194909918
10.9520804596
10.9589771964
10.9750021778
10.9843763342
10.9954835485
11.0016145991
11.0382290025
11.0539116568
11.0654235197
11.0762615748
11.0872622008
11.1028141785
11.1355330689
11.1604965505
11.2028528272
11.2094203917
11.2274741533
11.2384394714
11.2420612367
11.3336697169
11.3380800832
11.3478567747
11.3684190252
11.3816974724
11.4049502636
11.4353835865
11.475515693
11.4819603512
11.500963364
11.5111945417
11.553619555
11.6148559671
11.6288955343
11.6631595968
11.6706788729
11.6795671194
11.7050026518
11.8143387448
11.8413886127
11.8538546677
11.8948531681
12.0045108228
12.0132482009
12.1259436081
12.1813174915
12.1998927553
12.2065571207
12.2119391227
12.230967264
12.3088198425
12.3255682998
12.3358835873
12.3554693282
12.3657079662
12.3872016798
12.4352175911
12.441118275
12.4643947202
12.4771918416
12.4885269054
12.4945647711
12.5208874863
12.5643562368
12.5842592696
12.6143281489
12.6409200539
12.6733178619
12.702536397
12.7128923509
12.7452216385
12.7789792211
12.7842222888
12.8118551444
12.8385419614
12.8820441262
12.9249694251
12.9781298711
13.0167932033
13.0317089345
13.0407397612
13.0676616074
13.1085716144
13.1295617529
13.1518034893
13.1851638061
13.2341365686
13.2423737231
13.2561372958
13.2774229977
13.288607825
13.3008069945
13.3161696091
13.3270375474
13.3385557085
13.3600850696
13.3661414454
13.3772165043
13.3818782409
13.4401178514
13.4543866476
13.4590436153
13.4721005999
13.4826417397
13.4860489535
13.4961067153
13.5874739177
13.594234037
13.6183015215
13.6255565814
13.641314264
13.6593378295
13.6894666669
13.7093750447
13.749044843
13.7906637458
13.799208908
13.823436754
13.8532324157
13.8735294993
13.8935132106
13.9182614883
13.9495982845
13.9873447725
14.0251594162
14.0791394707
14.1109465645
14.1427572634
14.1710177737
14.2165323956
14.2491565519
14.2702113365
14.3056041349
14.3124676554
14.4036327319
14.4140978446
14.4232722768
14.4274987732
14.435828961
14.4435416735
14.451346588
14.4688262265
14.488816775
14.4977934639
14.5090490804
14.5167723318
14.5297483365
14.5363964989
14.5578737176
14.564358123
14.5763928168
14.5942239764
14.6009658226
14.6314827811
14.6608767158
14.6708703052
14.6891776015
14.7019589172
14.7055834642
14.7484797495
14.7594400775
14.7670251063
14.8900137729
14.9011840431
14.9557714062
14.971131681
14.984670187
15.0178794313
15.0563811289
15.0956870035
15.1084881607
15.168835055
15.3226124879
15.3265980339
15.3857541245
15.4254939497
15.4730567078
15.5001742132
15.5166543555
15.5847455374
15.6146050259
15.623233915
15.6308853846
15.6356932835
15.6435384197
15.6508274446
15.684071672
15.7193877426
15.7236613904
15.7363109929
15.7418322949
15.7696307033
15.8120980463
15.8168267781
15.8289280318
15.8610478272
15.8902491755
15.901137072
15.9086080371
15.9461257656
15.9533412089
15.9773372764
16.0144755277
16.0394544414
16.0482244056
16.0683032275
16.078803538
16.1311677336
16.1450622772
16.1717094334
16.1980611113
16.2489991844
16.2673323006
16.3622773208
16.3892271377
16.4095668956
16.4643725051
16.4741309682
16.4781799727
16.5391354652
16.5506530719
16.5802443128
16.6407903644
16.7127798452
16.7413665944
16.7771832582
16.8123056426
16.8224695931
16.8634750038
16.8809654157
16.9302380025
16.9481127804
16.9538151388
16.9703210596
16.9737543807
16.9845861916
16.9999039937
17.0112320955
17.0280627255
17.032417408
17.0987858866
17.1085892277
17.1206031606
17.1248302567
17.1381321909
17.1493332818
17.1690716325
17.1813456892
17.1860686115
17.3316816958
17.3413511602
17.3509081774
17.3761178213
17.5062582661
17.5400989216
17.5553864347
17.586069672
17.6265578215
17.6624267352
17.7429487052
17.7658554924
17.7904076006
17.8006739207
17.8488389654
17.8719811991
17.8908222893
17.9362941383
18.0079576176
18.0195975001
18.0265776679
18.3238917682
18.3340726059
18.3668154505
18.3819015396
18.3925650075
18.4121240469
18.4604842981
18.4669882493
18.477403235
18.4898326738
18.5081532761
18.5203497013
18.5514757421
18.5851491013
18.6158182532
18.6359612891
18.6612611928
18.6800260757
18.7013032351
18.7247137265
18.7574081939
18.958368285
18.9689658941
19.012341225
19.049653828
19.1609549712
19.2095756791
19.2143122957
19.2182646025
19.2250760662
19.2303209409
19.239054846
20.4232902463
20.4413517296
20.480988696
20.4857646905
20.4992984321
20.5052025196
20.5165589001
20.529646183
20.5400478757
20.5525828845
20.5687184323
20.5762337879
20.5798176555
20.6699444267
20.687878421
20.7042943185
20.7304884077
20.7463963304
20.8330099153
20.8733804083
20.8824208464
20.8936728351
20.9256050414
20.9466336994
21.0012163417
21.0288054042
21.0464682549
21.0668915414
21.1096939268
21.1284771807
21.1469782538
21.1695164489
21.2172839925
21.2490342746
21.3127498571
21.3410435811
21.3771307378
21.4274591266
21.4356885843
21.4518465535
21.4820941029
21.4964019583
21.5357239212
21.5435607293
21.6070262088
21.6171542438
21.6340438364
21.6462994893
21.6517018691
21.7039822944
21.7149536501
21.7225782434
21.7307343566
21.7759297349
21.7872024351
21.8015114159
21.8087448184
21.8193222452
21.8479798711
21.8970505601
21.9723302058
22.0003452827
22.0305077985
22.0803686837
22.0867413856
22.1151313402
22.1248361842
22.1451802433
22.1770612091
22.1869106048
22.1917618731
22.2246393666
22.2362885376
22.2410905467
22.2610986536
22.2844919404
22.3143300821
22.3230047567
22.3880595417
22.4294109689
22.4880498469
22.5049001718
22.6498525189
22.6630049672
22.6831596241
22.736027172
22.7432208135
22.8143192598
22.8235309964
22.8418438086
22.8540061847
22.8770474036
22.8833887159
22.8983989112
22.9071061302
22.9111617926
22.9241686551
22.9706288187
22.9820935457
22.9874810534
23.0234405336
23.0318407539
23.0393661353
23.0529365935
23.067657142
23.0730503335
23.0940231071
23.1097620825
23.1155952773
23.1211485828
23.1371579436
23.1584465522
23.1779737697
23.1817682181
23.2060587416
23.2190469844
23.2407956286
23.259703104
23.2668354278
23.2848077201
23.3319958687
23.3645761996
23.3879930277
23.4221379474
23.4610963197
23.5044663698
23.5640689949
23.575526904
23.5867251878
23.60712193
23.9333320074
23.9517266301
24.0084120216
24.021659071
24.0266540498
24.0404371134
24.0516348089
24.0613927361
24.0837262322
24.1186318888
24.1241668982
24.1324405444
24.1400411321
24.1546775249
24.1813176543
24.2393438034
24.2488852527
24.2651140201
24.2749907818
24.2926818595
24.3158173387
24.3213729642
24.339906065
24.3453787762
24.3687807132
24.4423984783
24.47899071
24.5102213688
24.516648376
24.5416158763
24.5456899467
24.5619147296
24.5747476125
24.6011730273
24.654674384
24.6808701713
24.704288446
24.7279347029
24.7440235245
24.758272459
24.7645664589
24.7770881625
24.7995059308
24.8610758703
24.8988739686
24.9331819505
24.9738013552
24.9977344394
25.0029723499
25.0640289726
25.1157258723
25.1436681433
25.1867853284
25.1969742777
25.2197309538
25.2338834113
25.2472478459
25.2871610063
25.2961309596
25.304026714
25.3151005028
25.3330167353
25.3512519772
25.3639584721
25.3991729108
25.4111322149
25.430718736
25.4368202707
25.442599548
25.4939155835
25.5106170023
25.5192227463
25.5254261944
25.5334304287
25.5454353703
25.5610866139
25.5878946631
25.5973389793
25.6018948487
25.6448233977
25.6654733595
25.6774910583
25.7620532597
25.7688906344
25.7886008479
25.8394143986
25.8679076506
25.8912025547
25.9039946605
25.9270439607
25.945649238
26.1047781312
26.4074399779
26.420528398
26.4297699516
26.4454341844
26.4537287254
26.458468334
26.488483563
26.4975213574
26.5228172057
26.534259328
26.5501852285
26.5580767553
26.5675399932
26.586229874
26.6072856289
26.6258322387
26.6390469279
26.6612655527
26.6708495789
26.6889271174
26.6932604914
26.7038796161
26.7094947879
26.8661912191
26.8806140009
26.8889248405
26.9047443223
26.9110317205
26.9826543968
27.0043576875
27.0215106411
27.0549847313
27.0599541843
27.3079460252
27.3261724477
27.3716648988
27.4223660628
27.4590843822
27.572056748
27.6063072393
27.6137062925
27.628352666
27.6319425571
27.6470125988
27.6639754042
27.7411406592
27.769910276
27.7959664894
27.8227005028
28.8250754364
28.8499029571
28.8758294928
28.8807659618
28.8929096945
28.904143368
28.9564777818
29.0093675939
29.0246492943
29.0576177158
29.0688598217
29.0816192739
29.097954679
29.1546907971
29.1707875262
29.1851770221
29.1980006508
29.2335665394
29.254931431
29.2943435584
29.3225394001
29.3751493912
29.5251995428
29.5535357742
29.6315656173
29.6493220697
29.6928494739
29.7423842623
29.7544123452
29.8650663458
29.9310491764
29.9854038427
30.0090399325
30.0213243416
30.0325491053
30.0448829437
30.0984637229
30.103373926
30.1130270856
30.1407697247
30.1474745058
30.1573002311
30.1641614783
30.1806811833
30.1875750194
30.2070959058
30.2138131276
30.2306056205
30.2433235323
30.2539423701
30.2674679252
30.2804684548
30.2965930694
30.5141120068
30.5197955875
30.5348561415
30.5508310331
30.5634684005
30.5785954435
30.6183833196
30.6232254434
30.6731544435
30.6786475089
30.7280520714
30.7943025695
30.8051737481
30.8244503597
30.8327907093
30.8431517354
30.9105993309
30.9429567602
30.9821909883
31.0078834485
31.0319398485
31.0545783053
31.1035708849
31.1175553046
31.1265533929
31.1494678407
31.2097347227
31.2161509111
31.2229060308
31.2289873194
31.2408605479
31.2568488519
31.2727459137
31.2829705532
31.2979571123
31.3089159469
31.3195585146
31.3280560229
31.3437412653
31.3602241064
31.3682061647
31.3806986399
31.3895395062
31.4071355516
31.4287443798
31.4409237418
31.4567638891
31.4794629018
31.5045589354
31.5208807432
31.5384043886
31.5925883457
31.606620267
31.6285722491
31.6352660238
31.6593035626
31.6732565724
31.6786430075
31.6928027526
31.7226333797
31.7385810516
31.7476997735
31.7572110953
31.7808456721
31.7962162398
31.8111439031
31.8261212726
31.8657107859
31.8789643961
31.9129379175
31.9444267066
32.0628774186
32.1045509663
32.1232018031
32.1311473699
32.1789224148
32.2075991135
32.2795218308
32.293540458
32.3411095017
32.3598340753
32.3880928925
32.4181627629
32.4242467649
32.4373000658
32.4443337403
32.4548856976
32.4655569353
32.4703915652
32.47559074
32.5245298101
32.5327837272
32.5425098177
32.5660945783
32.5738074268
32.5922439512
32.6036713917
32.6148578601
32.7577210545
32.8597224753
32.9097855217
32.9277003386
32.9356092705
32.9850675271
33.0077174953
33.035581778
33.044503985
33.064625511
33.0775729448
33.2611423617
33.3178772159
33.3590416106
33.3896334469
33.4115655435
33.4288290922
33.4492280632
33.4687877836
33.4955851195
33.5251821511
33.5791634431
33.6135371739
33.6231781011
33.6320681192
33.6453066805
33.6520330566
33.6603261452
33.6679739319
33.6938458957
33.6994759866
33.707009487
33.7221407399
33.7284912961
33.7393455932
33.7574779023
33.7805232443
33.8016576796
33.814629562
33.8574526416
33.8876305425
33.8953726184
33.9335650001
33.9429190644
33.9612320184
33.9755176275
34.0053780498
34.009889476
34.0285286065
34.0471237659
34.0652430183
34.0815589667
34.1027454094
34.1438091786
34.2084652025
34.2149887437
34.2429390217
34.2731382356
34.2928677689
34.2998199287
34.3669572861
34.3783492265
34.5580245524
34.5740763306
34.6097020988
34.6291198234
34.6630748336
34.721861359
34.7487378687
34.7621111873
34.8154613824
34.8288792828
34.8379324464
34.8445710289
34.8562497877
34.8719844233
34.8832232956
34.8938515097
34.9006609356
34.9345641758
34.9416482066
34.946279125
34.9633587026
34.9880011393
35.011778032
35.0302522931
35.0415876237
35.0620098001
35.0801535434
35.0879334076
35.1248737671
35.1496971386
35.1711634425
35.1921002271
35.2150455007
35.2198729959
35.2352519404
35.2615565069
35.2785343875
35.2961373853
35.3229257526
35.3468239367
35.3636627345
35.3733592476
35.3785171522
35.4134452502
35.4308385552
35.4349086164
35.4462390522
35.4536664748
35.476026566
35.516105742
35.5468294295
35.5673237793
35.5987048208
35.6077768763
35.6190071084
35.6322280867
35.6403713561
35.6597173064
35.6757936357
35.6981081437
35.7445258172
35.7824318496
35.7952264217
35.8219255603
35.851872122
35.8776546193
35.9073792415
35.937753288
35.944211375
35.9683564319
36.0046368888
36.022381712
36.0434387264
36.0473274062
36.0520152521
36.0697529307
36.0787983166
36.1025155773
36.1065736685
36.1142656958
36.1186127309
36.1266188117
36.1304505944
36.1405476557
36.1478893868
36.1536319845
36.1616150759
36.189805662
36.196035123
36.2463012337
36.2717599564
36.283585748
36.2919528189
36.3033192643
36.3158529921
36.328596767
36.3605930678
36.3710515464
36.3784724716
36.3998012693
36.4247336238
36.4494060304
36.53902002
36.564892623
36.5860642461
36.6019543417
36.6158412444
36.6548806877
36.6803917814
36.7051587948
36.7209259043
36.7440004273
36.7832719345
36.8078690037
36.8468405476
36.851707082
36.9078129141
36.924209172
37.0649491279
37.1113273701
37.1875240224
37.1963711415
37.1997268139
37.2102391881
37.2159116551
37.2361837825
37.2451459566
37.2611562439
37.2857870897
37.2907236081
37.316965451
37.325931585
37.3571367
37.4811501449
37.4933311527
37.5258223506
37.5500670053
37.5593287944
37.5693502536
37.6006550664
37.618321412
37.6622857349
37.6663332964
37.6890550483
37.6942212902
37.7112274405
37.7157317739
37.7376554919
37.7555999397
37.7638751742
37.7881990544
37.8291255699
37.8489557841
37.8685258534
37.879372798
37.8906327561
37.9043874345
37.9329696347
37.9794845984
37.9989984981
38.0416828797
38.0846752361
38.11802034
38.13553713
38.1665761185
38.2054044735
38.2918630968
38.301359594
38.3405884502
38.3655605006
38.4047150797
38.4178207519
38.4349404954
38.5138351691
38.5466652256
38.5682061253
38.5895969705
38.6009377995
38.6324802217
38.6737473965
38.7108258542
38.7644296537
38.7935570091
38.8296799029
38.8426636963
38.8632560851
38.8808317889
38.9144427134
38.9220578817
38.9629387278
38.9880211225
39.0870355905
39.0965105193
39.1177804051
39.1219624642
39.1299917877
39.1531381215
39.1856939044
39.1946222829
39.2259293116
39.2694816833
39.2735701056
39.3464928917
39.3962327769
39.4031605826
39.4374979386
39.4667471189
39.5073818536
39.5148937327
39.5191129036
39.5491382199
39.6048835264
39.6153751163
39.6403069762
39.6606194576
39.6640471843
39.6941157108
39.7029423684
39.7069767535
39.7600544983
39.7825157348
39.7918652498
39.8014179138
39.8066621697
39.8233941683
39.836402883
39.8461507365
39.8568519284
39.8683681835
39.9348671436
40.042961091
40.0888040015
40.1962856981
40.2276754017
40.2764844471
40.3084242634
40.3408006888
40.3508492989
40.3891854041
40.4044671194
40.4139740875
40.4363534077
40.4578272932
40.5045613781
40.5425191633
40.5701940623
40.5783903141
40.6445295141
40.6739699935
40.7563861016
40.8059985307
40.8106708403
40.8357708212
40.8623618139
40.8756927167
40.8881032695
40.8943798898
40.904458551
40.9187045184
40.9352190751
40.9503406305
40.9647512812
41.1633352287
41.1854898369
41.2481162498
41.2631578222
41.300064114
41.3273182708
41.3380262675
41.3438977427
41.3717220048
41.3883934895
41.3995318097
41.4231155336
41.4390943622
41.4745166016
41.4905577034
41.5148480206
41.5448284257
41.5638346809
41.5882823589
41.6149143027
41.6318421474
41.6448625931
41.6636537749
41.7182379258
41.7284811563
41.7702881914
41.8210939575
41.8380972312
41.8968540531
41.9029104592
41.9219933696
41.9724047002
41.9855184833
1239
