6.01187545382
6.01712985573
6.02268330625
6.02751710307
6.03403964582
6.05987118458
6.06497602124
6.07723819266
6.08821072044
6.10635327021
6.1202190266
6.13476015375
6.15238118245
6.16492741932
6.18711590565
6.19416523049
6.22915251577
6.26370317854
6.27468045925
6.29446510549
6.31663633018
6.32808368837
6.33935629211
6.35622219039
6.3651350015
6.37236621244
6.38705118106
6.39729604474
6.41765204343
6.44226145715
6.46109480197
6.50229391166
6.53317948474
6.55825097006
6.59526208983
6.60540237952
6.64632793607
6.65960412822
6.70513296108
6.73068441229
7.21382803678
7.23081169127
7.2378224485
7.25129263111
7.30579699133
7.31838141603
7.33524735443
7.34586405606
7.36272513782
7.38106385689
7.40166647405
7.42462146201
7.43847668717
7.58590045193
7.60446392069
7.63905230071
7.65063342875
7.74788453499
7.75135685737
7.77011681002
7.79291022233
7.80751318137
7.81759529165
7.841296734
7.85794882068
7.89045440391
7.9076004893
7.9274991664
7.94330072594
7.96819420785
7.97474308118
7.99875423686
8.13694113253
8.16781309093
8.24810752133
8.26500798674
8.30874956852
8.38133071439
8.39338896936
8.40725958897
8.42355674444
8.44798833062
8.45578953535
8.4610990666
8.57079854139
8.5780712508
8.58532241022
8.60256776762
8.61129981618
8.62574306776
8.6430070749
8.66299836953
8.73236887537
8.75831673522
8.78602414909
8.7955993575
8.80040486975
8.81188848876
8.8290460523
8.84093854448
8.86276782685
8.86905015123
8.87491242538
8.89105135894
8.89671331898
8.92552077472
8.9419813586
8.95818110162
8.97065298969
8.98097127163
9.03065955371
9.07269980947
9.0998242694
9.10762324648
9.12629387414
9.16571931591
9.19005609154
9.20574498858
9.33272412295
9.36946651027
9.38864700098
9.41287603059
9.45243300548
9.47007956536
9.5042965134
9.54449205817
9.57039169931
9.609986426
9.61760472094
9.62965545518
9.6399956136
9.66320856209
9.67167558548
9.67611063543
9.68184495921
9.70017169991
9.71127351128
9.72355757866
9.74413851349
9.75602611721
9.77231182259
9.82465078033
9.83150366532
9.90062548407
9.91772940216
9.92142364051
9.93995724475
9.94780037543
9.95140092129
9.97221217582
10.0197434186
10.0377249437
10.0992325274
10.1166366146
10.1324193169
10.1734602349
10.1889932852
10.2159608368
10.2328230936
10.25118994
10.2865204362
10.2971237278
10.3054658144
10.346587693
10.372371821
10.4055191961
10.426183776
10.447107048
10.4518397184
10.5073946653
10.5538316286
10.5573591986
10.5960026802
10.6182527793
10.6506221944
10.6639251542
10.7173336762
10.7511457085
10.7927103703
10.8298328274
10.8416738524
10.9020101452
10.9140221713
10.917637858
10.9257908727
10.9514445785
10.9585609205
10.9715790687
11.0141395123
11.0278798709
11.0488270104
11.0606372464
11.0709789571
11.0923110837
11.1065616231
11.1226798627
11.1327040312
11.1593046945
11.179545289
11.1904185988
11.1987749
11.2184395745
11.2332832594
11.2450348791
11.2530074945
11.2628601394
11.311695397
11.3276334151
11.3518431809
11.3681143036
11.3743117444
11.4050955463
11.4168899602
11.4424876142
11.4690272193
11.492030818
11.4974263904
11.5240648857
11.5440816012
11.5842212959
11.6130790049
11.616587094
12.0088293261
12.0145463671
12.0229118354
12.0290753436
12.0382193495
12.0596926359
12.0745465382
12.0944611088
12.1149380763
12.1198893952
12.1277039176
12.1406731286
12.1602880984
12.2423536025
12.2714340774
12.2812509885
12.3184575814
12.3336367011
12.3546258342
12.3903567497
12.4567092813
12.4706788295
12.4797600895
12.4874566177
12.5258211688
12.5357003331
12.5419798635
12.5718631164
12.5950765222
12.6095040782
12.6290283512
12.6349148237
12.6499710667
12.6983958099
12.730420335
12.7603026144
12.7957559073
12.79967242
12.8147290871
12.8418545642
12.8687563382
12.9090823303
12.9253123302
12.9972659598
13.0117846265
13.0365889751
13.0453472726
13.0570968018
13.0845243755
13.1211622006
13.1388040224
13.2348748626
13.2426674233
13.2499005967
13.2645305794
13.2800395359
13.285780445
13.300356974
13.3070406276
13.3297688215
13.3432929209
13.3514455679
13.3571397298
13.3690431937
13.3967687279
13.4054392265
13.4165666011
13.4274149021
13.440367675
13.489041479
13.5058927866
13.5124120632
13.624525776
13.6440316929
13.6646497269
13.6700472338
13.6882708068
13.7113304222
13.7198310748
13.7274950288
13.7627769172
13.8966777829
13.9452004941
13.9588287362
13.9898072909
14.0262986927
14.037102026
14.0672477135
14.1420381681
14.1816901912
14.1853810773
14.1971774445
14.2586924722
14.3212527735
14.3324555802
14.3555746235
14.4119127589
14.4185464713
14.4386197501
14.4510595153
14.4580706171
14.4744487952
14.4790790659
14.4849090807
14.4940434833
14.5005945332
14.5147210804
14.529748607
14.5544332108
14.5700709391
14.600953962
14.6566033431
14.6767932185
14.6938452698
14.7078801593
14.73247192
14.7461585955
14.764734272
14.7877372092
14.7968575513
14.8086067045
14.8277401098
14.8388346717
14.8572453158
14.8609274237
14.8690035597
14.9002877178
14.9128281446
15.0228256113
15.1433754142
15.1546300055
15.2159920959
15.2419192185
15.2812156977
15.3535329133
15.3699667109
15.4122025738
15.5337718553
15.6393760118
15.6487951588
15.6675916201
15.6788837143
15.6917584037
15.6972044873
15.7159790454
15.7455503508
15.7512936441
15.7940249388
15.8084129085
15.8119377711
15.8244566241
15.8340779972
15.8488515765
15.8695364148
15.8863859284
15.8901071561
15.9288423505
15.9658825383
15.9781635529
16.0002852103
16.0176874676
16.0403241981
16.0766118641
16.1333556384
16.1580416639
16.1659730571
16.1756384448
16.2263545727
16.2413807843
16.2812890007
16.3044289416
16.3284058028
16.3551759238
16.3611676357
16.3868486203
16.4030568107
16.4249751142
16.4596120931
16.4875884235
16.4944947519
16.5112752987
16.5166880986
16.5558138355
16.5610378408
16.5854430792
16.6017979
16.657004567
16.6818129533
16.7114640432
16.7759102084
16.7976897908
16.8096763314
16.8266861056
16.8332180491
16.844694052
16.8626036791
16.8749290839
16.9997352211
17.005338781
17.0869677399
17.0960765003
17.1032136873
17.1206678557
17.1432842722
17.1526704636
17.1636663116
17.1975714598
17.2077338345
17.220605925
17.230671791
17.2644545835
17.2719115661
17.2903317003
17.2987545206
17.3105635869
17.3178145227
17.3463702231
17.3617906922
17.4779833457
17.4843271657
17.5108066545
17.5400702895
17.5587828883
17.5728217609
17.6051382298
17.6326086574
17.6661183488
17.7036818414
17.7141459169
17.7374152121
17.7636479344
17.7847427128
17.8215863634
17.8769647567
17.9731617874
18.0159241673
18.0277748896
18.0369936166
18.042738442
18.0629306644
18.1159950997
18.1251481233
18.1338540096
18.1455010638
18.1517232766
18.8386460809
18.8674605591
18.9033416331
18.9683746811
19.0057098428
19.0240884713
19.0377168887
19.098011518
19.1527914093
19.2076951055
19.2248152778
19.2289559488
19.3046979822
19.3365659013
19.3468292639
19.3721356155
19.3785197474
19.3976071764
19.4143474414
19.426869019
19.4443913332
19.4640333571
19.5041696505
19.5150254089
19.5373616722
19.5465086837
19.5680304864
19.5812601137
19.6032044624
19.6161168664
19.6419332476
19.6559128726
19.6776802151
19.7104918452
19.7933478269
19.8037313566
19.8323976514
19.8538105739
19.8697063584
19.8824583025
19.8971903318
19.9129883691
19.9381262523
19.9733775509
19.9875686517
19.9986538954
20.4135126238
20.4173705858
20.4216676191
20.9281364841
20.9395620061
20.9671973849
21.0005255068
21.004363639
21.6148343198
21.6183287238
21.6500419452
21.6590033488
21.6685290778
21.6728310309
21.6777192245
21.6911120633
21.6990345473
21.7039926103
21.8509563096
21.8863923037
21.9370285279
21.9420117559
21.9506346936
21.9710727501
21.9889179305
22.0045892991
22.0505429818
22.0574680131
22.0729199593
22.083113482
22.0930054271
22.1198661206
22.1494227742
22.1651822563
22.1732528534
22.3760453256
22.3919012931
22.4936033053
22.4990880895
22.546643296
22.5999128922
22.6171341666
22.6900298961
22.7215707316
22.7433471161
22.7836801772
22.8130196144
22.8312552284
22.8447765069
22.8498022663
22.8593937422
22.8648102744
22.8824660882
22.8899484298
22.9082678132
22.9187475806
22.9248334089
22.9364415328
22.9476886923
22.9590044873
22.9687960059
22.9752693042
22.980293427
22.9908093022
23.0113998317
23.0250315374
23.0513717169
23.0605679362
23.0687736099
23.0950263833
23.1013991735
23.2986243213
23.3194392262
23.3423051285
23.3558135609
23.3773602055
23.3882978455
23.4173937184
23.4614755643
23.467867052
23.5214889754
23.5307282267
23.5506351663
23.564792946
23.5897307117
23.687350051
23.7278712538
23.7568343925
23.8051888758
23.8273315128
23.8617928135
23.8756022973
23.9162502996
23.9646059786
24.0218524263
24.0320777168
24.0748083698
24.0799061043
24.0972336584
24.1265676957
24.1345703509
24.1585352477
24.1658112069
24.1863080801
24.2031827882
24.2175725755
24.2335108826
24.2395269491
24.2724243678
24.2773150391
24.2994026901
24.3079616517
24.3237261961
24.3426590719
24.3466263288
24.3593491592
24.3901316345
24.4010097272
24.40476662
24.4110924897
24.4449948952
24.4551759239
24.4634008486
24.4768367778
24.5175721253
24.5610367116
24.5744654323
24.5883214649
24.6090187838
24.6134274114
24.6428399625
24.6588011919
24.6756932209
24.6899435842
24.7021865865
24.7233104818
24.759442845
24.8062905382
24.8337459025
24.8442438528
24.8862250511
24.9359172774
24.9657421692
25.0222638723
25.0722259082
25.174708928
25.2594632017
25.2792601064
25.3028379807
25.3277049192
25.3405914233
25.3514422778
25.3702450601
25.3763247816
25.3938613618
25.4135894849
25.4281956932
25.4388402744
25.4514393086
25.4702812471
25.48555859
25.5083719951
25.5198840414
25.529186905
25.5527005802
25.5628116769
25.5811812465
25.5903469492
25.5970080161
25.6065364575
25.6675261105
25.6770202774
25.6865790352
25.7166563411
25.8308511661
25.8382351709
25.8841262321
25.8981410976
25.9597515161
25.9704078527
25.9901533255
25.9960526389
26.0242965458
26.0765686512
26.1116231066
26.1711862953
26.2105802498
26.2171765726
26.2310919556
26.2371342374
26.3423606301
26.3785980438
26.4391684139
26.4468266886
26.4510406284
26.4602616739
26.4667320927
26.4830104244
26.4902591405
26.5007552432
26.518997204
26.5228082736
26.535244649
26.5408117328
26.5481418374
26.5628013278
26.5782392403
26.5956321929
26.6111907268
26.6247093009
26.640111275
26.6519022803
26.6664466647
26.6759938765
26.6909437267
26.6963563322
26.7207515012
26.739618693
26.9237271827
26.9561818042
26.9932849189
27.0163423598
27.0274494376
27.032948224
27.0366044392
27.051523532
27.0574888167
27.0901028144
27.1242640095
27.1489920875
27.1719378341
27.2029643113
27.2261821782
27.2313264692
27.2548808354
27.2755844479
27.6048206306
27.6954727837
27.7092992793
27.7283035695
27.7473260882
27.7553939959
27.8956938494
27.9151098686
27.9404166406
27.9531976957
27.9847875778
28.0020653926
28.0090819213
28.0298446719
28.054553337
28.0780577685
28.0934538019
28.1004561015
28.3609122233
28.3693408288
28.3891314092
28.4070412552
28.4553916137
28.4762077321
28.512817139
28.5304129116
28.5340662486
28.5602818691
28.6115764287
28.6181482747
28.6237108322
28.6984212486
28.7086583819
28.7366499908
28.8086655667
28.8182355465
28.8242624055
28.8402227158
28.853973947
28.8843569015
28.9066027809
29.0899380952
29.1009920289
29.1228682346
29.1472630723
29.1546518636
29.2631683605
29.3692553271
29.385820424
29.3966970679
29.4298812859
29.4443238812
29.4660025808
29.5003738652
29.5753116496
29.605281589
29.6293245547
29.6477661158
29.681956736
29.6957902652
29.8275236022
29.8547164449
29.8757757899
29.8979094948
30.0138676698
30.0302825712
30.0448392038
30.0508194326
30.1986688095
30.209821142
30.225050293
30.2409846015
30.274063856
30.2891546986
30.2974414564
30.3165804481
30.3766358114
30.3959076728
30.4159075179
30.4340868789
30.4521170785
30.4578920213
30.4860762403
30.5429177047
30.5510219201
30.5912692883
30.5993375424
30.647511891
30.6557647044
30.667734846
30.6777102143
30.69588741
30.7094745003
30.7221341906
30.7401898222
30.768537075
30.7721192369
30.7919700417
30.8140602939
30.8358162772
30.8454598745
30.8957255209
30.9134709196
31.0367386423
31.0729840447
31.0934362559
31.219032426
31.2237913966
31.2325526467
31.243413871
31.2600468706
31.3721305849
31.3827324411
31.3903666324
31.4058976816
31.4143966136
31.4344572666
31.4426027848
31.4693895706
31.5030208698
31.518599896
31.5465167533
31.6055780691
31.6209228864
31.6402817054
31.6585602529
31.6759545221
31.6951062587
31.7113014177
31.7409445595
31.7504410138
31.7651651518
31.9489946336
31.9687816299
31.976149166
31.9799314437
31.9885716914
32.0235911738
32.0599583984
32.0982433551
32.1582004558
32.2612712452
32.2857994121
32.2931645076
32.3176978615
32.3654735122
32.3757815688
32.4140146333
32.4194822933
32.4337196932
32.4371934331
32.4545969445
32.4580639548
32.4654171388
32.479227533
32.4874196923
32.4955367897
32.4999434812
32.5046842472
32.5392206437
32.5767513212
32.5847330135
32.600872351
32.6131782063
32.6310177115
32.6493568065
32.6571432792
32.670725328
32.6797991059
32.6940310264
32.7067021041
32.7164354741
32.7324717343
32.7574344359
32.8284061886
32.8336716862
32.942665237
32.9496860033
33.0382476537
33.0417381487
33.0746168458
33.0813929542
33.1116674357
33.1373002868
33.1545730908
33.1673981704
33.1743039794
33.21959345
33.2422414959
33.2610992934
33.292313811
33.3102956566
33.3163082082
33.3649317585
33.4033798534
33.4150505138
33.4458475234
33.4720813827
33.4872147672
33.5102136569
33.5531500997
33.5708005509
33.6179141511
33.6712382238
33.6782124702
33.7115570193
33.7884636517
33.9040925727
33.9083506457
33.9298649817
33.9463504366
33.9529440444
33.9952834127
34.0052252603
34.0214090817
34.0403752828
34.1040361411
34.1205016928
34.1437641979
34.1782001774
34.1844597504
34.2086217922
34.2324190565
34.2766583965
34.2935514285
34.3085481202
34.3401420254
34.3843955644
34.4159871088
34.4232556089
34.4325836415
34.4755653071
34.6243404676
34.6765597508
34.6929097789
34.7344473347
34.8125255172
34.8199550753
34.8341633735
34.8451030942
34.8547447517
34.8665095555
34.883289811
34.8911353289
34.9100852526
34.9308607589
34.9489543891
35.2213735561
35.2369214319
35.2444576125
35.2479665802
35.2718279087
35.2906370962
35.3126339911
35.3266053156
35.3377048901
35.344325742
35.3558183918
35.3716971902
35.3984878919
35.4053273334
35.4331753056
35.4946228804
35.540837027
35.559530191
35.5815668452
35.5982443612
35.7236139301
35.7606451369
35.8408878729
35.9412503905
36.0069110674
36.0127697904
36.0616121477
36.132101744
36.1400931828
36.2906716895
36.3274928316
36.3761104615
36.3826654994
36.3915557656
36.4520420443
36.4725477328
36.4954022989
36.5079246463
36.5242886295
36.5833232017
36.595933053
36.6226651891
36.6382846164
36.6603787437
36.6770877174
36.7043163326
36.713183409
36.7366329901
36.772008671
36.7920602431
36.8129235496
36.8209610973
36.8758369716
36.895123046
36.934773085
36.954235796
37.0000546818
37.0223707386
37.0341709719
37.0667220054
37.095723716
37.2038739253
38.4514127169
38.4733500267
38.4780603523
38.4969787329
38.5147481253
38.5204443137
38.554228768
38.5584181185
38.5640290124
38.5993258785
38.6267091601
38.6548298538
38.6734116102
39.0764888997
39.1480084015
39.1735036056
39.1906445328
39.2121674699
39.230596823
39.2522560199
39.2878310281
39.3076314495
39.6109399255
39.6154593334
39.6241491589
39.6322548098
39.6372953483
39.6506479373
39.6616688561
39.7485059142
39.7595635145
39.8004882381
39.9000369277
39.9146922387
39.9431591722
39.9591423243
39.9719755103
39.9820397477
39.9997902557
40.0298169615
40.0561452577
40.4677576964
40.533429352
40.5550404678
40.5913748157
40.6051837016
40.6390524648
40.6662672593
40.6891032863
40.7135482727
40.7281485527
40.7724696235
40.822660929
40.8337921308
40.8441458022
40.8634838232
40.8875183697
40.9031822277
40.9125225783
40.92539758
40.931529491
40.9357979315
40.9674543649
40.9832989638
40.9954846014
41.0143542458
41.027527987
41.0396009535
41.0447296741
41.0552895976
41.073665159
41.0803976748
41.0900354169
41.1222656356
41.1337803435
41.1402746031
41.2308272308
41.2453484188
41.2760351076
41.2884385862
41.3118921298
41.3404544618
41.3722213257
41.4046047012
41.4126573267
41.4454171815
41.4591780327
41.4707214332
41.4915331444
41.5053142389
41.5543789418
41.6059006906
41.6174031747
41.6325297042
41.686506654
41.7161064465
41.7361810441
41.7591001321
41.7840359403
41.8337523422
41.8518408272
41.9630572916
1160
