6.00916948848
6.01257683769
6.02242832297
6.03300256544
6.04709344332
6.05809047356
6.0740074989
6.08432624515
6.10075103076
6.1287884781
6.14700113865
6.45717681292
6.48624181829
6.50704158441
6.69115440034
6.7207399719
6.7848959067
6.84076022561
6.86928930492
6.87944978925
6.93817637346
6.94875977234
6.9789006006
7.03306525294
7.10193882078
7.13065820466
7.17662377161
7.20541959612
7.21674122852
7.23045347305
7.24373369067
7.25365113099
7.25971607026
7.26326080845
7.31037391495
7.33711934145
7.34199594176
7.35503702118
7.37030693353
7.4135680686
7.42504487488
7.43863373207
7.45997876885
7.47191862379
7.48127226215
7.51057395232
7.53238795162
7.544105666
7.57439981921
7.58789344401
7.59544214172
7.60490201399
7.62588287474
7.68619725487
7.70081241536
7.72192143681
7.73132438194
7.75302148609
7.76302166542
7.85780363927
7.87460918472
7.890157444
7.90033846606
7.97004690801
8.01086001893
8.03082320748
8.05285701892
8.07327065181
8.09248798532
8.09771688623
8.11249894217
8.11760419272
8.41478830474
8.43413142202
8.45062112324
8.45451681829
8.45807676464
8.46862059092
8.4793560407
8.48508568491
8.49040643009
8.50614650548
8.5180927196
8.57719039823
8.59175373022
8.60393628401
8.61301133614
8.61953392218
8.63193463858
8.64637133877
8.66370720296
8.67695465095
8.6829132889
8.69174060714
8.70437786061
8.72720476469
8.73664692945
8.75584348533
8.76037207866
8.78340217074
8.79427499807
8.81338942304
8.82582668713
8.83161767128
8.83902961507
8.86106034563
8.87220309022
8.91738693884
8.93056471185
8.95330026125
8.96789504621
8.98038783623
8.99394476597
9.02329772347
9.07128015791
9.08360491749
9.08957372517
9.1306075424
9.16276969025
9.17756168489
9.19999485189
9.23247269045
9.26374503942
9.39797144351
9.40304711758
9.43569856836
9.47903458756
9.48524021489
9.53750701271
9.5856185631
9.60461421482
9.60992152304
9.61548795169
9.62790019727
9.68832296209
9.70801890198
9.7179873194
9.73463851159
9.7394054321
9.74991336754
9.75921991385
9.77142871977
9.77857962185
9.80199904139
9.81303115922
10.8111834024
10.8205897827
10.8286016391
10.8430934278
10.8649288464
10.8759390769
10.8871758229
10.9061232104
10.9216741205
10.9520686902
10.9694807827
10.9733474251
10.9780699644
11.0029825887
11.0208167858
11.02893229
11.0456734296
11.0612597052
11.0754498313
11.1087978396
11.1361796109
11.1508538841
11.154198712
11.1576751056
11.1653031728
11.2127708294
11.2361913755
11.2434299921
11.2783964278
11.2974024611
11.3118606328
11.3194663265
11.3584653097
11.36340891
11.3797337674
11.410494109
11.4258748675
11.4496185933
11.4746581449
11.5196980956
11.5517340778
11.6094124276
11.6173302412
11.6462136075
11.6796057513
11.6988435951
11.7306816536
11.7427296431
11.7743058062
11.8866275722
11.9370647125
12.0127779717
12.035518066
12.0508949502
12.0598875323
12.1087152551
12.1144548242
12.1428424875
12.1536967333
12.1702894418
12.1757594193
12.179585128
12.1910664458
12.1955738098
12.203118649
12.3136347812
12.3278531807
12.3404897823
12.3715656625
12.3841737122
12.4167225628
12.4529245723
12.5293831382
12.9361264073
12.947909709
12.9611946021
12.9963716819
13.0092466275
13.073071634
13.0977039451
13.164150006
13.1990720143
13.2156121608
13.223051044
13.2311930891
13.2420973806
13.2541723338
13.2633739999
13.2698218456
13.2881235492
13.3080124474
13.3235997397
13.3301328903
13.3361726726
13.3525186269
13.359634305
13.3673815051
13.378918157
13.3910968178
13.4022098912
13.4325580473
13.4455641648
13.4531269386
13.6727613086
13.7016852146
13.7079154828
13.7177786952
13.7396322097
13.7666227573
13.7887825262
13.7958511262
13.8430536834
13.8526250914
14.1685061794
14.1820486459
14.407737026
14.4134718782
14.4214889015
14.4502703299
14.4628926948
14.4729627785
14.4871106426
14.4973536455
14.5048887379
14.528894016
14.5373135586
14.5519522889
14.5790484141
14.635941213
14.6451291552
14.6735001248
14.6900484634
14.7000434024
14.7136671898
14.7398928095
14.8131856694
14.8374945015
14.8719351346
14.8834637714
14.8982563038
14.9106835408
14.9336353856
14.9435855702
14.9631234705
14.9861631659
15.0158139993
15.0410874472
15.0613663951
15.0791590013
15.1182905274
15.1716311582
15.2186716744
15.2350465371
15.2568578349
15.2673180353
15.2791525192
15.2862629403
15.3452907248
15.3636884978
15.4429375757
15.4528035553
15.472218485
15.6041828584
15.6143672512
15.6798291648
15.6855304885
15.6943288177
15.7069973638
15.7215927187
15.7356053261
15.7414104953
15.9317800301
15.9457144912
15.9588740161
15.9792650603
15.9943957346
16.0089490311
16.0241667084
16.0293830148
16.0424134235
16.0461067427
16.0684386596
16.0888977643
16.0956855429
16.103991208
16.1079992656
16.1173465732
16.1369932479
16.1742899842
16.3221695136
16.3259234412
16.3409491268
16.347030558
16.3704221729
16.3895879902
16.4640014697
16.4696020477
16.4991979958
16.5557912184
16.5998706306
16.6173554957
16.6404516833
16.6646129319
16.6902550096
16.7364300991
16.7765348555
16.7932401468
16.7981943365
16.8037958137
16.8205611874
16.8528673341
16.8597651331
16.9274102444
16.9470560547
16.9764716077
17.0512386074
17.070494869
17.0968558024
17.1047345666
17.1151747704
17.1514820402
17.1622350805
17.1769663736
17.1853153402
17.1939543594
17.2371044113
17.247718055
17.2599011668
17.2964207555
17.3081208696
17.3245101323
17.3368620687
17.3630409616
17.3702817291
17.3956736297
17.4237686633
17.4641957162
17.4854548394
17.5048953932
17.5119263758
17.7768848144
17.799691483
17.8280082285
17.9200172021
17.9877729231
18.0052027579
18.0092158391
18.0424620089
18.0777908718
18.08195028
18.1128123727
18.1280307373
18.1457631492
18.1538560193
18.1599077068
18.1750293286
18.17953638
18.1867721283
18.2083189206
18.2269149181
18.2448358965
18.2523019666
18.2651258898
18.2902066488
18.3052082266
18.3286622162
18.3414135676
18.354267297
18.3658278474
18.3745496862
18.380976985
18.3904757343
18.4084537644
18.432155192
18.4474009344
18.4576843455
18.4710496603
18.486839475
18.5726599288
18.590910859
18.607726852
18.6314152363
18.6396250774
18.6600925304
18.6756242867
18.6812296461
18.7058653707
18.7093983351
18.7212840215
18.7290490474
18.737452084
18.8082120495
18.8193519242
18.8273880753
18.911963189
18.926120441
18.9465529095
18.9504402001
18.9591090455
19.0018378199
19.0424286133
19.079330981
19.1218994886
19.145744514
19.2179924872
19.222534253
19.2320356829
19.2385340993
19.2484654032
19.2556614442
19.2745585979
19.2790286102
19.2856883681
19.6461205232
19.6948346462
19.7027488628
19.7442312747
19.7730657193
19.94717319
19.9640830846
19.9930391427
20.0317430173
20.0449629119
20.0614838342
20.1160030718
20.1340738931
20.1692546572
20.2271545891
20.2530061627
20.2625717174
20.2868406464
20.299950459
20.371207721
20.4109979747
20.4167987234
20.4231874688
20.4437627372
20.4527194059
20.4725055518
20.4817675949
20.4886028846
20.5002153313
20.5105052751
20.5501267974
20.5563460322
20.568336171
20.5796776517
20.6129463828
20.6180404814
20.6557431945
20.6736451305
20.6825532557
20.7042921119
21.5171467398
21.5754432077
21.609439074
21.6229304497
21.6602572835
21.6704267626
21.6778007771
21.6889854804
21.6945020794
21.7077886462
21.7233859225
21.7305276936
21.753187218
21.7575317199
21.7732581562
21.7848230911
21.7893008712
21.8083576261
21.8289621393
21.8436151647
21.8663425233
21.8771058368
21.8812935803
21.9111220406
21.9618171637
21.9758024358
22.0448399933
22.087198839
22.1359653143
22.1923854619
22.2000002766
22.2230421385
22.2547367639
22.2716140031
22.4416831624
22.4552576126
22.4824062129
22.5028847696
22.528781699
22.548382703
22.5741068023
22.6092758729
22.633616056
22.6387335027
22.6626268123
22.817288131
22.8267813144
22.8311419816
22.8440366333
22.8478706895
22.8592914988
22.867027804
22.8823033138
22.9018104487
22.9104543934
22.9145732721
22.9279179666
22.9387921717
22.9479654157
22.956092989
22.9744928872
22.9913303805
22.995263588
23.0116595725
23.0428261421
23.0693941867
23.0847655947
23.109029615
23.1135999943
23.1233627102
23.1324836828
23.1395382779
23.1431166022
23.1467120264
23.1866933639
23.2224815898
23.2537578456
23.2635686171
23.3711553787
23.3856285189
23.4132153362
23.4212124025
23.464086893
23.5570093317
23.6150105814
23.626833013
23.6567765906
23.6606704226
23.7971821175
23.8586744733
23.9398773593
23.9833091413
23.9949479362
24.0052774186
24.109107231
24.123320292
24.1334323913
24.1420239668
24.2090809907
24.2253310241
24.2337034813
24.2541902744
24.3076169237
24.3180884687
24.3525659277
24.36218133
24.3772164059
24.4060162674
24.4127869142
24.4722203518
24.5172425678
25.203962254
25.2178022019
25.2276298078
25.238101794
25.2487360146
25.26453272
25.2843145089
25.2912904297
25.3025559013
25.3148740896
25.3205031714
25.3263753525
25.3494665913
25.3614450291
25.3667588204
25.3719449544
25.3831061652
25.3917384022
25.4045795799
25.4116167557
25.419354899
25.4449530493
25.4568629384
25.4794422168
25.5430582862
25.5622834599
25.568763984
25.5773734187
25.5840188446
25.6021193298
25.6109401488
25.6219189495
25.639987303
25.643530504
25.6617784272
25.7056063739
25.7304607258
25.7489505295
26.3697820752
26.3867504354
26.4079226539
26.4134346562
26.4179438256
26.4288085279
26.4416885695
26.4517804806
26.4599485001
26.464657383
26.4727508335
26.47932658
26.4948811339
26.5186894935
26.5367169755
26.5495108771
26.5673063687
26.6070865342
26.9007483216
26.9263145601
26.9430558981
26.9526586528
26.9862580502
27.0078265875
27.0214789518
27.0452070894
27.0553310732
27.09301574
27.1621243672
27.1875023123
27.1992758496
27.2992340514
27.3825797025
27.4124328466
27.4579501279
27.5056853356
27.5764432788
27.6066504062
27.6177361936
27.6275827677
27.6502918864
27.6567586151
27.6774446768
27.9264381719
27.9441494329
27.9638354195
27.9713907311
27.9827709081
27.9900077065
28.0073009617
28.0195256466
28.0472429039
28.0710404662
28.0985252832
28.1217536281
28.145296818
28.1535210476
28.1793539924
28.291264537
28.2980525245
28.3240536243
28.3712913662
28.3811677553
28.3884774133
28.4232825738
28.4273701478
28.4644499452
28.4900158084
28.5131774139
28.5369525458
28.5999653842
28.6196981658
28.6471045558
28.6841070231
28.7029894023
28.8148314792
28.8192978396
28.832985778
28.8431287718
28.853279651
29.8055878226
29.846513508
29.924311021
29.9546469678
29.9662150759
29.9821162932
29.996314323
30.0092336009
30.0201254038
30.0265472498
30.0322589595
30.0484632753
30.0626967553
30.0809467855
30.0879925462
30.1103212728
30.1267380559
30.1386737186
30.1472757092
30.1518024497
30.1565437644
30.2701326609
30.2821835486
30.2905204768
30.3132734401
30.3307487773
30.3435200374
30.4199944383
30.4698652992
30.4946296624
30.514837521
30.5211395124
30.5828220451
30.6004003031
30.6282289345
30.6496840255
30.7086280083
30.730225065
30.7510647144
30.9383181248
30.9629563792
30.9892297841
31.0088178635
31.0500240982
31.1018345374
31.1438131606
31.1576011184
31.2062853929
31.2173279597
31.2376671528
31.2443838539
31.2554296527
31.2653640549
31.2753895593
31.2889873509
31.2956872165
31.3083311312
31.3129804722
31.3206852
31.3340659073
31.3669882411
31.3727486616
31.4042124787
31.4108682416
31.4145800489
31.4730354225
31.4970607733
31.5223640359
31.538641909
31.5917776466
31.6180036003
31.6482706597
31.6583918932
31.6733730097
31.7029042588
31.7167603304
31.7278244704
31.7647378931
31.7705201946
31.8064771977
31.8216093115
31.8350818984
31.8443745518
31.8671299646
31.8843882859
31.9587267372
32.0032813547
32.033566823
32.0746075929
32.1105527517
32.121000388
32.1642290437
32.2198426128
32.2618444624
32.3409362202
32.3556710304
32.4045852233
32.4126860392
32.6715137924
32.6785056031
32.6989272077
32.7093635531
32.7389983015
32.7554013512
32.7785828792
32.793083137
32.7998096476
32.8144309534
32.8922473451
32.9005196407
32.9348777862
32.9655406077
32.9709645099
32.9786111961
33.0122716582
33.0158012453
33.0322661283
33.3862018242
33.4199189791
33.4583834535
33.5011459224
33.6087599494
33.6429741943
33.6531968299
33.6602213835
33.7548284562
33.7643572911
33.76999055
33.8212119058
33.8271163003
33.8745393157
33.8830189755
33.895653191
33.9127455475
33.9342177442
33.9455521714
33.9519512041
34.0068705748
34.0373023676
34.0524678271
34.05784706
34.0614511984
34.0788884255
34.1008078276
34.115770256
34.127801489
34.1590201245
34.1886064353
34.2162512856
34.260300107
34.307344298
34.853157866
34.859438171
34.862993317
34.8714256088
34.877950247
34.8954449148
34.9064069621
34.9120090395
34.94737551
34.9542858127
34.96443519
34.9818276413
35.0013619158
35.0060450302
35.0167781709
35.0292719795
35.0426033502
35.0624006398
35.0700277858
35.0770860009
35.0842784526
35.1133659982
35.1249689642
35.1584071458
35.1729684512
35.1787763574
35.1910876885
35.2109053465
35.2309120006
35.2576466873
35.27799729
35.2907031175
35.2967048822
35.3064358577
35.3736969312
35.4082678279
35.4228634038
35.4457178419
35.4761628707
35.5001488556
36.0108001939
36.0235710246
36.0332622915
36.0389643741
36.05649572
36.0657773182
36.0762642031
36.1947483513
36.2098170488
36.2252242871
36.2306003847
36.2379215957
36.255747908
36.2775109204
36.2977548806
36.3155994317
36.3305330343
36.3547846967
36.3853861186
36.447701114
36.4549739538
36.4787748093
36.4944383511
36.5098824666
36.5230762675
36.5485314273
36.5571559876
36.8072521841
36.8471819635
36.8599022617
36.8748775526
36.9712813424
37.0375413874
37.0919580856
37.1071635434
37.118446224
37.1224466707
37.1646848875
37.1720009439
37.1922710588
37.2039169238
37.2335875385
37.2373035024
37.2480840333
37.26825887
37.2763895299
37.2816130821
37.2882916691
37.2991235013
37.3077150307
37.3188164574
37.3372572855
37.3466789216
37.4308099423
37.4458484355
37.5913512695
37.6008158557
37.6147102441
37.627230578
37.6515923229
37.6691534153
37.6774001031
37.6875054205
37.7065707836
37.730897075
37.757380975
37.7683270689
37.7825783123
37.8008493315
37.8161769513
37.8802178264
37.9022452006
37.9125594292
37.9360348511
37.9591965725
38.0793607941
38.1037842372
38.1379583594
38.1522512013
38.2190463987
38.2858932344
38.289812472
38.313737289
38.406206951
38.4111102329
38.414772
38.427758736
38.4900572906
38.5036126247
38.5119199992
38.51887251
38.5241701678
38.5319287923
38.5437783385
38.562469971
38.5855097881
38.5968666653
38.6143112536
38.6283474088
38.6390296838
38.648564616
38.6837644912
38.6877547496
38.6916963368
38.7034439839
38.7094469895
38.7398960705
38.7473750441
38.7679376231
38.7821216969
38.8497153704
38.8569994122
38.8716944784
38.8806342637
38.8895610196
38.9754066503
39.0196710309
39.1191718738
39.1261905193
39.1574130018
39.1730052024
39.1917391631
39.2001781231
39.2329357812
39.5460800255
39.6074993421
39.6139475956
39.6383110052
39.6493750896
39.6589817697
39.6718080188
39.6900231629
39.696763527
39.7036384698
39.7156689082
39.7309494055
39.7784203268
39.7877000479
39.7911383378
39.832708066
39.8361347702
39.8423342046
39.8536473525
39.879419474
39.9021057047
39.9244453823
39.9330309847
39.9489101337
39.9636465135
40.1293352673
40.8065032752
40.8157895305
40.8270938839
40.8516595436
40.8570109082
40.8655419642
40.8690130043
40.8758830426
40.8818471389
40.8933092451
40.8977329463
40.9026578632
40.9300014053
40.937872659
40.9530879382
40.9604090552
40.9804293849
40.9973149954
41.012563263
41.039323953
41.058433374
41.0681946723
41.0817853114
41.1055502218
41.253316722
41.2671418924
41.2907364925
41.2955977861
41.3036041893
41.345040431
41.3568144526
41.3761662313
41.3960293508
41.4295149353
41.4594811629
41.4748611168
41.5022664568
41.5174830554
41.5496438169
41.5742706378
41.8890784141
1109
