6.00459837411
6.0110561577
6.01834523165
6.02349004532
6.03712765751
6.04636328183
6.05266120261
6.07783389814
6.08179110825
6.13555756331
6.14582209529
6.16538622307
6.1854026526
6.20224408435
6.23483555421
6.26830417535
6.27980961745
6.2933489396
6.31690586252
6.3704290679
6.39274857747
6.40367060998
6.4127534148
6.43852796519
6.45963665799
6.53921010234
6.56654445657
6.59398356148
6.60456378421
6.62221800927
6.6333627832
6.66555473739
6.68314626835
6.73876561648
6.778173234
6.81685878034
6.85140385242
6.85871336136
7.20687418652
7.22394011007
7.32488160297
7.33168750789
7.36178309842
7.36798584281
7.41659680795
7.4299285543
7.44330048275
7.46129207634
7.4651347944
7.48214530567
7.48960009425
7.51092826035
7.52965244591
7.53896053082
7.55701592643
7.62372968844
7.64776442335
7.77786825028
7.79241811374
7.80407362301
7.82389935828
7.83916583562
7.86248571871
7.87069554705
7.87736375917
7.90155948554
7.92374269204
7.96144822066
7.99571252574
8.00685396495
8.08130859306
8.09342729485
8.24188620981
8.29437572025
8.30422952932
8.37714957997
8.40748772105
8.41565848496
8.42138570429
8.43367289804
8.44064092852
8.45231693764
8.46666314574
8.48032925602
8.48558204883
8.49036249971
8.59831838209
8.62139938286
8.64601647729
8.65757381575
8.66817271664
8.76903431056
8.79011731614
8.79749189377
8.80697239428
8.81429412347
8.82439683541
8.8287749694
8.84631853204
8.87093839209
8.89464699803
8.93222643712
8.95775064087
8.96761900017
8.99137674315
8.99986331792
9.04240308961
9.05147421503
9.28233051299
9.29537338351
9.30451232508
9.47057269335
9.50690184529
9.52180186065
9.61412307213
9.61830735051
9.62322904504
9.63285653511
9.64516709859
9.65215760863
9.66510693059
9.70567569984
9.75219108179
9.76215460038
9.77320133496
9.77910505304
9.79714775035
9.80966473504
9.81319113299
9.86134298663
9.88548081648
9.89261800901
9.89731867819
9.92590292434
9.92969991707
9.97441727109
9.99686432863
10.0189565659
10.0565727947
10.0904348544
10.1016451954
10.1065912809
10.1173429521
10.1356261923
10.1482807441
10.1762571804
10.1929052346
10.2046973842
10.2245660784
10.2360629144
10.2485362503
10.2771613956
10.3363463363
10.3504720873
10.3589520007
10.3745863405
10.416531934
10.4407439684
10.4443106514
10.4881607574
10.5212927217
10.5409847777
10.6053284812
10.6555387997
10.7300489189
10.7606880577
10.7733971934
10.7892658684
10.810463244
10.8305169658
10.8391083208
10.8513834677
10.8645285884
10.8702813839
10.8956746565
10.9105811895
10.9150948829
10.9225772393
10.9279900227
10.9313952134
10.9406603618
10.9671621606
10.9722604195
11.7299308097
11.7448388978
11.7596680006
11.8019873708
11.8416882397
11.8460844757
11.9015979364
11.9092338152
11.9132175371
11.9893446646
12.0105792181
12.019386599
12.0262117453
12.0439201692
12.0479672677
12.0641716988
12.0717896138
12.0915710107
12.1081198383
12.1179625689
12.1269229836
12.1380892962
12.1459432976
12.1610728502
12.1663994627
12.1882069378
12.2067668333
12.21292575
12.2242407867
12.2500191642
12.2561428538
12.265257697
12.2778548252
12.2849449434
12.2909175556
12.3050156503
12.318586497
12.3305947571
12.3748151601
12.4180907301
12.4304313419
12.4494929816
12.4631812752
12.4929020492
12.4989383192
12.541434501
12.5613718381
12.5864896799
12.6236932682
12.6491383653
12.6661668749
12.6848515141
12.7904240363
12.8011873638
12.8668700518
12.8992901511
12.9352903555
12.9704310856
13.01193303
13.1477972884
13.1551748006
13.1800615799
13.1998692955
13.2104582049
13.2162697973
13.2229882981
13.2298700647
13.4110706693
13.4288184594
13.4332639053
13.4388362789
13.4577384654
13.4734523683
13.5124592848
13.5326025059
13.5430978424
13.5685557554
13.5832016428
13.5876329043
13.6054025193
13.6228537954
13.6357107061
13.6519254342
13.6782527749
13.7098621659
13.7418456273
14.4093660438
14.4204082768
14.4308010911
14.4572164353
14.572454364
14.5768248931
14.5913043718
14.6032800095
14.6241579486
14.6449253239
14.6650237722
14.6903102748
14.6947586606
14.7007006252
14.7055118246
14.7131418165
14.7231461957
14.7306897531
14.7466960681
14.7702734764
14.7954407459
14.8008534184
14.8103583822
14.8149663025
14.8262810465
14.8577878596
14.8828504756
14.9049992194
14.9087608286
14.9149851433
14.9262974755
14.9522914984
14.9627313046
14.9845005891
14.993741992
15.0506650425
15.0575013735
15.0755409014
15.0901671763
15.0951869154
15.1868797793
15.2003809306
15.228459657
15.2628457579
15.271894274
15.3360831222
15.3704428257
15.3907366503
15.4063189956
15.4249379833
15.4368993633
15.5151612492
15.5449891421
15.5484201113
15.5727066337
15.6489397731
15.6656082057
15.776968283
15.7917898569
15.8244555636
15.8323928826
15.8422020476
15.851595924
15.8551264702
15.8769432166
15.8805649054
15.901305074
15.9192610201
15.9394343565
15.9560281561
15.9708071283
15.9909135263
16.0195954178
16.0277466558
16.0624595714
16.0753054763
16.1336939909
16.1482659314
16.1525806999
16.1585077436
16.1827796916
16.1887265326
16.2190170275
16.2314021915
16.2413426213
16.2649715409
16.2778234382
16.3121729653
16.3197401453
16.3267246878
16.3362531796
16.3493906013
16.3588249234
16.3772574591
16.392662564
16.4416567437
16.4864003744
16.5400502121
16.6079009082
16.6326651831
16.6833418742
16.7044375272
16.7216265194
16.8074802662
16.8113921824
16.826265635
16.8325941408
16.8535859918
16.8655755033
16.8727722222
16.8886440857
16.8959369822
16.9114776413
16.9208264739
16.9374686028
16.9485345459
16.9543125137
16.9637979991
16.9880999197
16.9950900782
17.046502369
17.0689760009
17.07954206
17.087203745
17.093402783
17.0982982256
17.1147079081
17.1278976608
17.1463561873
17.1569983495
17.174548034
17.1939259466
17.2198203287
17.2446835008
17.2627131798
17.2967876126
17.3112098112
17.3330268455
17.3708817721
17.3891151516
17.4061975686
17.4228262396
17.4446825776
17.4598156728
17.4768763383
17.4877752655
17.5193590693
17.5468898131
17.5886066676
17.601136859
17.6180041687
17.6418510483
17.6771828079
17.692954776
17.737799582
17.7543624899
17.7637660547
17.7853085836
17.8306637666
17.8536164208
17.8847077417
17.9099923309
18.0044792014
18.0466311474
18.0533956366
18.0642546386
18.0690329279
18.0736289353
18.0845973452
18.4173947769
18.4412915109
18.5115634693
18.5638438334
18.617569493
18.6217693
18.6497991229
18.6572319733
18.6881898655
18.7101256898
18.7273798608
18.7471634548
18.7776671539
18.7942987009
18.8171041944
18.844790568
18.8689585284
18.886295377
18.9194037468
19.0476292176
19.0910108032
19.1236953405
19.1466632959
19.181542426
19.2102017698
19.2319474592
19.2369844097
19.2467295925
19.2624657684
19.2817519933
19.2982900611
19.3117024867
19.4266058225
19.4484647062
19.4519193842
19.4618351597
19.4698897484
19.4840037457
19.5371506557
19.5440497045
19.5551408805
19.5726453081
19.594225616
19.6103114158
19.6267961995
19.6586061856
19.6828808606
19.7050846954
19.7178409235
19.7443394582
19.7749085386
19.7995565419
19.8440848029
19.8656217933
19.9079519276
19.9404173694
19.9504738157
19.96433958
20.137444728
20.175871297
20.2351723912
20.2597311139
20.2899620723
20.3290085505
20.3721815039
20.4063944001
20.4149144894
20.4206205216
20.4327138622
20.4396409026
20.4436363092
20.4694434333
20.4878970656
20.5035139439
20.5084930806
20.5225126199
20.5701999912
20.60477614
20.6169826742
20.6246212816
20.6411901499
20.6605926563
20.6664787412
20.6885835625
20.6955240121
20.6991179111
20.7174739425
20.730319843
20.7598270936
20.7647330466
20.7725014436
20.791183555
20.8201098066
20.8445623353
20.8506732082
20.8609012162
20.890107123
20.8991386191
20.9151881196
20.9335024878
20.9533185956
20.9644389433
20.9844598192
20.992322395
21.0308367648
21.0348950546
21.0461357659
21.0707741071
21.0947012336
21.1024880123
21.1089342362
21.1333084245
21.1726783692
21.1882434606
21.1920061182
21.2103063153
21.251881124
21.3451460143
21.3791402839
21.4493777509
21.50842491
21.553323151
21.6057775993
21.6098716793
21.6229542751
21.6545828768
21.6601157309
21.6642436816
21.6679616505
21.722963052
21.743668603
21.7574055527
21.8042940888
21.8100239248
21.8196369198
21.8289906383
21.8411430115
21.8578991337
21.86932424
21.8828709648
21.8951280257
21.9036212035
21.9231161423
21.985536489
22.0130889489
22.0220720572
22.197458742
22.2168628969
22.2252855325
22.2514168454
22.2583101055
22.2709845983
22.284213085
22.3701140662
22.398094247
22.4179390503
22.4309950094
22.4507187311
22.4730633989
22.485059548
22.5233891575
22.5727117865
22.6235621723
22.645990307
22.8093801896
22.8131432059
22.8165031267
22.8247781699
22.8300599813
22.8409103446
22.8505847793
22.8636107486
22.8696173188
22.8893242518
22.9014025335
22.9690274511
22.9870419708
23.0008543825
23.0058589742
23.0140657514
23.0200994494
23.0855837179
23.0947948044
23.1081354371
23.1158528109
23.1217606622
23.1369064801
23.1596509659
23.1690235189
23.2257092395
23.2724693994
23.2916341194
23.2989191488
23.3052295337
23.3089990159
23.3856424281
23.4130546062
23.4309426633
23.451051476
23.4753639407
23.4879677342
23.4977480841
23.5084100853
23.5399949893
23.5723932631
23.6389240754
23.6765959494
23.7791888714
23.808280398
23.8296925094
23.903235885
23.9236665657
23.9755150115
24.0037123083
24.0077418278
24.0257934614
24.0419196657
24.0516573655
24.0687545558
24.0743904655
24.087719344
24.1041936525
24.1085091562
24.1174216705
24.1340869279
24.1561397185
24.1649156707
24.1742321969
24.1827831839
24.1973235278
24.2108916976
24.2311908373
24.2371688957
24.2620008112
24.3037601277
24.3227923939
24.3333828949
24.3662693005
24.3794000804
24.3995907279
24.4264535904
24.4368673934
24.4507990288
24.4639688717
24.4696830939
24.4844816585
24.4996738061
24.5178074031
24.5281078662
24.5418584831
24.5754242813
24.6112250434
24.6240617171
24.6428833637
24.7103712124
24.727225146
24.7377287417
24.7730816571
24.8177994908
24.9237713739
24.9345706168
24.9685790744
25.0126650288
25.0332903439
25.0991130694
25.1499425934
25.2058565528
25.2112884418
25.2193314796
25.2231896719
25.2320163299
25.2409661137
25.2499139446
25.2569394757
25.2700397728
25.283429282
25.3000147117
25.3057251843
25.3190890472
25.3305066682
25.3371229923
25.4931905165
25.4971128399
25.5120952411
25.5458493217
25.55299791
25.5609121682
25.5728906295
25.6332158024
25.6839406891
25.6901002343
25.7937145491
25.802810133
25.8186412098
25.8502024932
25.8989848024
25.9267209454
25.9878143601
26.0113411473
26.2172115122
26.2649917894
26.2910350845
26.3038375658
26.3908738117
26.4140056361
26.4178246521
26.430975351
26.4403061875
26.4504119632
26.489618347
26.5034613283
26.5191921075
26.5325649183
26.5438871073
26.5632020882
26.5667165967
26.5838813042
26.5879746721
26.6110840096
26.6274743603
26.6328040621
26.6503900878
26.6563116074
26.6624414361
26.6907260437
26.7041719921
26.7240518704
26.7312321938
26.744145709
26.7542579718
26.7806084192
26.7972817629
26.8123732078
26.8243997758
26.8714036811
26.8791565879
26.9353240446
26.9522100576
26.9677454565
26.9817440205
27.0038327259
27.0330910548
27.0631405895
27.0762983813
27.1172309458
27.13928201
27.1592834036
27.1687690857
27.1902322359
27.6280015877
27.6398931077
27.646712907
27.6682744127
27.6830455541
27.696601211
27.7014777652
27.7523113975
27.7658299839
27.7767218616
27.7847945524
27.7963334592
27.8003407917
27.8050364648
27.8157583116
27.8255791155
27.8337020242
27.8394540566
27.8604101803
27.8644541323
27.8729443114
27.8813360938
27.892678723
27.9054360352
27.9177162674
27.9231084866
27.9517479623
27.9709713351
27.9940956884
28.0053887095
28.0144210841
28.0303146222
28.0524723366
28.0795191709
28.1034742481
28.1250936068
28.1399235704
28.1575493004
28.1788154158
28.1866724557
28.2105341173
28.2201783459
28.2387342286
28.2500646732
28.3353248392
28.3669344744
28.4288420069
28.4802428393
28.5836655057
28.691454994
28.7097588583
28.8046176033
28.8331732114
28.853714802
28.8577230904
28.8669013706
28.8708564976
28.8965700991
28.9058165607
28.9154092104
28.931494271
28.9358470599
28.9492781074
28.9586624198
28.9794119818
28.9956260054
29.0039418727
29.0220038548
29.0772206236
29.0857255819
29.0906751482
29.1055249414
29.2055125089
29.5773141329
29.776109309
29.8115904845
29.8485574451
29.8809371815
29.9489000322
29.986482097
30.006025435
30.0282036054
30.0399768901
30.1150647971
30.123398107
30.1301259257
30.1345467402
30.1564245885
30.1717381784
30.1767462371
30.1920769523
30.2100648967
30.2247467471
30.2420752409
30.2587838426
30.2741113927
30.2859809127
30.293142515
30.3015784324
30.3304040105
30.3392335371
30.3502647598
30.3646741474
30.3796904799
30.3972758789
30.4088499291
30.4260132311
30.4435725586
30.4830547856
30.4906211861
30.6674131807
30.6850614976
31.2088715856
31.2185285766
31.2346858613
31.2503669912
31.2612848663
31.2684274538
31.2781210988
31.2874530557
31.2926547362
31.3042265903
31.3086314168
31.3175900207
31.3333730029
31.3484921431
31.356944914
31.3670012428
31.4539263651
31.4595538991
31.4726868687
31.4886208045
31.5092646935
31.5332341097
31.5393762977
31.5543846067
31.5806112937
31.6001722036
31.6258467767
31.7065534692
31.7188841695
31.7287682925
31.7734857886
31.7823379597
31.8011180806
31.8147892506
31.8385653131
31.8420476855
31.8675047415
31.8924467719
31.9090280091
31.9234823119
31.9608214856
32.0051940124
32.033508186
32.0614726652
32.101141121
32.3864379845
32.4090853698
32.4222151169
32.4342498977
32.4527123999
32.4607160461
32.4696398007
32.4768526498
32.4918326226
32.5234085646
32.5320586941
32.5358486539
32.540062745
32.5438218449
32.55054718
32.5586210988
32.5911519999
32.5965265727
32.6031730738
32.6384472495
32.6452147056
32.7450469261
32.7682662076
32.799677922
32.8141578569
32.8233439522
32.8300855784
32.8385286765
32.8605247029
32.8817602567
32.8940717085
32.9137910294
32.9239738259
32.9500068691
32.957500478
33.0077474957
33.0324757007
33.0380217932
33.058333677
33.1072779469
33.1323790946
33.1604677955
33.1963508772
33.2230934449
33.238694133
33.2677248808
33.2851789317
33.350727658
33.3558587718
33.3983700382
33.4294442272
33.6123548358
33.6667342628
33.6744703678
33.6840883024
33.6970956344
33.7100332062
33.7190820332
33.7272427538
33.7401537052
33.7441048447
33.7641440634
33.7686255647
33.7726553588
33.7761049171
33.7918381443
33.8373406616
33.8461900751
33.8572529086
33.8758288515
33.8839166524
33.9264658874
33.9337952938
33.9634750163
33.9771168571
33.9926222805
34.0077153973
34.0132794769
34.0257581472
34.0341521488
34.0971063893
34.1061803152
34.114518502
34.1202341358
34.1485349847
34.1590492514
34.1792547699
34.1897682687
34.1986589617
34.2906761584
34.3096304239
34.3240858987
34.3623483554
34.3794624908
34.4170403583
34.4279022338
34.4386739358
34.4851586092
34.5227477986
34.5422151078
34.6551682236
34.6820576016
34.7223899031
34.7577361082
34.7725490598
34.8081396906
34.8152308957
34.8235188106
34.8336769377
34.8425287816
34.8694348781
34.8764467541
34.9114887098
34.9360659734
35.0198009466
35.035703358
35.0817877678
35.0876167819
35.0946662133
35.1162091381
35.1777333796
35.1976504805
35.213412891
35.2442061049
35.2509659043
35.2558713083
35.2632672835
35.2848708028
35.3033772657
35.32123767
35.3283239932
35.340590222
35.3576726593
35.3685006897
35.386291087
35.4272645864
35.4337428976
35.451433041
35.4707073717
35.4989190005
35.5363484683
35.5454133022
35.559498321
35.5972642135
35.6069873857
35.6415106638
35.6500477287
35.6670385232
35.762545719
35.7827273928
35.8013305164
35.8098361732
35.8499320373
35.8583158956
35.9193629835
35.9496866864
36.0168968925
36.0230258603
36.0309244337
36.0410823465
36.0559992394
36.0670170305
36.1380061309
36.1455124581
36.1542622516
36.1691205718
36.202586357
36.2142215268
36.2617222128
36.3786650645
36.4441940441
36.5216159021
36.60736935
36.6109444043
36.6185526085
36.628310097
36.6517966515
36.7453445232
36.8572229562
36.9419729425
36.9758734397
36.9913851542
37.0669614574
37.098632192
37.1239107472
37.1279685331
37.1708181554
37.2060154228
37.2202428503
37.2326552222
37.2415716661
37.2510168361
37.2680213957
37.2793782834
37.3136538157
37.3196729655
37.333391421
37.3377523503
37.3433113576
37.3592591433
37.3700320372
37.3744909054
37.3831358783
37.416158452
37.4360995719
37.4472990718
37.4703547472
37.4907287423
37.5813047302
37.607946234
37.645486552
37.6792492966
37.6990376742
37.7324439505
37.7366203854
37.7449760003
37.7543513999
37.7629095476
37.7795631367
37.7961486004
37.8070881502
37.8261874839
37.8428332262
37.8684719001
37.9031133609
37.909976376
37.9742779715
37.9878834204
38.0318445643
38.1952829355
38.3478727749
38.4167759067
38.4269954065
38.5050295152
38.5144214517
38.5806557275
38.5975286001
38.6046256054
38.6083550661
38.6239899209
38.6426905108
38.6506203164
38.6630170006
38.6829808928
38.6983049669
38.7279549771
38.7719897898
39.6071478343
39.6181104162
39.6251309019
39.6310885136
39.6489020604
39.6558694999
39.6698148421
39.6891716055
39.7026919337
39.7124695087
39.7390209894
39.7471602118
39.7653262396
39.7697371201
39.7833925483
39.8016748897
39.8193257695
39.8240808834
39.8403779082
39.8510338653
39.8653478525
39.8917702089
39.9052812675
40.0112330228
40.0282344711
40.0485203755
40.0975739195
40.1758819662
40.2096285712
40.806070651
40.8216266599
40.859945688
40.8794833526
40.8847831749
40.8994739245
40.9571502174
40.9614234414
40.9757852323
40.9958900692
41.0100069594
41.0405556719
41.0516585762
41.060378975
41.269702699
41.2857639064
41.3024080935
41.3328316473
41.3414956574
41.5336754943
41.5512436358
41.6024551959
41.6122898922
41.6374043317
41.6652172093
41.6703611074
41.7142110819
41.7305153991
41.7744081525
41.8114271238
41.8248989093
41.8601551936
41.9255616681
41.9441414054
41.9769755533
1255
