6.0147006443
6.27313220217
6.2862289229
6.30749692278
6.32334334077
6.35619454501
6.36305068879
6.377644314
6.38751313118
6.42904790056
6.47348987152
6.47901141606
6.50613243932
6.54068898272
6.57948718168
6.59472151173
6.64402001629
6.6536793932
6.67985470182
6.75456513964
6.78004326863
6.80080688488
6.81633679076
7.03794379313
7.08645865929
7.12450119682
7.14983382595
7.17030895002
7.17621910007
7.20679474494
7.21092599001
7.22670780337
7.24422423071
7.25179526296
7.25913412
7.26414156626
7.26922899883
7.27444646191
7.27807845378
7.31078521774
7.32602320005
7.34207899629
7.39383025846
7.41446917031
7.4208142425
7.49187458358
7.51745182125
7.53019951671
7.6173569962
7.69585178405
7.70823652124
7.74211852811
7.74727318385
7.75822897194
7.77038602752
7.77560140165
7.79002787445
7.79631508772
7.80879775678
7.83805646328
7.84964229035
7.8662636015
7.89937631481
7.91921138076
7.9480972997
8.00148616757
8.03858348723
8.05768179763
8.08787039197
8.10063387976
8.16629678207
8.20834217807
8.25059071355
8.30870858425
8.38284878066
8.40819003732
8.41274805879
8.41643494193
8.42101196444
8.43486010732
8.44153393052
8.45832363005
8.47204739894
8.48322310965
8.50460950959
8.51831841265
8.61971945025
8.63099599564
8.64926344855
8.67132407106
8.67554118017
8.70815059033
8.73551190713
8.74543450201
8.75785728673
8.76554717933
8.79116620998
8.80134441959
8.80547859797
8.83630463818
8.84355609327
8.86355542649
8.8792763925
8.88531885291
8.89917067105
8.9239980259
8.93146846604
8.97636015368
8.98485457591
8.99472422634
9.00705427852
9.02958149264
9.12532208737
9.14639171827
9.15706200158
9.16217998762
9.19408840263
9.28376004055
9.33699591981
9.36255898696
9.38808688326
9.46559757565
9.60632965739
9.61312048846
9.62499425614
9.63538304327
9.63879765967
9.65413838387
9.67006627315
9.68373096269
9.69294257563
9.72913532636
9.74830989229
9.75709733633
9.77345700826
9.78089433326
9.80442305775
9.81617954617
9.83850657419
9.84732823667
9.85757616803
9.86861107657
9.88390732393
9.90130937434
9.92205327512
9.93651509686
9.95009426083
9.96411323263
9.96959159141
9.97755748494
9.99098769903
9.99865009963
10.0331745832
10.0414527692
10.082714375
10.1043593956
10.1891650633
10.2115959263
10.2379862588
10.2747969078
10.2800476329
10.2984322216
10.3224749458
10.4229398136
10.4438162319
10.487566714
10.502507278
10.5571175183
10.5727172567
10.5929395751
10.6046784012
10.7102892696
10.7300554687
10.7513858998
10.7864016674
10.8095978136
10.8171903812
10.821889654
10.8315120061
10.843868157
10.8777163245
10.9086244105
11.0555149475
11.0637540733
11.072344787
11.0969500027
11.1200824269
11.1322180212
11.1499828166
11.1580346127
11.1797903984
11.2061649084
11.2452539808
11.2494900364
11.3026667213
11.3344739592
11.3548231808
11.394554101
11.4007586001
11.4817261936
11.5193458961
11.5453880746
11.5781067757
11.6568932022
11.6766947369
11.7359696481
11.7509354602
11.7702933385
11.8172409914
11.8343969694
11.8718352305
11.908611504
11.9159521248
11.9521358535
11.9594098097
12.0046231003
12.0354499687
12.039700005
12.0467332051
12.1041412431
12.1202503812
12.1277324881
12.1489572035
12.1600535902
12.1727045718
12.2056603
12.2101990246
12.2278694359
12.2341089682
12.2414423073
12.2810352672
12.2922047106
12.3044824403
12.3262240062
12.3428810734
12.3649168434
12.3921905184
12.4152654787
12.4316651399
12.448346211
12.4751172815
12.491037744
12.4996969863
12.5092846328
12.529715
12.5551878623
12.5817584559
12.5975444931
12.6322018443
12.6477761876
12.7124131281
12.7268010457
12.733339862
12.7368651371
12.7594018514
12.7901396298
12.8771780335
12.9578381832
12.9762926878
13.1107620253
13.1301287542
13.2063367327
13.3130135138
13.3315368543
13.3368116487
13.3598573109
13.3708358736
13.3781204589
13.3827567056
13.4074507129
13.4454734676
13.4596206107
13.4686140957
13.4801292687
13.4843156384
13.5124390358
13.5200526618
13.529845796
13.5417028466
13.5905116315
13.5957430559
13.609424775
13.6335562487
13.647699361
13.6757450785
13.6910570189
13.7036234189
13.7232558142
13.7327750363
13.7472952427
13.7707665542
13.8245079893
13.83953338
13.8463451677
13.8716031704
14.4053757983
14.4106049221
14.4181499253
14.4278761021
14.4836725873
14.4991575559
14.7575859649
14.8118128747
14.8337913187
14.8382312201
14.8543030048
14.8651469902
14.8763582627
14.8880297429
14.9362787307
14.9825246593
15.0341700186
15.4580308376
15.5161838112
15.557944431
15.6049348937
15.6410915828
15.6588876177
15.6628045702
16.0751917519
16.0917351451
16.1284460394
16.1444991975
16.1754341471
16.2038496047
16.2510886175
16.2690013741
16.2732582108
16.2782089537
16.2820260655
16.3307721447
16.4078994452
16.4362070718
16.4613928018
16.4822989173
16.4877498721
16.5012914361
16.5246915684
16.5488183099
16.5855449711
16.6360910172
16.6395074207
16.6947392841
16.7145639845
16.7450125524
16.8382457657
16.8481105122
16.85935565
16.8697188698
16.8788238357
16.8894495346
16.9117738394
16.9218528024
16.9301818635
16.9487317834
16.9613404665
16.971790971
16.9842418382
16.9893009868
17.0019525449
17.0111430763
17.0233740176
17.076183783
17.0850840546
17.0901218893
17.1152268576
17.1253317821
17.1629662897
17.171621678
17.1795735128
17.2025884359
17.2505321354
17.2610017397
17.2882497465
17.3115564085
17.3292588302
17.3382162781
17.3563081649
17.3696584836
17.3776943949
17.3983363886
17.4601441338
17.4793548375
17.4835075818
17.5286753564
17.540345128
17.6000998103
17.6422404891
17.6975965379
17.804573972
17.8344456321
17.8636348783
17.9201955903
17.9783450659
17.9967318831
18.0074974462
18.0197534316
18.0275637103
18.0435277461
18.0696618005
18.0879179659
18.1162725429
18.1225069153
18.1570054026
18.1954904353
18.2085798242
18.2141904179
18.230077202
18.2889939433
18.300889369
18.3240526023
18.3721233114
18.4796975576
18.5227025896
18.850553948
18.8726559439
18.8961815787
18.9137263652
18.9237682156
18.9693299663
19.0312109481
19.0429769697
19.0963629373
19.2076283787
19.2175114354
19.2318822442
19.2460795473
19.2550936469
19.2665714026
19.2869569353
19.2929385981
19.2979368843
19.3094111394
19.3218617517
19.3444237893
19.3584613934
19.4401146319
19.4507032638
19.4671429046
19.4855602043
19.5579930641
19.5670932126
19.5783861963
19.5840231779
19.5981605804
19.6103345915
19.6312978832
19.6568563005
19.6681898927
19.7013838525
19.7151937725
19.7262727752
19.75199091
19.767193363
19.7998720557
19.8796048287
19.8894884013
19.9120543701
19.9465847515
19.9952348076
20.0215933219
20.0329049493
20.0465246348
20.0723785645
20.0842212359
20.1264867799
20.1620157403
20.1791884874
20.1949963945
20.2323423089
20.2924539422
20.3262977397
20.3809381801
20.4110488004
20.4149037494
20.4229584324
20.4283882705
20.4449446547
20.4520509668
20.4605374421
20.4755377081
20.4965371172
20.5010695217
20.5227809256
20.5850375087
20.6490602963
20.6534504737
20.6778737887
20.8053354863
20.8476420764
20.8812574557
20.8969594658
20.9115995381
20.9679893329
20.9999379742
21.0094679745
21.0248785876
21.0508011703
21.0835436673
21.1049513902
21.1244256146
21.1585529347
21.185189564
21.2002983531
21.2181093972
21.259821199
21.2922365041
21.3067872129
21.3276824859
21.3888386919
21.43840722
21.4731370258
21.5446746989
21.5638156224
21.6246554559
21.6386185979
21.6452239966
21.6561774006
21.6687544719
21.6845820043
21.7297406614
21.7333367623
21.7527079904
21.9047201241
21.9235487584
21.9488773913
21.9549711734
21.987877119
22.0071867542
22.0187921602
22.0489915905
22.0725143186
22.0984573288
22.1136281178
22.1290687794
22.1324790535
22.1431546695
22.1651196382
22.376558639
22.4091804892
22.4293044304
22.5043099738
22.6030647624
22.6699255052
22.689911399
22.6978111814
22.7207273203
22.7458448204
22.7645496845
22.796628495
22.8108507535
22.8238588315
22.8357823646
22.8560393111
22.8651401356
22.8872274805
22.9121344576
22.9166984181
22.9386765451
22.9615332617
22.9798132886
22.9937707825
23.0003927781
23.0326382412
23.0423273702
23.376293983
23.3982466221
23.4989919771
23.507390613
23.5600359936
23.5970714598
23.6192602957
23.6297058028
23.6421148823
23.6907510235
23.7150821777
23.736426355
23.8388585818
23.9348448505
23.970641039
23.9893266287
24.0040414563
24.0162737635
24.02090547
24.0306838222
24.0438833644
24.0557489911
24.071234517
24.0901563799
24.1229684703
24.1400128429
24.1527894231
24.164045128
24.22139141
24.2374607738
24.2594869222
24.2707305791
24.2861168664
24.2972694593
24.3218758988
24.3291016963
24.3362913279
24.3555736927
24.36103466
24.3648415696
24.6693508816
24.7132399858
24.7431561742
24.7710259177
24.7895242285
24.8050149106
24.827787622
24.8751555325
24.9177118755
24.9303887616
24.9488450769
24.9628959368
25.042795932
25.0909109275
25.1102156997
25.1358699193
25.1679433248
25.1779613179
25.2129166294
25.2540961515
25.258397093
25.2717982658
25.2782051497
25.2930682251
25.3032408031
25.313905499
25.3249271941
25.3302064045
25.3539727088
25.35984152
25.3699877061
25.3814834791
25.3939552431
25.4349653483
26.3839663777
26.409459823
26.4144737092
26.4348236499
26.4428709215
26.4572491096
26.4629804353
26.4768939721
26.4849881607
26.4994666956
26.5148806403
26.5282119724
26.5449726678
26.5585199118
26.5761222267
26.5895744922
26.5933030025
26.6014806343
26.6413312091
26.6456529749
26.6501931146
26.6653253231
26.6890363612
26.7230679954
26.7374871649
26.7442755061
26.8129033405
26.8235803806
26.8309644355
26.8424152657
26.9041838671
26.9089572062
26.9197285642
26.939424742
26.958127675
26.9720558714
26.9834607856
27.0017124839
27.0166377596
27.0510774062
27.0748347229
27.0975013775
27.1414198755
27.2669130506
27.2703910227
27.2778417727
27.3020115199
27.3094435861
27.3346876799
27.414926447
27.4583464885
27.4980274714
27.5430661604
27.5545902348
27.6141396284
27.6191385178
27.630903612
27.6391597523
27.6503514039
27.6632602939
27.6675568205
27.6841086268
27.6907655711
27.6957430578
27.8008678349
27.8044572272
27.8204617673
27.8668988116
27.8802113953
27.8971671565
27.9026285841
27.9111442937
27.9166918898
27.9524759439
27.9657418045
27.9844413835
27.9913876777
28.0036233085
28.0291997118
28.0637629301
28.0762089852
28.1130726124
28.1195244653
28.1309340225
28.1384212039
28.1864633614
28.1950261096
28.2021546484
28.2282235849
28.2459227799
28.2658901843
28.3007427249
28.3284530283
28.3428922109
28.3660816868
28.4431742275
28.4637640137
28.4898643762
28.4987830416
28.5038270094
28.5659092536
28.5816188127
28.6011133041
28.6474439864
28.6605515037
28.679420557
28.691914116
28.8202668062
28.8349320707
28.8502007983
28.8589435658
28.9023446251
28.9406884393
28.9518941126
28.9693456449
28.9853777009
28.9906760271
29.0021179006
29.017631144
29.0641971793
29.0833625906
29.0997030265
29.1168472556
29.1652483133
29.1791422391
29.1887141959
29.2208670054
29.2336855838
29.2576771064
29.272999199
29.2910651654
29.303730721
29.3412057877
29.3609974077
29.380065462
29.3904650002
29.4232284804
29.4286659152
29.4355653267
29.4570365346
29.4849416619
29.5233506628
29.5407145056
29.5656854844
29.5897014512
29.6331700994
29.660344161
29.6845508718
29.722162135
29.7405311233
29.8044678088
29.8918963079
29.9000689414
29.9257911135
29.9746091351
29.9875175398
30.0086696348
30.0153291316
30.0241169627
30.0369695467
30.0406479547
30.0523878199
30.0618887579
30.0862886309
30.1133558393
30.1268827591
30.1303788615
30.1499997955
30.1625694533
30.1735595023
30.192651624
30.2054320395
30.2260031899
30.230430139
30.2451315153
30.2714552439
30.2839702349
30.334569354
30.3425554823
30.3990520578
30.4284390883
30.4582523734
30.5203927992
30.5368778948
30.5665597828
30.5747907127
30.6022494992
30.6213151476
30.6311786479
30.6410858288
30.6611482752
30.6665885053
30.7084179121
30.7406511066
30.7582042063
30.7710819541
30.7835839138
30.9710059187
31.0514414576
31.1988840174
31.4776543086
31.5088611581
31.5338739531
31.5437123904
31.5795850749
31.5964240658
31.674575115
31.6841257105
31.7003997627
31.7118518993
31.7364961253
31.7678160944
31.7759509391
31.8508459678
31.8617247986
31.8765032124
31.9286996549
32.1956810797
32.2004938108
32.2484390423
32.2987453041
32.3623929891
32.3694483368
32.4073985341
32.4185847739
32.4429391058
32.447338816
32.4592726193
32.472861884
32.496116824
32.5078159104
32.5133266015
32.5174465121
32.5314796562
32.5547551189
32.5650548747
32.5769320562
32.6074015725
32.6147063037
32.6304812203
32.6389799634
32.647173786
32.652991911
32.6699953121
32.7056681656
32.7197920828
32.7341608193
32.7560449722
32.7757231864
32.7863501139
32.80724565
32.8178922498
32.8366981152
32.8710810177
32.8784183613
32.9830036434
33.0288248477
33.061924117
33.1666431664
33.1838484426
33.2348736453
33.2594313239
33.3057083846
33.3925998288
33.4234816816
33.487453159
33.6112677517
33.6838013229
33.6955470933
33.807185014
33.8200503386
33.8407533995
33.8503980504
33.8598327212
33.8938128729
33.9022579874
33.9122921885
33.9166174164
33.9427000316
33.9667585205
34.0037505485
34.008725241
34.033884743
34.0515418082
34.0643008665
34.113318573
34.1908210096
34.1996514329
34.2031323951
34.2286090543
34.2364477327
34.2617609007
34.3040426269
34.3162112123
34.333811326
34.3601374969
34.3826116442
34.4081367282
34.4361418983
34.4659306036
34.4901219877
34.5482693038
34.6287792938
34.657920914
34.6632876204
34.7061706043
34.7416742698
34.7993263853
34.8102117451
34.8258626296
34.8443909835
34.8903648999
34.9903613428
35.0225986703
35.0329859207
35.086903696
35.1058344083
35.1224089318
35.1305677199
35.1433666824
35.1645965188
35.1704494216
35.1869023844
35.2055090582
35.2155525304
35.2285284536
35.2439347891
35.2658150817
35.4731715261
35.5094043425
35.5452857469
35.5688353517
35.6094458979
35.6698062879
35.6817570311
35.7022313046
35.7113025637
35.7147890704
35.7252885555
35.7754935932
35.7882002568
35.807310022
35.8510461195
35.8738733787
35.9220774613
35.9609614651
35.9813212437
35.9851382175
36.0106846322
36.0182362664
36.4437749378
36.5444151896
36.5525943707
36.6041623133
36.6222351608
36.6379585486
36.644125483
36.7450377274
36.7809536466
36.815715987
37.1351478692
37.1589170502
37.1736248584
37.2103280771
37.2310662304
37.260945969
37.2755374722
37.2952396737
37.3031818871
37.3090542429
37.3204034498
37.3308623668
37.3491108889
37.359829946
37.3821929815
37.3903807262
37.4145748474
37.4196482492
37.427822989
37.5268170606
37.5315517822
37.5535377842
37.5725558508
37.583625787
37.5924272729
37.6181380421
37.6312744722
37.6374117897
37.6410349207
37.6822376041
37.6976364789
37.747313043
37.766980557
37.7749376137
37.780521434
37.7995624604
37.8315501725
37.8727627515
37.884575919
37.9020316535
37.9443382374
37.9488607401
37.979865192
38.012759164
38.0462906312
38.0659964871
38.1098502065
38.1771561932
38.1986246511
38.2227477708
38.2312198366
38.2471175718
38.2764570356
38.3007739024
38.3075466949
38.3613477007
38.4063793566
38.4154704065
38.4192758149
38.4313870342
38.4353424826
38.4597013201
38.4667831008
38.4781836576
38.4924453467
38.4961601715
38.5067947543
38.5296935027
38.5358035744
38.5459085352
38.5560457703
38.5638046598
38.5732882723
38.587397886
38.6127659343
38.6250323728
38.636744396
38.667579257
38.6796184374
38.6883889902
38.7030314986
38.7681583753
38.7755323102
38.7904695169
38.8154004559
38.8260105676
38.8722663041
38.984588881
39.0067186483
39.0265895851
39.0422563521
39.0660553503
39.0825687948
39.0957676064
39.1075964532
39.1111110328
39.1167231719
39.148829388
39.174735078
39.2097067253
39.2158548957
39.2840775235
39.3604740583
39.3884190851
39.404366143
39.4874850231
39.5042514265
39.5516517371
39.5771498978
39.6036847628
39.6082474184
39.616295505
39.6253702843
39.6382316386
39.6472066812
39.6511531305
39.6634376474
39.6728640341
39.6779842921
39.6889926756
39.7073340413
39.7216858215
39.7290498448
39.7440458801
39.7524108329
39.7729737087
39.7923257877
39.8002922663
39.8162322472
39.825548321
39.8371589147
39.8704052605
39.8738482379
39.8849587017
39.8898052505
39.9532798036
39.9570037757
40.0183107416
40.022264898
40.0354428613
40.0496047527
40.1885608594
40.2070230713
40.2282372188
40.24051663
40.2684545679
40.3064162722
40.332526788
40.3701691613
40.4361354282
40.4591122972
40.4747202227
40.4893446621
40.5281453227
40.5872674053
40.6224621642
40.6822269055
40.6993052282
40.8178538217
40.8294976602
40.8536144239
40.8609781172
40.8740428094
40.8891325772
40.8964881099
40.901111645
40.9420122689
40.9489125804
40.9602739412
40.971248135
41.0810138595
41.0904019392
41.1205794761
41.1568143624
41.1767588259
41.2003056524
41.2221713408
41.2307792572
41.2420596342
41.2566507767
41.2855499253
41.3118252617
41.3371956278
41.3592342511
41.3780218032
41.3861547761
41.3936099807
41.4163354959
41.4834234714
41.5007126062
41.5410378798
41.5627880016
41.5933149411
41.6130061863
41.8878896497
41.9201891898
41.976567971
1196
