6.00515801543
6.01663883647
6.0335971316
6.06553776389
6.11849239572
6.12389586557
6.14012690315
6.16144119265
6.16925824906
6.17759442057
6.24254972366
6.25997093548
6.27590677224
6.29605458253
6.3004282439
6.31126962973
6.32309852724
6.34085060329
6.35220511413
6.36868430814
6.42322286722
6.4475164411
6.45812171724
6.47035741755
6.51092841344
6.53947313093
6.55715587256
6.57635095326
6.59120464349
6.64834735499
6.65709514441
6.66460412661
6.6868181295
6.69416990158
6.71960310315
6.72363124627
6.746624691
6.78562799039
6.80445066672
6.81410957041
6.84600440522
6.85999772062
6.95549459491
6.9839221415
7.00107917623
7.01913938699
7.02808048667
7.09037989052
7.1489532111
7.18375526439
7.22611446869
7.23206186682
7.23838411243
7.24852941858
7.26373870397
7.27722027526
7.28601892792
7.29165139931
7.29520609045
7.31567871581
7.33384922329
7.35797426121
7.3781374049
7.40431267567
7.42404266404
7.43279602897
7.45235416003
7.46149403807
7.47389656594
7.48727092264
7.50182457878
7.53079000357
7.5505640672
7.56041031875
7.60674448495
7.62695259858
7.63257742069
7.712947523
7.77051837102
7.77475065159
7.83401055708
7.86025074398
7.87814898212
7.88851368075
7.898373356
7.95853586134
7.98043890151
8.01926460731
8.03431846309
8.05191443916
8.08784921202
8.13321462224
8.1448324387
8.16733648138
8.32457646955
8.35733948149
8.48690002789
8.91888724232
9.1071787128
9.13698721284
9.17076994439
9.19724678698
9.21136699343
9.2391900887
9.29576808066
9.3342509769
9.34733334922
9.38887065774
9.42227091029
9.43681564786
9.48914227113
9.61641906302
9.62921683093
9.63370819681
9.65103679848
9.66857564683
9.6889989402
9.70069969227
9.71444298862
9.72119702603
9.8866019524
9.89067114734
9.90097991406
10.5626199791
10.579190543
10.616180409
10.6644268153
10.6741561934
10.6932866803
10.9674150334
10.9711244022
10.9954894433
11.0346583291
11.0689765605
11.0832038557
11.1268199553
11.1532405864
11.1614990241
11.3841448394
11.400095181
11.4202709469
11.4465403851
11.4527858257
11.5607539705
11.5717379267
11.6013627421
11.9567474247
12.0129836433
12.0166086813
12.029531527
12.0358227477
12.0510907793
12.0580131592
12.0654472364
12.0807885711
12.0876899996
12.0955844212
12.1143025435
12.1292271803
12.2224926276
12.2292793325
12.2476600773
12.2584493226
12.2722296397
12.2941983258
12.3010036073
12.3124832358
12.324709706
12.3491207909
12.3660862395
12.3789934609
12.3982424843
12.4198922327
12.427192854
12.465955642
12.4704671398
12.4933679632
12.5175498166
12.5349887933
12.5642951674
12.5969500386
12.6168991632
12.6408024292
12.6514054622
12.6737546874
12.68741846
13.205980279
13.2121018992
13.218461165
13.2412670352
13.2784321206
13.2947023002
13.303676788
13.3351522537
13.3414148563
13.3498030939
13.3644426079
13.3742587729
13.4085166405
13.4238362427
13.4530351713
13.4609421123
13.4831436384
13.4975884243
13.5167729367
13.5354068759
13.578238796
13.5879163916
13.5969297266
13.6562001093
13.6683964514
13.6829868098
13.6988028168
13.8026600186
13.8280225615
13.8551350412
13.8661842588
13.891776727
13.914126561
13.9224283954
13.9583501404
14.1170619265
14.1482909159
14.1637989268
14.2046412279
14.2363094013
14.2550589469
14.2669672712
14.2802078379
14.2928189766
14.3444535475
14.360879483
14.369001328
14.4061748558
14.4257661327
14.4323856289
14.4383977238
14.4511562662
14.4655086305
14.4924678568
14.5368735142
14.5485033967
14.5825930988
14.5926722304
14.6080797877
14.6183441041
14.6233730119
14.6345741708
14.641426728
14.6525220133
14.6719428532
14.6761848436
14.7556260519
14.7728809226
14.7790489266
14.9394132463
14.9850654727
15.0128499968
15.0587508612
15.0897638842
15.1079768634
15.1332685815
15.1617552231
15.2019295009
15.2224625521
15.2543579804
15.2731821842
15.2903714016
15.3026495586
15.401222313
15.444126865
15.478428782
15.4912382382
15.56757109
15.6039289748
15.6248027665
15.6284542761
15.6675910087
15.6851550744
15.6893178419
15.7022822901
15.710394589
15.716944191
15.732463238
15.7457511856
15.7583227774
15.7703068241
15.8960625737
15.9121073424
15.9277135806
15.9317984515
15.9397683327
15.9643151228
16.0364819031
16.0533927175
16.1096105576
16.6215522635
16.6603273136
16.7208344114
16.7394493886
16.8065484216
16.8168372423
16.8637783535
16.8758442824
16.8882365075
16.8946047312
16.9099801427
16.9311335308
16.9543690164
16.9729453417
17.0213072388
17.0381301393
17.0519681496
17.0637621097
17.0911951826
17.099440879
17.1157956777
17.1370022936
17.1473742408
17.1739932842
17.1829822429
17.1970980473
17.2206925509
17.2448478593
17.2579957195
17.2668930042
17.2842852571
17.3874962326
17.4441571836
17.4629550563
17.4901094459
17.5156307773
17.5262177759
17.5528651821
17.5630774684
17.5746572981
17.5914336636
17.6145570234
17.6794190013
17.6882445575
17.7179109557
17.775076724
17.8486785741
17.8718157726
17.947832947
17.9516308993
18.0326558736
18.0456249153
18.0545241041
18.057951867
18.0635298369
18.0763618886
18.088383171
18.0942021682
18.1206469157
18.1293443547
18.1964225403
18.2083818487
18.2428934272
18.2817817691
18.2958751542
18.5347330754
18.55331528
18.5671900826
18.5954759826
18.6095145348
18.920070525
18.9555650277
18.9800878269
19.0247963531
19.0643950772
19.2120267742
19.215688968
19.2279010537
19.2379116703
19.2566672434
19.2674972874
19.273213241
19.2769961456
19.2932379068
19.3003904011
19.3120874747
19.3233593122
19.3433696157
19.35567666
19.3628382591
19.3699862217
19.3852994387
19.3962981737
19.4278484379
19.4439049583
19.4706908482
19.4816602027
19.4904112134
19.5059653144
19.5285240359
19.5382403535
19.547841153
19.5548099213
19.5730924231
19.5816870774
19.6461900625
19.6558150975
19.6666027965
19.7071782321
19.7297846263
19.7440256728
19.7524884783
19.7842890023
19.7952622474
19.8099001128
19.8952323839
19.9193503788
19.9247304692
19.9339179252
19.9418334965
20.0212736817
20.0556913574
20.0774676073
20.1036956095
20.1109742906
20.1880111431
20.205994567
20.2217358123
20.3133233117
20.3199965566
20.3444035956
20.3604673989
20.4058234741
20.4331217928
20.4382495849
20.4880371683
20.4992572476
20.5124072092
20.5240588325
20.52971386
20.5436193087
20.581198848
20.5856556932
20.5909149145
20.6115422879
20.6170350076
20.6208563131
20.6417125703
20.6530423541
20.668456979
20.6753115819
20.6852907321
20.7505409957
20.7593392179
20.7672573807
20.795499381
20.8225421905
20.8562162588
20.8735191195
20.9231257757
20.9343760707
20.9527539121
20.9723742421
21.0032584855
21.0100718445
21.0219336875
21.0594825805
21.0868865075
21.1132979336
21.1199765136
21.1775629852
21.2048394284
21.2158258172
21.2562751361
21.2876407075
21.3424675818
21.4413181723
21.4712298551
21.5079429391
21.5230929667
21.5325830549
21.558351347
21.5886668459
21.6192195551
21.6391649099
21.6621509453
21.6683041431
21.6852090368
21.6899380858
21.7038291573
21.7174167363
21.7270253761
21.7497452964
21.7644957697
21.7733269717
21.782295085
21.7935102513
21.9521010997
22.1252875424
22.1617018688
22.1734544471
22.1839309582
22.1966839149
22.2085298686
22.2446383734
22.2756437407
22.2949168893
22.6544210429
22.6821344546
22.7011231058
22.728056221
22.7613659579
22.7812792968
22.816048744
22.9572745544
23.0325446814
23.0423905606
23.0485225701
23.0568053552
23.0727317657
23.0884517832
23.1091778733
23.1348011603
23.144789965
23.1607709507
23.169515377
23.1751889818
23.1865936685
23.1944117567
23.2051993267
23.2442422583
23.2552338511
23.2785020665
23.3664436774
23.3802570765
23.3961914113
23.4036923148
23.4110049715
23.469436486
23.5058232545
23.5477347812
23.5769971756
23.6302738085
23.6637816157
23.7917661232
23.8078454348
23.8349753127
23.9008393766
23.9264213017
23.944602512
24.0125891665
24.0175673855
24.03103786
24.0439613793
24.04802272
24.0951711433
24.1071082775
24.1527849146
24.1695493544
24.1914526675
24.2006101619
24.2060694275
24.2219200437
24.967357465
25.8478660119
25.8607342803
25.8833496771
25.933685535
25.9589537604
25.9823790141
25.9939021002
26.040143584
26.0567479704
26.0789839674
26.0900416835
26.1120882957
26.1296478588
26.1514027763
26.1835903825
26.2205961886
26.2385354212
26.2573201783
26.2943944319
26.3224838792
26.3401757322
26.3453722423
26.3959089266
26.4323181971
26.452277636
26.4716675234
26.4893394942
26.4930320606
26.5060759697
26.5150847924
26.5226631961
26.5373608815
26.5439400633
26.6239420867
26.6394765842
26.647140037
26.66052845
26.675232634
26.6942226345
26.7008727777
26.707528459
26.7148210491
26.7263395274
26.7423788964
26.7688958493
26.7784460275
26.7855879001
26.798550242
26.8369597224
26.8489885622
26.8721673246
26.883062618
26.9131665792
26.9347822471
26.961471372
26.9850954315
26.9973888979
27.0333759301
27.0386657385
27.4543193739
27.4579821207
27.489684044
27.6071396211
27.62144831
27.6428489753
27.6524156247
27.6678823707
27.6736310634
27.7306706477
27.750324836
27.7612155915
27.8056269139
27.8358525346
27.8638320914
27.8781487767
27.8992876253
27.9146909637
27.967088962
27.9753649181
27.9905546645
28.0044491927
28.0227837349
28.0420482916
28.0567297694
28.0766398215
28.0894296816
28.1078268054
28.1207281492
28.1389267838
28.1540792878
28.2267366863
28.2494790139
28.2624733161
28.2928965487
28.3197397024
28.3561102872
28.3848679452
28.5112881795
28.5325292301
28.5963230485
28.600980299
28.6551354064
28.7059179783
28.7360081682
28.7994640926
28.8520597578
28.8919828005
28.8971386406
28.9456823654
29.018222934
29.0337410802
29.0453411204
29.0509616499
29.0636662894
29.0726100861
29.0817294525
29.0899302923
29.097867538
29.182469887
29.2002193891
29.2602650298
29.2947957131
29.3141578828
29.3195438783
29.3289393876
29.3462404703
29.3684376281
29.3909915673
29.4104256568
29.4286324888
29.4472209121
29.4829442709
29.5074240733
29.5269653289
29.5621135983
29.6018996559
29.633575686
29.6695971886
29.6931401376
29.7827461312
29.7986852316
29.8539934216
29.9120747973
29.9689972682
30.0097060522
30.0255186909
30.0864787857
30.0935170294
30.1188380067
30.13597049
30.1400759285
30.1508236735
30.1686219145
30.1976239261
30.2119385016
30.2175949321
30.2335865417
30.2843678058
30.3045232358
30.3488763026
30.358865811
30.3750245178
30.3958089603
30.4354506179
30.4570030113
30.4660892013
30.5051877948
30.5942871133
30.6529425129
30.6734380255
30.682194185
30.7168238455
30.7298839874
30.7409453207
30.7577379816
30.8903513245
30.9156362495
30.9460310461
31.1290671987
31.1337440412
31.164739097
31.1870192877
31.2142763308
31.2208234584
31.2290968976
31.2355372538
31.2531575037
31.264368523
31.2713077106
31.2924368455
31.3102931292
31.3158738085
31.3263684358
31.3307590408
31.3714090255
31.3753181291
31.3884820638
31.4025389284
31.4387782862
31.4627796882
31.4864833232
31.5016279271
31.5128983413
31.5275628958
31.5471525857
31.7742634038
31.8359493417
31.8658043943
31.8975609192
31.9566713666
31.9760227339
31.9926865278
32.0588858446
32.0984477424
32.1497650362
32.2173250846
32.2627635227
32.301975863
32.3201314874
32.3464074455
32.3667217159
32.3896526899
32.4049043353
32.4160053975
32.4812561632
32.4925718913
32.5124991691
32.5193998509
32.5540768079
32.5907726996
32.6019717062
32.6211748729
32.6257762308
32.6360264772
32.6545558742
32.6760786461
32.6978225438
32.709415909
32.7302125643
32.7427613054
32.7784513514
32.7890289401
32.8167551117
32.8340362456
32.85446959
32.8776914212
32.9037526202
32.9286552118
32.9480197734
33.0237057398
33.0305020594
33.0472710327
33.0573197433
33.0709134121
33.0988646151
33.1082157289
33.1349292166
33.1662400231
33.1904849234
33.2583560391
33.4108620946
33.4489476363
33.5001891168
33.5215202351
33.5257336924
33.5418513005
33.6264195308
33.6667071326
33.717491558
33.8493868327
33.8528419621
33.8678638265
33.9029939085
33.9104560209
33.9165151104
33.9381929955
33.9653800267
33.972894964
33.9795999257
33.9954762929
34.0142025309
34.0341758658
34.0610836802
34.0818627037
34.093320565
34.1678538658
34.1986898694
34.2647185636
34.3251039076
34.3554470276
34.5112346246
34.5287599852
34.5891926031
34.6197722267
34.6494978696
34.7128367206
34.7399067191
34.7613273245
34.8047786813
34.815132589
34.8262023391
34.8568888544
34.8608403464
35.0149365519
35.0367748023
35.0468037302
35.0599988518
35.0722600358
35.0798990532
35.1603564323
35.1803115513
35.1929684868
35.2086988875
35.2312738419
35.275826451
35.2912821375
35.3282001701
35.3329903624
35.3770929832
35.419777265
35.4433101986
35.4661764419
35.4751783389
35.5009448683
35.5138699335
35.5212048771
35.5262979106
35.5423198906
35.5480091638
35.5522830322
35.590052828
35.6058626825
35.6320062993
35.6410519068
35.6468748663
35.6621528303
35.6981538502
35.767687951
35.8085304365
35.8324624731
35.8629860734
35.893508984
35.9448559909
36.0053465859
36.0126795151
36.0175577524
36.0299056494
36.0433231164
36.0680754537
36.07645977
36.0825764493
36.1405856083
36.1500255614
36.1597770595
36.1666708503
36.1709443602
36.1911006075
36.2016022181
36.2164440577
36.2326864459
36.2435527228
36.2570928114
36.2809215654
36.3106882219
36.3359632942
36.4389964368
36.4630846649
36.5791731418
36.59157158
36.6037735425
36.63658606
36.6452793658
36.6581097673
36.6844314457
36.6986117194
36.7032957665
36.7218452603
36.7308046618
36.7690434995
36.7898867662
36.8051535207
37.2131745206
37.217254544
37.2473676085
37.2579742796
37.2718598713
37.2788882631
37.2967908855
37.3159844575
37.3275741272
37.3402168971
37.3486304317
37.377366659
37.3997319037
37.4126024163
37.4254479753
37.4330310433
37.4442571694
37.4608588104
37.5496025812
37.566613126
37.5714740839
37.5929378422
37.612894063
37.6428937557
37.6499263827
37.6688756827
37.6775575424
37.6914016316
37.7087395458
37.7209786643
37.7368744107
37.7454654787
37.7659465968
37.7913791112
37.8084452602
37.8428431622
37.8719468333
38.0781444173
38.1273143287
38.1368794755
38.1710905465
38.2123235315
38.216533706
38.2737455671
38.2836035279
38.2886676788
38.3564582657
38.3866384744
38.4102123789
38.4256405552
38.447816588
38.4715409881
38.4769632126
38.4843919201
38.4922166747
38.500129083
38.5054418504
38.5113954053
38.5196368664
38.5339245686
38.5656953676
38.5743129783
38.6016211273
38.6148829367
38.6372092683
38.6472396245
38.6614827577
38.6738419307
38.721338922
38.7326283355
38.7389717201
38.7488378813
38.7628536037
38.7787752859
38.7977240609
38.8278045365
38.8414863284
38.8649022208
38.8742670215
38.8791804818
38.8902617902
38.8984065776
38.9623296348
38.9764886469
38.9910667682
39.0017476603
39.0191870485
39.0362405277
39.081098691
39.0996939877
39.1094655533
39.1199012707
39.1949652644
39.2350080159
39.2675763196
39.2990961148
39.3596525443
39.3754388795
39.4276770629
39.4729431696
39.5158671903
39.5478254119
39.5768211649
39.5858213831
39.7913926015
39.8188903568
39.8337825646
39.8482840835
39.8879715904
39.8977874697
39.9188861719
39.9300254027
39.9572807483
39.9675325507
39.977271514
40.0003074906
40.042731121
40.0553565302
40.0639097158
40.0731919683
40.0903218664
40.1060571575
40.1194140032
40.1838930593
40.2215361825
40.2298740818
40.2497906406
40.2620573371
40.2688469297
40.3248275215
40.3322514847
40.3659676485
40.3947291689
40.4096900041
40.4172928824
40.4328982335
40.4796849946
40.5260067323
40.6441699182
40.6926200856
40.7060423822
40.7494434244
40.8136975826
40.8222458321
40.8341870885
40.8462807088
40.8520866354
40.8640458621
40.8714543238
40.8825328539
40.894709631
40.9045523647
40.9089854528
40.9224511201
40.9325523629
40.9470939551
40.9521224555
40.9706213956
40.9843118344
40.995142381
41.0101615757
41.0287013352
41.0452944287
41.0549397096
41.0679982992
41.0826238456
41.1090310649
41.1309189226
41.2284794361
41.2748577297
41.3358866525
41.349742952
41.3670092902
41.3825565779
41.3982934626
41.4452686882
41.4947469535
41.5036358504
41.5751082497
41.5788070241
41.6257026614
41.6496754234
41.700982806
41.7112637914
41.7228381018
41.8820425731
41.9043787113
41.9308130172
41.9498004377
41.963122204
1131
