6.03515316702
6.04518424955
6.04941722821
6.05539904121
6.07336679569
6.08009241299
6.08641275235
6.09662981107
6.11246909793
6.13048804583
6.16419571229
6.17825126498
6.19343408014
6.20215971572
6.209858533
6.26979770419
6.29238494046
6.30085280176
6.31273410889
6.31649805358
6.3243200136
6.33198817567
6.34409616729
6.36976422579
6.37578971039
6.3954998759
6.41377911625
6.43438530098
6.45090351516
6.49658000073
6.59807155147
6.61570755961
6.66896182899
6.72188385339
6.75690814138
6.76796131505
6.79734334484
6.8233180114
6.95398168559
6.99301112367
7.00923128421
7.02214791739
7.08257109146
7.10082939822
7.16327656548
7.20701999285
7.22018233925
7.22513587486
7.23206179496
7.24082677558
7.24583286235
7.25042002755
7.26650606684
7.27091595739
7.28132290972
7.28806205879
7.30116105392
7.35260670431
7.37079281971
7.37671008361
7.42857974481
7.44477512126
7.45178019572
7.49515251153
7.51281759966
7.52945094189
7.54113127147
7.54643598663
7.58054064095
7.59877735203
7.60311440163
7.60883525715
7.62521439117
7.63402420684
7.65228065378
7.67498417942
7.75056697595
7.77034747865
7.77608892352
7.80583608596
7.8184181851
7.85346194539
7.85933280523
7.87591891326
7.8977517287
7.94140334719
7.97970007561
8.04067481747
8.06333917626
8.11809036401
8.16377585199
8.1815879128
8.24211474111
8.25309239046
8.26569481789
8.28751961974
8.3262393463
8.35441258319
8.41593478993
8.42622736429
9.60855073018
9.61478897159
9.6258488977
9.6399973101
9.65425442376
9.66963894424
9.67330684806
9.67809348551
9.69137094708
9.72341579427
9.73357532318
9.73909673855
9.75783100133
9.77372645197
9.7912838039
9.79498507629
9.80530229592
9.82009977346
9.82833830901
9.83994603877
9.86580403627
9.91860647269
9.94216881593
9.9576241605
9.9641485534
9.99553668494
10.0238605924
10.0347972615
10.0549956797
10.0675628222
10.0747273303
10.0791689027
10.0990625035
10.1204809452
10.1374003874
10.1535618527
10.1590199833
10.172913008
10.1869587346
10.2002149063
10.2398225648
10.2483711706
10.2785833195
10.3183016196
10.3351999135
10.3391940949
10.3687216553
10.3839771948
10.3980664754
10.4153404456
10.4684955557
10.5541416322
10.5960139547
10.6209311558
10.6562699033
10.8089192878
10.8176826672
10.8320919362
10.8735885861
10.8865520258
10.8931768725
10.9089488586
10.9177782915
10.9265705557
10.9444048723
10.9541676503
10.9631221451
10.9760310551
10.9871992774
10.998245083
11.0271095874
11.03385963
11.1504769141
11.1682873754
11.2097028681
11.271989851
11.2808576836
11.3056433354
11.3218378358
11.3476462555
11.372194082
11.4410989596
11.448387665
11.4635543569
11.5070110139
11.5380943982
11.5612445972
11.5774881544
11.5837405053
11.5883562195
11.6070682828
11.6227453281
11.6590528228
11.7752035922
11.7858571352
11.8115033037
11.8420421819
11.8459998024
11.8654110705
12.0050967283
12.0116396798
12.0242686226
12.0315888934
12.0899395445
12.0971813555
12.1096544439
12.125512786
12.133567509
12.1444656661
12.1544597725
12.1658530341
12.1738562298
12.1952951717
12.2060611988
12.2219988746
13.0630545984
13.1140430075
13.1260894181
13.2046082783
13.2154404388
13.2266967526
13.2334620999
13.2693704327
13.2941525
13.3065410214
13.3133492496
13.3198709053
13.3306670269
13.3403419656
13.3583112882
13.3627715759
13.3706381898
13.3793616214
13.3924602555
13.3958645149
13.4040399688
13.4126051696
13.4291116169
13.4382560846
13.4453566508
13.4513792455
13.4574408477
13.5402745665
13.5587931042
13.5699709368
13.5819343058
13.5893657822
13.6195510144
13.6321972683
13.69913411
13.732834846
13.7541077131
13.7662673662
13.7813131335
13.8576341819
13.9364696951
13.9413489792
13.9730871851
13.9912539762
14.0422212997
14.0600989556
14.0711282526
14.0747110608
14.1274663809
14.1573760463
14.2036486074
14.407635925
14.4475495983
14.4632593152
14.4748540933
14.4788197405
14.4876575962
14.5068014627
14.5127407865
14.531389495
14.5417281804
14.5464023128
14.5550205241
14.5971158063
14.6242103261
14.6417389165
14.6551838693
14.6753640001
14.6850741659
14.700512512
14.7233971306
14.7469309859
14.7621733976
14.7683692274
15.6157554958
15.6279098228
15.6383032652
15.6519042298
15.6609980493
15.6777247746
15.750210939
15.7656144378
15.7701969166
15.7854389927
15.7893124893
15.8083572498
15.8336323718
15.849445352
15.8669284352
15.8791997029
15.8914837208
15.9134091576
15.9231460637
15.9392098975
15.9649265517
15.9801025114
16.0038050026
16.0130715
16.023988571
16.0481826279
16.0518916101
16.0762371707
16.0964051582
16.1223414004
16.1507064985
16.1649864817
16.1884244488
16.2003082232
16.2127077826
16.2460698777
16.3152645947
16.3205627762
16.3316449509
16.3490738571
16.3594671268
16.406235847
16.42466871
16.4444299992
16.4888626306
16.5270148513
16.5636172001
16.6061073723
16.6773667739
16.7387749308
16.7526191458
16.789450098
16.8208096628
16.8289703877
16.8381199265
16.9674665733
16.9873197914
16.9945443087
17.0248198459
17.0323364044
17.052380246
17.0588769524
17.0727191336
17.0936800255
17.1034511462
17.110188956
17.1250951725
17.1409295029
17.1734628172
17.1930222266
17.221721966
17.2271958264
17.2459489917
17.2857628948
17.3103806022
17.3229738025
17.3551438372
17.3657532846
17.3741471502
17.3800857757
17.4435501732
17.4604448245
17.5119051351
17.5427825866
17.6018670162
17.6169607284
17.807705573
17.8338090598
17.8962608346
17.963650081
17.9854889594
18.012291429
18.0625610569
18.0743514675
18.083844368
18.0936615969
18.1125942966
18.1281021405
18.1316507442
18.1432794044
18.1482268706
18.1691590842
18.1753173602
18.1886031874
18.2015247097
18.2084713753
18.2182037808
18.2348762943
18.2547626359
18.2631166746
18.2667087329
18.2855433639
18.3038307858
18.3172021636
18.3321996258
18.3564294567
18.3609043112
18.4027350453
18.4126604148
18.4423142096
18.4526327365
18.4805919648
18.5080425453
18.5181482623
18.5350339999
18.5523592508
18.5678201672
18.5846207132
18.597406677
18.7640153891
18.8059598114
18.8191957742
18.8398539073
18.843474975
18.8604170644
18.8875602455
18.8995711075
18.9301769422
19.0821045848
19.142036682
19.1800077595
19.2062797299
19.2109333903
19.2352104018
19.2388086239
19.2454285864
19.2584989427
19.2704376818
19.277774687
19.2815284178
19.2918389609
19.3063633942
19.3157601377
19.324526516
19.331208673
19.4141545975
19.4208355631
19.4282051191
19.4451375337
19.5141227664
19.5291217411
19.5540241176
19.5605922219
19.5704504097
19.5927468036
19.5977457846
19.6150739866
19.6259666381
19.6528381849
19.6762107554
19.6876305877
19.6956687347
19.7206858293
19.7355710202
19.8139526329
19.8391536491
19.8594156334
19.8789915696
19.9049985708
19.9144011532
19.9457079592
19.9727381759
19.9937388474
20.0108079658
20.0376741582
20.0760714408
20.0903100379
20.1199648259
20.1646432842
20.2076037057
20.2330212667
20.2746405404
20.2911751535
20.3112285493
20.547433723
20.5688465377
20.5820497599
20.5911612129
20.6121784973
20.6220281559
20.6293727053
20.6357292823
21.2478165715
21.2567155118
21.2831929827
21.3099220298
21.3543053518
21.376415893
21.4144491663
21.4282479478
21.4689163901
21.5633256704
21.6076130581
21.61425576
21.6299498423
21.6358968991
21.6487843669
21.6584853704
21.6787369615
21.6908175734
21.7091273089
21.7136510293
21.7184075027
21.7243623039
21.7313509077
21.7506412256
21.7643295212
21.7758948591
21.7878716277
21.7980389825
21.9295225882
21.9352695063
21.9474708038
22.0279239252
22.0444055272
22.0750117174
22.0934126142
22.1049496802
22.1242741383
22.1370818033
22.1418083524
22.1725439746
22.1879692767
22.1927042874
22.2366187832
22.2520291444
22.2963090169
22.3020854371
22.3140576323
22.3396081855
22.3740514764
22.4006029396
22.4360205355
22.462684229
22.4785995315
22.5320653146
22.5361027248
22.5885347686
22.6212629773
22.6420663902
22.672515305
22.8119932534
22.8238703661
22.941256715
22.9732023519
22.9782718918
22.9865480351
23.0008371195
23.0079345856
23.021611658
23.0554469271
23.0800780984
23.0886934372
23.1474736514
23.1620592466
23.180658536
23.2460189301
23.2985202645
23.3117717697
23.4611021688
23.4898960419
23.5277846796
23.9321370177
23.9636301652
23.9993050647
24.005050732
24.0093602734
24.0169401837
24.0216171717
24.0530659526
24.0566317317
24.1369655601
24.155419048
24.1662460192
24.1715668395
24.2009512414
24.2328595112
24.2374178006
24.2501863254
24.2682661073
24.3091659923
24.3172974408
24.3263630952
24.3623111888
24.3878213517
24.4134259754
24.4511637801
24.4976793407
24.5184799235
24.546875149
24.5683566862
24.6021716776
24.6326763701
24.6742228375
24.7044528823
24.7425945086
24.8365883166
24.8580843207
24.8956131008
24.9106954662
24.9580090309
24.9686482131
25.0021806973
25.2106937951
25.2181161516
25.2418605687
25.2480764504
25.2624277591
25.2678040024
25.2893111884
25.3003321955
25.3177653247
25.3288692129
25.3427750961
25.3476792168
25.3579391935
25.3655328597
25.3749015076
25.5305900388
25.5428363545
25.5548311468
25.5710230985
25.5833827547
25.5943542525
25.6421979418
25.6530173094
25.6949997404
25.7155964951
26.18091193
26.1864035326
26.4096473174
26.4146907014
26.420160307
26.4718235156
26.7466631855
26.7544545334
26.7766939434
26.7906016058
26.7953707722
26.8116221137
26.8698722518
26.8894246804
27.0405036892
27.0651349463
27.0959825245
27.1536303286
27.1733903944
27.1985197887
27.2555013616
27.2808103297
27.3491469255
27.3888763634
27.4382383966
27.52893745
27.5639035278
27.6058199358
27.6151106772
27.6379833244
27.6478008193
27.666141435
27.699074202
27.7082478996
27.7135316072
27.724301589
27.7277228494
27.7417709229
27.7862243127
27.8003268509
27.808791225
27.8186030313
27.8304198536
27.8382949484
27.8524565861
27.8561911218
27.8605726892
27.8784053114
27.8868368243
27.9120849454
27.9251800657
27.9343659241
27.9875897956
28.0047697572
28.0170454381
28.0463234581
28.0602885123
28.0918887744
28.1043595172
28.1654170796
28.8043356937
28.8115026368
28.8248227093
28.8351463463
28.8409491593
28.8710965205
28.8844018132
28.8922174796
28.9065075829
28.9178032711
28.9392819374
28.947258452
28.9584655436
28.9704231998
28.9855472402
28.9921320856
29.010777097
29.0268669323
29.0627485523
29.0768168415
29.0868594151
29.1078789326
29.1253789035
29.1348087838
29.1389291318
29.165663425
29.1777049261
29.2105725771
29.2468487768
29.2581960209
29.285208721
29.2983692717
29.3709031845
29.4158749297
29.4337212123
29.4761251546
29.5346440492
29.6158653711
29.637007802
29.6446301665
30.0107560683
30.0141856527
30.0188674597
30.0237643713
30.0421236678
30.0610950467
30.0735716869
30.0979836507
30.1166427156
30.1254714277
30.1379559874
30.1472601807
30.1632312012
30.1702617619
30.1842936645
30.2544142369
30.2826733301
30.2909846417
30.3158416621
30.3242715319
30.3380604817
30.3419524266
30.3544376583
30.3722406782
30.3808451167
30.3974849781
30.4066510372
30.443196899
30.4477801065
30.4755504993
30.5018604804
30.5237264397
30.5624061983
30.5661516154
30.5789386106
30.6236315639
30.6578397439
30.6800939962
30.6919652327
30.7063801569
30.7280356966
30.746299373
30.7533689988
30.7619473946
30.8621460436
30.897220765
30.9459974882
30.9822051782
30.9912804586
31.010766328
31.0548085048
31.1739026616
31.2126533985
31.2228700019
31.2336612245
31.252573269
31.2599844109
31.2668308414
31.2967692008
31.5611392995
31.5847109628
31.5972044563
31.6296200284
31.6471563661
31.6542387792
31.7306619143
31.7816966205
31.8171077434
31.8315500931
31.9350123335
31.9659863416
31.9799679113
31.9945621858
32.0076304757
32.0418851869
32.0613338136
32.1037157752
32.1250915924
32.1684895299
32.1931481529
32.2296823362
32.2503483005
32.2676646683
32.3979948826
32.4264752739
32.4377000017
32.4428669886
32.4518220514
32.4617836438
32.4717845586
32.4832174056
32.5045946642
32.5092705251
33.0825519847
33.0891848541
33.1364865769
33.1638167719
33.1915025103
33.2134794437
33.2246499178
33.2381530057
33.2641600326
33.3171265022
33.3399749675
33.3498416928
33.5475907525
33.5523470676
33.5821051193
33.6051337616
33.6106777551
33.6167937047
33.6258438507
33.631918692
33.6434549947
33.6494140259
33.6729040193
33.6832452902
33.693107815
33.7039095346
33.7131989675
33.7193089017
33.7254087668
33.7392444592
33.7474182936
33.7598470965
33.778369196
33.7844192758
33.7907585167
33.807909826
33.8149805944
33.8261386378
33.8832144742
33.89569838
33.9286487148
33.9424952578
33.9473283185
33.9548087162
33.973714247
33.9827904673
34.0026111934
34.0286058053
34.0555125697
34.0606211891
34.0836246141
34.1020188482
34.1171598381
34.1447137565
34.1583677195
34.1647357006
34.1757869169
34.2059119557
34.2183823422
34.2464153882
34.2593832249
34.3752489951
34.4053650796
34.4354799645
34.4795549255
34.5073219155
34.5368222384
34.5440172695
34.5600365949
34.6630880195
34.7175163874
34.761630324
34.7794089015
34.7867350201
34.8773064744
34.8880900552
34.8993765293
34.9053941559
34.9339641149
34.9428463981
34.9555023337
34.9590459726
34.9652295087
34.9713009493
34.9822554215
35.0005380017
35.0100468116
35.0162225298
35.0308782112
35.0457340921
35.0541851403
35.0823247001
35.0926221799
35.1160887626
35.144440385
35.1522393058
35.2011306047
35.2241738328
35.2384759003
35.2736498235
35.2912046021
35.3251832058
35.3446453201
35.3813409913
35.4315391183
35.4694962031
35.4737697427
35.5052165407
35.5261981056
35.5530602503
35.6196467493
35.8839791894
35.8953681746
35.9253581806
35.935219269
35.9569562004
35.9810464887
36.0074154226
36.0178002162
36.0221364547
36.0407829469
36.0468514549
36.0558995437
36.063518723
36.071220912
36.0836149946
36.1018455759
36.1096971643
36.1227705367
36.1301880089
36.1384244936
36.158359928
36.1679321869
36.1749400033
36.1881624598
36.2093748198
36.2152533942
36.2581247051
36.3552632415
36.3803509503
36.7349649585
36.7802392464
36.8007151764
36.8143376563
36.8537616551
36.8853506233
36.901109536
36.9238205451
38.4148465516
38.4311341376
38.7507523661
38.7874418643
38.8049000148
38.8289466534
38.8937895085
38.9024271804
38.918373526
38.9260859879
38.9521685524
38.9620991541
38.9847914657
39.0089019475
39.0262390771
39.0447562384
39.0614739462
39.0714534439
39.1248526472
39.1447447919
39.2161237088
39.2614782022
39.310648952
39.3175243142
39.364537602
39.3862371193
39.3968097902
39.4358639891
39.4679515888
39.4892183268
39.604192629
39.618303777
39.6299213257
39.636325551
39.6571225971
39.675951872
39.6872514193
39.6993160628
39.7028086686
39.7110454245
39.7236375115
39.74348182
39.7643064361
39.7772498623
39.7898324937
39.8044990682
39.8109529952
39.8269225732
39.8432881904
39.8849393903
39.9123087628
39.9408995234
39.9529705785
39.9596580644
39.9739653708
39.9973323768
40.0061325351
40.0652954035
40.0803450406
40.1009964907
40.1179154717
40.1248942721
40.1382020843
40.1468746291
40.3391974283
40.3566690151
40.3621281796
40.3711211798
40.3958818196
40.4427235972
40.4767965033
40.4945355467
40.5869308444
40.7449602493
40.7907675427
40.7957597168
40.8309042801
40.8429312061
40.9000613629
40.9063017487
40.9142123621
40.9193829342
40.9247843851
40.9429100565
40.9525969346
40.9663836686
40.971406243
41.0130859217
41.0304001687
41.0458429081
41.0759047106
41.0918663032
41.0998608297
41.1041468253
41.1194788094
41.1373282301
41.1482752774
41.15624947
41.1684226446
41.1818104954
41.2155562158
41.2278232684
41.2360652057
41.2482530866
41.2647862394
41.2740564466
41.280947715
41.2967564969
1086
