6.0108555398
6.01812135194
6.02608801797
6.03239982765
6.04883472124
6.06808669471
6.09257051704
6.10903660201
6.11644282919
6.14066529362
6.15055365292
6.15655972916
6.17091517603
6.17667554899
6.18371946815
6.19806964829
6.21433986187
6.23379091709
6.24947288439
6.26567475298
6.30412020792
6.31308876997
6.33527767185
6.36400694471
6.38692779006
6.39908295472
6.41589776196
6.42411903839
6.4448272852
6.46039399961
6.47301022898
6.53728271678
6.549130779
6.57386309832
6.58477791925
6.77438202896
6.86328304464
6.90595575506
6.93349778065
6.96870532649
6.97634883324
6.99233889112
7.02681952972
7.04820544079
7.06021101253
7.0979567942
7.12976324089
7.18585332904
7.21499731618
7.21994309459
7.24092274996
7.24533901311
7.26040149056
7.28376315867
7.29162096269
7.30611494775
7.31482640288
7.326978404
7.34350594314
7.34838622829
7.36032470726
7.37361168578
7.40340222409
7.41573142183
7.42967386258
7.43346872307
7.44445019938
7.45867066176
7.47875335193
7.49792959107
7.50855131067
7.51426490716
7.54146677052
7.55191328196
7.56167209432
7.60047832013
7.68711427349
7.69058186423
7.7282465793
7.74025520532
7.76105797679
7.7937289425
7.80778528558
7.85672928056
7.96053403634
7.97304046263
7.98130421334
8.0266846391
8.04640934501
8.09024578892
8.11813844613
8.14920010684
8.17686890055
8.20200328697
8.23442812734
8.3310120037
8.342894856
8.38035724882
8.43046784428
8.43594520852
8.44402417457
8.46203966345
8.47661741538
8.49954831518
8.51305911326
8.52737949163
8.54669017371
8.55318752623
8.56458345292
8.57063475429
8.58601020861
8.59763064893
8.63604216382
8.64746928946
8.67391250958
8.70410556631
8.71511943669
8.75800877857
8.8013489613
8.82851712361
8.85170203192
8.87554576839
8.88843865132
8.91231340822
8.91663055478
8.93321611877
8.96517611729
8.97755248293
8.98817400515
9.00639931155
9.07335686423
9.10755849755
9.12635804739
9.13590722423
9.16952380586
9.17908716961
9.19777839309
9.23419084946
9.24752461688
9.25484060607
9.27813608313
9.28550811595
9.30680081328
9.34922815635
9.38980807151
9.43997496225
9.46360841226
9.50860421604
9.53698265602
9.56157182134
9.60447049731
9.61971899587
9.63037306653
9.65454462565
9.6690777496
9.68164108313
9.69335782044
9.70146033489
9.71472125599
9.7350234892
9.7560357428
9.76367380871
9.77636568353
9.79170962684
9.80070700352
9.83319596284
9.84516937135
9.85925261447
9.94078892633
9.95895343426
9.97800885892
9.98527193747
10.0109243481
10.0502765426
10.0660980612
10.0730894487
10.1076208043
10.1830373972
10.2662152759
10.29593998
10.3141686756
10.343234967
10.3506750567
10.3893046902
10.4309098249
10.4794433048
10.4909002441
10.523730959
10.5784494928
10.6185835122
10.6513511262
10.7661724129
10.7850279156
10.804511357
10.8082289961
10.8193934939
10.8302749327
10.8360859387
10.8707954434
10.8832243363
10.8897560944
10.8933721097
10.9077592416
10.917211676
10.930333673
10.9538634989
10.997017884
11.0076604073
11.0639276636
11.0750585
11.0860078583
11.094526276
11.1127195783
11.1333193412
11.1683408435
11.2062768957
11.2233185853
11.7684044855
11.8224630486
11.8607948857
11.917802557
11.9906111422
12.0096179439
12.023264933
12.0308768185
12.0380713907
12.0514133314
12.0762129065
12.0795918096
12.0964572235
12.1053932042
12.1127714404
12.1265498274
12.1311846307
12.1439676179
12.1528133244
12.1595947736
12.1682635346
12.176709405
12.1937752985
12.2494475
12.2553890835
12.2652461696
12.286247571
12.2966844983
12.3137481813
12.3261502269
12.335500987
12.3396464907
12.3511113522
12.365773444
12.3718263071
12.382136426
12.3967232995
12.4026357299
12.4300560843
12.4354284713
12.4628339695
12.4769753352
12.4855727327
12.4931657299
12.6092879662
12.6525662458
12.6608774424
12.6941136508
12.7079945339
12.7178880009
12.7509868757
12.7796168647
12.7952510026
12.8181874522
12.8303140857
12.8366517958
12.8500780736
12.8617647171
13.028318283
13.0972122277
13.1195217234
13.2070248224
13.3532292415
13.372826492
13.3824742438
13.3882366786
13.396214874
13.4063529873
13.413712167
13.4266944348
13.4362830453
13.8416065001
13.9020335587
13.9350263596
13.9787146974
13.9918119907
13.9976232392
14.0242017786
14.0280617654
14.0683675489
14.0787868707
14.1055254029
14.1253949677
14.1821383238
14.2143678997
14.2600542951
14.2784496779
14.3528681499
14.3866908062
14.4040632065
14.4079621499
14.4230640854
14.4393245219
14.4611328195
14.4713992365
14.4846271094
14.6701509898
14.6914524354
14.7053233887
15.6036248253
15.6113937087
15.6224321216
15.6348140707
15.6476490431
15.6704802375
15.6778377746
15.6944457789
15.7270252607
15.7373769611
15.7651774932
15.7807640843
15.7988884156
15.8344190018
15.856239171
15.8721182038
15.8850367427
15.8989559694
15.9234909037
15.9448797079
15.9679679515
16.0660356051
16.0868564795
16.1035659623
16.6162797286
16.640389173
16.6825894005
16.7096647193
16.7818620653
16.7891564185
16.8127466543
16.8185436634
16.8253661997
16.8390946442
16.8509243299
16.8747256518
16.8853685784
16.9983711551
17.0057440613
17.0238522603
17.0607040657
17.2932476754
17.315012356
17.3369864748
17.4494475649
17.7196033417
17.7561412876
18.0427571385
18.0558229589
18.0654091011
18.0751617091
18.0943074898
18.0986402643
18.1294707003
18.1562648398
18.1622339083
18.1669532506
18.1732904265
18.1960190332
18.2113910476
18.221733585
18.251438149
18.2683759291
18.3271182779
18.5391176302
18.5731059084
18.5841873718
18.6011459853
18.6277426738
18.6428983251
18.6590978481
18.6671643988
19.2179405487
19.2477448681
19.258428892
19.2787440524
19.2882240902
19.3011741472
19.3219765084
19.3350296803
19.3496451753
19.3592519437
19.3694593693
19.3802159357
19.411537695
19.4284702757
19.4335169175
19.4406948049
19.4516930434
19.4618851622
19.4777674363
19.4911177614
19.504112845
19.5127971149
19.5336631963
19.5395632523
19.548182325
19.5694203703
19.6023904436
19.619451425
19.6446015322
19.662111323
19.6680065025
19.6732448871
19.6825833567
19.7062975021
19.7222208747
19.742719101
19.7509560901
19.8241917861
19.8419062161
19.877624602
19.905448993
19.9102933712
19.9176515111
19.9582035348
20.0023215597
20.007191301
20.0132341213
20.1365052514
20.165369114
20.191812461
20.2086421183
20.2744489877
20.3065727743
20.3814783418
20.4050607208
20.4095320999
20.4179412063
20.4309138167
20.4379462535
20.4654368908
20.4729678201
20.4870537293
20.507436747
21.6052929783
21.6344676408
21.6396709254
21.6652488588
21.6707272863
21.6798848441
21.6854561068
21.703842957
21.728257321
21.7389918746
21.7519152157
21.7656600148
21.7761356504
21.7825196866
21.8027581637
21.8181920462
21.8261940516
21.8368277064
21.8654597527
21.8785767302
21.8831730338
21.9169819855
21.9344641377
21.9624103605
21.9759059034
21.9804285786
22.0265229052
22.0324193472
22.0508797921
22.0582587725
22.0727078274
22.1104845863
22.1400323184
22.1677312055
22.1917046179
22.219103921
22.2443661776
22.2563378338
22.2760222995
22.3589404418
22.3869952481
22.4020833144
22.4291957055
22.4421893934
22.596286178
22.6668008949
22.6818646972
22.7658839337
22.7958577516
22.8071825695
22.8147504108
22.8273735229
22.8402494491
22.8501395128
22.8634042701
22.867800471
22.9136378607
22.9271755453
22.9310013574
22.9407932161
22.9442843861
22.9494994041
22.9639325946
22.9913958119
23.148658932
23.1630625212
23.1830966601
23.1957527969
23.2173027801
23.2315952227
23.2354717272
23.2656272528
23.3117277905
23.3195259402
23.3265097492
23.3410333679
23.3482529899
23.4017508838
23.4132933852
23.4280231663
23.5785169595
23.6234641096
23.7004883
23.7385267347
23.7724953062
23.8121978492
23.8496612256
23.8622609857
23.9219207862
23.9620098197
23.983439151
24.0064046874
24.0114934166
24.0344827814
24.1926815053
24.2107880106
25.2071183805
25.2140842959
25.2269999194
25.2352026929
25.2944727602
25.2990967295
25.4066084912
25.4308312835
25.444127749
25.4513896771
25.4588557543
25.4724652026
25.48385665
25.4895869168
25.49571834
25.5160572918
25.6299859764
25.635183816
25.6502486579
25.6672635598
25.6970902435
25.7545676134
25.7826677163
25.7962029465
25.8149621194
25.9186917329
25.9539428396
25.9723858644
25.9762221125
26.0064590534
26.0160169845
26.043308953
26.0860283963
26.1396772379
26.1482524899
26.1728424712
26.210341453
26.2282783495
26.2521096216
26.4056284558
26.4120564964
26.4216872509
26.5615063253
26.5696349655
26.5861951235
26.5922508705
26.6082027898
26.6375970516
26.6440044423
26.6593962045
26.6689811193
26.6938716485
26.7073893362
26.713299384
26.7469248662
26.756314824
26.766207329
26.7754041624
27.2412952021
27.2709006763
27.3408583809
27.3613012874
27.3731294473
27.4125824873
27.4361182508
27.4579571856
27.4963139069
27.5497939608
27.5649337904
27.6120749167
27.6435196954
27.6897906
27.6966074845
27.7133081308
27.719288742
27.726569206
27.7464669612
27.768821551
27.7778807501
27.8204032586
27.8314920167
27.8557411458
27.865019962
27.8781491967
28.0246385599
28.0345752276
28.1154135991
28.637174678
28.6951776033
28.7208365624
28.7366049514
28.7754529595
28.7972993655
28.8036929297
28.8254584319
28.8380713229
28.8560500055
28.8636291354
28.872242141
28.8777215642
28.896824439
29.275939133
29.2930718368
29.3565240661
29.3864469377
29.3898095892
29.3988354869
29.4050264658
29.4124898739
29.4362980992
29.461570714
29.4768163054
29.4851261452
29.5111783545
29.548397117
29.5785722337
29.5906726489
29.5950951966
29.5987675163
29.6347881375
29.7267024296
29.7604436824
29.7835862319
29.7892032552
29.842112807
29.8521176504
29.9740047746
29.9950782109
30.0127586393
30.0431622301
30.0740634373
30.1276532793
30.1368885373
30.1417853242
30.1665479786
30.1715922332
30.1970670521
30.2080868803
30.5067796852
30.5399678379
30.5444909204
30.573883264
30.5931231174
30.6062971025
30.6115573465
30.6159141677
30.635304692
30.6470906487
30.6638485433
30.7198002967
30.7682566051
30.7843054565
30.7989334208
31.2104124541
31.2235913523
31.256067597
31.262754976
31.3377603511
31.3536711057
31.3634576276
31.3778913149
31.3911109773
31.4097924676
31.4333270244
31.4532699674
31.4580992794
31.5285405251
31.5428369286
31.5551157751
31.5779637727
31.5911914682
31.6160458871
31.6523689272
31.6683038698
31.6801076426
31.689920543
31.7010894934
31.7548871532
31.7780007922
31.796057292
31.8075293402
31.8242747224
31.8482099144
31.8760697635
31.8931287506
31.9109647728
31.9460007835
31.9641915425
31.9824586463
31.9989498265
32.03246239
32.0577825438
32.0765884564
32.1175596401
32.154460189
32.1984997397
32.2115048667
32.2364535721
32.255895977
32.3206895406
32.3768285995
32.4060579087
32.4137028494
32.4199870498
32.4262758648
32.4326404539
32.4680962022
32.4820801717
32.5196932793
32.5291725296
32.5357775948
32.5536059845
32.5711691071
32.5805762131
32.5909556903
32.5958722039
32.6014518575
32.610208313
32.6147474507
32.6275276064
32.6489729666
32.6675071566
32.7195798761
32.7288854477
32.7988291238
32.8026935142
32.8224172964
32.8354370688
32.8438914885
32.8900745201
32.9083897118
32.9315327084
32.9465277755
32.9667941312
32.9885745935
33.0128080486
33.0224767755
33.0535350775
33.0707625396
33.085522624
33.1009739522
33.115394812
33.1397347945
33.1741357581
33.2182897633
33.2224495383
33.2280524604
33.2606102333
33.2790642603
33.3337348409
33.3771147223
33.4778157078
33.61689742
33.643152883
33.6580572569
33.6621091998
33.6748880711
33.6845940557
33.6921358884
33.6982370307
33.7109581214
33.7159095518
33.7280288315
33.7867521702
33.7933026531
33.8049621719
33.815959336
33.8244638516
33.8361172976
33.8558140283
33.8640047776
33.8842083598
33.8990117368
33.9074308443
33.9147075306
33.9570842262
33.9652225732
33.9760733564
34.0382113581
34.05242306
34.1121834177
34.2168591869
34.2274143512
34.2607300446
34.2711394568
34.2886363172
34.3358884404
34.3559476228
34.3600391338
34.4618169497
34.481682699
34.5026936554
34.5597184144
34.5850807882
34.6153392036
34.7286042381
34.7419428662
34.7664742761
34.814220472
34.8331589548
34.8455316489
35.2935117551
35.2998256469
35.3178062826
35.3229469522
35.3480679703
35.3755046783
35.4051318568
35.4133454757
35.4345369297
35.4614048305
35.4724504186
35.4897581832
35.5290151115
35.5452940173
35.5750627708
35.5927554363
35.6201507988
35.6874905389
35.7214735749
35.7591330411
35.8024451125
35.8132468237
35.8679412007
35.9512533455
36.0591474097
36.0649658485
36.0773593662
36.0936414804
36.0973133747
36.1051558788
36.1085157784
36.11880729
36.1351124627
36.1646577874
36.1692293239
36.1824227092
36.1885773742
36.228703379
36.2374942175
36.2606549167
36.2662204208
36.2767433036
36.2956131048
36.3054328625
36.3302244237
36.8419411368
36.8628257676
36.9053054991
36.9142688986
36.9186575468
36.9524716427
36.9676211459
36.9727960495
36.9778131294
37.0158534438
37.0454664804
37.1071872681
37.2054269691
37.2150597823
37.2309708265
37.2499639118
37.2570284093
37.2700028603
37.278222829
37.2846000254
37.2897782001
37.3019258653
37.3111068459
37.3161651639
37.3440792749
37.3548668352
37.3690220506
37.3748017535
37.396691574
37.4307367444
37.4380638194
37.4545710485
37.4611607497
37.4737134354
37.4790611433
37.5026013596
37.50667817
37.5284934824
37.5363556499
37.5440299511
37.5771753622
37.6179614941
37.6530036515
37.6762308653
37.6890457413
37.8368728264
37.8746775281
37.9087793152
37.9125634314
37.9246804647
37.9496048676
37.986360243
37.9923315759
38.0320862676
38.1938056454
38.2167025077
38.2517649147
38.276692781
38.3739197376
38.3938288063
38.3985429648
38.4117793677
38.4317453338
38.472118355
38.4832622525
38.4896776585
38.494028259
38.5139507786
38.6022815146
38.8158856814
38.8308324014
38.9834156042
39.0323706144
39.0504214875
39.0761156863
39.0942295158
39.1034555264
39.1176637847
39.1448551625
39.1744243094
39.2090076498
39.2556751367
39.4947698166
39.5464836249
39.5970312253
39.6185705009
39.6429044382
39.7613774197
39.7829042055
39.7929136152
39.8093041254
39.8180783623
39.8426275802
39.8719273235
39.8847357591
39.8902791566
39.897272011
39.9019343534
39.9118461104
39.9346108317
39.9402616583
39.9498613187
39.9541973832
39.9595563689
39.9660846804
39.9957667087
40.0048392859
40.0181264089
40.0487067502
40.0733587547
40.110296715
40.1230501857
40.1264005775
40.1465255235
40.1515419698
40.2074262419
40.2279342235
40.2484002587
40.2782906719
40.300627868
40.3488453199
40.4056341103
40.5025189697
40.5159823601
40.5797187439
40.5899426587
40.6061804101
40.6575496834
40.7178207743
40.7388132936
40.7424850002
40.7918913383
40.8178208473
40.8245056553
40.8323930465
40.8413568328
40.8677403005
40.8924437407
40.9029368214
40.9433922544
40.9477220597
40.9534349939
40.9608948375
40.978243951
40.9830350378
41.0005436035
41.0078227457
41.0256293595
41.0318085117
41.0469776276
41.0686328067
41.0784207677
41.0845697746
41.1015661314
41.1312535475
41.1959281197
41.2129978998
41.227789156
41.2628506311
41.3505235951
41.373562045
41.385786431
41.3995012409
41.4306521431
41.4659266172
41.4699994197
41.4748932042
41.5096212777
41.5280744919
41.5672100976
41.5999662883
41.7319675515
41.7461231262
41.7549549595
41.8303675379
41.8563637549
41.8705840375
41.8887180595
41.9104774464
41.9520223894
1073
