6.00653315951
6.00987897105
6.0195396174
6.02875593439
6.03382178131
6.03854445293
6.04535400884
6.06014080313
6.06717234401
6.10732141983
6.12345112661
6.13237806015
6.14163296776
6.16063660254
6.17975762527
6.19246194491
6.28823542816
6.29326274455
6.29879534189
6.33295792962
6.3563645349
6.36802983097
6.37377640556
6.37831757358
6.39237233327
6.41340533934
6.43473492104
6.45431785736
6.66704090759
6.8101103867
6.85997203434
6.89743307913
6.92348015865
6.92701660781
6.9660058479
7.02785302877
7.05001402712
7.1166118852
7.1403404545
7.16684920739
7.175130968
7.20986805908
7.21745278181
7.25465787582
7.26252982139
7.2848718981
7.29764292034
7.30876075143
7.31857718827
7.32823036413
7.40322263379
7.4098237417
7.42068493294
7.43444628907
7.43798306242
7.45662901635
7.4708596195
7.52609255729
7.55490415855
7.56496247376
7.58226319874
7.58963796048
7.60089164787
7.65810429123
7.68405957206
7.6961982495
7.7266285128
7.74794344385
7.76793269979
7.77211069903
7.78695795997
7.80772482787
7.82665951979
7.84155507214
7.85834870081
7.90109931089
7.92657638142
7.95038121934
8.41332945934
8.42578985051
8.43534316588
8.44032129859
8.45070576566
8.46101849832
8.47007865163
8.48610044267
8.49875445293
8.50801535236
8.51755107932
8.52923648389
8.534016046
8.54674585866
8.56770811152
8.57883395684
8.59180640936
8.60294164006
8.62491027011
8.69801782684
8.72123152584
8.73598605945
8.75190765481
8.80342914809
8.81543010105
8.82663995143
8.84320734369
8.87378600316
8.88723433861
8.90708957278
8.91410408185
8.94116036113
9.13933854663
9.15900875872
9.17119409826
9.18874018785
9.2361384794
9.25613369631
9.35692991194
9.38666558371
9.47646075931
9.5572638671
9.57108850176
9.60913492318
9.62025507866
9.63415152756
9.6437943748
9.65527156996
9.68777403605
9.69616732046
9.70345478875
9.7119724531
9.71701716553
9.74390041852
9.74973070223
9.75879012344
9.77565708716
9.78944289057
9.80307611764
9.81626230846
9.82170299948
9.83157223207
9.84078670026
9.85317174617
9.85904890687
9.87381466816
9.88013691404
9.89655125701
9.91327849258
9.94929352611
9.96859721592
9.99423502266
10.0079182678
10.0163436205
10.0470014787
10.3025064804
10.3112243203
10.3232588567
10.3274788066
10.3510725415
10.3676843209
10.4069276592
10.45316062
10.5021662298
10.5444020868
10.5746536905
10.5937009942
10.6402249222
10.6849264836
10.6985957349
10.7253748806
10.7444469606
10.773507887
10.7845011278
10.819359672
10.8321518614
10.8477713663
10.8601244609
10.8649393095
11.07483014
11.101033465
11.1126610211
11.1272812956
11.1375331929
11.1472015771
11.1673675122
11.1711584769
11.1849107225
11.1907800865
11.2261710137
11.2332489742
11.2505512488
11.3133211089
11.3422824239
11.3726995711
11.3914328771
11.4315300259
11.4494428459
11.4889983413
11.5223202209
11.5297127833
11.5451536323
11.5527712918
11.6106684485
11.6453084823
11.667387464
11.6732161563
11.7047744609
11.7753135349
11.8916124087
11.9772413606
12.0066551622
12.0167599893
12.022322854
12.0266032183
12.0363459499
12.0522037137
12.0647382487
12.0790928925
12.0900845657
12.0974023751
12.1014092336
12.1169967584
12.1287542905
12.1353146678
12.143246805
12.154647884
13.2118514096
13.2303627796
13.4901474512
13.5146980749
13.5522773105
13.5636150195
13.5739553262
13.5846897617
13.5986128051
13.6099537397
13.6333016359
13.6471393476
13.6727700584
13.6950579134
13.7135330626
13.7312369762
13.7349377612
13.7799527293
13.8194518077
13.8425811981
13.8790439849
13.8938372284
13.9054916884
13.9715519705
13.9940203832
14.036058243
14.0436599307
14.1060544667
14.183834131
14.2065737833
14.2259884202
14.2819394608
14.3110575862
14.3539666752
14.4104928275
14.4206939859
14.4277393591
14.4371971152
14.457356351
14.4622746604
14.4725155032
14.4886869831
14.5107635669
14.5251848985
14.5315694412
14.5406978001
14.5479374722
14.5682577824
14.5776663818
14.5821106967
14.8800584154
14.8919325928
14.9152623174
15.6141490372
15.6444121428
15.6919483333
15.7098231534
15.7253343992
15.7654113013
15.7806254044
15.7909334463
15.8228378081
15.8263677798
16.228342166
16.2479783714
16.289430764
16.3487127107
16.3846062541
16.5267612582
16.5843016276
16.5901030119
16.6079378035
16.6241191766
16.6654739018
16.7069270938
16.7625650093
16.7953679032
16.8106923408
16.9788150573
16.9875184247
17.0063700975
17.0201489017
17.0298942936
17.1220562149
17.1303399781
17.1533012664
17.1663640801
17.1750217435
17.2308422998
17.2383179192
17.2671611535
17.2721495978
17.294226515
17.300199899
17.3244262178
17.3324297958
17.3583259373
17.3969648475
17.4133663215
17.4425150262
17.446796794
17.5147288949
17.5355151417
17.5866201
17.6026108468
17.6167787412
17.6471561475
17.8475092571
17.8584263037
17.8999820581
17.9152515594
17.9312370507
18.0047862635
18.009954121
18.0425467625
18.0520624736
18.0555815874
18.0641379663
18.0684284394
18.0744149775
18.0809415231
18.1202802177
18.1331383979
18.1479063505
18.155900488
18.1701050937
18.1742921806
18.2359119904
18.2416674598
18.2547009722
18.2808366037
18.2910358914
18.3042284479
18.4315898959
18.5448498754
18.5603146272
18.5670994152
18.5737651749
18.5784895944
18.5985230718
18.6142203426
18.756939714
18.8598785554
18.8746714518
18.8926176544
18.9080916291
18.9401079157
18.9487807287
18.9920255664
19.010045311
19.0447606939
19.0643474222
19.0933239082
19.1477130661
19.152113915
19.2099361562
19.2331861921
19.2433691782
19.2527443206
19.2735590983
19.2980557569
19.312049899
19.3409973449
19.3517000738
19.3664879824
19.3887160865
19.4025591701
19.4181324797
19.4252640736
19.4400936916
19.4565080588
19.5098717988
19.6173860078
19.6282114936
19.6338646823
19.6874188691
19.7019473843
20.4148009739
20.4193824274
21.6164576671
21.6308894457
21.6398200913
21.6474680273
21.67981811
21.6943806343
21.7276355159
21.7812700659
21.7894480648
21.8011058548
21.8187535256
21.8221938732
21.8283601849
21.8478437419
21.8651066722
21.876358878
21.9022570348
21.9391971871
21.9530817003
21.9618253311
21.9801412398
22.0097254506
22.0945530292
22.1085914755
22.1448165928
22.1690904366
22.1895377987
22.1935631451
22.2023839887
22.2334858712
22.274219524
22.3555205142
22.3944543742
22.405910274
22.4119730355
22.4723477165
22.5285258778
22.7623090841
22.7660409114
22.8033870015
22.8311110467
22.9645952696
22.9733585065
22.9862448279
23.0085934352
23.0171169302
23.038926415
23.0480249823
23.0604654246
23.0788095306
23.0875930784
23.1086461433
23.1479348082
23.1552947766
23.1671560639
23.2225169802
23.2343087426
23.2534148751
23.2764149837
23.2877550904
23.3004112127
23.3239228825
23.3554520372
23.3672292799
23.3788923877
23.4044260939
23.4343421999
23.4470961081
23.464028467
23.4911649345
23.495932167
23.5304590633
23.5529173803
23.573470216
23.5906301864
23.6637826913
23.6769407102
23.699925907
23.726369337
23.7551369496
23.7882937978
23.8293414485
23.8382252909
23.9132942171
23.963480354
23.9993556597
24.011181916
24.0156279249
24.027012767
24.0348953895
24.0408048178
24.0839060069
24.0967926084
24.1237542956
24.1343359073
24.1484824023
24.3221464888
24.3288167781
24.3378729387
24.3458701365
24.3603919973
24.3710559966
24.4048727996
24.4553102012
24.475638822
24.4905037228
24.5002473145
24.5137769438
24.5212183167
24.5942100585
24.6316849194
24.6875531
24.7209383246
24.8001978226
24.8551004205
24.8749357936
24.9147024175
24.9611203511
24.9875358197
24.9936936149
25.0169601974
25.0584523984
25.075867154
25.0872433625
25.1040635213
25.1377289783
25.1550130486
25.1639279952
25.2056311974
25.2178767913
25.2495985777
25.2562341839
25.2606790485
25.2765708003
25.2826789398
25.2912244215
25.3048973918
25.3199279337
25.335660069
25.36140266
25.3667190342
25.4505838513
25.4560736434
25.4770768658
25.4917261023
25.5062042412
25.5556820384
25.5705549073
25.5887115031
25.598571414
25.6503420277
25.6551066066
25.6823703923
25.7115133682
25.7221231186
25.7433969611
25.7706751351
25.8952690824
25.9195927791
25.938485495
25.946057958
26.0338536061
26.0497909915
26.0696255541
26.0779244663
26.0961802644
26.129179285
26.1760070213
26.2132468454
26.2564858545
26.3218743007
26.4174242478
26.4220786496
26.4441259615
26.4565959981
26.4696740069
26.4857861222
26.499939154
26.5132558628
26.5386227241
26.5474000976
26.5572302097
26.5726353658
26.5829135334
26.5920278355
26.5973203858
26.6148168382
26.6394239221
26.6455987846
26.6519791497
26.6662565986
26.674113792
26.6779514534
26.6931318153
26.7008363872
26.7251299251
26.7694173109
26.7932272428
26.8202206931
26.8350676612
26.8677665563
26.9092907937
26.9614614983
26.9948981893
26.999416581
27.016437852
27.1139800529
27.1568855037
27.1909949221
27.2162908965
27.2512231897
27.2695668835
27.2948395756
27.3113675698
27.3786608719
27.4272039779
27.4790391493
27.5219589993
27.5504412361
27.6038016584
27.61054379
27.6210214227
27.6267543514
27.639149912
27.6543718358
27.6642846253
27.6880819336
27.7028652651
27.7234653231
27.7472438882
27.7554621215
27.7672915602
27.7811651325
27.8469118113
27.8749489043
27.8823088132
27.9101240387
27.9463645045
27.9571107038
27.9713500389
27.9883573127
28.0139352618
28.0391451272
28.0482809794
28.262196618
28.3118340428
28.5191745829
28.5579123233
28.6319664405
28.6590184398
28.7005280933
28.7357197762
28.8074065802
28.8226557077
28.850173338
28.8561641226
28.8788312118
28.8842198387
28.8991151746
28.9796815197
28.99730452
29.0061848525
29.054530058
29.0678666531
29.0829442915
29.0965390826
29.1057476467
29.1119821859
29.1366912893
29.1460091703
29.1728858204
29.18160821
29.1925270339
29.2153078452
29.2317551042
29.2677023552
29.2764766467
29.2954581479
29.4008383816
29.4149938601
29.4317162737
29.4537478597
29.4857037211
29.5116321744
29.5379119295
29.5593046883
29.8034473657
29.8454258251
29.8791918869
29.8972175133
29.9209782802
29.9531181027
29.9969926297
30.0170213165
30.0235855397
30.0272532393
30.0415615017
30.0454384876
30.078620919
30.0862280457
30.0898709684
30.1141272475
30.1253300399
30.1314626939
30.1423782185
30.1486950994
30.1638164382
30.1701704649
30.1735086051
30.1893915446
30.195017326
30.2369969058
31.2074299857
31.2149623347
31.2232028768
31.2279798531
31.2371185085
31.2416349151
31.260022485
31.2726987848
31.2806898653
31.3118869634
31.3298224205
31.3491700167
31.3609961892
31.3689286119
31.3738159185
31.3837674389
31.3994890609
31.4130034871
31.4212774649
31.6261668368
31.6360612113
31.6651671436
31.6827236239
31.7307354181
31.7604065586
31.8011793432
31.8104666375
31.8173440331
31.8247502707
31.8533213626
31.9311585672
31.9512981356
31.9693076589
31.9861447626
32.0164681935
32.0718509617
32.0917496715
32.1474896594
32.2022620995
32.2199046384
32.2755791359
32.3355112747
32.3568059785
32.3945784965
32.4074447139
32.4145759993
32.4189164029
32.4284927458
32.4536632025
32.4572923839
32.4617182776
32.4712630009
32.4917874244
32.503965002
32.5214618806
32.5408765228
32.5547058557
32.5616925178
32.5771729826
32.5895037
32.6020166154
32.6211687276
32.8890387241
32.9198851509
32.9366533538
32.9523139375
32.9683762805
32.9890046949
33.0194435515
33.0293323528
33.2216745439
33.2338269899
33.2945902814
33.317329979
33.3354711209
33.3755378605
33.412809109
33.4414364449
33.4883419737
33.5297635092
33.5550027001
33.6108438614
33.6190508503
33.6265071403
33.643166675
33.6497553921
33.6698853234
33.6806459146
33.6945296496
33.7038553619
33.7125306321
33.7246714893
33.7361312386
33.7467944317
33.7604699355
33.766955708
33.7767221039
33.7975638906
33.8146327967
33.8328538995
33.848539182
33.8743941016
33.9311195558
33.9462555357
33.9504778596
33.9730280177
33.9885229639
34.0095683179
34.0307715712
34.0608107803
34.0691086488
34.1089679333
34.1331172964
34.1512789644
34.2413104688
34.2575668904
34.268424606
34.2949071086
34.3191472184
34.3312895187
34.3722748349
34.4289195195
34.4818766082
34.6382525196
34.6699606672
34.8094016655
34.8275408677
34.8344208272
34.8393066665
34.8468157588
34.8952404866
34.9102381765
34.9384400423
34.9433997008
34.9575070271
34.9807618752
35.0078785899
35.0234291089
35.0301236149
35.0539472686
35.0638198489
35.0974138102
35.1019119014
35.1157375786
35.1243114301
35.1371446348
35.1458141591
35.1573458995
35.16816589
35.1929342502
35.2138695949
35.3284371682
35.3420395394
35.3509604098
35.3683869326
35.3778555105
35.3887961518
35.4285305925
35.4396550103
35.4463977055
35.5046025673
35.5210462925
35.5789774191
35.5869025879
35.6335723073
35.6647841374
35.6964218549
35.7315091441
35.758588741
35.7655378144
35.7992180716
35.9382829376
35.9895418319
36.0372839345
36.0521199539
36.0653911057
36.0822903887
36.086144579
36.0912388409
36.0958511338
36.2282000353
36.2582666297
36.3542329753
36.3656379575
36.3802297089
36.3942300743
36.4042905819
36.412165636
36.432638147
36.4406850277
36.4637682174
36.4990712274
36.5245390085
36.5290962496
36.5651896153
36.5993612713
36.8102852801
36.8191749228
36.9086982677
36.9350829179
36.9578634959
36.9689731783
37.0120600957
37.0461493573
37.0580538592
37.0987562103
37.2154318697
37.2301019454
37.237353063
37.2438050555
37.2717419646
37.2862678164
37.2984607338
37.3191454792
37.3360857214
37.3450060519
37.4178506977
37.4349293321
37.4477729897
37.4711981701
37.4922257829
37.5158764348
37.5279007959
37.5383917757
37.6664115986
37.6700649767
37.7422217054
37.7463451538
37.7602719551
37.7884336336
37.7985721907
37.8244800941
37.8722953166
37.8921901877
37.9158166262
37.9544040467
37.9678968886
37.9779762543
38.0222704558
38.0462885065
38.0650617134
38.0912050124
38.1362977623
38.1609581052
38.1647234994
38.1994474415
38.214730375
38.2367687749
38.2932243443
38.3039988684
38.3134631721
38.335478038
38.3889278283
38.4076113523
38.4360582005
38.4403650518
38.4555431098
38.4625635995
38.4773445055
38.4824654409
38.4896177013
38.5039366081
38.5253718689
38.5344182737
38.5562461108
38.5611892201
38.5684199434
38.5926273699
38.5993627961
38.6125237754
38.626464898
38.6536168383
38.6594872487
38.9017898989
38.9288754961
38.9769229581
39.009446927
39.1174832767
39.1652240075
39.1800314661
39.318743869
39.363122103
39.3794533965
39.3987644881
39.4304607418
39.4891697027
39.5118081201
39.5357198994
39.5492453886
39.5672465505
39.5928232934
39.6110533482
39.6162389512
39.6291775894
39.639940042
39.6468679306
39.661128796
39.6698036901
39.676056744
39.6824001653
39.6895207235
39.7919951047
39.8053945975
39.8169173738
39.8322405092
39.8886590481
39.8992026899
39.910278479
39.9370822565
39.9565825173
39.9626225371
39.9875174884
40.0045428683
40.1239115978
40.1283591245
40.1658783921
40.1749537872
40.2670363968
40.2818344444
40.287655791
40.3212962079
40.4511785624
40.4546222381
40.4822719979
40.4856339462
40.7145120355
40.760557302
40.7882108397
40.8080540522
40.8319832127
40.8362993186
40.8653027575
40.8698110874
40.8741159026
40.8866987665
40.8988533969
40.9178048345
40.9307837305
40.9428784444
40.9482106339
40.9600434668
40.9761737348
40.9801398034
40.9951267354
41.0015195018
41.0074878044
41.0270290619
41.0644190292
41.0837853943
41.1065826206
41.1181288857
41.1257797877
41.1388763179
41.1462232115
41.1534531387
41.1763820659
41.2833738808
41.3076010077
41.325328619
41.3474338805
41.3610954298
41.4012455794
41.4259665037
41.4376158735
41.4448300619
41.4870930739
41.5208030245
41.5353142185
1084
