6.00816237925
6.01275762269
6.02624642329
6.03422772696
6.03778733642
6.04377357636
6.05803646719
6.15249866623
6.17921058754
6.2016478472
6.20822638923
6.21246218414
6.23723475787
6.29936771558
6.34396397024
6.35229221855
6.3558010869
6.3894152192
6.40986987218
6.50066082951
6.53423160748
6.55458397363
6.63545533783
6.68230277372
6.72555810629
6.75140386463
6.76455896431
6.78165724788
6.81085055664
6.85501821884
6.88122059596
6.91838068596
6.93894037933
6.96604972381
6.99487804326
7.02775241747
7.07879342554
7.1222770471
7.14217491798
7.16637026044
7.20753671465
7.21708245193
7.22154967833
7.2406745922
7.24778530649
7.25286587379
7.26643649413
7.30488008843
7.31563135491
7.32816414959
7.34985702199
7.36129079208
7.37593101738
7.39207442407
7.398963076
7.41753300255
7.43035679116
7.43826532356
7.45873030024
7.46424473832
7.47349859439
7.49582568677
7.51830074964
7.53769103778
7.56808297934
7.60884902901
7.63535375567
7.64312282345
7.6569306203
7.66505453991
7.83689960869
7.84303547811
7.84908858841
7.86657930841
7.8863782619
7.89372026006
7.94496016412
8.04137741097
8.06595723099
8.13106591726
8.18848581317
8.23871390813
8.25862555739
8.28919191793
8.38640792774
8.43132294735
8.44520430726
8.4757184256
8.48722127921
8.50151111999
8.5379766492
8.55677605956
8.57297832612
8.58205850434
8.60302783087
8.61268004172
8.61832215432
8.62853005622
8.64998859423
8.66124831432
8.67729634841
8.69600228113
8.70471003497
8.72294494049
8.73274100315
8.74293767216
8.77886309046
8.81060307889
8.83423722302
8.84533045739
8.85811624201
8.87432413743
8.89868883041
8.91913717834
8.93932158162
8.94608840141
8.98243574817
9.03232057262
9.05405761361
9.15568995899
9.3043712054
9.30936660117
9.35668851487
9.45147667702
9.46938794368
9.49978807436
9.54230594828
9.60682258493
9.64299367741
9.64753732857
9.66804882532
9.67949394569
9.68298280561
9.68759265177
9.71348232207
9.73122954311
9.74585762
9.76260599382
9.7714973054
9.77613891757
9.79644592176
9.81064589352
9.81882180285
9.8343553036
9.85690243178
9.8888823378
9.92396461642
9.93280964565
9.94873260381
9.97008492451
9.97744800156
9.99894275549
10.0100901394
10.0265042297
10.0526318834
10.0561852651
10.0724598806
10.1006234512
10.1042483235
10.1272355512
10.1636614654
10.196606873
10.2271809016
10.2835159258
10.3621565571
10.4561270951
10.4857498646
10.5203192662
10.8037697321
10.8160219057
10.8322574169
10.8479105216
10.8656313349
10.870055772
10.9028084269
10.9192625001
10.9273211479
10.942479796
10.9669989102
10.9742018436
10.9796275241
10.9878714437
11.0025645518
11.0281906955
11.0354693641
11.0475190599
11.0527498991
11.0612196859
11.0841032029
11.1699015677
11.1920679463
11.2046045603
11.2163394133
11.2963202801
11.316557454
11.3391188497
11.3519656261
11.3718363663
11.388501146
11.4104896677
11.4169066951
11.448000343
11.5023958976
11.5074472798
11.5195314422
11.540155908
11.5563651928
11.5812648672
11.6093066583
11.6291209018
11.6536021395
11.6849604667
11.7209291666
11.74406776
11.7602085464
11.8229343227
11.8823802277
11.9192694671
12.0097097962
12.0136388543
12.0708300334
12.0807850842
12.0887991912
12.4466008101
12.4631913491
12.4666849691
12.4772204296
12.4964598113
12.5130625005
12.5252820122
12.5447057992
12.5565623162
12.5649834267
12.5893891089
12.6404440898
12.6636814595
12.675239153
12.7143739307
12.7334208148
12.7531917998
12.7825411548
12.7898647476
12.7964949526
12.8491362084
12.8606714122
12.89581649
12.9036730257
12.9503532685
12.9823782941
13.0837200156
13.2086852131
13.2122797918
13.2349599432
13.2452046211
13.2525513173
13.2646193127
13.2791918596
13.2831874931
13.3029786409
13.3143639975
13.3250108032
13.3315692917
13.3466949926
13.356954872
13.3794716391
13.3841040709
13.3961470588
13.4007934483
13.410186485
13.4138739851
13.4213460331
13.43800751
13.4690483607
13.478123942
13.496400637
13.5127573676
13.5260986453
13.5419499875
13.5557585508
13.6085275871
13.6125265925
13.6442607028
13.650291484
13.686232907
13.7001226294
13.7266019963
13.7478628887
13.7569132669
13.7931267619
13.8015847449
13.8593190504
13.9856325869
13.9924758457
14.0260060631
14.059711506
14.1451613856
14.1727704743
14.2432698829
14.2575243356
14.2615378578
14.3255578572
14.3393228063
14.4148162294
14.4209103233
14.4304643826
14.4362507323
14.4496396779
14.456568151
14.4651031304
14.4877810729
14.4978654655
14.5268337883
14.5372745858
14.5460314522
14.553187553
14.5635714766
14.592067118
14.6045506706
14.6194461051
14.6257360633
14.631959903
14.6453655195
14.6574175631
14.6702464791
14.6931152386
14.7030350998
14.7101007425
14.7234657925
14.7415418791
14.7684759215
14.8405966085
14.8488291169
15.305617806
15.3346283849
15.3757794384
15.4089980459
15.4613197753
15.6039851904
15.6178992621
15.6240821672
15.6326602646
15.7396751927
15.7533181217
15.7856261499
15.816990611
15.8427451184
15.8642938366
15.8715290571
16.8058877376
16.8228420009
16.8334540109
16.8425683053
16.8510442959
16.8635256332
16.8726680283
16.8892620155
16.8985219833
16.9090726459
16.9505742426
16.9794655577
16.9828812864
17.024276849
17.0399679023
17.0479091422
17.0695946004
17.0826765358
17.0973485571
17.1704085623
17.1770137411
17.1936556893
17.2393683559
17.2627655086
17.3074640209
17.3166426795
17.4137118739
18.0125134491
18.0246021568
18.058234057
18.0666787492
18.0842598166
18.1081452545
18.1147171249
18.1300667084
18.1598289499
18.1749735872
18.1995178274
18.2180953115
18.2462684117
18.2562484637
18.2698558467
18.2785952912
18.2873945681
18.3044921163
18.3174689945
18.3421116723
18.3560602783
18.3612423575
18.3826761178
18.3923941813
18.3983420445
18.4478566269
18.4649404864
18.4732572706
18.4946300504
18.5318593648
18.5627688049
18.587110432
18.6001219664
18.9534013703
18.9902095342
19.0051831712
19.039427645
19.0866516668
19.1353339466
19.169840414
19.185717992
19.2092590165
19.2214896563
19.2327367499
19.5455723257
19.570788373
19.595955212
19.6186390501
19.6263483948
19.6388159946
19.6484209437
19.6740670395
19.6828804879
19.8742868412
19.9079948266
19.9390862821
19.9430025731
19.959012012
19.9767981947
20.016299846
20.0278495068
20.0394631673
20.0875856959
20.1073619945
20.126074316
20.1733810254
20.1936120084
20.2482388602
20.2834616123
20.3128598729
20.3464381176
20.3921732602
20.4071517925
20.4272309977
20.4389941262
20.4547129524
20.4679646923
20.4781597014
20.4893465962
20.5208909303
20.5315940911
20.5523454906
20.5639977487
20.576411307
20.5989090623
20.6177792899
20.6344132935
20.6471363523
20.6645330921
20.6748977598
20.6951321681
20.7191703873
20.7504060315
20.7602039545
20.7778086323
20.7841401666
20.7919096225
20.8057516605
20.8246253997
20.8469619424
20.8695518019
20.8809267238
20.8942156634
20.9458314384
20.9584464142
20.9969299389
21.1131686674
21.1614363975
21.1978737005
21.2363734477
21.3285078997
21.3498938052
21.3730743648
21.401607769
21.4484954154
21.4857067939
21.4980964273
21.5119254375
21.5286121999
21.590634016
21.6092607687
21.6154717085
21.6407222534
21.6464829831
21.6600343935
21.6732101634
21.7331284723
21.7456841348
21.7539828927
21.7787200083
21.7872527632
21.7954816883
21.8084555553
21.8205626498
21.8315666435
21.8362712459
21.8614591697
21.8750972613
21.9049514928
21.9249067105
21.9469022407
21.9546276969
21.9668000928
21.9752938094
21.9945661943
22.005470666
22.0132277037
22.0252438547
22.0400948775
22.0630952437
22.0775999317
22.0946156402
22.109546531
22.1420512049
22.1548407649
22.1594119203
22.1647585252
22.1835077727
22.1986101936
22.2301471987
22.2559131532
22.2737837059
22.3167963549
22.3551189517
22.4893700741
22.4999859974
22.5343479331
22.55355885
22.5668702736
22.5924192348
22.6112638338
22.6282052037
22.6549348363
22.6640795449
22.7111798732
22.7339735698
22.7598949203
22.8117793101
22.8249635957
22.8395803358
22.846177843
22.8514598872
22.8552138315
22.8809186435
22.8930093083
22.9068003051
22.9170763476
22.9251096598
22.9329138205
22.9392092624
22.9476951686
22.955474651
22.9661772721
22.9742830909
22.9939185425
23.0151425745
23.0282573796
23.0429828498
23.0527075459
23.0594582635
23.0631929658
23.0804604126
23.0872555205
23.1151855488
23.1527775731
23.2393767685
23.2639748631
23.4092113005
23.4256568438
23.4592483268
23.4775568138
23.4910667907
23.5226121751
23.5767788476
23.5805225194
23.5995010785
23.6147892927
23.6502878391
23.6789753526
23.698096222
23.738505366
23.7775224958
23.8208396534
23.8743270778
23.8978559328
23.9229039091
23.927282517
23.9382966329
23.9640890018
23.9729134071
23.9934663472
24.0095019778
24.0206842349
24.0348233438
24.0396643844
24.0463827696
24.0573557502
24.0654629264
24.0889435198
24.1045465169
24.1174760111
24.1265870449
24.1350475149
24.1534508469
24.1574922619
24.160851007
24.177333799
24.2053291801
24.2151823212
24.5969505776
24.66300427
24.6796955775
24.6913652709
24.6995396476
24.7092033555
24.7609087581
24.7697946593
24.9936559585
25.0344886413
25.0792540069
25.084662084
25.1102219217
25.279517528
25.2929229344
25.314189605
25.3239320711
25.3317496797
25.3451418311
25.3543020015
25.3660020731
25.374253201
25.383480219
25.3978668745
25.4064143145
25.4557634168
25.4692067069
25.4869645291
25.4946280497
25.5170220398
25.5448630666
25.5583858553
25.7606716783
25.7719080383
25.9113913352
25.9455572301
25.9786351716
26.0264645626
26.0531528838
26.0832522072
26.4165772311
26.4244679213
26.4350925553
26.4588134147
26.4809734807
26.4866233578
26.4909376621
26.5100098969
26.5281996573
26.5463735733
26.5593365961
26.5662930036
26.5787209798
26.5910835621
26.6179918927
26.6335834078
26.6560992027
26.6685280748
26.6732344048
26.7064266791
26.7137393879
26.7275288611
26.7402822165
26.746137195
26.7726142992
26.8050917306
26.8106838142
26.8192872334
26.8352059869
26.8615366725
26.8723927832
26.8930820229
26.9073458897
26.9290498075
26.9365834404
27.0379258899
27.0594586902
27.0638639336
27.0869157195
27.1231955929
27.1740729367
27.1981852408
27.2297724754
27.2332467632
27.2608437725
27.2758292274
27.295535185
27.339659773
27.3754364324
27.628279947
27.6353007836
27.6574889346
27.6710210427
27.680394212
27.6851633259
27.7043487167
27.8685574799
27.8842846576
27.9017301997
27.9180968307
27.9230422343
27.9416558398
27.9596023881
27.9685863042
27.9992227932
28.0045681808
28.0152841306
28.0259736882
28.0469483668
28.0532742346
28.0865843672
28.114641271
28.1216205571
28.1495679205
28.1656171861
28.1944650045
28.2080660304
28.2471290454
28.2616637245
28.2741427381
28.281113131
28.3098030701
28.3211020427
28.3314001095
28.369629089
28.4163486393
28.4522889125
28.4702190293
28.5033541355
28.5206930382
28.5285967309
28.5733359022
28.6651351926
28.7050960196
28.7526626134
28.778565034
28.7996498508
28.8140890521
28.8203429833
28.8257264232
28.8364715202
28.8434614963
28.8489691887
28.8570552967
28.8702542875
28.8820454229
29.0014831688
29.0098243476
29.0209635251
29.0289548384
29.0481287271
29.0571136519
29.073508946
29.0949849846
29.1055841042
29.1369513295
29.1455985611
29.1570117215
29.1707949438
29.2068072224
30.0117531694
30.0156550104
30.0227377794
30.2390500607
30.2545230899
30.2860452694
30.2949562452
30.3023306852
30.3077501033
30.3317648562
30.3355614763
30.3392856994
30.3537633889
30.3811053675
30.4586169771
30.5004252066
30.5077816016
30.5250181318
31.2061680671
31.2362367219
31.2434862868
31.2495770629
31.2742216292
31.2836209679
31.2903487061
31.2944495012
31.3058344312
31.3126341526
31.3214383269
31.3303127155
31.3451812745
31.3502029297
31.3566051183
31.370530517
31.3781464561
31.3856688308
31.4015300393
31.4191076841
31.4788593658
31.484526501
31.4903491023
31.4946875653
31.5771050034
31.626071436
31.6427766543
31.6744729677
31.7022427161
31.71458185
31.7410236663
31.8269899109
31.8492552426
31.8598121558
31.9187728452
31.9534185304
31.9712297157
31.9912160658
32.0074040479
32.0338019145
32.0429992069
32.0534483873
32.1689936787
32.1983775542
32.2262939138
32.268672039
32.2807772094
32.3168078057
32.323036278
32.3392150404
32.3694519683
32.3825087884
32.4127654107
32.4462528191
32.4592044258
32.4696242877
32.4814849892
32.4955540791
32.6769444574
32.6844015
32.7176865637
32.7332796778
32.7466188214
32.7749199779
32.7845872828
32.7988906829
32.8134260913
32.8215323159
32.8291387058
32.8501973315
32.8667013266
32.9308727529
32.962282479
32.9855779811
32.9894721474
33.0076918474
33.0391511341
33.0499063774
33.1020346385
33.153350446
33.1699320467
33.2121248581
33.2590129352
33.2719474179
33.2790565463
33.2981328029
33.3513139255
33.3776856818
33.4499038033
33.4578600659
33.497974339
33.5346532166
33.553029213
33.5707374023
33.5897454552
33.6045271971
33.6325525465
33.6379833215
33.6454801499
33.6633494427
33.6789610717
33.6858074908
33.7091449534
33.7252734995
33.7331099219
33.7573377645
33.7669037893
33.7753219638
33.790811941
33.8036796646
33.8173139798
33.8312844696
33.8370814793
33.8471657091
33.8648643404
33.8846084136
33.9012002961
33.9133746744
33.9172089955
33.9508354825
33.9696212061
33.9755404645
33.9952285823
34.0219674361
34.0400222207
34.0513223452
34.0724873332
34.0981560317
34.1029686133
34.120580635
34.1518176846
34.1587298811
34.1760723323
34.1980548843
34.2107946707
34.2192624241
34.2471267552
34.2837955834
34.3161239053
34.352934877
34.4034641379
34.431043691
34.4570029481
34.4705018967
34.4982028387
34.54742657
34.5820168935
34.6130762838
34.6494221582
34.7110154193
34.8037992998
34.8456590838
34.8699551325
34.8828248522
35.0180814871
35.0293685154
35.036751689
35.0501569283
35.0612028822
35.0672978248
35.0922243356
35.1034479815
35.1388162046
35.1459930205
35.1731984552
35.177997767
35.1935141562
35.2133414644
35.2337172809
35.238940544
35.2502703168
35.2866825699
35.3848262957
35.4114404305
35.4317609651
35.4632410085
35.4841542406
35.5406529122
35.5483941337
35.5737643105
35.5856178347
35.5966567123
35.6139711408
35.686327196
35.6991583733
35.7056521551
35.723243345
35.7478302108
35.7658940837
35.7827408319
35.8153077739
35.830479755
35.8667080156
35.8996544648
35.9519705407
35.973448776
35.9800273746
35.9946124729
35.9987969479
36.0038986046
36.0167998398
36.022327821
36.0368186304
36.0427272807
36.0564648897
36.0753714309
36.0827787774
36.0952357989
36.1010705053
36.1061257775
36.1191407425
36.1359180358
36.1527545077
36.1587605302
36.1676246333
36.1779402574
36.206197048
36.2162300051
36.2374789194
36.2422191545
36.2532020541
36.7467980174
36.7703158125
36.8903897534
36.9230739878
37.0034338827
37.0323180527
37.0644513212
37.1224537724
37.2078874539
37.2344628514
37.2413184917
37.2531381702
37.2588186612
37.2699936916
37.280870805
37.2946121186
37.560957131
37.5712814853
37.5838731616
38.406315469
38.4287747124
38.4412034342
38.4503792463
38.4577645819
38.4749285388
38.4796756067
38.4910647092
38.5029587655
38.5188950209
38.5267815012
38.5335040314
38.5435767006
38.5610664679
38.5644877984
38.574822812
38.5838293791
38.5872100302
38.6047946753
38.6118710485
38.6304794653
38.6530439461
38.7607308734
38.7868281759
38.7975517392
38.8019513951
38.8412921228
38.8798477493
38.9040665278
38.9188809695
38.9509982572
38.9738354309
39.0246544818
39.0511862945
39.1013435438
39.1411890976
39.1673882639
39.202195271
39.2229270421
39.2380769919
39.2625630315
39.2901012746
39.3184255628
39.3929263204
39.4723962504
39.6192129425
40.4914703754
40.8212707845
40.832110251
40.869073185
40.8760111138
40.9207289753
40.9452432783
40.9524829861
40.9709003228
40.9856482637
40.9981281252
41.0024477432
41.0185619481
41.0371919748
41.0499798453
41.0597809677
41.0798018639
41.0960527161
41.1086469189
41.1196131557
41.1732708229
41.1992420131
41.2305031668
41.2548155967
41.2693043967
41.3932382982
41.4206123177
41.4377553839
41.4603133644
41.471027029
41.5005386473
41.5298775487
41.5421357411
41.5591367919
41.5644661507
41.6615227385
41.7721412582
41.9025673522
1126
