6.00795861021
6.01417928705
6.02952848866
6.03307391845
6.03781262474
6.04690188333
6.06041402724
7.22269668914
7.23957910928
7.2743372108
7.28293593351
7.29147457226
7.32829506395
7.34829132423
7.36421728529
7.37716776787
7.38900920449
7.3942008185
7.41383796446
7.43969922348
7.46531965374
7.4791099406
7.50144697447
7.51306175692
7.51879947615
7.53997074503
7.55692054184
7.56850373713
7.58132657015
7.6244395672
7.63052688678
7.64957464339
7.67509028414
7.70111475009
7.72339841604
7.75152635922
7.77671234526
7.79558578212
7.7990795068
7.90003756218
7.91802778205
7.95587478559
7.99548672891
8.05883180969
8.07471820227
8.10973557371
8.1850129657
8.23213133608
8.25619726856
8.27613827731
8.30667003499
8.35478656248
8.39825165083
8.40598563544
8.41299427995
8.42405622885
8.43529180449
8.44586270623
8.45167677051
8.4600907938
8.47599364193
8.49460871955
8.5121757535
8.54846771848
8.59022081958
8.60607858418
8.62562644918
8.64386039206
8.71094465584
8.7319657219
8.74965668359
8.76953739321
8.77447046649
8.78591021503
8.80784790604
8.81920323829
8.83666451254
8.90667649134
8.91752813963
8.92614690366
8.95389835386
8.97451803934
8.98817314415
9.01564651077
9.02014262435
9.11242766083
9.14497849438
9.1671698544
9.19901482949
9.43581443071
9.52960723159
9.55358873387
9.59078093604
9.60541068289
9.61187412184
9.62362949392
9.67733449941
9.70597543772
9.71000968367
9.75113415889
9.76483119345
9.78258685917
9.80339401855
9.8069691639
9.81926252305
9.85449200177
9.86098151369
9.90104921311
10.0304582835
10.0741251002
10.086550957
10.1105308718
10.1425136093
10.1608673029
10.1920771847
10.2110952392
10.2456335521
10.2634653889
10.2874460364
10.2956737898
10.3203992202
10.3509675901
10.397925294
10.4181950723
10.4406468111
10.4766624652
10.507317005
10.5527013112
10.5652065374
10.58258349
10.6127349861
10.6325307951
10.6572355797
10.6828303831
10.7025360846
10.7512421399
10.8052363601
10.8215896234
10.8339289178
10.8389592558
10.8483866922
10.8641513356
10.8740138485
10.8847438732
10.8989387071
10.928122774
10.9315808584
10.9573998648
10.9745999008
10.9813025979
10.999816819
11.0260065512
11.0499132533
11.0666857139
11.0830027555
11.2628374763
11.2997933477
11.3395299505
11.367956983
11.3741610652
11.4043627468
11.4151152008
11.424716001
11.4430455787
11.4549894174
11.5593165511
11.5865024897
11.6540972431
11.672537123
11.8164507294
11.8803532062
11.9031951061
11.9180053329
11.9267765662
11.9528488944
12.0173429478
12.0266715529
12.0743244466
12.0797088747
12.0864606727
12.0986111104
12.1089620165
12.1171635736
12.1377738311
12.1520031455
12.1667055911
12.1895467076
12.2021297521
12.2319517673
12.2434001205
12.2570208279
12.271212938
12.289622498
12.3112534148
12.3267390345
12.369190489
12.3935020651
12.4433328338
12.4472192302
12.4750080846
12.4822023766
12.496615326
12.5156213217
12.5275879803
12.5352471932
12.5540598225
12.5883441636
12.6199355682
12.6342500164
12.6436744552
12.6537865795
12.6731687263
12.7007823665
12.7584049762
12.7652595526
12.7880798159
12.8150031542
12.8805650073
12.8955249985
13.0440159962
13.0562676125
13.0845380143
13.2066569494
13.212522045
13.2190047712
13.2300238531
13.2376070349
13.2465629026
13.2570635808
13.2652265346
13.273311059
13.3010455157
13.310928395
13.3305354089
13.3512941919
13.3846164463
13.4027259737
13.4157216447
13.4224675928
13.4584210989
13.4742775869
13.4797592597
13.4918902951
13.502984629
13.5722058909
13.7550230394
13.8179653144
13.8549311933
13.8604253835
13.8898049923
14.0688875947
14.0996611936
14.1284574396
14.3817095957
14.41475522
14.428590211
14.4404699779
14.4471154213
14.4603747019
14.4667836221
14.4740987641
14.4880853447
14.4952327335
14.5343681348
14.5469436901
14.557726864
14.5624593613
14.5905022597
14.6036315252
14.6104456843
14.6161743463
14.6207775095
14.6332595544
14.6488872042
14.6646981822
14.6688030471
14.675486418
14.6809228213
14.7028736316
14.7201965465
14.7328777976
14.7385203019
14.7513241271
14.7816807704
14.8127523134
14.8208660363
14.8363638467
14.8453112496
14.8619028817
14.8698145456
14.8775279329
14.9041807385
14.9172572294
14.938368921
14.9565974554
14.9663972119
14.9749404629
15.0010960398
15.0298435226
15.0779366366
15.1127344502
15.1391109766
15.1747926275
15.1987877362
15.2303370734
15.2731750113
15.2956088867
15.327048718
15.352823518
15.3908667383
15.3942828718
15.4275034153
15.4745915121
15.5423509974
15.5587226618
15.5790379773
15.6141973829
15.6247039198
15.629942716
15.6351759092
15.6416927148
15.6559210882
15.6714636448
15.6864459254
15.6940630743
15.7055493926
15.7150717896
15.723620725
15.7306030195
15.744803407
15.7513017688
15.765232679
15.7798295342
15.7869729446
15.7921915623
15.9041427026
15.9122009648
15.9307525601
15.9559789246
15.9711276965
16.1044780832
16.1223575831
16.1617681537
16.1739837853
16.1836549838
16.2193386052
16.2482886539
16.2639225598
16.2730119014
16.2903285268
16.327533333
16.3556163614
16.380991163
16.3990686989
16.4767096876
16.5182912268
16.5290648924
16.5454397272
16.5633920431
16.588138569
16.6099668874
16.6288788479
16.6357338799
16.6482318998
16.6994665629
16.7398248147
16.7565442571
16.7760508897
16.8130024123
16.826734994
16.8307292343
16.8342711276
16.8484964305
16.8587108247
16.8689962092
16.8770624892
16.8955935503
16.9158654487
16.9359930055
16.9404311822
16.9825898016
16.9906058903
16.9976533152
17.0432517074
17.0526134616
17.0752085079
17.0972774873
17.118370912
17.1403657483
17.1708152542
17.1881969355
17.4138475665
17.4262437358
17.4717879577
17.4783703483
17.4908548204
17.6243263027
17.6457883309
17.6982562993
17.7090640913
17.7783161817
17.7934284856
17.8051604541
17.825932058
17.8348898438
17.8722414428
17.8829989918
17.904424714
17.9887266671
18.0087025431
18.0241171442
18.0278438141
18.0404442792
18.0542709374
18.0610955923
18.0688529905
18.0801114173
18.0869879126
18.1005885976
18.1273387239
18.149894381
18.1714589664
18.1954378362
18.215975177
18.2228438486
18.2304497483
18.2445670245
18.2668079689
18.2761632466
18.2897500151
18.3017982775
18.3199268433
18.329713534
18.3479451699
18.3568261594
18.3876619171
18.3917509894
18.4106338922
18.4232760192
18.4318247087
18.4414972911
18.6105740361
18.708673727
18.8409753599
19.0846994401
19.1503214136
19.186672347
19.208192791
19.2219821681
19.2357882629
19.2442396877
19.2551550658
19.3891112287
19.3942063503
19.4168270833
19.4214596722
19.4280900487
19.4426629074
19.4692072821
19.4909727475
19.4993543663
19.5083515807
19.5213580837
19.5373049146
19.5434433616
19.5510953883
19.5657464722
19.937740422
20.0018629888
20.0161382807
20.0301088772
20.0645382992
20.0969107046
20.1122873944
20.134809065
20.1635609141
20.193953636
20.2612336474
20.3071349779
20.3149976877
20.3296591666
20.3469667022
20.3776346584
20.395659637
20.4046513075
20.4150858427
20.4281304993
20.4349158807
20.5930188896
20.6740735418
20.6829013451
20.6934163652
20.7008391281
20.7125085743
20.7214673427
20.7587030758
20.8254336278
20.8462069538
20.866907674
20.8925809023
20.9115771925
20.92091197
20.9288978774
20.9566650889
20.9748046541
21.0161263114
21.0279705281
21.0485210557
21.1076350787
21.1520014072
21.1662612967
21.181817508
21.1853590687
21.2180257905
21.2488726456
21.3086780419
21.3657955765
21.3905305771
21.5624397042
21.6036841116
21.6296269555
21.6394904825
21.6502015305
21.6658872233
21.6742971915
21.6929094288
21.6995816531
21.7140445003
21.7221031677
21.7536692792
21.7647408574
21.9421063812
21.9570308336
21.9828478453
22.0235327647
22.0297697483
22.0370220101
22.0804463927
22.093442562
22.101321772
22.1284828199
22.1581808845
22.1717504968
22.1853402647
22.2093559211
22.219191973
22.2320325432
22.2486358779
22.2763932076
22.3201798186
22.3383161186
22.3592057225
22.5367561767
22.5490327167
22.5701117149
22.6027055179
22.606969803
22.6374229432
22.6673891302
22.7118329482
22.7819328437
22.8051880155
22.8097937587
22.8342534099
22.8552540905
22.8590257711
22.8738869201
22.8784811505
22.8895383801
22.89995873
22.9070224251
22.9123248755
22.9261741922
22.9309028378
23.2208635063
23.2506141475
23.2624400595
23.2833597679
23.3074768731
23.3187886584
23.3477588194
23.4746543277
23.5257831237
23.5434815496
23.6036827343
24.015111541
24.0447275437
24.0537904756
24.0732143879
24.0878295042
24.1406415155
24.1582625486
24.1754449723
24.1995463495
24.2063358678
24.2224378688
24.2606587526
24.288365058
24.3092428229
24.3313177282
24.3386083325
24.3835041038
24.3975026294
24.4175244776
24.4353327896
24.4593416813
24.4705427944
24.4810018757
24.5190709327
24.5439601027
24.5693924253
24.5870454252
24.8764773399
24.8837510817
24.9085460203
24.924796426
24.9297248362
25.0479661187
25.103152686
25.1652858717
25.208781679
25.2143391597
25.2233095083
25.2366106492
25.2472840713
25.2622740296
25.2687151629
25.2849317891
25.2965910578
25.3145178034
25.3191873905
25.3284547825
25.3374048058
25.3463699504
25.3537720809
25.3689639697
25.375033343
25.4955548233
25.5360748017
25.5591378894
25.5755584384
25.5824277301
25.6179371818
25.6270524213
25.6311839411
25.6523546453
25.6747717671
25.6936268159
25.7009290342
25.7342512186
25.7440243728
25.7608137364
25.8454822797
26.0342299756
26.1361182151
26.1806661256
26.213526292
26.2475408667
26.2789866335
26.3135966846
26.3537102301
26.3852304897
26.4143369788
26.4189468035
26.4303051748
26.437601978
26.4479811372
26.4571235538
26.4816886753
26.4913535529
26.5011279807
26.5119641124
26.5298147702
26.5537996595
26.5612251929
26.5712841344
26.5988318898
26.7519980244
26.769341798
26.7935352431
26.8115270581
26.8833782733
26.912298223
26.926577518
27.6092178596
27.615716904
27.6526414634
27.684177904
27.6884771885
27.7046562558
27.7520423315
27.7570465577
27.7611967765
27.7685573068
27.7801690183
27.7929696546
27.8149630472
27.8302095486
27.8418554961
27.8561398276
27.8681030734
27.8744375229
27.8791083153
27.8926662218
27.8980718834
27.9518731178
27.9838155208
28.0118062478
28.0227742009
28.0404441004
28.1305561738
28.2065893151
28.2841073853
28.3005605132
28.3362581755
28.361687319
28.4210482709
28.5322677926
28.5455780505
28.5726162448
28.6163720639
28.6341669587
28.6564359974
28.7178977934
28.7416079895
28.7683500071
28.7721982524
28.7921605909
28.8171601137
28.8217638193
28.8271604652
28.8355997414
28.8446999086
28.8497493223
28.8533954723
28.8579233519
28.8619605145
28.8723867941
28.8876494836
28.8958307192
28.974370456
28.981254008
28.9850026543
28.9884761358
29.0786529707
29.0902966663
29.1087980327
29.1130608598
29.1329626265
29.152148741
29.1749643855
29.1942000197
29.2104556366
29.2220482961
29.2281460072
29.2411236382
29.2601137003
29.3209800831
29.3423164499
29.3553458642
29.3865027834
29.4194290335
29.4484781569
29.5061499921
29.5214893028
29.5359032554
29.5600942363
29.6293716116
29.6735993698
29.7371769623
29.7680765008
29.8046798309
29.8474926861
29.8847963963
29.8977139147
29.9326356699
30.0060017362
30.0158399625
30.0214204517
30.0271489524
30.0354473333
30.0652090807
30.0727223012
30.1163803392
30.126322142
30.1311833065
30.13551453
30.1548560605
30.17814013
30.273639377
30.2790157832
30.2952786919
30.3014030302
30.3193066949
30.4320009004
30.4494597267
30.4688508927
30.4843204145
30.5123863333
30.5269489083
30.5432462768
30.5675959281
30.5715755443
30.6801821288
30.6979009107
30.7027680112
30.7211505107
30.7303533685
30.7346245662
30.7457961423
30.8532449374
30.9303805542
30.9605029024
30.9961162408
31.0011323683
31.0220899903
31.1523761936
31.2200151609
31.2325336995
31.2394972254
31.2538403845
31.2716932153
31.2884000886
31.3048736115
31.3495488493
31.3563471518
31.3760199118
31.3988465014
31.4142447796
31.4338643227
31.4498916076
31.4541335356
31.4670948387
31.4850036392
31.4926560618
31.5122450885
31.5218129372
31.5287355196
31.5450644724
31.5605845709
31.6201972059
31.6241476021
31.6370949564
31.6663119668
31.7286268694
31.7584234319
31.7823206028
31.8009226982
31.8082215638
31.8144948346
31.8407519111
31.8665531458
31.8879938871
31.9059933153
31.941153184
31.9871654332
32.0075044443
32.0905413667
32.1024826832
32.1247631235
32.1542725373
32.1655204826
32.1870796732
32.199987042
32.2236487952
32.247551258
32.2755470143
32.2918317308
32.3264775462
32.3590409598
32.4051859343
32.4088624744
32.4129234233
32.4303786383
32.438153147
32.4513824593
32.4588479783
32.4710328676
32.4826914406
32.4932535073
32.5083059589
32.5135373617
32.5185575099
32.5277883728
32.579390365
32.5915762738
32.6114485138
32.633472001
32.6434375811
32.6489205159
32.6735944597
32.7549954172
32.7607290076
32.7817120293
32.8072348349
32.8196947905
32.8256751146
32.8379210404
32.8414061356
32.8642731404
32.8801265362
32.9278326728
32.9494616776
32.9795707604
32.9970296913
33.0101586265
33.0461257239
33.0822328259
33.0971326929
33.1158712747
33.1544548709
33.1781544199
33.1989817235
33.2138806712
33.2282675722
33.2392453434
33.2822366373
33.2996474634
33.3362594899
33.3726273014
33.379197353
33.4068367735
33.4622460276
33.5057774374
33.6039181965
33.6165010309
33.6361604045
33.6515853956
33.6553671463
33.6602635438
33.6727926676
33.6845203391
33.6988350768
33.7253371395
33.7314599724
33.7408786485
33.7881115898
33.8034511368
33.815703751
33.8398445489
33.8688472385
33.8840795968
33.8917988836
33.9026272486
33.911621712
33.9181135768
33.9235152647
33.9626259511
33.9901688202
33.9937300383
34.0112635871
34.0288424578
34.0390679952
34.0639590114
34.0710579371
34.0966864892
34.7145314824
34.7646776059
34.8056891165
34.8140506017
34.9762003569
34.997361722
35.0164787772
35.027192597
35.1415669887
35.1539003342
35.1629260806
35.1701550448
35.182881514
35.2033097086
35.2337821708
35.2482669842
35.5437001398
35.5596164868
36.008721226
36.0191007365
36.0225537126
36.0298865691
36.0394050924
36.045058365
36.0612864108
36.0817464727
36.1057615512
36.1112659836
36.1291679969
36.1467329028
36.2329237888
36.2650358877
36.2843064251
36.2937391901
36.2990491291
36.302831148
36.3207635636
36.3250888599
36.3300462895
36.3657677073
36.4082286836
36.4116683139
36.41916952
36.4295404465
36.4330361148
36.4477338501
36.4511232385
36.4849277352
36.511813079
36.5218410113
36.5539779409
36.5755323125
36.5847688179
36.6096158236
36.6273464466
36.6566498915
36.693874476
36.7261704834
37.219298965
37.2313342454
37.2462033073
37.2500532257
37.271358368
37.279335443
37.2851091149
37.3195039815
37.331422217
37.352401769
37.3608112634
37.4424859025
37.4540089326
37.4624952213
37.4852635329
37.5049417208
37.5154114342
37.5338549896
37.6134212305
37.6284415514
37.6429620073
37.6584607972
37.7448795333
37.7619451378
37.8147010375
37.8321690032
37.8668257414
37.8914288924
37.909385707
37.9214611174
37.9633161376
37.9782093343
38.0037841818
38.0099611377
38.033850368
38.0719819872
38.0821574104
38.0996544104
38.1238764628
38.1528705109
38.2025550238
38.2231138376
38.2497326056
38.2762500044
38.2855019986
38.3555115917
38.3828905827
38.3874373661
38.4075349498
38.4113824951
38.4229905284
38.4544664755
38.4938182988
38.5085272661
38.5135835797
38.5223393505
38.5279575314
38.5380614406
38.5496897094
38.5534568956
38.5796761763
38.5963986886
38.6059624284
38.618891344
38.6448562386
38.6545452794
38.6767915931
38.6916024764
38.7059004931
38.7349599408
38.7535970548
38.7712449152
38.7785310569
38.7978508482
38.8214841933
38.8340799166
38.8615244065
38.8953039756
38.9531457142
38.979071529
39.0389711291
39.1849069127
39.2027370419
39.2614184563
39.2660274868
39.302899998
39.306700178
39.3331498123
39.3437748617
39.6109950954
39.62277237
39.663622302
39.6731679884
39.7589003963
39.7793756793
39.7895659909
39.7976266797
39.8041200439
39.8177511563
39.8308528069
39.8625470613
39.8680413045
39.875322423
39.8920288265
39.9095021934
39.9193212134
39.9230644139
39.945185493
39.9571486946
39.9894290707
40.0133537391
40.0391576596
40.0530009004
40.511385427
40.5442250276
40.5579528409
40.6122720168
40.6692910772
40.7041471706
40.80569482
40.8480934234
40.8518949356
41.8347712677
41.861340995
41.9071998189
41.9345946897
1140
