6.01469897353
6.02020280858
6.07230432585
6.07726703228
6.08118712132
6.0850561695
6.12358767953
6.13108381917
6.15009141038
6.16927630104
6.19061305638
6.19413071109
6.20886498986
6.21511380018
6.23838737517
6.25622734286
6.26676527396
6.28295610142
6.28914724712
6.31051578758
6.34064603673
6.34821444933
6.36459816772
6.40496477135
6.44213442205
6.45211123452
6.46126778261
6.46826782964
7.09879572023
7.14734562547
7.16903520655
7.21920575767
7.22716163179
7.26498378858
7.27018629359
7.28466065355
7.28883276705
7.29416342409
7.30723443031
7.3403192326
7.34522506687
7.35140857841
7.35600825487
7.36690443257
7.40166372156
7.41513283409
7.4413348196
7.59576243861
7.6470392827
7.67368010009
7.7824277987
7.80216439696
7.82702900618
7.83249269936
7.85227324336
7.91644541926
7.93640227396
7.95628929274
7.97918058893
8.09230922284
8.09800393263
8.11836423953
8.13533213234
8.416905034
8.42437688537
8.44859884311
8.51981925827
8.5344711828
8.54420883895
8.58864517609
8.68415209381
8.69476821856
8.71245376882
8.7263171539
8.73746580199
8.74147721197
8.75058591235
8.76089390215
8.77095966691
8.77810959229
8.78928026518
8.79377994852
8.79745241716
8.81480161762
8.82923285304
8.84471512399
8.90145725401
8.92382920351
8.93363993745
8.99227328956
9.04792632529
9.07727760373
9.09580924082
9.13106771447
9.14997346531
9.20798518125
9.5339552084
9.60866308742
9.61473215642
9.62461090895
9.65128213572
9.65464619126
9.67004795426
9.67720263964
9.85945325978
9.893996664
9.89787992342
9.90486820172
9.91812400508
9.96385626197
9.98695965205
9.99083289005
10.026269832
10.0389500033
10.0640118752
10.0818011258
10.108421455
10.1493653363
10.16993335
10.1906648335
10.2119369883
10.2553759599
10.2780714919
10.3157753092
10.3321575244
10.4776401432
10.5324092136
10.5360084089
10.5819659572
10.5976026017
10.6389927681
10.6479027022
10.6860583417
10.697497854
10.7425322298
10.7554238847
10.922827551
10.9312713241
10.9439418526
10.9521263329
10.9595995841
10.9738956001
10.9922180862
11.0083423704
11.0383396285
11.0423865931
11.056232658
11.0604073227
11.0738393267
11.0795604708
11.1147924202
11.1284480377
11.1407671305
11.1493513217
11.1638157143
11.1795333061
11.2074719091
11.2259953585
11.2615273575
11.5711403986
11.6325565249
11.6407529639
11.69241301
11.7544732209
11.7949378232
11.836852298
11.8918839826
11.9312113598
11.9715482766
12.0200508055
12.4173686044
12.4398009814
12.4563346064
12.4617241973
12.4678640549
12.4823884526
12.5008434768
12.5339408045
12.5816160801
12.5887564198
12.6023739257
12.6386514534
12.659052745
12.6741409507
12.7626084071
12.7946026672
12.8134367608
12.8515009371
12.8725268621
12.8761908226
12.8920980297
12.924678594
12.9920726977
13.2135246489
13.2312875913
13.268972869
13.2753369127
13.2884166462
13.4317640137
13.4411428093
13.4497740679
13.4550163131
13.4817015906
13.4880330307
13.5126417537
13.5318704351
13.5532510554
13.5875948112
13.6068583586
13.6143929089
13.6598496051
13.6686404854
13.6726215972
13.6913632501
13.7113460831
13.7272141494
13.7385343132
13.7635422732
14.414420084
14.4310244938
14.4355043702
14.4467215757
14.4555818396
14.4705008334
14.4825140064
14.4926578543
14.5016750781
14.5064825279
14.5468905829
14.5595659838
14.5724941306
14.5801172598
14.5953419888
14.6095340108
14.6148120346
14.6199139982
14.6350583249
14.654294796
14.6695723221
14.8162893148
14.8203098385
14.8536534776
14.8746753602
14.9240910348
14.9458538078
14.9565241243
14.9767282246
15.0570151388
15.0868953967
15.1025302645
15.1507766275
15.1630015869
15.1673022026
15.1814219223
15.2073266279
15.2307704576
15.25380819
15.2720926278
15.2986847162
15.3233279425
15.3441102802
15.3879541571
15.3968377195
15.4173439082
15.6102166829
15.6181531744
15.6264290935
15.635565319
15.667655609
15.6751181938
15.687930743
15.6936750285
15.7153264458
15.7513371593
15.7661066813
15.7827020382
15.7987343647
15.8140163685
15.8246534829
15.8506892759
15.8673323036
15.8782064626
15.915597399
15.9262979255
15.9413953535
16.0008371351
16.6942029462
16.7164478748
16.7211182528
16.7622795983
16.8134354366
16.8174190231
16.8260532574
16.8315219937
16.8547335087
16.8690209006
16.8867838916
16.8929842671
16.9207485934
18.0131919341
18.0237430681
18.0296913778
18.0342980743
18.0422598696
18.0588464544
18.0683450887
18.4671812735
18.9109640392
18.9271867173
18.9314872323
18.9800357706
18.9987296361
19.0234204304
19.0621593779
19.0865233955
19.1150746872
19.2151473182
19.2264095368
19.2354154516
19.2589135658
19.2647058531
19.2762620127
19.2946063819
19.3092632545
19.3324250368
19.3509502026
19.3608775065
19.3696498329
19.3813944114
19.3877681002
19.3953707202
19.4029490032
19.4146008432
19.4351476735
19.4548658706
19.4797494342
19.4910158508
19.5005648903
19.5409310792
19.5585245665
19.5821348868
19.5966303984
19.6204618227
19.6623838834
19.6673224589
19.6788931723
19.6937196397
19.7487084017
20.3099516968
20.347160231
20.4049472412
20.4132320468
20.4296156808
20.4402663975
20.4634664888
20.4711054566
20.4799753862
20.5000394763
20.5062054754
20.6162508436
20.6301255922
20.6396877265
20.6486379188
20.6707291991
20.6852644765
20.708432996
20.7253966182
20.8451019973
20.9087239769
20.9273222477
20.9514115767
21.461587026
21.4935067088
21.5305417656
21.5622394622
21.6054096111
21.6143289664
21.6229050523
21.6294425727
21.6414808229
21.6538706492
21.6680211269
21.6972576257
21.7308471383
21.7446174984
21.753437596
21.7735907688
21.7907109896
21.7983364672
21.8347009736
21.8455439385
21.8651237556
21.877503524
21.8875214457
22.0582097013
22.0836038089
22.0958507772
22.1053217672
22.1316680794
22.1515124207
22.1577292089
22.1755681864
22.1836859018
22.2139146467
22.2470302763
22.284872091
22.3147525442
22.351491462
22.4095323782
22.4541200737
22.4843446209
22.5020985661
22.5249242705
22.6046800808
22.827601084
22.8448259228
22.8539751118
22.861754102
22.8683978439
22.8809263565
22.892396559
22.8968129828
22.9865833937
22.9975102142
23.0159861021
23.0360664266
23.0476647018
23.0511193842
23.062160421
23.0694537914
23.0760684353
23.0929246943
23.0969348834
23.1085392586
23.1677545886
23.1875537623
23.1958534254
23.2115921138
23.2424215291
23.9811080065
24.0104581761
24.0157451093
24.0268862992
24.0308301521
24.0482363878
24.0562062597
24.0629766888
24.0668777692
24.0702604277
24.0860242216
24.0991661044
24.105904097
24.1132995718
24.1335394051
24.1501065843
24.1589467192
24.1689286656
24.1834429617
24.2093903126
24.295037218
24.3414605342
24.3550234373
24.3895272432
24.3974925115
24.4187958601
24.4375363317
24.4550892378
24.4670569483
24.4764707828
24.5095216164
24.5301234535
24.545829978
24.5764289423
24.5911235579
24.6472222026
24.6845221531
24.7152130294
24.7426858455
24.7914362367
24.8024199272
24.8375350655
24.9016015501
24.909125304
24.9388719821
25.2086299108
25.2158937323
25.2264226962
25.2400114633
25.2451967382
25.2564600056
25.2603699885
25.277768552
25.2839026741
25.3093068161
25.3374796738
25.3558714386
25.3652021583
25.3759164906
25.3902395982
25.4068455796
25.4196633823
25.4447570306
25.45412545
25.4711674227
25.5140604396
25.5347197516
25.5458898738
25.5804909237
25.6095298768
25.625605908
25.6363230812
25.6436196759
25.671226835
25.8659502763
25.9497490786
25.9910711996
26.0074828815
26.0395259295
26.0520041043
26.0751444945
26.087596443
26.2142802766
26.2295686248
26.2734661031
26.2938555213
26.3510111688
26.3602742977
26.3828874098
26.4088659235
26.4145424946
26.4221693792
26.4312104964
26.4350490844
26.441969387
26.4768258919
26.4823545296
26.4905291392
26.4960037764
26.5180847392
26.5286863773
26.5345446586
26.5390387372
26.5639131693
26.5855392553
26.5931362188
26.6062283694
26.6224979088
26.6377860787
26.6440896613
26.7201039969
26.7305990389
26.7589696936
26.8068152765
26.8272740783
26.8487080552
26.8634900862
26.8777792755
26.8997065945
26.911202193
26.9491060327
26.9620961255
26.9780943474
27.0153305546
27.0278898765
27.0568222601
27.0829615185
27.1171718122
27.1303472722
27.1357148143
27.1542208338
27.1749591767
27.2227238124
27.2424272776
27.2733430245
27.2990594471
27.3160111455
27.3341230702
27.3605979918
27.401087103
27.420097953
27.4268737189
27.4426529501
27.4904948598
27.531271338
27.5415847204
27.5718881495
27.5906111497
27.6095424109
27.6274239731
27.6507648501
27.6619352017
27.6728152765
27.6889598592
27.6988267126
27.7189531181
27.7545551732
27.7608699029
27.7765477593
27.7992764847
27.8055172244
27.8143704341
27.8380273211
27.8592138266
27.87016966
27.904674729
27.9212299038
27.9389374482
27.9735182172
27.9978674098
28.0177784362
28.0346824603
28.0550445129
28.0935274178
28.1083630329
28.1440198929
28.1675303645
28.1944314788
28.4236998159
28.4369196642
28.4600360698
28.4853592712
28.8139394175
28.8279588481
28.8424301492
28.9970317762
29.0070216295
29.0150119474
29.035700284
29.0438819152
29.0504223749
29.0703718289
29.1129766158
29.1176518369
29.1307037218
29.2036400412
29.3249722435
29.3430836032
29.3799954546
29.3880584251
29.4209497785
29.4303651589
29.4735775205
29.4816527914
29.5226250279
29.5518852214
29.5680914657
29.5998444233
29.6080512215
29.6227731743
29.6609515176
29.6792282777
29.6878826812
29.7701295437
29.773523163
29.8106695793
29.8416234914
29.8597944837
29.9011118934
29.9247718248
29.9592588602
30.0139212156
30.018859825
30.0463357777
30.2622172195
30.2701917037
30.2903350109
30.2961558414
30.3091583785
30.3167582466
30.3279042871
30.3356928889
30.357677496
30.3771766847
30.4874724553
30.4994471675
30.5046911652
30.5118348813
30.5376166157
30.5510757196
30.5872913471
30.6101365422
30.6202740058
30.6290043953
30.6406048836
30.8168557848
30.862039996
30.8746894574
30.8892920401
30.9112715303
30.9445868953
30.9873725653
30.9915023374
31.2104661512
31.2255569588
31.2325630497
31.2465475957
31.2604146382
31.281860456
31.2886016709
31.2968231483
31.3027510359
31.3079777344
31.3185869208
31.329070372
31.3509267689
31.3699894185
31.3880076164
31.3948237191
31.4245036815
31.4348694601
31.4429691129
31.4487629276
31.6696544172
31.6779892935
31.703189569
31.7072044996
31.7298293878
31.7390266152
31.7764958008
31.7858034613
31.7939694823
31.8291431979
31.8449840015
31.900010595
31.9370451996
31.9468740698
31.9917585556
32.0505192741
32.1097994694
32.1889474087
32.2451293053
32.4117670154
32.4285607016
32.4432371496
32.4525855774
32.4583124011
32.4747066167
32.4968809024
32.5106383882
32.5192769531
32.5371435734
32.6472199051
32.6826125342
32.7031165587
32.7150168293
32.7671358823
32.786660317
32.7908378016
32.820589451
32.8274014
32.8668593363
32.9209164429
32.9445575261
32.9647561548
32.9972314931
33.0294374007
33.0441376105
33.0515236428
33.0599950677
33.0695244671
33.08758004
33.103678846
33.1464221275
33.3224702051
33.369682565
33.4088096702
33.4182451207
33.6233908935
33.6497528004
33.6641147081
33.693892571
33.7008561029
33.7185233047
33.7265718765
33.7399204506
33.9185729526
33.9271925176
33.9389649813
33.9454322801
33.9642628538
33.9740332007
33.997830786
34.0283586608
34.0559180616
34.0763647483
34.0910506026
34.2978844741
34.3064882368
34.370897482
34.4046329425
34.8090393242
34.822541885
34.8300474419
34.8419591039
34.8493761505
34.8712587338
34.8845832504
34.902748673
34.9104243797
34.9150785016
34.9336431171
34.9725680769
34.9862357779
34.9994290944
35.1333279674
35.1458506932
35.1673334444
35.1754592557
35.1988557858
35.2310955738
35.2566155388
35.2692637212
35.2929231958
35.4025521454
35.429551865
35.4414504892
35.5159811824
35.5414967578
35.6065195883
35.6286161877
35.666638571
35.6890012414
35.8220027367
35.8553882659
35.8874103089
35.9232417032
35.9544847057
35.9806791904
36.0143913814
36.0205124711
36.0463378088
36.051723791
36.0621817199
36.0811461998
36.0953038047
36.1279123383
36.1472704967
36.1629253278
36.1730505913
36.1893535759
36.1995857253
36.2109332944
36.236021477
36.2445633255
36.2563178462
36.2646706003
36.2944621269
36.3093042603
36.3170015087
36.3266840996
36.3336357828
36.3814394698
36.3957468904
36.4203539033
36.4393837295
36.4498482461
36.476789894
36.4981971446
36.5049901756
36.5275261761
36.5433780357
36.552630959
36.601399663
36.6269794832
36.6397308614
36.6872331257
36.7093859545
36.8516219713
36.9379968909
36.9638940657
36.993453743
37.0315790893
37.0962087011
37.1068754306
37.1329195423
37.1774556909
37.20627895
37.2130920316
37.2262474073
37.2323865982
37.2499012601
37.2570672531
37.2825048789
37.3147800998
37.3284188977
37.3458536333
37.3630880899
37.3776914611
37.3897708898
37.4169211972
37.4662807833
37.47260209
37.5165687127
37.5290383691
37.5383303438
37.5581035686
37.5712185013
37.5849576563
37.6168759423
37.6401279022
37.6650474344
37.6983259364
37.7074764237
37.7485459631
37.7951424123
37.8108567533
37.8340948251
37.9938770104
38.0075362131
38.0287859051
38.4169833426
38.4245875594
38.5124962588
38.5196997783
38.5360375818
38.5509108558
38.5717485109
38.5896703287
38.609169104
38.6276909584
38.6442331311
39.1431617938
39.1530410385
39.1880219973
39.2072215118
39.215131474
39.2338973057
39.3624322663
39.3824171748
39.4017479633
39.5312176099
39.5524494652
39.5953933565
39.612498888
39.6304814111
39.633933655
39.6430117453
39.6490270432
39.6671444412
39.6828169296
39.6881168636
39.724861275
39.7398149976
39.7496434427
39.7717042059
39.7921749939
39.8126141399
39.8282456968
39.8737157968
39.8813314802
40.0095544766
40.0211350454
40.0400732725
40.0443788759
40.0514619784
40.1122404441
40.1243992183
40.1547933021
40.2256320272
40.2752873817
40.3016867611
40.3213473645
40.4268886085
40.4590307199
40.5333317313
40.6762511509
40.7022171306
40.7254430639
40.7999696172
40.8136246615
40.8256509553
40.8294151562
40.8531793692
40.8868195841
40.9028602001
40.9436231307
41.0348794932
41.0558012071
41.0754677643
41.0957268569
41.1163895852
41.1338445826
41.1504359945
41.1794152523
41.3103453872
41.375226851
41.4237181226
41.4459799648
41.4623864053
41.4904550316
41.494427591
41.5168334009
41.5336926214
41.5720713218
41.5860845453
41.6179122585
41.6271150634
41.6553910706
41.6630281749
41.6754868511
41.6928699072
41.7102204616
41.8261743568
41.8626074908
41.9029590548
41.9140398753
41.9608409763
41.9820745935
41.9978062481
1009
