6.00505647579
6.01723329953
6.02564356576
6.0318285848
6.05272732524
6.05732917876
6.07189783488
6.08423135677
6.09410330191
6.10847339029
6.21710686201
6.23597508558
6.26737993854
6.27765054307
6.28827707812
6.29252412818
6.30792665483
6.31899602801
6.33539188111
6.33888866523
6.37071069224
6.38479956407
6.3941759022
6.40173106151
6.4295805691
6.4400923852
6.48453552803
6.52626736029
6.76993016012
6.78530875768
6.84534941125
6.86760140718
6.87235012503
6.89573502121
6.96583158676
7.06245100907
7.08581442378
7.10122861873
7.11235776424
7.13594019739
7.21778702474
7.25718218939
7.27508960795
7.29209747474
7.30364408487
7.31763064372
7.32523606956
7.3345249754
7.34523922385
7.36040563888
7.38289117004
7.40131742953
7.4203856068
7.44270438888
7.45366375518
7.46561139809
7.47475148063
7.48401554131
7.48767743127
7.50305032593
7.511255049
7.53587540865
7.55331626922
7.56122686556
7.57165591293
7.57818430445
7.58669975436
7.59805493526
7.60735215027
7.62991316318
7.6722955003
7.68965415477
7.71434474118
7.73492973187
7.74245405815
8.39976429726
8.40353188279
8.41053059972
8.41708934968
8.42840113038
8.44811220951
8.45354486228
8.46237286754
8.47982533382
8.48739035516
8.5017937507
8.51093457233
8.51711966461
8.52641985628
8.53881980319
8.54863836743
8.55432432329
8.57525233881
8.58155962711
8.60644239898
8.61921387716
8.63892603679
8.65682577045
8.66666550771
8.67579509534
8.68429035374
8.72062185886
8.73531967522
8.74220721012
8.76950786704
8.94894473844
8.97242491743
8.9929157195
9.0150486238
9.03208527527
9.05074473118
9.08870685231
9.1293371744
9.14329219727
9.18160505401
9.20814251231
9.23835105698
9.24297513985
9.25849931822
9.3994957099
9.54387667354
9.61021611096
9.64644198678
9.65079888686
9.66048527447
9.66503768515
9.67907631373
9.72038545895
9.72666552593
9.74115684852
9.7588546375
9.90186766337
9.92050087768
9.92399329656
9.93236264227
9.9538398875
10.0071304337
10.0136510364
10.0333907923
10.0519211303
10.0553730433
10.0790223101
10.1208451674
10.1865443653
10.1959541968
10.2296795891
10.2716392614
10.3044793914
10.3114177454
10.3439799733
10.3566613449
10.7955968825
10.8109763651
10.8172215293
10.827418119
10.8456884143
10.8520600742
10.8814061412
10.8942935922
10.9006631655
10.9067070948
10.91266945
10.9507949568
10.96346575
10.978997519
10.9896359353
11.0075617342
11.0150492197
11.0271767126
11.0402224533
11.0605051636
11.0693048655
11.0760343124
11.1125847627
11.1448419456
11.1606204834
11.1778421174
11.2029341683
11.2119929902
11.2271400417
11.7229005689
11.7517248811
11.7706404648
11.8512189061
11.8883579656
11.9366396073
12.0164248079
12.0413205076
12.0635599744
12.0726508791
12.0766116262
12.0873642635
12.0969993935
12.1054472621
12.1102194846
12.120704108
12.1258008477
12.1361785037
12.1399282899
12.1480955681
12.1600606306
12.1678146314
12.1989749861
12.2119367954
12.231167343
12.2376410976
12.2500200042
12.2667546775
12.2758349479
12.302519817
12.3303305276
12.336007781
12.345445722
12.3519193026
12.3685239827
12.372212467
12.3904629755
12.4204564419
12.5090532245
12.5308041604
12.5514348221
12.5869106407
12.6132819772
12.679190023
12.7042239906
12.7387035482
12.7778142573
12.7943114213
12.8307538285
12.8516773083
12.8738286085
12.9153585293
12.9501071862
13.0050307446
13.0177703937
13.0632794317
13.1328158446
13.1733021862
13.2072128213
13.2145321359
13.2330371727
13.2414184975
13.2526367642
13.2637921586
13.2960898508
13.3167625117
13.3393802341
13.3436303898
13.3736609708
13.377854885
13.3959594955
13.4178637231
13.4548730573
13.4599341562
13.477885416
13.486188684
13.498606298
13.5147432357
13.5463700404
13.5613943606
13.5802331885
13.5953256605
13.6145766477
13.6891941373
13.703187722
13.7220619336
13.7311434921
13.7487154528
13.7646472149
13.7908898934
13.8101631474
13.822138689
13.8357793994
13.8856449089
13.8939189883
13.9133823685
13.9561555987
13.9757362608
14.0624802204
14.0756103304
14.0859620497
14.2508590812
14.2731140371
14.3154819541
14.3190557572
14.358043817
14.3941651604
14.4079623969
14.4170546635
14.4237393922
14.4290349807
14.439697468
14.4532548561
14.4910120438
14.495268389
14.5012580399
14.5191417137
14.5338105245
14.5581483676
14.5635859404
14.5851308236
14.5995338828
14.6076770244
14.6153523024
14.6375540875
14.6559386685
14.6730189128
14.7728756067
14.7869930907
14.8013722697
14.8062433941
14.8204853639
14.8253491432
14.8374614496
14.8442106887
14.8741652198
14.8932208679
14.9216407565
14.935438168
14.958191818
14.9653808501
14.9724730562
15.0112402212
15.0172372427
15.0847287768
15.1039580442
15.1544114594
15.1770737299
15.2160017937
15.2402944984
15.2538589838
15.2956718499
15.3347222507
15.6051530671
15.6173284461
15.6213165582
15.6287609984
15.6371068842
15.6428035635
15.6515870603
15.6615823761
15.6659942708
15.6812238519
15.7004610807
15.7147169836
15.7226045386
15.7286978111
15.7351606403
15.754879754
15.771099119
15.7989936389
15.8154172165
15.8239673596
15.8371097667
15.8537948363
15.8575484043
15.8760821824
15.8869813189
15.9304223432
15.9464376698
15.9590103243
15.9693427333
15.9955547941
16.0764549081
16.0972713556
16.1174952731
16.1371836686
16.2060806039
16.2344227774
16.2595268556
16.2634317802
16.279369473
16.3134420241
16.3535712051
16.3712812627
16.3972000972
16.438928548
16.4686211956
16.5060500928
16.519829416
16.5531758158
16.5666664807
16.5837695164
16.6061101177
16.6784702226
16.6837602045
16.6931857921
16.7267122746
16.7333895768
16.7705133903
16.8033819003
16.8193552381
16.8318609054
16.8394238117
16.8511035112
16.9065810192
16.9126849553
16.9320618727
16.9364774416
16.948762479
16.9534356603
16.9716397803
16.9794817166
16.9846897845
16.996000119
17.0032449975
17.0166927445
17.0276106031
17.0357964607
17.0488922663
17.0662555272
17.0759359294
17.0841246397
17.0949162899
17.1195852986
17.1290821979
17.1435588052
17.1564324779
17.1767688847
17.1862260783
17.1931025564
17.4895310515
17.497046
17.5090826731
17.5238277231
17.5443334051
17.5585193499
17.5710584503
17.6038384138
17.6375977378
17.6644783046
18.0091343892
18.0223902313
18.0307629989
18.0366135828
18.0481596379
18.0559390125
18.1726316297
18.1801086474
18.198092985
18.2361286374
18.2495251168
18.2611332135
18.2672643149
18.2742251379
18.2869673484
18.3041171755
18.3270704376
18.3367918959
18.3463974194
18.4182200045
18.4301964472
18.4370039081
18.4449407979
18.4670040629
18.5091288426
18.5239763163
18.5365523482
18.5488769354
18.5601742264
18.5859737497
18.6080562028
18.6266652022
18.6393747474
18.6439446711
18.6644876575
18.6776108851
18.6976735094
18.7061981166
18.716952582
18.7648590225
18.7937392612
18.8708263095
19.0229881859
19.0783549785
19.1206993695
19.1316527216
19.191438246
19.2207184349
19.2350079137
19.2422214508
19.2497160206
19.2724523957
19.2773101572
19.2900095283
19.2955887192
19.3721435815
19.3818988061
19.3886697234
19.4176486987
19.4403952966
19.4803893163
19.4969885046
19.5630456405
19.5914615741
19.6219687848
19.6306373507
19.6408240733
19.6709840582
19.6916449829
19.8806105207
19.894259422
19.9165942861
19.9897667145
20.0033775969
20.0118526726
20.031552435
20.0402972207
20.0938240856
20.1178021517
20.1644736009
20.1711757827
20.225047022
20.4159203966
20.4293339748
20.4441886757
20.4566500895
20.4633355502
20.5173311257
20.5222543802
20.5355816248
20.5559322147
20.5624134187
20.5831097805
20.5911918304
20.59480846
20.6083793862
20.6296131032
20.6454466627
20.6554137387
20.6599893386
20.6744602497
20.6900377727
20.7240057843
20.7544797676
20.7921786284
20.7964440825
20.8077102397
20.8157852648
20.835416936
20.8475193238
20.8539564589
20.8948306436
21.0273394199
21.0496379213
21.0684548718
21.0838534915
21.0944409963
21.226225307
21.2514869406
21.2724185214
21.2945361293
21.3335897366
21.3449326061
21.3541587144
21.3786896607
21.4250828737
21.4539675799
21.4911751816
21.5984550011
21.6066876151
21.6108348835
21.6268300263
21.6340481656
21.6398642597
21.6492571886
21.6732356081
21.6791442772
21.7104928563
21.7201285639
21.7307340095
21.7403049092
21.744271112
21.7626030851
21.7823989276
21.8268760148
21.9457348476
21.9570907517
21.9710638033
21.9882672114
21.9954991516
22.0007862998
22.0277916871
22.0456716917
22.0645965502
22.0824536281
22.1098892275
22.1433260366
22.1672103641
22.187692275
22.2061360071
22.2243067564
22.2385340605
22.3501418304
22.3691782089
22.4079771952
22.4296818485
22.4512004448
22.4644049007
22.4842217776
22.490142512
22.5025290192
22.5136975877
22.6060339426
22.6188497689
22.7194982971
22.7392979761
22.7833143728
22.8099102032
22.876253466
22.8817917756
22.901463891
22.9098456761
22.9183607302
22.930761681
22.93458215
22.9394471821
24.0045757124
24.0276828138
24.0395295596
24.050923565
24.0584758687
24.0694318463
24.0764559451
24.0898689798
24.1152307349
24.1439749244
24.1577100572
24.169435513
24.1774667076
24.1902933739
24.1947664354
24.2019122561
24.2316329446
24.2366813736
24.2440015097
24.2625182611
24.2660593642
24.2757669016
24.3961291607
24.4125786585
24.4252814117
24.4290454026
24.4439380623
24.5064710371
24.5281760974
24.5421762128
24.5514396959
24.5639664165
24.5802979845
24.6274774717
24.6603182078
24.6958727273
24.7033995932
24.7727459845
24.7877685868
24.810223969
24.9014790757
25.0006491456
25.0464365033
25.0860805912
25.1168742903
25.1307682341
25.1840213672
25.1902721974
25.2127326333
25.2219317128
25.2287137291
25.2339773232
25.2723503638
25.2810048896
25.2847954664
25.29257517
25.3151286704
25.38452321
25.3971001038
25.4042656324
25.4389563264
25.449410644
25.4548577276
25.4639345686
25.4752579199
25.4893850124
25.5054622824
25.5488291018
25.5895639847
25.5964218893
25.6103994694
25.622059114
25.6419119327
25.6574618151
25.6721310126
25.6914185987
25.7058090535
25.7121997241
25.7166254421
25.7552825457
25.7735648174
25.7919768998
25.8050287271
25.83334349
25.8425450287
25.859088023
25.9153633604
25.936366581
25.9668369468
26.0054362365
26.0214742157
26.0257461333
26.0576830939
26.0684860231
26.0921732834
26.1366944041
26.1575497524
26.1931676228
26.2350511017
26.3982508889
26.404615079
26.4086169691
26.4329566987
26.4521295741
26.4827459461
26.5061443388
26.5183361555
26.522456105
26.5355203507
26.5499987433
26.5628533156
26.5874691313
26.5955328192
26.6001159216
26.6084068721
26.6169354062
26.6279852005
26.6522812701
26.6832071444
26.6911693525
26.6956935129
26.7101763482
26.7192831672
26.7399857287
26.7496675414
26.8098544541
26.8265008176
26.8488995794
26.856550746
26.880986873
26.9014185804
26.9403771987
26.9564683673
27.0000241891
27.019214795
27.0352153091
27.0590369305
27.0704691927
27.1196640974
27.1676749087
27.1835322443
27.2030893988
27.6052197052
27.6112961152
27.6326932244
27.6520378792
27.6600997908
27.6713611543
27.6838531239
27.6907634254
27.6978230712
27.7026145491
27.7078548813
27.7145981689
27.7345505859
27.7612263908
27.7675629387
27.7924345743
27.7960887585
27.8070668994
27.8191171967
27.8423896552
27.8560738803
27.8655487375
27.9038532001
27.9114855273
27.9323922717
27.9625733538
27.9750137733
27.9885305932
28.1770701897
28.192571296
28.2009126698
28.2233276873
28.2399185548
28.2576133869
28.2730436216
28.3088932807
28.3158010381
28.3237274459
28.8147911226
28.8575453793
28.9167099876
28.9253381867
28.9410356284
28.9499298344
28.9554585949
28.96212521
28.9708735208
28.9814939389
28.9948830268
29.0552702117
29.0652469254
29.0734082694
29.0932067114
29.1528856667
29.2980581476
29.354571488
29.4026497064
29.4150074978
29.4343225176
29.4414286896
29.4825834998
29.49551479
29.5047165489
29.5306555039
29.5457160327
29.5579700239
29.6002139629
29.6222871964
29.6410952418
29.654154593
29.7060872659
29.7312125873
29.7509515962
29.8430603801
29.8740651312
29.9078979653
29.9122216654
29.9270570465
29.9781189791
30.0214757279
30.0269454536
30.0459149877
30.0517907656
30.0579396422
30.0671645695
30.0733879011
30.0790356983
30.0884426384
30.0935112999
30.1036633862
30.1139019531
30.1218831121
30.13185095
30.1437558383
30.1530732724
30.1583110895
30.1711397019
30.1773726975
30.2282750335
30.2469710665
30.2678131005
30.2936741238
30.2992257666
30.3262640596
30.3398098391
30.3585924328
30.3770196347
30.3822492078
30.3905070111
30.3975652224
30.4020766123
30.4069841332
30.4235093875
30.4372676468
30.4479520269
30.4647710128
30.4897068383
30.4962110991
30.6159994841
30.8339866161
30.8735175276
30.8995190265
30.9090944562
30.9207745355
30.9386678124
30.9771312364
31.0329321711
31.0765090532
31.1402827756
31.1443227817
31.2141478674
31.2250374664
31.2314371417
31.2355207007
31.2435731893
31.2948122554
31.3066605354
31.3109954224
32.4709871733
32.4825305702
32.5156195014
32.5192533597
32.5298063838
32.5400729344
32.5577522453
32.565349273
32.6101822521
32.6189504686
32.6282751904
32.6337160683
32.6580912501
32.6758550595
32.686323289
32.6958942764
32.7045234039
32.7587828247
32.7780598096
32.7845271354
32.7900192247
32.7954589803
32.8251981664
32.8341060003
32.8534824832
32.8740782153
32.8815175072
32.8907383688
32.9038570198
32.9177889985
32.9366293124
32.9563916317
33.254700557
33.2787365047
33.3242226152
33.3474542332
33.3601645021
33.4176542633
33.4903773214
33.5098871976
33.5590468845
33.6111235376
33.6195476085
33.6281179721
33.6328052579
33.637742599
33.6445944154
33.6747348941
33.6900639038
33.6968167385
33.7016299314
33.7094719765
33.7520826347
33.75905501
33.7725570477
33.7817995167
33.7899275746
33.8180537922
33.8271684956
33.8324768695
33.8420974437
33.8546634882
34.7309304169
34.7608928077
34.7951559872
34.8148908125
34.828323252
34.8357432947
34.8457882291
34.8509970626
34.8613124951
34.8922155707
34.9092181023
34.917830575
34.9260282901
34.9435580909
34.9594095326
34.9692299645
34.9956684026
35.0030934997
35.0176204773
35.0343986702
35.0468652171
35.0609912888
35.0722791117
35.0824723312
35.0900133453
35.095595521
35.109032437
35.1300248585
35.1379650872
35.1593822101
35.1828898143
35.2087020019
35.2277487536
35.24536873
35.2753745806
35.5185474296
35.5815037188
35.610826952
35.7272988795
35.790490432
35.8281320369
35.8647076132
35.9723193659
36.0145853008
36.0230471554
36.0265105575
36.0309837557
36.0524785356
36.059163916
36.0714799399
36.086216266
36.0960851971
36.1002282343
36.110814951
36.116251919
36.1329631486
36.1414795201
36.1492189553
36.1591900352
36.1666971424
36.1764582849
36.1851441276
36.2339568917
36.2483966132
36.2517588431
36.2705278506
36.279924574
36.6649399742
36.6752427231
36.6794067204
36.6960417421
36.7251841908
36.7393041949
36.7907669947
36.8332559061
36.8580443763
36.952230482
36.9911121781
37.2036579494
37.2078367988
37.2116752878
37.2467889203
37.2657985199
37.2917319853
37.3029318689
37.3183177253
37.3308676561
37.3718229487
37.3903452798
37.4049717361
37.4135262835
37.423730385
37.4379223171
37.4476025503
37.4568549112
37.4614341432
37.5076680159
37.522133487
37.5413467892
37.5588262848
37.5715676492
37.6724256176
37.6875010664
37.7000231279
37.7085400086
37.7136511813
37.7358608933
37.8944971596
37.9114285827
37.948304298
37.971515457
37.9804184314
38.0079380499
38.0217002414
38.0780916337
38.1115627468
38.147769182
38.1981304296
38.221022016
38.2516699124
38.3035503912
38.3402423446
38.3652200976
38.3795966745
38.4322770567
38.4395853504
38.4483614828
38.4679217931
38.4838319929
38.4888389916
38.494963851
38.5601965401
38.5670459397
38.5959152717
38.6023278036
38.6065112726
38.6112038569
38.6314775423
38.6560229299
38.6600792101
38.6765040292
38.6942179109
38.7118022076
38.7203830893
38.7379023636
38.7856629979
38.8254743104
38.8341608359
39.606925785
39.6218343008
39.6351219374
39.6394806663
39.6547129291
39.6646425756
39.6718283958
39.6764374925
39.6906651285
39.6951586126
39.703234395
39.7134501867
39.7272892856
39.736891967
39.7413943887
39.752158874
39.758295427
39.7876279895
39.7912354317
39.8112386551
39.8494146246
39.8700811479
39.8785122309
40.03213335
40.0458360753
40.0675433399
40.0895302038
40.1218802431
40.1610463096
40.1765227061
40.1890272011
40.2096664932
40.2522210706
40.3161127031
40.3408218326
40.3464331066
40.3671713358
40.3870410917
40.3991738207
40.4780869568
40.5024082454
40.5383482605
40.5436026317
40.5560575111
40.5692136599
40.6504814249
40.7074421815
40.7656275471
40.806800202
40.8186585014
40.8339640064
40.8570596428
40.8661706032
40.8733828346
40.8868455885
40.9104790521
40.9269087368
40.9438873192
40.9561392018
40.9663659729
40.980647558
40.9908631863
41.0071940548
41.0137444356
41.0208044249
41.0512147059
41.0704371631
41.0860357675
41.0898159948
41.1067425289
41.1123646076
41.1397838977
41.1659626263
41.2607968501
41.2705064979
41.2831591603
41.3006948741
41.3205419904
41.3498533619
41.5391196486
41.5720518456
41.5787893849
41.5942033326
41.6200123145
41.6416627666
41.7709690677
41.8199739854
41.8598243922
41.8676678211
41.904114649
41.9597150954
1198
