6.00909034181
6.01943494168
6.06119273293
6.07360285338
6.08586607975
6.10230731714
6.10754619173
6.12434760847
6.1415899142
6.15394127076
6.16495752381
6.19300203816
6.21244344762
6.22279285363
6.24339259303
6.25739698514
6.26888043306
6.27579267483
6.28569681095
6.30432759551
6.3299872906
6.33725119753
6.35353685933
6.36889610394
6.41248989499
6.42331771857
6.42861961592
6.45522340615
6.4667110729
6.47343686549
6.48115658716
6.52671922134
6.53992276476
6.56021933366
6.58116835508
6.6047274461
6.99862503998
7.04791985644
7.16830769464
7.20396630348
7.21917692842
7.22798828237
7.23971076374
7.25443317373
7.26644380418
7.2794990989
7.28430350058
7.28792889675
7.30387529621
7.33084486015
7.34435572898
7.35590212372
7.38501598156
7.41764664136
7.45810535751
7.46643991598
7.47162282268
7.49463749731
7.51215714311
7.51809078127
7.54454466901
7.56578820077
7.59705876319
7.61317272019
7.62875601727
7.70450553082
7.71073311533
7.73609913392
7.74647396113
7.75615644004
7.8176729363
7.87299940665
7.87653158586
7.92136682703
8.04203231814
8.04889827263
8.10335405476
8.13201071066
8.18770962734
8.23105984068
8.30213003583
8.31570200491
8.35124009792
8.3596457034
8.40760873343
8.41589979675
8.42556031422
8.45282072287
8.4629657559
8.47969691368
8.49424455261
8.50623086285
8.51868182994
8.52621035731
8.53746089103
8.54907290939
8.55599049107
8.56800189811
8.57650547584
8.58594624743
8.59046733593
8.61018566667
8.62340076876
8.65401439806
8.66711829926
8.68445778087
8.70613277939
8.74605448327
8.77210724747
8.78736310607
8.8345644442
8.84237704809
8.86717884361
8.8926242139
8.91787237957
8.96361887887
8.97699324559
8.98742475293
9.00545244308
9.02476814714
9.0486676231
9.068687545
9.0785189097
9.09122291323
9.15605238714
9.18968989795
9.21109359369
9.23044018482
9.24489366653
9.27816050918
9.31596360796
9.34750607466
9.61124568678
9.61815778903
9.63739412349
9.64790365435
9.6625385988
9.67556890817
9.68680635324
9.69380250304
9.70041621078
9.70730580445
9.71621551642
9.72763996607
9.73403155417
9.75665767313
9.80698003697
9.82464468669
9.84794844786
9.85545916478
9.86103887561
9.86675975346
9.89733973103
9.90639785093
9.92415803135
9.94204562079
10.0041590401
10.0272761561
10.0396835639
10.0544329655
10.0646821528
10.0827855442
10.1258718889
10.1359595496
10.1694270115
10.1826578101
10.2113189546
10.2368808859
10.2492338197
10.2588607155
10.2965187393
10.3210143156
10.358987649
10.3812628738
10.4742669381
10.5018794133
10.5077125877
10.546000984
10.5648302762
10.5844854728
10.5978236765
10.654664555
10.6813690445
10.7081252912
10.7339931774
10.8148884032
10.8215310781
10.8298850257
10.8712324694
10.8772556781
10.8838681071
10.8924450699
10.899617286
10.9254400534
10.9581133073
10.9701732863
10.9761767118
10.993538847
11.0017514017
11.0094105709
11.0374713791
11.0789887451
11.086945911
11.092144094
11.1658850402
11.1775217659
11.1880686764
11.1984541845
11.2384595412
11.2550350141
11.2941195686
11.4141634574
11.4553465833
11.4965179723
11.5440486848
11.5550390187
11.6216284881
11.7255575934
11.7587847188
11.787131891
11.7910107047
11.8073259829
11.8331810753
11.8458663226
11.8995347716
11.935578265
12.0092339038
12.0137429692
12.0211282688
12.0327813847
12.0394011297
12.0517284019
12.1031281651
12.1170574962
12.1338045379
12.1490669419
12.158354744
12.1824704996
12.1859565231
12.1927485349
12.2269572584
12.247008332
12.2565972665
12.2677472062
12.283149349
12.2987225113
12.3067120332
12.3264810905
12.3409168199
12.3702735062
12.3843269553
12.3926170384
12.4330258445
12.4643456675
12.4890535721
12.525653494
12.5353432674
12.5480633677
12.5587918669
12.5784874251
12.5905901331
12.6101203362
12.6231863645
12.6605518521
12.682106353
12.6870224355
12.7227488235
12.7986470026
12.804971526
12.8552359217
12.9670147435
13.0297474639
13.0594107854
13.0907352603
13.0985655684
13.1033655196
13.1123227809
13.140829116
13.1463684244
13.1617114566
13.1928880253
13.204350736
13.2203312277
13.2456362499
13.4086239269
13.4196341512
13.4283900212
13.4741632915
13.4802594954
13.522867171
13.5522520434
13.5757870535
13.5977931865
13.6089413158
13.6334181591
13.6423104558
13.6647930469
13.693872086
13.7074840609
13.7243685155
13.7369131456
13.7607563244
13.8099349488
13.838409709
13.8605232455
13.8787422683
13.9057670162
13.9155525611
13.9416809254
13.9607073417
14.0120247394
14.0309662869
14.0383622116
14.3013903372
14.3119167626
14.369567334
14.4123070377
14.4390043071
14.4517845928
14.4596353534
14.4684104034
14.4876642889
14.4970153836
14.5040012472
14.5094531393
14.5339371712
14.5462463818
14.5705585551
14.586473858
14.6026193473
14.6061330794
14.6102432628
14.6289776656
14.636446954
14.6415749376
14.6455838583
14.6917682375
14.6997140923
14.7119954881
14.7213852914
14.7456315468
14.7720599246
14.7888216502
14.7925577166
14.7996831885
15.1248679762
15.1651990103
15.1754616261
15.1804570158
15.2119316719
15.2193429285
15.2320325333
15.2610237865
15.3236917968
15.4198209346
15.4855234729
15.559579529
15.5994042944
15.6080720999
15.6219507354
15.6411087122
15.6465058179
15.6523596835
15.6694451815
15.685327612
15.698842617
15.7132707798
15.7244799729
15.737863337
15.7634654477
15.7740354413
15.7896714548
15.8169189717
15.8344679908
15.8437020258
15.8506821763
15.8553738991
15.8699180153
15.8853314257
15.8974567375
15.9360232517
15.9518864342
15.9857717979
16.0309454918
16.0397276002
16.0578155337
16.0663342465
16.0855208819
16.0961711671
16.1041120536
16.1262560206
16.1534154682
16.2037595182
16.2371517973
16.2547509285
16.2877061708
16.3084293577
16.3143988383
16.4177196207
16.433147078
16.4563071512
16.4915680438
16.5021265272
16.5162240026
16.5312287808
16.5942804572
16.7578768956
16.7973279644
16.8121704518
16.82428271
16.840114925
16.8534861304
16.8608010315
16.8767147798
16.8943972287
16.9056924272
16.9153238693
16.9354278478
16.9531972246
16.9578368881
16.987330316
17.0215124854
17.0278507776
17.0491710258
17.0545005599
17.0600896418
17.0748366207
17.0997520988
17.1111477696
17.1180785946
17.1559880484
17.182375673
17.1975133557
17.2153457718
17.2373659799
17.2480669004
17.2578629758
17.2984341399
17.3220647985
17.3778766792
17.42837769
17.4494034424
17.4707217844
17.5428285558
17.5717329869
17.6019693082
17.6439912456
17.6946144717
17.7234762541
17.7273598466
17.747272722
17.7785147249
17.837455246
17.8852894146
17.9258538077
17.9340713399
18.0118380264
18.0175964665
18.0329287404
18.043952398
18.055664001
18.0818995398
18.1811430978
18.1888937865
18.2057361786
18.2094453467
18.2252912093
18.2354630349
18.2594697883
18.2796755414
18.2881812903
18.3364227112
18.3464008257
18.3541493563
18.35980713
18.3819482623
18.3940876367
18.3979391284
18.410035433
18.4695185381
18.4876764305
18.502844102
18.5105524194
18.5213883183
18.5345443573
18.5443816539
18.5544394518
18.5676558075
18.6371182817
18.7229925865
18.7432646549
18.7605629339
18.8327968364
18.8943499455
18.9391069641
18.9653354661
18.9836614853
19.1291359595
19.1433274152
19.1729381674
19.2116454965
19.2418282904
19.2538937429
19.2598240394
19.2686528833
19.2817261087
19.2941612747
19.3060114531
19.3284488165
19.3454248119
19.3596789768
19.3780486998
20.3019248438
20.321449601
20.4072589862
20.4184418612
20.424418355
20.4393536441
20.4505941415
20.4607950748
20.4674584802
20.490278765
20.4968424956
20.502277909
20.5345590998
20.5604134969
20.6172601237
20.6208865442
20.6321009172
20.6409260513
20.6544501135
20.6726793831
20.6920873041
20.7259613801
20.7397677343
20.757618959
20.7626996277
20.7768315853
20.7934215894
20.7975527567
20.81097348
20.835488206
20.9171292309
20.9397497073
20.9468085866
20.9737396043
21.0353131663
21.0742884653
21.1014896925
21.1162187776
21.1623138093
21.1784636297
21.2007034712
21.2245926847
21.2487505788
21.2618092476
21.3639798194
21.3859264445
21.4516928745
21.4780048937
21.6173265424
21.6681252349
21.679272663
21.690440171
21.7180828836
21.723888232
21.7401872539
21.7493961757
21.7552394986
21.7709427952
21.793188596
21.807207101
21.8147114466
21.8548800735
21.8693943207
21.888405895
21.9124521132
21.9237834443
21.9492777668
21.9612391108
21.9755472169
22.132070211
22.1419970724
22.1615320104
22.1929541811
22.2179392056
22.239653616
22.431062271
22.4764892614
22.5103435991
22.6686784383
22.8880797343
22.8987709068
22.9369824457
22.9541368139
22.9630571332
22.9988752702
23.0036983418
23.0072597069
23.0174279217
23.0327838699
23.0474438103
23.0755768024
23.0938849408
23.0992797994
23.1137878057
23.1198578726
23.1301410341
23.1448569734
23.1681948016
23.1817948738
23.2196067679
23.2471087338
23.2918412701
23.3035396898
23.3069725574
23.3395996296
23.3569257614
23.3720253693
23.398946731
23.4160523697
23.5023652572
24.0111810823
24.0212654654
24.0278858748
24.0316712143
24.0384431981
24.0519426729
24.0648557904
24.0948977665
24.1023562782
24.1146162473
24.1298962614
24.1351206519
24.1436303481
24.1483083853
24.1671389822
24.1745434904
24.1915039005
24.1973258998
24.209725483
24.2163820084
24.2234022673
24.2451850923
24.2530169137
24.2761820821
24.3121023841
24.31831654
24.3221167107
24.3427243261
24.3514584057
24.3652510342
24.3775716765
24.3809586669
24.3965323702
24.4111831284
24.4366540721
24.4649503985
24.4797613055
24.5070323181
24.6059717188
24.6186845627
24.6536094951
24.6625559043
24.6955541554
24.712333369
24.7297245024
24.7582595945
24.7704200768
24.8038010791
24.8248691997
24.8756303122
24.890435489
24.9096909548
24.9770455298
25.0415351309
25.0500592945
25.1017865804
25.1186142283
25.1234200864
25.1631604365
25.1971977865
25.2057506687
25.2151757196
25.2212730617
25.2524332803
25.25924573
25.2766613926
25.2851487002
25.2927261808
25.3116621205
25.3196728476
25.3245726877
25.3349649845
25.3475375547
25.4006636777
25.4222817905
25.4286121934
25.4350425859
25.4464834037
25.4784209168
25.4964342561
25.5097286617
25.5175676312
25.5257958598
25.5422134326
25.578266619
25.6231501527
25.631799554
25.641768292
25.6963984799
25.7296824555
25.775493083
25.7815447119
25.7901881058
25.8029116514
25.8222192915
25.8334964563
25.9314998049
25.9676826453
25.9816963926
26.0193448498
26.1543044306
26.1609272994
26.1975025846
26.2136415884
26.2170752173
26.2300251758
26.4135381812
26.4243699893
26.4366394093
26.458790562
26.4627084897
26.4786407225
26.494954455
26.5088668359
26.5239781345
26.5399075044
26.5545164396
26.7345952931
26.7486966699
26.7647946621
26.7955627667
26.8050778417
26.8442300591
26.9467005169
26.9694277776
26.9945044009
27.0264122148
27.0489460885
27.0678457155
27.1130936769
27.1515717569
27.1881469509
27.2138982202
27.247659112
27.2806725312
27.2990330769
27.3370324906
27.3553841045
27.3991555118
27.4324256892
27.4828409633
27.4898857347
27.5181244446
27.5440209764
27.5984538366
27.6158340197
27.6220322016
27.6276755877
27.6322553255
27.6383406335
27.6578218169
27.6875183248
27.702427755
27.7169229668
27.7240252695
27.7435590497
27.7482284116
27.7597456414
27.7689714605
27.7887400927
27.8071001983
27.8387905293
27.8507654486
27.8768235325
27.9115578551
27.9208480109
27.9536219974
27.987877396
28.0038452383
28.0484362854
28.0568900361
28.0719442577
28.0930518207
28.1301108408
28.1576605285
28.1802658811
28.1933791661
28.2511930889
28.2765471286
28.3019389802
28.3136061775
28.3463833567
28.3674651216
28.3975555631
28.4179387782
28.4353970001
28.4789623772
28.5147300227
28.5364866279
28.5976876605
28.6202067895
28.6691957346
28.6824815874
28.7401103883
28.8058665949
28.8233014034
28.8317080244
28.8532010146
28.8588311976
28.8650303562
28.8804230365
28.8861066984
28.902486351
28.9074528735
28.9122633158
29.0626032957
29.0678782427
29.0929834012
29.0992888076
29.1130978677
29.1851499117
29.2056377347
29.2110053503
29.2247428694
29.2342277742
29.3093093827
29.3152873737
29.3359987675
29.3534193165
29.3977975151
29.4511435051
29.4551426914
29.6313979517
29.6716522173
29.6868611667
29.6911299131
29.7263752103
29.7515997364
29.7590370997
29.8361151222
29.8570087673
29.9108908986
29.966797116
29.9858578419
30.0038968208
30.0081004924
30.0183131702
30.2123344094
30.2273893214
30.2309260859
30.3343939898
30.6467362865
30.6610637642
30.6854595073
30.719205595
30.7397727049
30.7668166314
30.7764475639
30.7961072027
30.819989033
30.8395191991
30.8513630703
30.8868045451
30.9141788021
30.9490760282
31.0203653141
31.0458744241
31.0644650297
31.080265639
31.1093924008
31.1382447015
31.1938868478
31.2113204557
31.2290012585
31.2681723653
31.2783029644
31.2968753699
31.3107477857
31.3276326335
31.3354888005
31.3513635991
31.4028492858
31.4066871581
31.4216457379
31.4288830621
31.453006118
31.4584200602
31.4775302938
31.4919747764
31.504259916
31.5201599947
31.5259819956
31.5403242848
31.5614324491
31.5841496306
31.6104338187
31.6298451507
31.6507046816
31.6789856812
31.697779443
31.7084777326
31.7279086111
31.7990740184
31.8055715661
31.8481356611
31.8604925605
31.8975864601
31.9011044432
31.9117761944
31.9388572313
31.971481307
32.0070115663
32.1552331248
32.1836368873
32.2037209852
32.2353418041
32.2846635388
32.3339558455
32.4186269376
32.4360663012
32.446319523
32.4582391493
32.468971464
32.4879842645
32.4969072893
32.5129679035
32.5240443526
32.5308218667
32.5493087396
32.5700913785
32.6291088995
32.6413746244
32.661301455
32.6688061232
32.676041178
32.6897217983
32.6975507671
32.7031534665
32.7108971977
32.7236124048
32.7650998071
32.7790946643
32.8076988427
32.8309956906
32.8402166624
32.8509913719
32.8811515077
32.8984801107
32.9106070976
32.9272101562
32.9533376989
32.9894959486
33.0147204731
33.0811148123
33.3793474709
33.4029363303
33.4280086099
33.4931179623
33.5144197965
33.5568520035
33.6124679308
33.6275508409
33.6315469743
33.6666170784
33.6766722351
33.6821243115
33.6891955302
33.7017676025
33.7056794802
33.7575362958
33.7691319486
33.8151225799
33.8754942287
34.2276694459
34.2764038459
34.3069523025
34.3280494359
34.3581129506
34.3686075094
34.4847634058
34.5472087105
34.5568266826
34.5971467943
34.6191129777
34.6602534052
34.6880832343
34.7121684411
34.7378689331
34.8089023155
34.812346576
34.8190694792
34.8279609264
34.8346905728
34.8464450679
34.8603068147
34.8654920966
34.8698190548
34.8791465976
34.8864973345
34.8928381691
34.9836675943
34.992547924
35.0016321833
35.0232260096
35.0503197186
35.0588636024
35.0853396658
35.1004944342
35.115322179
35.1357823797
35.1414991058
35.1494509334
35.1619112468
35.1752193775
35.193840418
35.2025842413
35.2109498946
35.2194042128
35.2447666715
35.2529604481
35.2685478934
35.2842349312
35.3130282896
35.3267103627
35.3339614616
35.3755798544
35.3835910654
35.3909078151
35.4078599971
35.4174735745
35.4467206709
35.4649565881
35.4928340704
35.5155251229
35.5853526829
35.6278365835
35.6565653898
35.6724717298
35.7004416776
35.7315777654
35.802268208
35.8249003317
35.8321613906
35.8485691825
35.8902895117
35.9600392589
36.0116600709
36.0170513998
36.0284010317
36.0317873428
36.0407467499
36.0528027365
36.0885072549
36.1092980018
36.1192217805
36.1265496769
36.1400475547
36.1472402874
36.1511168828
36.1626441075
36.1810687478
36.1994177144
36.2193297015
36.2637685297
36.2884936666
36.3007252682
36.3234422307
36.3406396955
36.3718356534
36.3932027557
36.413041846
36.4183110232
36.4331540089
36.4835730573
36.4933514524
36.5062940587
36.5156251774
36.5234511084
36.5471241859
36.5606421868
36.5782914597
36.5941722385
36.6082444975
36.6158161304
36.6415151313
36.7249150951
36.7609765375
36.7830575174
36.7948235447
36.814351612
36.8473588267
36.8774648957
36.9685491909
36.9828385624
37.0084237703
37.0210815337
37.0367546615
37.0831177575
37.1369904074
37.1698499778
37.2091432906
37.2159912121
37.2275042603
37.240385205
37.2463611673
37.2514993913
37.2557178665
37.2604385229
37.2751639034
37.3024239278
37.3140144041
37.3263512674
37.3358635148
37.3477633922
37.3576827554
37.3806416907
37.7460985092
37.7659119077
37.7836970147
37.7890767614
37.8160581172
37.8313868061
37.8575267999
37.8798801063
37.9129151793
37.9374577136
37.9554718483
37.9690508018
37.9902861583
38.0337057822
38.0519607319
38.0569026791
38.1361020595
38.1979283142
38.2059537626
38.2288740893
38.4108369602
38.4212307757
38.4310565259
39.6164388705
39.63385366
39.644871792
39.6505915539
39.6678734817
39.6808216879
39.6923454003
39.7143683482
39.7182850673
39.7305762499
39.7379527022
39.7541258074
39.7962173819
39.8080063369
39.8162516399
39.8228552392
39.8283652763
39.8427436818
39.8611500652
39.8648770245
39.9022411908
39.917913241
39.9261389267
39.9583348892
39.9685827075
39.9828238479
39.9918024436
40.0171001757
40.0413839681
40.0505976685
40.0561459785
40.0730632703
40.0904519894
40.0980384596
40.1279137771
40.1415726039
40.1598562282
40.1655949387
40.1841299332
40.2340678737
40.2491490899
40.2596190999
40.3053464787
40.3394148959
40.4454563544
40.4650283374
40.4925830434
40.5331649434
40.5621407239
40.5722140938
40.6198299441
40.7065940187
40.721660741
40.738256516
40.7630097428
40.8085704291
40.8224845502
40.8351754747
40.843229789
40.8589683163
40.8685323579
40.8829595675
40.8927243942
40.8990674268
40.9091348781
40.9239389331
40.9306031686
40.9406350293
40.9652906571
40.9923051785
41.0009627822
41.0058085697
41.0171228446
41.0292823708
41.0487623954
41.0642049122
41.0810295193
41.1166165163
41.1414088075
41.1680263774
41.1803714072
41.201050189
41.2103580801
41.229891563
41.2544315636
41.3446122147
41.3548110945
41.3582122827
41.3757069861
41.4142353963
41.4392202019
41.4927258358
41.5120636131
41.5518096349
41.5939366152
41.620158045
41.6418142522
41.6577668346
41.6998646697
41.7420730367
41.7580686616
41.7644706791
41.8490647653
41.8903648599
41.9571533522
1256
