6.0090878021
6.01998966773
6.02552218563
6.03625545397
6.04253713437
6.04948388851
6.07040682132
6.07786072258
6.10112637114
6.11157441883
6.12153708551
6.12540433416
6.14219144712
6.14627071456
6.14977356618
6.16792939941
6.20094160706
6.24051778585
6.28964802495
6.29355394195
6.30669627849
6.33098401516
6.33997049049
6.34816321222
6.35377135414
6.38956523455
6.41852933495
6.45286907934
6.48744563213
6.51131542436
6.53359471715
6.62032148671
6.63680845062
6.67432986625
6.68789266453
6.70321841431
6.71078197395
6.73431366156
6.77838539656
6.79943489698
6.82547224732
6.83547227484
6.85272844176
6.86780612722
6.89284948586
6.97089551701
7.09389290679
7.16342217205
7.20606977378
7.21350286626
7.23103697893
7.26243526282
7.27109763514
7.28280383912
7.29218090592
7.29678281369
7.32027958841
7.32492672544
7.33654747353
7.34530178715
7.35643423451
7.36186152486
7.36802532943
7.39010935367
7.40886732459
7.42119747047
7.43203645745
7.46396450197
7.47688895832
7.48975407202
7.50816235517
7.52131446386
7.53322431106
7.54004129303
7.55864357111
7.57274297749
7.5891169385
7.60646753951
7.62841268035
7.64136376887
7.65183436439
8.22225167732
8.26875119444
8.34764925525
8.38873699761
8.40491523174
8.41037582617
8.42738937196
8.4563782926
8.57590534655
8.60099099546
8.62084251158
8.62867020448
8.64046186192
8.65077772299
8.66166041916
8.67307630291
8.67755293007
8.70557562551
8.71442216172
8.7326233338
8.76056112171
8.76533353873
8.77462858329
8.83203777497
8.85045205584
8.88308206253
8.9282181158
8.97214609972
8.99609639862
9.0110036586
9.11304247375
9.14137349208
9.17049719889
9.19476741077
9.23752619968
9.39754497773
9.4350724452
9.46407997061
9.49854097193
9.52647946981
9.56092326132
9.61408990374
9.62133642858
9.62470099422
9.63503343738
9.64668170445
9.69454094309
9.70505954509
9.71884702948
9.73664312063
9.75077101098
9.77339384373
9.78653636587
9.8084112101
9.817285822
9.82185212247
9.84385970209
9.85244947696
9.86441385394
9.87592309102
9.88328337187
9.89104462415
9.89853647042
9.90472760955
9.91732709947
9.93364079445
9.93807719733
9.95399300483
9.96518586657
9.97271009117
10.0047196017
10.0253072999
10.0434304073
10.1487770185
10.1684432043
10.2119483912
10.2350861097
10.248113538
10.2545858799
10.2872716266
10.3239565238
10.3283657656
10.3499634562
10.363483434
10.4550335414
10.4738644014
10.5417304316
10.5537096801
10.6045444496
10.6173816386
10.6418910187
10.6490456637
10.6786978429
10.7031046861
10.7432704432
10.8043170287
10.8104226083
10.8164111063
10.8246657563
10.8303389983
10.8394791537
10.8473154136
10.8514135782
10.8672492069
10.8866893202
10.9189555542
10.927125383
10.9555932236
10.9615350117
11.0075918294
11.0168919452
11.0331785281
11.0420305731
11.0546508407
11.1177150427
11.2807184382
11.3017665988
11.3078143205
11.3544099057
11.409736533
11.4213726456
11.4605230054
11.4788448202
11.4879162348
11.5150374227
11.5712324058
11.6152098343
11.636350877
11.6463895392
11.6656862125
11.6883676252
11.71382901
11.753294914
11.7627945343
11.8022258395
11.8177648377
11.8443452213
11.8544774153
11.9272331958
11.9523487781
12.0119487512
12.0302015427
12.0395235776
12.0523710522
12.1079228634
12.1248231062
12.1310308011
12.1376941468
12.1443814908
12.1481849688
12.1722180404
12.1783538308
12.2031408294
12.207890429
12.2136505396
12.2630463338
12.2701009638
12.2771629919
12.2878582909
12.2953154513
12.313674096
12.3232003498
12.3321686066
12.4779182678
12.4857289215
12.5092571043
12.5316470622
12.5878476054
12.5915706593
12.6214915643
12.656578125
12.6679457088
12.6804150962
12.7203908455
12.7347313561
12.7520741716
12.7848204391
12.8085367328
12.816810841
12.8208675716
12.8554056003
12.8772699314
12.8844092344
12.9055736889
12.9182219316
12.9963886003
13.0288150678
13.0427146969
13.0552073292
13.0804060572
13.0988610548
13.1142313035
13.1504644808
13.1862510995
13.2142073007
13.2277874393
13.2389501171
13.2609001572
13.2675487016
13.2865752375
13.2952295309
13.3038698027
13.3713075586
13.3859140715
13.6241639441
13.6551432194
13.6658483134
13.6715082414
13.6894595012
13.7271172072
13.7646869346
13.789631309
13.7938537969
13.8078431906
13.8425696497
13.8548504293
13.8653330146
13.9494353956
13.9800422137
13.9906606453
14.0406002783
14.0565216608
14.0966499181
14.1340700967
14.1938651009
14.2070519603
14.2641765579
14.2815025224
14.2941883876
14.3108148817
14.3519870723
14.3806219941
14.4086693292
14.4135975592
14.4249405115
14.4325626433
14.4400034411
14.456617087
14.4666115542
14.4935096597
14.5017673797
14.5204305803
14.5345642171
14.5424933137
14.5472619683
14.5578529475
14.566984698
14.5769517472
14.5807012388
14.614576109
14.6258404526
14.6358001102
14.6466682442
14.6559211559
14.6714056412
14.688459535
14.6939473548
14.7159230631
14.728936257
14.7323756105
14.74215384
14.7569266742
14.7753993095
14.8078416033
14.8283299135
14.836986385
14.8544101366
14.8744211067
14.8931702087
14.9242203777
14.9776922324
15.013472531
15.6057055691
15.6167421203
15.6263695349
15.6338614079
15.6390608013
15.6540026818
15.6577819471
15.7312943873
15.7547325739
15.7679636245
15.771808745
15.7796050222
15.7872077562
15.7967444186
15.8396211922
15.8577824695
15.8627510661
15.8844008459
15.9023856819
15.9160468032
15.9399807391
15.9584870577
15.9633943575
15.977548251
15.9914870704
16.0380876641
16.063156647
16.0706406804
16.1001101625
16.1177559314
16.1284752245
16.1667514717
16.2012240167
16.236587523
16.2606821268
16.2956279843
16.3119922646
16.3280606983
16.3645559732
16.4003203903
16.4327069279
16.5151731169
16.6168400312
16.7757879109
16.8335582847
16.8550187535
16.8599126992
16.8720796946
16.8787688136
16.9027416556
16.9197490401
16.9378016422
16.943703167
16.9477595405
16.9596416763
16.9648254714
16.983209403
16.9987404658
17.0037361475
17.0118009601
17.029992239
17.0532066937
17.0596427934
17.0667211451
17.0787204588
17.0967004299
17.1101955815
17.3094134172
17.320733011
17.3364084891
17.3607588778
17.3766737175
17.4091974698
17.4927743403
17.5243068392
17.558858765
17.5748708069
17.5941598383
17.6291721166
17.6569778808
17.6660893788
17.6845818818
17.7433305749
17.7905581391
17.808552178
17.9228937585
17.9354200082
18.0054222083
18.0292555532
18.0608718415
18.0665251176
18.0784390565
18.0916533243
18.1064518132
18.1362593118
18.1563998141
18.1744086177
18.2827601749
18.3180729607
18.3378390012
18.3532477182
18.362580704
18.396693417
18.4259963332
18.4354210706
18.4638858426
18.4874746043
18.5012117311
18.5255424819
18.5429660132
18.7625422448
18.7827827963
18.8205924307
18.8592115467
18.8948586421
19.2133267908
19.2219038293
19.2357819098
19.2517836637
19.259554815
19.2629856269
19.282233857
19.2900741228
19.2968862979
19.3235513412
19.3427814689
19.3509297127
19.3726181392
19.3836835895
19.3977193472
19.415929283
19.4307627556
19.5069623783
19.5195556946
19.5343673056
19.5591705729
19.573913051
19.5842048154
19.60873844
19.6240489199
19.6452758566
19.6529667978
19.6667975857
19.8059083147
19.8097117582
19.8396845095
19.8442023341
19.8746508818
19.9290262027
19.9474801056
19.9837926265
20.0667863375
20.1132771121
20.1411658656
20.1822892265
20.2262434537
20.2487748904
20.2777641464
20.4089089664
20.4186725849
20.4494557209
20.4562625953
20.4650872958
20.4737535895
20.4816055682
20.4858868819
20.4978488887
20.5097856677
20.5213115385
20.5334197941
20.6046628317
20.6139417071
20.6455617224
20.6685735333
20.6853869395
20.7118320007
20.7301794217
20.7471807042
21.6048849025
21.6285129052
21.6378047327
21.6418215211
21.6517497569
21.6644130718
21.6742287335
22.2283238634
22.2483682683
22.2571941168
22.2734121773
22.321140607
22.3380473685
22.3669060321
22.3788739469
22.4205155987
22.4590854975
22.4744938074
22.4957235821
22.5176656984
22.6133238218
22.651369744
22.7107576485
22.7231097555
22.7317912115
22.7684637208
22.8101777553
22.8198107421
22.8344208914
22.8586755777
22.911659
22.9183226484
22.9486622003
22.9667480517
22.9726078598
22.9853094421
23.0097661071
23.0170438939
23.0390499815
23.0589123235
23.0779141735
23.1705843918
23.1805352655
23.2017728129
23.2172290044
23.2312790016
23.2541728188
23.2731323376
23.2935709853
23.3034554276
23.3326287169
23.3603246925
23.3731151623
23.4297429134
23.4520672967
23.4696027389
23.4809903045
23.5013203645
23.5208641844
23.5701421037
23.6519601194
23.668727738
23.7113876676
23.7452431726
23.8846939529
24.0192092594
24.0249873361
24.0405249166
24.0554059216
24.0638566077
24.0673228
24.0814416611
24.0874622332
24.0928255236
24.103608268
24.1129891217
24.1320957185
24.1393649219
24.1532458011
24.174281347
24.1970136204
24.2161517428
24.2356175771
24.2475032427
24.2634296397
24.2869015562
24.301174774
24.336941167
24.3706659458
24.4093414691
24.4192850535
24.4272690002
24.4374090349
24.441238417
24.4566723832
24.4757857359
24.4834860335
24.5019099228
24.5339715477
24.5665395811
24.5938737086
24.6233346356
24.6451298669
24.667547816
24.6774208382
24.697238947
24.7049181015
24.7294845016
24.8789521131
24.897379562
24.9389969821
24.9591988141
25.0189628282
25.051730141
25.092493093
25.0973669122
25.1288262168
25.1951285931
25.213152841
25.2193815976
25.2236575441
25.2316636188
25.2529911573
25.2575954543
25.2615905094
25.2682158274
25.2917552776
25.3000274909
25.3040658006
25.3225177766
25.3460327869
25.5055727966
25.5168455763
25.5338327978
25.5454070912
25.5545350723
25.5662749863
25.600462948
25.6219036391
25.6422283067
25.6542136273
25.6763839979
25.6979067734
25.7068135953
25.771087267
25.785616631
25.8058330683
25.8237647276
25.8343225468
25.8397019901
25.8740954757
25.8925225993
25.9257599044
25.9616949341
26.0040600578
26.0317206768
26.0392140316
26.0518460202
26.1049871385
26.1198663292
26.1955602217
26.2409164218
26.411748827
26.4229065462
26.4306262593
26.4427533017
26.4486139414
26.4658573118
26.4788051646
26.4877867145
26.5071105802
26.5258606518
26.5364455789
26.5444673812
26.5626130946
26.6803429212
26.6924256717
26.7121432827
26.7229755833
26.7381285265
26.7847822314
26.8027065709
26.8152592947
26.822323115
26.8459039947
26.8593792448
26.8902223176
26.907950494
26.9218907029
26.9508628817
27.0784481218
27.0970221813
27.1045370759
27.1225407569
27.1269518119
27.1410887635
27.1664603679
27.1779323558
27.1895779235
27.3020459383
27.3069748196
27.3269516327
27.3351021917
27.3657038574
27.4107783559
27.4369641679
27.457942529
27.4765242264
27.5056626339
27.5225278474
27.571742547
27.5878348029
27.6068783285
27.6393787036
27.6442799544
27.6516661497
27.6586748925
27.6738137059
27.6823795445
27.6872652777
27.7205487221
27.7345844669
27.7443889446
27.7556056701
27.7644078411
27.773437863
27.7774527565
27.799603582
27.8049614045
27.8152156434
27.8276077943
27.8468138103
27.8522881033
28.2060809257
28.2882421238
28.3136049938
28.341669485
28.3546911625
28.3602264745
28.3732019296
28.376722176
28.3890374282
28.4673573111
28.5313809365
28.5733337959
28.60283712
28.6141898767
28.6511547374
28.6915571919
28.7250944367
28.743613395
28.8055979918
28.8148103799
28.8187806222
28.839724816
28.8479264236
28.8562548023
28.8633780823
28.8686832431
28.8738762587
28.8850671238
28.898146378
28.9063413017
28.921950336
28.9318715033
28.9467116121
28.9552368576
29.5527118672
29.6053397714
29.6262803117
29.6673039725
29.6787453867
29.6977774743
29.7023806494
29.7275572737
29.7363944721
29.7905791273
29.8367615051
29.911625283
29.9341922455
29.9513555323
29.9685020686
29.9813927976
30.0035580696
30.0121192976
30.0549518849
30.0602831438
30.0786525559
30.0886349173
30.1083329263
30.1128614069
30.1213395148
30.1299424746
30.1576636844
30.1645675299
30.1770578918
30.180589825
30.191178743
30.1960298004
30.2132663687
30.5494372332
30.6007392725
30.7434577735
30.9760099997
31.0195381324
31.0636820879
31.0884626733
31.1145845549
31.1383181019
31.1692057422
31.2091476339
31.2168796783
31.2335742578
31.2458426549
31.2646806306
31.2829957421
31.2983873544
31.3067785732
31.3182852358
31.3238808097
31.3385038294
31.3935918262
31.3998127368
31.4119086494
31.4196725047
31.4306985935
31.437738782
31.4450821015
31.4659099162
31.4770775449
31.491693186
31.5020100753
31.5079826792
31.5211120354
31.5262579363
31.5479067902
31.5615945615
31.5901943919
31.612169229
31.624676335
31.6319821655
31.7494749983
31.7539724297
31.8396110955
31.8641482397
31.872638106
31.8784391476
31.9418043936
31.9555419779
31.9814447886
32.0033995432
32.0834139407
32.1054793284
32.1287482412
32.1581211957
32.1725491969
32.2008000404
32.2670798676
32.2935128511
32.4111469992
32.4184860349
32.4282957564
32.4355064827
32.4468254208
32.4529658176
32.4776538345
32.493191794
32.4998147293
32.6186111445
32.6358065401
32.6432910872
32.6586757448
32.6703776423
32.6832050399
32.6866069863
32.6938376211
32.7281043507
32.7446952411
32.8037090519
32.8230410528
32.867498239
32.8870426137
32.9177363715
32.9283056214
32.9392756971
32.9525555459
32.9701746995
32.9814676946
32.9956553543
33.0086759075
33.0369302166
33.1184040479
33.1582259573
33.1804553102
33.1946763358
33.1980360127
33.2268624552
33.239976458
33.2647216
33.2915857237
33.3064808456
33.3262480792
33.3463767765
33.4929316572
33.5378045508
33.5980182271
33.6252272678
33.6432046141
33.6565714137
33.666478236
33.6791172058
33.6844476345
33.7276681847
33.7377850532
33.7415448527
33.7609040965
33.7653062418
33.7696651675
33.798474741
33.8077009492
33.8138540187
33.8343007747
33.8463559262
33.8916385163
33.91207351
33.9496901692
33.9594116096
33.9800043396
34.0227613881
34.0382160252
34.0561983551
34.0803643882
34.0886436501
34.1100059216
34.1293169279
34.1464731856
34.1663674051
34.1898132657
34.1969796929
34.3921700503
34.4204928756
34.4425201509
34.467528434
34.5191412452
34.5362674619
34.5848639724
34.6045946655
34.8040655144
34.8181521932
34.8293853195
34.8333279877
34.8423521774
34.8504545896
34.8679679739
34.8744411755
34.8922573633
34.8992004433
34.902616808
34.9091983521
34.9266500399
34.9318514264
34.9450443337
34.9563307672
34.9723262581
34.9802828182
35.0046566446
35.0151187304
35.0194598701
35.0471149578
35.0619077769
35.0793923392
35.0947694708
35.163974939
35.1740087833
35.1889371522
35.2135024453
35.2404487882
35.2478091607
35.2976902542
35.3129393083
35.3320735664
35.3398291177
35.3886514557
35.3975472875
35.42193671
35.427918247
35.4628516203
35.5270610438
35.5949114002
35.621902704
35.6606466108
35.6918027309
35.7102459543
35.7751802315
35.7867109997
35.8372724846
35.8814179962
35.9025165712
35.9589127302
36.0080859889
36.0188529878
36.0253862994
36.0447300119
36.0571831424
36.06297311
36.0737451761
36.0902151898
36.1072775241
36.1141797112
36.1257284171
36.2575828539
36.2942268618
36.3155286831
36.3494639242
36.3663995005
36.3770520811
36.3863761335
36.3983782328
36.4136380004
36.4443507876
36.523818007
36.5520950909
36.5801661118
36.6183112
36.6371322247
36.6964258678
36.7308047419
36.7596310834
36.7635971517
36.791783024
36.8072352634
36.8255456443
36.8414241471
36.8624073461
36.8756674923
36.919131382
36.9406762605
36.9557678929
36.9905947174
36.994436361
37.0117098129
37.0333915645
37.0444053542
37.2051423859
37.219193257
37.2382286466
37.2560040437
37.2630384616
37.2672146346
37.2727776874
37.2831845468
37.2977980363
37.3053795969
37.3102565855
37.3370761039
37.3431632874
37.3473285043
37.3621978723
37.3696739697
37.3815766845
37.3942948984
37.422381027
37.4309134808
37.452949065
37.4884602947
37.5939847842
37.6082730806
37.6316155233
37.8659532783
37.8952069169
37.9186101396
38.4133661229
38.4180574145
38.5421340609
38.5726969531
38.6029741801
38.6105426142
38.6167425444
38.6264259978
38.6405509211
38.6536642087
38.7021840975
38.737062999
38.7530898305
38.7706162009
39.0088510391
39.0164384111
39.0303197134
39.0522452166
39.069350514
39.1019572455
39.1547981954
39.2223604748
39.2543475877
39.258466217
39.3234667412
39.3420118556
39.3579107097
39.6368902653
39.7061663694
39.7125655335
39.7189407604
39.7316857663
39.754476411
39.760979473
39.7746013378
39.7926953849
39.804910564
39.8105164076
39.8208283718
39.8250880361
39.8345454069
39.8684061639
39.883078381
39.9039947483
39.9087634218
39.9165481813
39.9336901407
39.9514153647
39.9728646012
39.9825086777
40.0201731862
40.0560766279
40.0603216651
40.0801787769
40.086257328
40.0960491517
40.0997801133
40.1185856409
40.1235926083
40.1419884634
40.1635781513
40.1798571973
40.2679816421
40.2915529211
40.3179752667
40.3392320817
40.3470791498
40.6226930638
40.6551134225
40.6720398054
40.6995697421
40.7079435215
40.8185428774
40.8400994
40.85341244
40.8576168562
40.8650332689
40.8698567394
40.8787981099
40.8911384425
40.8994284402
40.9033965644
40.920678385
40.9345762685
40.9432790248
40.9536193973
40.9959117033
41.0064350882
41.0626030886
41.0677716771
41.0844210095
41.0935159018
41.0981134555
41.1029472494
41.1082013832
41.1201514028
41.3533871483
41.3770288672
41.4155158418
41.6780140321
41.725279525
41.7475436232
1204
