6.00484286905
6.02146359861
6.02704322954
6.04282675928
6.05175426715
6.05666147898
6.06531500199
6.0750066819
6.08044697296
6.11256857989
6.12061105994
6.13370694639
6.14169002942
6.37190485956
6.38319684678
6.4088715761
6.42743299512
6.44063938039
6.45169918646
6.46750850965
6.48760329894
6.507517175
6.52211133955
6.541953444
6.55470966485
6.57266791758
6.58591460017
6.60174966193
6.63198621061
6.65106833205
6.66167860297
6.69841974952
6.71055213064
6.71696008351
6.72235538979
6.73365206577
6.74696082804
6.75205640444
6.77758338311
6.80535342227
6.87295263528
6.88254204487
6.88959704877
6.91504209828
6.99664197165
7.13378708576
7.14994433822
7.17792260316
7.18853603296
7.21356420338
7.25430520656
7.26695086496
7.28327301346
7.29642260516
7.3035678447
7.36578481756
7.37196552907
7.3798042453
7.41189731473
7.42437656185
7.43952594911
7.44592417146
7.4652244066
7.47881746797
7.50098718327
7.52587205468
7.53665770329
7.54426417692
7.57846145094
7.59060309618
7.60189900374
7.86404241259
7.87004947323
7.89096778695
7.89459502926
7.93219498511
7.95086533679
7.97054005034
7.9889293602
8.00821992683
8.02972864621
8.06840036342
8.08780279796
8.12701545648
8.40725931027
8.42245180578
8.43582057094
8.4453959724
8.45037663612
8.45545416213
8.46720758097
8.51684488167
8.54034136075
8.55501472139
8.57306476787
8.58797242874
8.72846444181
8.73321932237
8.76137758928
8.77752041954
8.7969166038
8.82461632058
8.8388617345
8.85718323846
8.88754848962
8.89556661678
8.93598786445
8.94867907664
8.97612228487
9.26053247274
9.2841656241
9.31719783612
9.3629179558
9.41068109835
9.42688453281
9.46350395105
9.49631210524
9.52299263345
9.53897198207
9.54293547602
9.56597029921
9.60355823216
9.6113643812
9.6423983707
9.64620539152
9.6592480289
9.67130348522
9.68644861093
9.69238235119
9.70359808266
9.71244184025
9.72138885271
9.73531369554
9.74137955265
9.75227103808
9.76351577904
9.77842849471
9.87506952035
9.8787368542
9.98374041528
10.0011886644
10.0268642192
10.0539095154
10.0691832553
10.1477258997
10.1660577214
10.1807118622
10.2121143611
10.2305474119
10.2580907308
10.2841436853
10.3004983411
10.3146118088
10.3438280848
10.3580117981
10.3683520857
10.417852798
10.4424939165
10.4575911626
10.4665920861
10.8040587388
10.8082607383
10.8158298541
10.8305170636
10.8389668974
10.8440556876
10.8483766191
10.8819321115
10.8862209089
10.9031451471
10.9078628416
10.9152743109
10.9197091686
10.9293517705
10.9659554982
10.9791078518
10.9847711932
11.0174472916
11.1012544695
11.105975772
11.1211361182
11.1342242962
11.159488931
11.1747189244
11.1980374702
11.2129047925
11.2359083313
11.2859236175
11.2983554393
11.3110141434
11.3359222855
11.3587656843
11.3901424279
11.4032463153
11.4552141004
11.4890261229
11.5318774912
11.5611822902
11.6136024697
11.6532152412
11.6579196495
11.6787395989
11.6827784838
11.7001650111
11.797461377
11.8600487421
11.8656657194
11.8777451838
11.8933210576
11.9105730318
11.9337561928
11.9637505022
12.0073998815
12.0157741121
12.0195615161
12.034584792
12.0415065634
12.0558791177
12.071548115
12.0808215782
12.1352013312
12.1606814339
12.1754194296
12.1811652671
12.1858836818
12.1974243765
12.2081570272
12.2164017681
12.2393904496
12.2618387971
12.2937673386
12.3146037317
12.3337694985
12.3571807866
12.3689813875
12.3878073631
12.3961998362
12.4101488667
12.4180114275
12.5137131045
12.5225374139
12.5286689931
12.56950325
12.6057636248
12.6180973426
12.6599467436
12.6708885351
12.7065388643
12.8128605208
12.8404816438
12.8554656452
12.8678203391
12.8823368308
12.9098878959
12.9358335747
12.9842819152
13.0101930763
13.0342857334
13.048096697
13.0547655765
13.0722756355
13.0945689588
13.1383335947
13.2085197917
13.2141934977
13.2412614348
13.2520976942
13.2582321059
13.2656815562
13.3083613059
13.334376811
13.3461077474
13.3555731089
13.37387804
13.3894346206
13.4046157504
13.4121978644
13.4204027991
13.4357206309
13.4701075738
13.4908483117
13.502537429
13.5157750672
13.5226271055
13.6228645003
13.6650436926
14.0041290391
14.3251627443
14.3504449265
14.4111651094
14.4170929179
14.4236210046
14.4276415161
14.4345419423
14.4515324563
14.4561855761
14.4674954862
14.5006936175
14.7260820671
14.7430135037
14.7482141494
14.7544252887
14.7947384342
14.9053973708
14.9279638448
14.9371980305
14.9760289467
15.0010418821
15.0373327137
15.0803619963
15.0914358541
15.1918861781
15.2077044366
15.2383142784
15.2873372955
15.3132031826
15.3200149186
15.323806728
15.3630476366
15.3780472991
15.381833304
15.3929670334
15.4350982836
15.504061679
15.6155796031
15.628488447
15.6375518775
15.6444596089
15.6511104203
15.7389590399
15.7443669317
15.7548064808
15.7614448593
15.8098734255
15.822151162
15.8312381808
15.8421420646
15.8466966819
15.94372558
15.9662380648
15.9865775055
15.9933803538
16.0196492536
16.0379071155
16.0566857906
16.0839497537
16.0886297193
16.098806821
16.1245043794
16.1845568262
16.2485953079
16.3082060222
16.3343893535
16.3524669605
16.3690235494
16.3744653445
16.3876079502
16.4041453903
16.4526017286
16.4988571942
16.5486453083
16.563051739
16.5924564672
16.6105621819
16.6451759259
16.654932731
16.67375021
16.7480487738
16.8064350063
16.8149438011
16.8386409434
16.8479480376
16.8574898246
16.8641149441
16.8727212125
16.9011646711
16.9155898061
17.1632600934
17.2996163141
17.33284477
17.352265263
17.3764021581
17.3943228261
17.4138696145
17.4421638735
17.4522973253
17.465598023
17.4987934855
17.7421303624
17.7868648151
17.8315199081
17.864493778
17.9171830643
17.9608150769
17.9647489207
17.9826776209
17.995093325
18.0128032355
18.1331791645
18.1470972134
18.1530451278
18.1624763001
18.1738511401
18.1789319463
18.2002193856
18.2072820394
18.2139579542
18.2257695745
18.2337031136
18.2734533851
18.2998972012
18.314280273
18.3214255544
18.3362707886
18.3422782132
18.3551417109
18.3656003914
18.3842819102
18.3955202697
18.4247764211
18.428791759
18.4342029157
18.4818636204
18.5048533242
18.5225392287
18.5314339537
18.5474845421
18.5790257131
18.5923674722
18.6065413263
18.7383767683
18.9213079078
18.955148584
18.9838605945
18.9977947117
19.0609292939
19.0779274585
19.1551136598
19.1710733725
19.2053804763
19.2169527824
19.2307181214
19.2395581738
19.2440683283
19.2517767672
19.2609843703
19.3085684707
19.3489813362
19.3741687164
19.400947678
19.4143927108
19.5177782501
19.5348090538
19.5500768506
19.5587286817
19.5664969502
19.5954486109
19.6417035175
19.6486401947
19.6991541222
19.7356822218
19.7551044061
19.7672129001
19.7931150874
19.8054664936
19.8223179881
19.8393870099
19.8582434199
19.8936506317
19.9197161031
19.928922713
19.9452738517
19.9769755014
19.9878285222
20.0022890853
20.0328806647
20.0780817751
20.09696038
20.1847444808
20.2355978382
20.2497769072
20.2886296745
20.2926446003
20.3461053599
20.3590158339
20.387574299
20.4055699545
20.4097497811
20.4223538743
20.4343977142
20.4601766731
20.4714447952
20.4773126144
20.5132917437
20.5333728556
20.5426181432
20.5518664298
20.5560828212
20.5682174462
20.5809123011
20.5860546619
20.594711145
20.6074994652
20.6394602216
20.6521245938
20.6576262592
20.6698331391
20.6837979787
20.6873337892
20.6989939498
21.6449108147
21.6543834999
21.6588327762
21.6721879625
21.6795641593
21.6917304521
21.6958138301
21.7082303486
21.7191557079
21.7269672132
21.7442679693
21.7581900782
21.7663532015
21.7720765631
21.7769709971
21.7810603446
21.7954126942
21.804539611
21.817661949
21.8350175251
21.8583710381
21.8697460471
22.1278495369
22.1349344139
22.204376716
22.2247714891
22.2585137285
22.2750471408
22.2878452389
22.3432165846
22.3713493513
22.3790889103
22.4074271885
22.442304275
22.4597189261
22.560382812
22.5926113573
22.5973513653
22.8087793369
22.8192435025
22.8275879765
22.8435830273
22.8490565543
22.8602346977
22.8686409761
22.8860260056
22.8911542619
22.9053346643
22.9335948127
22.9478152003
22.9554315397
23.0150128305
23.0283508216
23.0341445105
23.0574875391
23.0732881817
23.0867621706
23.1016828219
23.1201741764
23.1262773692
23.1482016481
23.1575919374
23.167797946
23.1729518518
23.2268292364
23.2380412441
23.2648454569
23.3204416756
23.3257814649
23.3353244171
23.3502151192
23.3597037275
23.390492377
23.3938638963
23.424462827
23.4338909769
23.4625955131
23.480748246
23.4897194621
23.5106137871
23.5296736524
23.5470920589
23.6128607639
23.7182469129
23.7351116557
23.7673959559
23.8306070403
23.8635446594
23.9161519451
23.9369376642
23.9793305298
23.984099492
24.0098959571
24.0154175919
24.0321917481
24.0414710218
24.0466234174
24.090608203
24.1047284247
24.1110814503
24.1189916958
24.1280097057
24.1341757487
24.1826520076
24.191599076
24.1987245368
24.2117189475
24.2492708674
24.2610338594
24.3032510072
24.3154079743
24.325202301
24.3456960363
24.3723052519
24.391078255
24.3995430642
24.4068399662
24.4113028396
24.4201422918
24.4417399964
24.4480496431
24.462535181
24.5097466068
24.5257611164
24.5698994211
24.5879041905
24.6118112529
24.6537493453
24.6813415745
24.6869506592
24.7399974739
24.757523551
24.7651624496
24.7805984646
24.7938185355
24.9093340316
24.9447319594
24.9510490855
24.9724357159
25.0629397064
25.0830215489
25.1955313177
25.1998552823
25.242262116
25.2461555275
25.2553893834
25.2604177685
25.2651634048
25.3050286435
25.3163474458
25.330016981
25.3431926199
25.3574324768
25.3653558656
25.3796661503
25.3849778315
25.4167494198
25.42475372
25.4343248575
25.4439151797
25.4623450687
25.4745796614
25.4853823119
25.7840677174
25.8507318149
25.868794617
25.9185568995
25.9435706631
25.9593601569
26.0283475485
26.0504453786
26.0759907187
26.1091838333
26.1195429133
26.1548829364
26.2929919878
26.3490199316
26.3702352022
26.4182407456
26.4236845177
26.4327008237
26.4470620241
26.4553259301
26.4637206024
26.4681553994
26.4807488056
26.5239388809
26.5365086643
26.5405951564
26.5855832005
26.7271808584
26.7314119277
26.7590058621
26.8006580212
26.8176536527
26.9047751315
27.092861526
27.1236261217
27.1287805186
27.1556037529
27.1694163716
27.1838506496
27.2176176206
27.2413534696
27.2551994345
27.2635834176
27.3343792194
27.3440251295
27.4615901129
27.4975351413
27.5308739892
27.5478034494
27.5819880146
27.6064338758
27.6126721721
27.6226719826
27.6285840414
27.6341909859
27.6480553948
27.6529130286
27.6675698399
27.6725597431
27.7029043691
27.7273736766
27.7449106771
27.7660961292
27.7782377164
27.7893508071
27.7999114539
27.8228442364
27.828811017
27.8434641349
27.8821879707
27.899559716
27.9877608501
27.9961076561
28.0150637416
28.0301008207
28.0366570512
28.0471048086
28.0527835463
28.0564691479
28.0663908713
28.0820712158
28.1035728666
28.1316960893
28.14762165
28.1664961933
28.1861276755
28.2098777902
28.2526598232
28.2690933728
28.3103114167
28.3267288853
28.4077151691
28.4774085064
28.5080233711
28.547708511
28.5676235955
28.5990484855
28.6264146783
28.6657614987
28.7182043254
28.7675969873
28.7988195459
28.805633996
28.8138981362
28.8210413011
28.8264678883
28.8310912175
28.8354193452
28.8483470742
28.8650095821
28.8693682565
28.873603271
28.8892927301
28.9038291793
28.9135163865
28.9231188195
28.9310078341
28.9372646563
28.9517268204
28.9590016502
28.9687018349
28.9901273779
29.0089043052
29.013741598
29.0473722505
29.0607900178
29.0675582675
29.0711898397
29.0835385354
29.0876524724
29.1159188187
29.1413125213
29.162434868
29.1838670894
29.1978135718
29.2182627519
29.2511224916
29.7220420164
29.7547012891
29.8052126548
29.8386681659
29.868220751
29.933388565
30.0052509096
30.0148723427
30.0204993043
30.024001157
30.0378356297
30.0458844072
30.1068260185
30.1193767545
30.1585980323
30.1735716995
30.1839236546
30.2005340247
30.2112473727
30.2256402407
30.2340371875
30.2439582694
30.2540051626
30.2818584183
30.2923141795
30.3001968564
30.3260347995
30.3527367985
30.3717556237
30.3926671762
30.4234094634
30.4481900206
30.4835755748
30.49808853
30.5120877099
30.5457429903
30.5683042299
30.5882588008
30.6047933421
30.6963094398
30.7033792707
30.7320024297
30.7392930803
30.7656449991
31.0979373371
31.1511041384
31.1853447344
31.2111112036
31.2377393882
31.2517789578
31.2583975339
31.2844394076
31.3028887845
31.3082189837
31.325154165
31.3417800516
31.3507661263
31.3577498306
31.3752917231
31.3945084032
31.403419467
31.4131238811
31.4206654387
31.428254339
31.4410205193
31.4626606462
31.4762402753
31.5537501713
31.5843876823
31.6033385903
31.6133502274
31.864643451
31.8895751066
31.8970233807
31.9226854553
31.9601639343
31.9947790127
32.0113977662
32.0503580914
32.0675876033
32.1099972743
32.1513343684
32.1766969007
32.196840432
32.2231621004
32.3332458058
32.3500059869
32.3664305553
32.3949950442
32.441594644
32.4602931963
32.5027902931
32.5241155379
32.5301227821
32.5431256302
32.5476675721
32.5545269367
32.5715081717
32.5751931755
32.5893032348
32.6035745238
32.6289610138
32.6398648506
32.6574863962
32.6771688343
32.6805661536
32.6894634878
32.7018934197
32.7342112001
32.742841081
32.7492015651
32.7675715517
32.7737974205
32.7814773601
32.7968984465
32.8262964244
32.8536422171
32.8648292663
32.8767712464
32.924829587
32.9380592743
32.9485209076
33.0233217515
33.0465721754
33.0527592338
33.0857447013
33.2294353515
33.327191319
33.3544209409
33.3652451639
33.3869038232
33.4116146814
33.4518291565
33.4990544072
33.6052786365
33.6136608026
33.6208801735
33.6281734448
33.636479571
33.6466549388
33.6569463636
33.6655305001
33.6769006976
33.6817053285
33.6925531495
33.704534048
33.8292931708
33.8471970547
33.8691597078
33.8949128521
33.90065351
33.9236825872
33.934706403
33.9584866088
33.9651343701
33.9841571274
33.9918025805
34.0086708533
34.023401629
34.0391402956
34.0557235686
34.0649651561
34.0937517686
34.1162158844
34.1710850757
34.1936464933
34.2152973958
34.242381975
34.2857813333
34.3167274984
34.3271088317
34.3411005651
34.3653358022
34.4056176398
34.4492187875
34.4693581101
34.4746612485
34.4850785571
34.5136196109
34.5463941787
34.5783057503
34.6207449744
34.6342341192
34.6676509948
34.727785001
34.7426166447
34.7994505303
34.8111459177
34.8351239106
34.844186307
34.8485948718
34.8593845816
34.8646056315
34.9194573007
34.9419175581
35.0087556331
35.0141005842
35.0309468502
35.0424385039
35.0464446192
35.0651484257
35.0965517596
35.1005909354
35.1091601765
35.1240122819
35.1452106047
35.1550834639
35.1650660067
35.1892657355
35.2033378283
35.2123244693
35.2304172696
35.2458276463
35.2635612995
35.2773034413
35.2890885259
35.3733876385
35.4077134254
35.4155244552
35.942623606
35.9622579854
36.0073885344
36.0166243644
36.0284624018
36.0362569487
36.0438810384
36.0551375334
36.0614859479
36.0716349385
36.0883278034
36.093275729
36.0971692803
36.1046891864
36.1335524412
36.1505141996
36.1682060946
36.1763923063
36.1885660826
36.2091971744
36.2223941899
36.238410602
36.5285701335
36.5701757401
36.5911316275
36.6289468765
36.6789099712
36.7259939883
36.7468209424
36.7748720805
36.78583759
36.7950718647
36.8126952617
36.8793029532
36.90859013
36.9291682258
36.962878556
36.9951389312
37.0179833687
37.0501121934
37.090157634
37.1214744866
37.1332413491
37.2046315379
37.2110714148
37.2172176744
37.2288493733
37.2415794656
37.2712845369
37.2846471928
37.3632208831
37.3710824132
37.3903281367
37.404188472
37.4114438105
37.4330579183
37.4489648002
37.4669111613
37.4825083625
37.5045926418
37.5175308542
37.5320237214
37.5590622079
37.5703743029
37.6026420086
37.6141746592
37.620364758
37.6526729159
37.6621742125
37.6865393282
37.7093395361
37.71832351
37.7936143429
37.7992633294
37.8229361662
37.8489171283
37.889215241
38.00913446
38.0185171073
38.0777341675
38.1137023951
38.1284482485
38.1507125931
38.2293791022
38.2666830991
38.2891772205
38.3283241397
38.3509520328
38.3656570592
38.4187712448
38.4262859811
38.439692494
38.4503585519
38.4641127977
38.4700523046
38.482035364
38.499598486
38.518006478
38.5562075385
38.5730941915
38.5792039271
38.5829238772
38.5989469437
38.6586836858
38.7034106216
38.7130522135
38.8976093168
38.90140877
38.9362957464
38.9588997559
39.1557486271
39.2481536459
39.2593169597
39.2768430631
39.3311445973
39.354832989
39.3741194718
39.4221950989
39.461442694
39.482709107
39.5209660707
39.5548258398
39.5887248893
39.5996578718
39.6131063126
39.6172951797
39.6411496158
39.7858883244
40.80647502
40.8151430798
40.8280104861
40.835857841
40.8524547129
40.8684532981
40.8868081646
40.9033597621
40.9381657284
40.9670044478
40.9840588831
40.9956845954
41.012366841
41.0191883163
41.0333155811
41.0399653915
41.0498262157
41.064774393
41.0783131051
41.0925485552
41.1050695844
41.1266814973
41.1591487544
41.1834529
41.1882803623
41.1998273651
41.2124632375
41.2909973846
41.3160320668
41.3511830667
41.3608074189
41.3735747583
41.4176325487
41.4426726858
41.4668487317
41.4863790969
41.5080164336
41.5176634278
41.553226942
41.5804617825
41.6193266235
41.6372882483
41.6601812639
41.7023255483
41.7216044446
41.7647216976
41.7837131188
41.8054530827
41.851164564
41.8941188652
41.9180406875
41.9472059025
1209
