6.01185988645
6.01722863746
6.04224352088
6.04948771502
6.06222431642
6.06889098476
6.08742827869
6.09729219324
6.10203131109
6.12850943778
6.23678802571
6.24686618785
6.26262481742
6.26967541756
6.28118122755
6.29591529222
6.31747797873
6.33120879852
6.34741457676
6.35627903685
6.36562023515
6.37365912635
6.38157564866
6.40682251035
6.80630278413
6.87037144914
6.88204419332
6.92593823359
6.94451264726
6.95945947243
6.97811499175
7.01575720608
7.02063198009
7.05821557498
7.0615861651
7.07079206418
7.0871593667
7.20822420668
7.21520146258
7.24204534264
7.24777885971
7.26165228317
7.27079967312
7.28385262309
7.29909515103
7.35468772995
7.37460268966
7.37829610445
7.39189660677
7.42088511664
7.43926797501
7.46298442804
7.47005717057
7.47485569021
7.48576390603
7.49891594295
7.52204868899
7.66972576459
7.70057017567
7.73860512356
7.76584041645
7.77851436802
7.79936787219
7.81600476727
7.83905902864
7.92094275687
7.93896560768
7.95083577896
8.04336294943
8.08496415953
8.11373512371
8.14357366098
8.16156502188
8.19537916986
8.21027848314
8.23149798767
8.26117108471
8.27809093919
8.28169538479
8.29765772929
8.3223452762
8.39761923373
8.45959369284
8.47011201229
8.48824164385
8.51049341178
8.52373485598
8.53610111237
8.54251751576
8.55436440282
8.57501466178
8.58079016278
8.59601868745
8.61611606383
8.66609628566
8.6882117172
8.7029686259
8.71058519392
8.71415032762
8.72776636036
8.74801484916
8.76140283791
8.77513172989
8.78433721496
8.80908917474
8.81459398516
8.82427956165
8.90264658924
8.92954043936
8.95730016811
8.96195785354
9.00987769268
9.04342920468
9.06817391365
9.1269443036
9.15259485007
9.19685628509
9.21758836566
9.23698571206
9.27431569827
9.2880204601
9.31712043107
9.33063810536
9.35342992945
9.39721951669
9.41885720371
9.4247166838
9.42813590846
9.44512632414
9.46516900968
9.53754831402
9.57827091355
9.59829052707
9.61137208546
9.61758449846
9.62708544588
9.63925761619
9.64326722918
9.66090438679
9.66570340646
9.68076955164
9.69043269218
9.70442519484
9.7087278632
9.71487850452
9.72178023982
9.73709658801
9.76892234229
9.77712882008
9.80140045436
9.83069817541
9.85837952697
10.0781515144
10.0873219379
10.0994689026
10.1317174117
10.143946591
10.3765708321
10.4031578741
10.5573869056
10.5902854158
10.6258666137
10.6417559421
10.8188503051
10.8230785868
10.8269045166
10.8356459838
10.8482872758
10.8561233502
10.8723817008
10.8774837174
10.897462405
10.9013496133
10.9296006717
10.9515222128
10.9656578007
10.9746689999
10.9962521367
11.0906900691
11.1118780185
11.1188060891
11.1581032832
11.2683877751
11.2927377311
11.3394582086
11.3647204652
11.3864415605
11.4128743606
11.4236221162
11.4504062629
11.5472174974
11.9195225116
11.9482282587
11.9891421866
12.0099901552
12.0278611552
12.0363542098
12.0582162585
12.0676418387
12.0752320056
12.0786452846
12.0933658334
12.1852087054
12.2108936365
12.2267610796
12.2378814607
12.252961666
12.3058542091
12.3151466618
12.3303163636
12.3377816406
12.3574279279
12.3718646542
12.3937883513
12.4231530036
12.4442738305
12.4482457987
12.4675416902
12.4776878033
12.4935824382
12.5024281124
12.5114216759
12.5356480286
12.6309259813
12.6614138311
12.6950604751
12.716381188
12.7333640331
12.7644899081
12.7886649328
12.7936568488
12.8187985508
12.9013874535
12.919746889
12.9618128363
13.0086262906
13.0632478895
13.0944347468
13.1197192912
13.1439919601
13.1733594873
13.186862471
13.2089404647
14.0065650997
14.0208231885
14.0295843493
14.0345316862
14.0453198669
14.0540181961
14.0643040655
14.1059897271
14.1418508676
14.1639933188
14.2565253719
14.3335158685
14.3407473243
14.3555107258
14.3999539245
14.4079050636
14.4130927862
14.4180457114
14.4237878415
14.4273444586
14.4380085735
14.443802546
14.4813435138
14.4891064533
14.5643982163
14.5848240809
14.5912271768
14.6166615899
14.6520194614
14.6649039968
14.702608695
14.7238592416
14.7377285932
14.7475193011
14.7624082048
14.7792681593
14.813369341
14.8214733213
14.8308937011
14.8601124839
14.8746432183
14.8868142294
14.9050039031
14.9113832699
14.94965457
14.9749126562
15.0150123777
15.0504267162
15.0744540691
15.1051762319
15.1303215381
15.1644061428
15.1940980484
15.2294613066
15.2560168695
15.3019452077
15.3126714569
15.6123748209
15.6216378948
15.6356268001
15.6444750814
15.6567847251
15.6632389604
15.6682686208
15.7018597568
15.7103791401
15.7493178719
15.8309379044
15.8499412621
15.8658841465
15.8719382074
15.9332299357
15.946718383
15.9777674735
15.9917182541
15.9983465895
16.0061961408
16.018151151
16.0248942143
16.0300922118
16.038994129
16.266429356
16.2746705787
16.3474137785
16.3803998043
16.3973606893
16.4049675229
16.4611567873
16.8108576825
16.8265576889
16.8399488949
16.8460798698
16.8698001125
16.8872931929
16.8935578166
16.9527583904
16.9573282545
16.9646763236
16.9761202128
16.9857597853
16.9986882916
17.0069551056
17.0143267435
17.0229636979
17.0349477913
17.0579734607
17.0785983727
17.0962905789
17.1155757053
17.1217521623
17.1408941243
17.1597552754
17.1863222232
17.2173660491
17.2435598179
17.2536343575
17.2624107692
17.2823445217
17.2862217907
17.3124271865
17.3255295089
17.3416240878
17.4504195879
17.4755024165
17.485188928
17.5011397982
17.5328162491
17.5564712413
17.5766884692
17.6101773024
17.6370638934
17.6615402201
17.666834216
17.6828854001
17.6868558727
17.720547078
17.7575075712
17.7977970034
17.8433098251
17.8958329469
17.947695003
17.9666923632
18.0047367212
18.0148610439
18.0183350162
18.0259861369
18.0447277754
18.056540619
18.0604561759
18.0656222722
18.0940311703
18.1108193762
18.116751807
18.1820456927
18.1916420908
18.3030934068
18.3254527976
18.332315018
18.3553076592
18.3666605088
18.394028888
18.4152721306
18.4269814292
18.4433483346
18.4559512568
18.4855697815
18.4959153737
18.5123443935
18.5421211943
18.5701578907
18.5916506131
18.617977168
18.6422982829
18.6578069016
18.6776420732
18.6939328462
19.0702921389
19.0866286436
19.0962477481
19.1108837669
19.1485092546
19.1704456018
19.1931529542
19.2091394169
19.2175676082
19.2359323341
19.2450060764
19.2529880578
19.2567878138
19.2672789093
19.2722439021
19.27883486
19.29832209
19.3141133864
19.3175786195
19.3255408982
19.34470847
19.3543176226
19.3784971762
19.3836055348
19.4105038158
19.4176192498
19.5119517823
19.5165796428
19.5408291427
19.5508708339
19.5701513101
19.5847155726
19.6011687996
19.6192070134
19.6487185239
19.6939625675
19.7070680115
19.7277257489
19.761326239
19.7698394174
19.7999886372
19.8233429975
19.8371118818
19.8632211099
19.8797511125
19.9084593887
19.9370430367
20.0273705075
20.04812723
20.0805672585
20.1212521476
20.1639781548
20.1929430191
20.2364327945
20.2466954793
20.2603905313
20.3501522833
20.41395047
20.4244413687
20.4409778489
20.4486489684
20.456581788
20.4714661039
20.48228399
20.5000978665
20.5075269222
20.5174731942
20.5331205461
20.5462567609
20.58295536
20.6254599071
20.6403322969
20.6486942467
20.6556196399
20.6650874085
20.7851088389
20.7947742124
20.8271706831
20.8468817732
20.8621813426
20.8707775285
20.8871681822
20.907219687
20.9423724194
20.9552105012
20.9726344662
20.9840463567
20.9904415717
20.9991083837
21.0298943263
21.05924278
21.1268263551
21.1357481739
21.1799617171
21.2090391693
21.2468620128
21.2726398189
21.38801153
21.4125572014
21.4678620877
21.5235054192
21.5414219942
21.6073597332
21.6229511948
21.6301260006
21.6390725018
21.658253507
21.6651180531
21.6728145017
21.8936533152
21.9038446614
21.9072137389
21.9572314715
21.9744785415
22.0201741762
22.0257569901
22.0382256704
22.0450577965
22.0869386833
22.0965894287
22.1101312335
22.1308035745
22.157719852
22.1833337337
22.2207857516
22.2305671896
22.2511685851
22.3183710181
22.3559006571
22.3675038148
22.3911177059
22.3976834101
22.5170537317
22.5751758272
22.6800151355
22.7240540998
22.7495059771
22.8081409095
22.8140611393
22.827261821
22.8468560515
22.8621216698
22.8682118068
22.8768179186
22.8913607793
22.9033960261
22.9110464564
22.9204074767
22.9286925597
22.9350140081
22.9426579584
22.9476632796
22.95803171
22.9751513576
22.9916802586
22.9957593279
23.0020797747
23.0186064941
23.0292914483
23.0345954985
23.0497584381
23.0622179107
23.1037660469
23.1136569234
23.1441459875
23.1668088262
23.1820935877
23.1973304164
23.2159390602
23.2341385052
23.2712487978
23.2937841633
23.3033315562
23.3092479291
23.3292071736
23.3465524902
23.4032860406
23.430946215
23.4350198776
23.4545247365
23.4673671383
23.4922805499
23.5286296032
23.5459271559
23.5788018723
23.634610211
23.6526660287
23.6764907238
23.6988202459
23.7216797444
23.746623828
23.8446900337
23.8729210188
23.9435576684
23.9493954125
23.9776082634
24.0060881114
24.0238831012
24.0589338561
24.0686735985
24.0759615019
24.1011435219
24.109769485
24.1395717362
24.1586175905
24.1687312743
24.1786906349
24.1979517777
24.2197664622
24.2274124816
24.2490421805
24.2627521929
24.2889740968
24.5993035154
24.6078142767
24.6160629644
24.6372180747
24.6490412896
24.662097003
24.6948432394
24.7804650182
24.7968815156
24.8420440837
24.8521780505
24.9069889433
24.9339060758
24.9873532176
24.9956566676
25.0470059257
25.0871112792
25.1113261964
25.138146145
25.1978362078
25.4760749683
25.487646441
25.5108686651
25.5305385663
25.5413960795
25.5473206993
25.5507306646
25.5860346142
26.2418123753
26.2551283396
26.2948358597
26.4065041977
26.4218623929
26.4276944513
26.441110164
26.4553620048
26.4633402326
26.5019136959
26.553536188
26.5669687242
26.5755677304
26.5852798431
26.6455027195
26.6740489041
26.6807313972
26.7167774059
26.7245935643
26.7410417827
27.7480158199
27.7586273084
27.7929555626
27.8025293093
27.8369652511
27.8415187331
27.8608829663
27.9460299322
27.9527862881
27.95813758
27.9672525256
28.0226814766
28.0512633494
28.0790456339
28.1163762691
28.8046109061
28.8080607368
28.8224011879
28.8305323504
28.8356579283
28.8523464708
28.8628758701
28.8713200688
28.8751101752
28.8816104987
28.9381064691
28.9447264367
28.9563260881
28.9750639208
28.982400838
29.000409286
29.0179229269
29.0237051565
29.0321672321
29.0392571146
29.0542460487
29.0704272504
29.0879604783
29.0921459666
29.1094941527
29.1196029718
29.1258044033
29.3081034059
29.331475665
29.3545445052
29.3680392765
29.3792114405
29.4366397863
29.455865922
29.4731498217
29.4985180288
29.5144043195
29.5333589535
29.5488325749
29.5589571084
29.5877609318
29.603108595
29.6662245639
29.70228171
29.7137686659
29.7440387219
29.7590362551
29.7735271664
29.8074789562
29.8348402037
29.8491041743
29.8638771339
29.9351369764
30.0039213595
30.0165627034
30.2587282244
30.2627492879
30.270449186
30.2890326284
30.2991973633
30.3145997877
30.323414419
30.3291845234
30.3439829729
30.4860937653
30.4923520132
30.5542021059
30.5806591842
30.608683518
30.6250232439
30.6379333276
30.668402627
30.6905975155
30.7049107448
30.743368606
30.7530430048
30.7694533493
30.7791199116
30.7966925356
30.9130662934
30.955070404
30.9867979102
31.0634071051
31.0931648036
31.1230074738
31.1491122924
31.1767279197
31.2230211076
31.2409071644
31.2471469187
31.2573001023
31.2723963381
31.4111786064
31.4214319784
31.4408559183
31.4653538767
31.4706103548
31.4746753157
31.4951803826
31.5009444086
31.5115177759
31.5260706601
31.5849983452
31.6465006076
31.682842931
31.709828626
31.7449826273
31.7590827298
31.7646978084
31.77839616
31.8691708784
31.8928633165
31.9176892333
31.957384612
31.973379328
32.0056870848
32.0455061647
32.0541773777
32.099273737
32.1301432255
32.1542331291
32.2100905149
32.2754544912
32.2893870189
32.3870790147
32.4044408798
32.4227996049
32.4402421311
32.4546388076
32.4682022239
32.4773145112
32.4909983776
32.5043794052
32.532809691
32.5468828605
32.5532776346
32.5656185544
32.5817578073
32.5860904517
32.595260139
32.60041847
32.6391352725
32.6487214715
32.6603140219
32.7889798858
32.7950539133
32.8111531879
32.8267019668
32.8799743214
32.9176375022
32.9464647494
32.9586654818
32.9899570265
33.0499168283
33.0544534989
33.0831568817
33.1031967417
33.1281979443
33.1435502462
33.1861858657
33.2054788867
33.2319556854
33.2882081009
33.3318838868
33.3787890428
33.4084456142
33.4313737616
33.450107594
33.4983306548
33.5299896841
33.5849752225
33.6113935478
33.6179940819
33.6239011227
33.6377719992
33.6561991707
33.6639938861
33.6714897491
33.6802772684
33.6859887084
33.7010053844
33.7062229018
33.7113406645
33.7244019165
33.7343006381
33.779166722
33.7860297498
33.7987187728
33.817050868
33.8216622619
33.8273901102
33.8489775417
34.109048352
34.1422377055
34.1504487556
34.1690249619
34.1791644572
34.1880350138
34.2023666343
34.3696312367
34.4087827408
34.5021529431
34.5177961477
34.5290652208
34.5465329952
34.6759934094
34.6837563715
34.7121093362
34.756053288
34.7714963773
34.822263022
34.8365882151
34.8430299979
34.8563907144
34.866861487
34.8778477396
34.883511438
34.8953173057
34.9004263347
34.9253369757
34.9374211766
34.9416156231
34.9456767503
34.9626805467
34.9740760651
34.9830740986
34.9953447424
35.0010270364
35.3445652503
35.3723157074
35.4400727918
35.4470548205
35.7513683622
35.7682801145
35.8610218656
35.894419864
35.9184599569
35.9740283734
36.0060134949
36.012187493
36.0173431305
36.0280259316
36.0418918845
36.0478938372
36.0515735044
36.0604944865
36.0883331216
36.0951070947
36.1072877886
36.1178708806
36.126983521
36.1449407035
36.1527234466
36.16617992
36.1763732375
36.1859875337
36.2290720683
36.2387258637
36.266128441
36.2751938403
36.2861218119
36.3460905139
37.2081515639
37.2161312684
37.219495128
37.2321072333
37.2412842672
37.2496280451
37.2533287162
37.2575351362
37.2622688113
37.2666232966
37.2867601669
37.297420907
37.3135020116
37.3280716243
37.3345841806
37.3424427279
37.3477916936
37.3673433524
37.3886711917
37.4120261989
37.4201306692
37.4364042095
37.4413577014
37.4601568653
37.4663302777
37.5166335132
37.5517535207
37.5581229063
37.9059065111
37.9678091579
37.989693311
38.0164614745
38.0701181973
38.0772171583
38.1063113339
38.1561338491
38.1681251038
38.2146492688
38.2382037371
38.2788451693
38.2823628341
38.325344579
38.351030461
38.3876138852
38.4069222853
38.4190661005
38.4293357962
38.4333273021
38.4385751602
38.4551713326
39.1570213639
39.5717628321
39.6155383124
39.6513448078
39.6571245203
39.6672133391
39.6805010447
39.6880127695
39.6981776125
39.703661708
39.7124509048
39.7215396302
39.7379504918
39.7574919593
39.7668093027
39.7725004977
39.8671219964
39.9190036759
39.9248013947
39.9468557805
39.9569115483
39.9956133274
40.0119166532
40.052566557
40.0560103373
40.0848881802
40.0947186858
40.1356324284
40.1485658029
40.1618980928
40.1752974079
40.1953313317
40.1996303265
40.2117855444
40.217576622
40.641511098
40.6726420614
40.6901576497
40.7473341806
40.8048660837
40.8127458064
40.8213305757
40.8321196169
40.8400239638
40.8482704784
40.8567501238
40.8646417201
40.8815182997
40.8947728676
40.8996482649
40.903459723
40.9167544771
40.9258552391
40.9293797706
41.0313008257
41.0395731946
41.0610381189
41.0689387059
41.0821536552
41.0944168128
41.1616544676
41.1720183337
41.1902417003
41.2213933108
41.2309731743
41.2586857167
41.2671573628
41.2796090326
41.315460037
41.3265272889
41.3437827532
41.3555141078
41.3674937895
41.393797263
41.4022988558
41.4188594702
41.4457089312
41.4675609081
41.536165585
41.5519762958
41.5704372474
41.6539819348
41.6729749372
41.6935805857
41.7049088774
41.7402233956
41.7499168439
41.7608924052
41.8182141851
41.9463753418
41.9996089894
1098
