6.01406540443
6.02133720993
6.0368228317
6.05138060871
6.06377192769
6.07578748769
6.08687227542
6.09400556186
6.0977058273
6.10869650576
6.1194295748
6.12470535548
6.13641013997
6.14990176886
6.15893343382
6.16503193706
6.19003512872
6.21897499348
6.23364246186
6.24862181476
6.25769762464
6.26363235086
6.3006255407
6.32124442072
6.33276113696
6.34501381637
6.35833544194
6.37900117763
6.38901182256
6.40558594395
6.43347926228
6.46016715615
6.51816756432
6.5336578785
6.59934256388
6.65825951994
6.67549184858
6.67904813247
6.73742819518
6.74305917417
6.75661476809
6.78518995414
6.79474607545
6.79847744361
6.82549289911
6.90323531071
6.94653257957
7.20733585717
7.21657239048
7.22366831329
7.23218991146
7.37396646607
7.37928436963
7.39203981389
7.40439207714
7.42230350464
7.4303640696
7.45101327281
7.46337471422
7.48463380543
7.4962309919
7.5056380431
7.51395130646
7.5381414317
7.54547654337
7.55852414781
7.60499673518
7.62536069089
7.63954781084
7.70088302122
7.79650350336
7.81630417122
7.8619817338
7.88407181191
7.90907666335
7.93067456767
8.01582352179
8.04638164889
8.10922628652
8.18809037701
8.23310858926
8.27704877647
8.41026552457
8.42088625445
8.42851369246
8.44256529763
8.46495349287
8.49119741307
8.49936412978
8.52136698392
8.53255701444
8.54037768308
8.54690138316
8.55216833023
8.55957892678
8.56423530844
8.57388292154
8.58387566904
8.63383804378
8.64321990352
8.65549169207
8.67375278829
8.68486503689
8.69413835616
8.72482925665
8.74488729411
8.77293870627
8.77887052768
8.79264825291
9.28922831857
9.30479238347
9.30893844236
9.34758366922
9.38022852766
9.40025979823
9.41985127221
9.4451593896
9.45566952172
9.47908553392
9.51185629356
9.52420436652
9.53271381038
9.55009722255
9.60472561555
9.61739315973
9.6230499571
9.62837648571
9.63880306871
9.6423344323
9.65214066119
9.66457950685
9.6798439401
9.68453661569
9.6972944591
9.7106779447
9.71973513656
9.72684690786
9.75506990864
9.76377235799
9.76955792981
9.77977516179
9.78430588145
9.79217248963
9.81617868066
9.83110998381
9.84281575315
9.85655541662
9.8717213341
9.89203197241
9.90880596509
9.91916172216
9.93531083144
9.98138745152
10.0001785363
10.0291380003
10.041807298
10.0641405295
10.0780280844
10.0902225229
10.1026733227
10.1267676463
10.5514642726
10.6675772684
10.6951797517
10.7129799399
10.7464187161
10.7812179894
10.813824157
10.8196745186
10.8503364446
10.8737851185
10.8871870436
10.8919177399
10.8993255962
10.9061119435
10.9150668569
10.9644012672
10.9735133586
10.9813545655
10.9898315023
11.0045781572
11.0135771289
11.0244080894
11.0297461251
11.0568852038
11.0688758181
11.0724705174
11.0957855751
11.1133352448
11.1389397441
11.1526195523
11.1697008544
11.1954772653
11.2329074674
11.4030934372
11.4076918056
11.4233312818
11.4426438614
11.4482396159
11.4581390116
11.5168233764
11.6558604462
11.7310148029
11.7772312026
11.8150873156
11.8255457257
11.8712606296
11.9256229132
11.9585095944
11.9994399552
12.0096058997
12.0159335682
12.0290922296
12.0407411322
12.0498930871
12.0594952539
12.0662382494
12.0829883646
12.0900332835
12.1017570975
12.1076760891
12.1220177406
12.1324387648
12.1675246183
12.1834629209
12.2027004074
12.2156232036
12.2233058853
12.2371093805
12.253988632
12.2695290789
12.291076973
12.3371224556
12.3628213629
12.3712994646
12.3750079059
12.4127464566
12.4183459551
12.4281726206
12.7814745259
12.8031267408
12.8867904707
12.9398423217
12.972981428
12.9808061159
13.0031454844
13.0267110755
13.2063161118
13.2113812759
13.225661916
13.2324991142
13.2405389916
13.2538162943
13.2622736517
13.2809739684
13.3232419672
13.3280536582
13.3439582048
13.3541989468
13.3668514399
13.4069811313
13.4155056863
13.5125915342
13.572812964
13.6430256741
13.6544519443
13.6755837069
13.6833981709
13.6990045536
13.712752531
13.7336267433
13.7643575425
13.8209032712
13.8952380025
13.9400822441
13.9764700235
14.0007358839
14.053269587
14.0864868291
14.1046036849
14.1318323264
14.1609503873
14.1884269022
14.2172403402
14.2364706525
14.2858350321
14.3181293239
14.3799630458
14.4632688883
14.4682652337
14.4742615065
14.4789508964
14.4841374793
14.493099724
14.5238534903
14.5439267181
15.057253931
15.0911406285
15.1952821451
15.202213271
15.2473551045
15.2546188915
15.2832593935
15.3081297946
15.3354195024
15.4089579337
15.482499892
15.4902995607
15.5269001463
15.5733658852
15.6243303558
15.6314094358
15.7793886163
15.7993143561
15.8030112213
15.8128258102
15.8230481807
15.8323425059
15.8407475439
15.8504454552
15.8588873229
15.8788532368
15.8840408532
15.8952802302
15.9077730383
15.9215674743
15.9848858158
15.9972579094
16.0068454941
16.0329667452
16.083065083
16.1057224281
16.119139565
16.1285037981
16.1343655724
16.169890111
16.1834125383
16.2131423752
16.2601849819
16.2739620371
16.3181637297
16.3526154269
16.3667516802
16.4960423577
16.5366074398
16.6881528464
16.7220183897
16.7334764127
16.8094001206
16.8186368729
16.8288418875
16.8416218943
16.8457693079
16.8594914794
16.8873172265
16.8996937275
16.9141416288
16.929891467
16.9400556499
16.9446820993
16.9513565704
16.9553357088
16.9662835726
17.0012356043
17.0146529984
17.035988985
17.0433471561
17.0625192422
17.083418273
17.0933837653
17.1056700738
17.1244762508
17.1359529599
17.1738907709
17.1881731065
17.2155613669
17.22019579
17.2327872983
17.2389492987
17.2543441869
17.2640243486
17.2708097475
17.2899322497
17.2957792803
17.3030239135
17.3227673987
17.3343936934
17.3613238645
17.4053310184
17.465092026
17.5044305583
17.5195577696
17.5804060074
17.6131290554
17.6411379484
17.6532525333
17.6707653117
17.7359520856
17.7808349698
18.0172247537
18.0315380133
18.0380309606
18.0512165936
18.0659963267
18.0745931131
18.084870372
18.0997275567
18.12033691
18.1619060928
18.1759761737
18.1840397156
18.1901854584
18.2046869646
18.3550658826
18.3602541735
18.385765603
18.3964924706
19.1904077114
19.2087644306
19.2151361932
19.2244812932
19.2284294317
19.2342284795
19.2850068097
19.2973984622
19.3028076639
19.3415386501
19.358476209
19.3849217302
19.4045876192
19.4429965844
19.4560852482
19.4595605747
19.4707085146
19.5329212794
19.5574433674
19.5926991396
19.6042223735
19.6198697115
19.6520151946
19.6745492871
19.7412226054
19.7544674547
19.7663773979
19.7831256946
19.8057112572
19.8112636532
19.8182842319
19.8505003911
19.8719617231
19.8841375766
19.8940041189
19.9813076828
19.9947362023
20.0154231789
20.0353370864
20.0758091013
20.1476961698
20.1859614413
20.1934021459
20.2764204286
20.3066085544
20.3434258602
20.3638824679
20.3908907095
20.4051500857
20.4212408524
20.4299395827
20.4472480085
20.4509322877
20.4985461244
20.5116754002
20.5311452974
20.5411809734
20.5557804902
20.6865173086
20.6900617491
20.7096290505
20.7153546472
20.7213872297
20.7291580408
20.742112666
20.7718317668
20.7961651286
20.8151865859
20.9256986069
20.9493202199
20.9879518568
21.0041473555
21.0245424315
21.0490225358
21.0934351796
21.0989523973
21.1213041892
21.1681870194
21.218099087
21.2602345407
21.3444311645
21.3771916997
21.4135879375
21.4362959288
21.4458791533
21.4563840898
21.4742486746
21.5052321353
21.5689891215
21.5875531628
21.6167305557
21.6339479596
21.6458307508
21.7034248296
21.7217886308
21.7291261784
21.7345891074
21.7394394873
21.7464109055
21.7571537601
21.7643615005
21.7755760051
21.7796590656
21.7915410081
21.8060238539
21.811196522
21.8355436952
21.8449853186
21.8512697615
21.9473170672
21.9614995802
21.9999569009
22.0124705133
22.0294183626
22.0425618336
22.0568923646
22.0704074604
22.0854366124
22.1060076383
22.133530254
22.1428490634
22.1523000381
22.1875641918
22.1972993869
22.2126875332
22.2487867223
22.2758417659
22.8052150668
22.818727209
22.8264849947
22.8360655761
22.8507759107
22.8861702521
22.9110359617
22.9334817419
22.9480907989
22.9617632699
23.0172694018
23.0301013187
23.0453228083
23.0565861629
23.0761094887
23.0974998715
23.1166576524
23.1296112778
23.1438795382
23.1690877006
23.2156644682
23.2601327718
23.296315901
23.3100655742
23.3153191059
23.3240154219
23.3548053596
23.3795992936
23.4237397698
23.4308105334
23.4531776573
23.4576046139
23.4969102009
23.516529366
23.5467575718
23.5946211076
23.64430132
23.684429608
23.7225432905
23.7509605955
23.7733448964
24.0035974045
24.0168328176
24.0265585122
24.4455791357
24.4572904261
24.4784837645
24.5098449599
24.5251441231
24.5370924047
24.5535840275
24.5652600525
24.5816170093
24.5949880443
24.6678627241
24.6894737255
24.7801322439
24.807866685
25.049912053
25.1416074707
25.1576633583
25.2063088982
25.2277680971
25.2441108201
25.2625799989
25.2659161896
25.279164565
25.2853395904
25.2982905733
26.2520446011
26.409089197
26.4133867444
26.4186034138
26.4329733751
26.4407739512
26.4477996823
26.4583171131
26.4658557236
26.478364447
26.4903065875
26.5095899812
26.5194614401
26.5363697438
26.5549624135
26.5591752933
26.5627020465
26.6088500685
26.6205469783
26.6318690995
26.6365796898
26.6677277641
26.7078112168
26.7206301148
26.7472958327
26.7702068205
26.8224781217
26.8391481948
26.8626437613
26.8785105325
26.8942866598
26.9324768324
26.9673677153
26.9788493272
27.0002059563
27.1034936833
27.1079852071
27.6035525209
27.6115837584
27.6338781818
27.6392559918
27.6723715999
27.6802472589
27.7231764835
27.738597084
27.7475338685
27.7527564901
27.7658581302
27.7812361567
27.7923173392
27.8088497015
27.8199701188
27.8481097499
27.8549617457
27.8692801775
27.8833564877
27.8921869235
27.9003179202
27.9060075953
27.9120911315
28.0379881774
28.056300142
28.0671379117
28.0760124303
28.0860917233
28.1211767118
28.140102335
28.1498893625
28.1690397761
28.178947645
28.2004935523
28.2231702705
28.2350280123
28.2660316863
28.2890142612
28.4448595376
28.4815204469
28.4962058023
28.5139878738
28.5410237096
28.6204942981
28.674800933
28.6953068029
28.7637579884
28.8049126789
28.8660613526
28.8913950518
28.8992876179
28.9184273384
29.1401003353
29.162207594
29.1841179346
29.1994094465
29.2137585255
29.2230045832
29.2306473458
29.2384121633
29.2503261972
29.2670803996
29.2837890465
29.3042071296
29.3086173622
29.3164500235
29.3382285625
29.3473149526
29.3568348071
29.3675382644
29.383435508
29.4064780243
29.4284569937
29.4522677519
29.4866929203
29.5169773292
29.5454260124
29.5746612684
29.6064395555
29.6645910823
29.6942200097
29.716800639
29.7344429891
29.7661928274
29.780967575
29.8282437385
29.8447509971
29.9203657792
29.9338953224
29.9380093222
30.0060075731
30.021431342
30.0368861649
30.0445447019
30.054192652
30.0649749656
30.0685985895
31.2139801153
31.22286218
31.2515200483
31.2575630937
31.2678399988
31.2889601011
31.3008206492
31.3064000104
31.3161473629
31.5252406431
31.5356682364
31.581900786
31.6808405202
31.6976331644
31.7068795903
31.7569004418
31.7675651787
31.8012723118
31.8272926598
31.8510464262
31.8670298209
31.8787282087
31.9101740373
31.9603075519
31.9756928403
31.9803265403
32.0296929692
32.0495443563
32.0914903272
32.1108724945
32.1382477908
32.1944718985
32.2268015763
32.2495832013
32.2667788374
32.2830863437
32.3211553993
32.3537111896
32.3691730883
32.3879316336
32.4041213365
32.4096533379
32.4269005429
32.4391923858
32.4454873753
32.4640666276
32.4821868764
32.4981759041
32.5046657832
32.515225508
32.5283005396
32.5398986281
32.5455399202
32.5500331278
32.5637043303
32.5694357038
32.5794061259
32.6258544268
32.6406312993
32.8113987629
32.8359672472
32.8467705521
32.9174130994
32.946081517
32.9676933872
32.9926771026
33.0057921799
33.0113630689
33.0307096821
33.07816127
33.1149813005
33.1230157731
33.1374848315
33.179379975
33.2000045636
33.2831138988
33.3403462218
33.3823559743
33.4057785994
33.4344943279
33.480390719
33.516287363
33.5581087655
33.5849753365
33.6133455458
33.6258200563
33.6348706657
33.6488430774
33.6549352861
33.6661609056
33.6701294462
33.6809174353
33.6888037711
33.6989670827
33.7205995055
33.735115318
33.7500290099
33.7641808472
33.7818274858
33.7945032605
33.8088864636
33.8233920034
33.8329841654
33.8774247856
33.9045050674
33.9323164804
33.954000127
33.9591631961
33.9774876572
33.9844147175
34.0072550344
34.0265804691
34.0423424663
34.053822013
34.0613015525
34.0798376775
34.1003780139
34.1264594552
34.1434685281
34.1565608079
34.172424817
34.1960552996
34.2058506987
34.6049652296
34.6394400686
34.6466436667
34.7397026742
34.7811246274
34.8041508034
34.838482803
34.8465041069
34.8558674352
34.8660568504
34.8712034856
34.9066190807
34.9100379105
34.9189684157
34.9314111907
34.9387882789
34.9448414391
34.9956992533
35.017039642
35.028287221
35.0347070061
35.0491051841
35.0625668163
35.0817951233
35.120962551
35.125503739
35.1316495053
35.1407419724
35.1450461379
35.1766776807
35.190566528
35.211060821
35.2232188806
35.2322379133
35.2627280306
35.2890811589
35.2930783837
35.321451235
35.6182483325
35.6434991047
35.6657170538
35.6921231097
35.7238348433
35.7351435039
35.8212396346
35.8365459488
35.8586849806
35.8721053765
35.8923430596
35.9408484561
35.9940321363
36.0049773582
36.0221696931
36.1125429223
36.1255725504
36.5604644235
36.5767221018
36.5894311129
36.6076797973
36.632812986
36.6375604603
36.674101632
36.6880534148
36.6987627891
36.7113034615
36.7331993173
36.7463565433
36.7591889925
36.8826347722
36.9561933763
36.9953501633
37.051832864
37.0711377992
37.0933303699
37.099635474
37.103513618
37.1165005345
37.1538373695
37.1867606557
37.204322558
37.2312696697
37.2461449892
37.2601286849
37.2701944765
37.2737640034
37.280701704
37.2925489087
37.3049366349
37.3189935769
37.3263391322
37.4471787189
37.4623442427
37.4791963083
37.4846395169
37.4901760743
37.5054664892
37.5180374028
37.5456780472
37.6206131346
37.6290088985
37.6730607564
37.7314972755
37.7349400923
37.7384394213
37.7918086001
37.8037587114
37.8301353193
37.8644923483
37.8864408376
37.9074014006
37.9384913996
37.9480164367
37.9591879405
37.9865475189
38.0864718553
38.1464035354
38.1545085301
38.1810550898
38.1906619406
38.2253092925
38.2756669429
38.310721271
38.3347118944
38.3911564785
38.4203597042
38.428114649
38.4324961715
38.4359355838
38.4441866037
38.4527937786
38.4642093674
38.4726571913
38.5396881408
38.5577931746
38.5861182838
38.6009284228
38.6328130561
38.6495461581
38.6614489435
38.6715793107
38.6816051524
38.6994745453
38.7143326031
38.7347312917
38.7490252042
38.7562772958
38.7971354484
38.808051729
38.8422880568
38.8625277533
38.872646363
38.8815884558
38.8898459334
38.9077686088
38.9366022504
38.9613418065
38.9709176591
38.9996188591
39.0395984981
39.0753217904
39.1004708395
39.1206134071
39.1576727344
39.1626807933
39.2029305967
39.2613576999
39.2833132045
39.316664071
39.3597476676
39.4014896276
39.447282287
39.4896146902
39.5521789842
39.5557359463
39.5912339267
39.6220655384
39.6305908497
39.6472009835
39.6511727269
39.8805222755
39.8885111601
39.9000377706
39.9202476017
39.9330581042
39.9884994335
39.9961936314
40.0146019631
40.0303210396
40.0919961788
40.1153353449
40.1220304382
40.1787292589
40.1891552543
40.2139133537
40.2711915912
40.2932926363
40.3285179612
40.3375255806
40.3644727236
40.5094287027
40.5507989279
40.5713062476
40.6210606448
40.6715422104
40.7078835629
40.7335975677
40.7788346963
40.8065259806
40.8244413229
40.851738852
40.8562119916
40.8662743124
40.8791408666
40.8918496907
40.9099303577
40.9221735535
40.9322664617
40.9596560846
40.9990677491
41.1027324803
41.2641340613
41.3461123499
41.3519737173
41.5377234399
41.8080972854
41.8481372676
41.876127487
41.9566064528
41.9789663014
1099
