6.01322418779
6.01748636382
6.02857828716
6.03347590173
6.04321598052
6.06712171293
6.08212857373
6.0973421958
6.11401470542
6.12346116133
6.13778400506
6.15092467659
6.16075635547
6.16884205569
6.17432395048
6.29409460752
6.36786095057
6.38146706334
6.38819793498
6.45683852155
6.4687095862
6.48334034325
6.50001997659
6.53694345523
6.5426356568
6.55967331351
6.57117993033
6.61497654021
6.63716753114
6.64920384022
6.66600808145
6.69159592252
6.70492666054
6.75219004373
6.77482072428
6.77858785813
6.81588356868
6.82590261253
6.8482855589
6.85685840054
6.88093927601
6.95833050512
6.97906566964
7.00619238526
7.01133410234
7.044109336
7.13205948566
7.17205760207
7.20652173997
7.21190990348
7.21989127129
7.2309531273
7.23869454202
7.26040437065
7.26726477348
7.28169028017
7.28561795809
7.32921668232
7.3432801595
7.37994957207
7.38832860782
7.42594919466
7.44280494614
7.46021970459
7.47104148315
7.48878781313
7.54184840166
7.54851956368
7.55717373731
7.56773293564
7.58425128958
7.58938685283
7.60001330181
7.62129767126
7.64587161524
7.66066395442
7.6813767862
7.69389718271
7.72518081882
7.7505292512
7.76476421846
7.78797565673
7.81260883112
7.8445196558
7.89182894692
7.90446671605
7.92350081536
7.92900144401
7.95486629598
7.9855322148
8.00608830639
8.01680096816
8.04916821255
8.17872176695
8.20960665979
8.25646042432
8.2923910877
8.35491117941
8.39593271731
8.41149235327
8.42028163444
8.43004415294
8.47053114433
8.47983841274
8.49191893023
8.50408535747
8.51329538229
8.55498933037
8.56313048358
8.57952497105
8.59568065907
8.60304460427
8.61284970717
8.65669116789
8.66625043653
8.68768236314
8.69760376743
8.71096204368
8.74784514308
8.75711369258
8.76988930807
8.79446202896
8.81516643855
8.84036331361
8.88029240947
8.89949754496
8.90611882035
8.92307849622
8.93419051228
8.96434654352
8.98861631747
9.03746965483
9.04480720331
9.07171151451
9.08261535713
9.11977071966
9.12814608359
9.13293783435
9.15788046181
9.23788766124
9.28053036971
9.32605095536
9.35610739603
9.3788391829
9.39245680935
9.40555022663
9.43101712631
9.50753766352
9.57257812089
9.61399014555
9.63522074931
9.63961019756
9.65506553391
9.79156705723
9.80449159643
9.81015490605
9.84094130729
9.87764757824
9.89807735498
9.91719489957
9.92080472987
9.92734653318
9.94283191906
9.95371384799
9.95818356931
9.97913753648
9.99137420215
9.99904717137
10.0730416984
10.8073826451
10.8299081532
10.8406763223
10.8576895296
10.8716516391
10.9079862752
10.9193562423
10.931060078
10.9423599742
10.9591161664
10.9641350148
10.9924258188
10.9983010875
11.0121860829
11.024236275
11.0449873621
11.0649376415
11.0819392233
11.1250966118
11.1481733713
11.1567770568
11.1709044212
11.1864569663
11.1899496637
11.1955060668
11.248624262
11.2685006494
11.2922715351
11.3217104622
11.3434220235
11.3750925645
11.3934663808
11.4321526439
11.4641107428
11.5022643618
11.541443544
11.561879117
11.587931336
11.6185027172
11.629665443
11.6606683898
11.6767387867
11.7616665343
11.830395767
11.8480066196
11.904970322
11.9398647848
11.9853269187
12.0119542428
12.0829766601
12.0904025772
12.0959791146
12.1126911758
12.1528020655
12.2178885767
12.2256438007
12.2481052885
12.2534457555
12.2663219071
12.2858644569
12.3082676854
12.3245609659
12.3415990857
12.3491808184
12.3541123216
12.3654745159
12.3811514863
12.3974319652
12.402072557
12.4211615966
12.4322322376
12.4766861864
12.4900218244
12.5102130426
12.52824697
12.5464722738
12.5569319123
12.561661789
12.5776360384
12.6025405553
12.6639650579
12.6884692061
12.7235384892
13.2126149672
13.2585087227
13.2646112372
13.2781807167
13.3122510931
13.3232612071
13.3311409469
13.3462449592
13.3548358433
13.3709296578
13.3834041522
13.3929008663
13.4091441476
13.4166361153
13.4379865995
13.4432957944
13.458512981
13.472172053
13.4805768566
13.489098604
13.500747244
13.5344025105
13.5566116032
13.5650386545
13.5793727974
13.5987796628
13.6130224199
13.6292281587
13.6663334211
13.6815772262
13.7940939629
13.8057004156
13.8260365483
13.8495444224
14.0980776816
14.1204110012
14.1277466877
14.1449545515
14.150850307
14.1968897087
14.2431954797
14.2878144412
14.3196724945
14.3295958064
14.3413961758
14.3613017152
14.3990467159
14.4111732387
14.4323025473
14.4407319746
14.4457512681
14.4510981125
14.4642843365
14.4729572481
14.4928486754
14.5017211772
14.5130297889
14.5224844087
14.5333278621
14.5404250359
14.5577878513
14.5708819926
14.5895089189
14.6095376913
14.6166818661
14.6221467604
14.6366146084
14.6444086017
14.6627441498
14.6764184024
14.6947503589
14.7282084738
14.7544066445
14.7606873146
14.7654707132
14.7798066441
14.7900880525
14.8147755764
14.829514294
14.8386084642
14.8601488119
14.8645397154
14.8774957414
14.8976032093
14.9240594296
14.959725396
14.9792972336
15.0084095422
15.022784322
15.0476845942
15.0801121708
15.0975267836
15.1151647903
15.1300431961
15.1748504206
15.1961912017
15.2387776055
15.2627880091
15.3105380063
15.3509199062
15.3775024869
15.41001687
15.4287085124
15.4827304362
15.4936632221
15.5126979865
15.5709524433
15.5798471191
15.6117492221
15.6493332518
15.6599919016
15.6731283362
15.6916388014
15.7065677687
15.721222644
15.7443262738
15.8126653485
15.8240924394
15.8485828207
15.8561820527
15.8789067422
15.8895081744
15.9250788214
15.9328049029
16.0007993259
16.0060178563
16.018451174
16.0436482522
16.0659768616
16.0756810122
16.0921229538
16.1356421551
16.1390154211
16.1588675979
16.2139938477
16.2322146113
16.2583521471
16.3392330693
16.3573390567
16.3699240473
16.391577756
16.4396797004
16.4609952327
16.4771280358
16.4959621241
16.5188430855
16.5362086326
16.5680521326
16.5873151663
16.6283318575
16.6629088705
16.7720990048
16.8454973132
16.8557705669
16.8633385269
16.87568038
16.8912416077
16.9144702518
16.9191877899
16.929387808
16.9420217818
16.9730209009
16.9828449325
16.9982613261
17.0041591889
17.0148942764
17.0298012098
17.0594479757
17.0981954453
17.1031093743
17.116761878
17.1395367315
17.1603438347
17.1654018353
17.1837595361
17.2082503219
17.2283621053
17.2386771787
17.2650573234
17.2756531878
17.2942323504
17.3111803912
17.3310264037
17.3420495301
17.3477807049
17.3840392917
17.3941622015
17.4102666234
17.4306714257
17.4498493283
17.4671629913
17.4790385594
17.5143783982
17.5419814992
17.5751923005
17.5932051215
17.6050410821
17.6273270552
17.8148368027
17.8367556843
17.9035354842
17.9706311616
18.0098552841
18.0258980732
18.0351122745
18.0496913155
18.0584583857
18.0799276639
18.088302038
18.1409673374
18.148591061
18.1572234251
18.1654564217
18.1725593396
18.1843440493
18.1878148183
18.20269141
18.3042993049
18.3353865063
18.3495422936
18.378649627
18.4028237338
18.4122817629
18.416969518
18.5112832547
18.5466373756
18.555813282
18.5766644005
18.5896410667
18.6118935369
18.6231061948
18.6677150298
18.6952343913
18.7316792881
18.7579608643
18.7682857151
18.820287144
19.2147734195
19.2254414225
19.2402407069
19.2513312273
19.2580204688
19.2647720093
19.2818400247
19.3131570575
19.3209288007
19.3405863983
19.4311584443
19.4541623951
19.5005254679
19.526839628
19.5426859806
19.5517499049
19.6113140853
19.6214696431
19.6276729557
19.6463992694
19.8385568424
19.8449475386
19.9186944496
19.9283978869
19.95194322
19.97862308
20.009357508
20.0460042885
20.1737551358
20.4093463479
20.416373091
20.4246313059
20.4308370784
20.4448462553
20.4650252054
20.4738961442
20.4843280925
20.4946842064
20.5036739417
20.5177136626
20.5259957156
20.5325117546
20.5369355181
20.54879633
20.5534501394
20.5579142089
20.5765436562
20.581048786
20.5877514433
20.5945399308
20.6096364582
20.6144859713
20.6351050229
20.6552152401
20.6783601615
20.6950648714
20.7029393212
20.7187752902
20.7265790534
20.7412019177
20.7561016633
20.7653695707
20.7755544476
20.7888397614
20.7954899531
20.8295434008
20.8652204152
20.8817843784
20.9087247726
20.9311345633
20.9407081013
20.9621295732
20.9740427403
20.9787705746
20.9977348402
21.0258355103
21.0417744262
21.1035449195
21.2025903966
21.2619437342
21.2961464098
21.3109336404
21.3296497722
21.3412354744
21.357188256
21.3786732054
21.6199425599
21.6318628552
21.6363253028
21.6930274154
21.7030619048
21.7136722191
21.8150626967
21.8234023195
21.8339230887
21.841430754
21.8633100893
22.2137381064
22.2358327065
22.2857497105
22.3119844672
22.3616076032
22.4140741044
22.4403777408
22.4731222146
22.4963038615
22.5066830233
22.5185307969
22.5429156876
22.5614453302
22.5872950415
22.8063938142
22.8268272807
22.8445684648
22.8501011493
22.8618191872
22.8702735095
22.8847923856
22.9329098797
22.9384711164
22.9905818001
23.0466724657
23.0619303664
23.0892321717
23.5179360276
23.5470602364
23.5695741632
23.5987045638
23.6281645685
23.6845585008
23.7076753171
23.7653860595
23.7771092872
23.8328386288
23.875141577
24.0090478733
24.0162202556
24.022777324
24.0301122064
24.0345016164
24.0392733905
24.0444385015
24.0558875939
24.0764241015
24.0932315242
24.1065106272
24.1116407405
24.123624985
24.1299935158
24.1582888945
24.2090050651
24.2186331177
25.1420040796
25.1722624833
25.2340019624
25.2500328342
25.2553500611
25.2617249923
25.2822860416
25.2890891935
25.3022265933
25.3272564049
25.3409185319
25.3512498536
25.3595064651
25.3649982727
25.3996019338
25.4150413338
25.4251901084
25.4440977737
25.4564803555
25.4627486363
25.4913359483
25.5117458224
25.5201911645
25.5480785047
25.5598043623
25.6052164781
25.6177547951
25.6643089613
25.6953258316
25.6993373645
25.7416834724
25.8335437415
25.839634498
25.8664642274
25.8723424204
25.9425990644
26.032612714
26.0640925309
26.0836274145
26.1513064605
26.1912936577
26.2164622045
26.3717561902
26.3769051977
26.4220980032
26.426297379
26.4351014096
26.4514594007
26.4572477526
26.4685990833
26.4839679143
26.5025341442
26.5109330095
26.5166005276
26.5249598009
26.5328121944
26.5551432312
26.5599167256
26.5658935287
26.570126025
26.5823212578
26.589190192
26.6028845347
26.623858014
26.6384166756
26.6447165602
26.652860653
26.6712388833
26.7154465429
26.8188161293
26.8260777887
26.8400530261
26.8624437222
26.8818759269
26.916085
26.930549531
26.969403969
26.9835233667
27.0134332472
27.1787852149
27.190080105
27.2170220991
27.2206807103
27.2339593478
27.3929684126
27.4141640806
27.4759519095
27.523544225
27.5589704752
27.5669085771
27.5876261765
27.6111312615
27.6211838975
27.6300366185
27.6376657186
27.6427748045
27.6518821422
27.657076281
27.6688718016
27.6867736869
27.7243110224
27.7413408332
27.7622144848
27.7712896124
27.7752962928
27.7860322144
27.811347808
27.8224881495
27.8358644164
27.8486518477
27.917828662
27.9352937617
27.9733126035
28.0213614703
28.0545416854
28.0836283787
28.0966311527
28.1006305627
28.1133901557
28.1550915513
28.1851154353
28.207249856
28.2853031013
28.2944013139
28.3419149419
28.3776903287
28.3883261779
28.3988443455
28.4188486824
28.4222038642
28.4787449443
28.5041177453
28.6096926678
28.6632842122
28.6677103199
28.782434605
28.7959669247
28.8177799037
28.8298087853
28.8361299211
28.8641516163
28.8720651229
28.8836125152
28.8929550315
28.967401322
29.0085083469
29.0414252538
29.0531295057
29.0572489546
29.0732966876
29.077163702
29.1001383648
29.1036221697
29.1969041726
29.2107187043
29.2184907074
29.2322721743
29.2542831375
29.2684686041
29.2956244152
29.321140321
29.3427928185
29.3915082662
29.4134121445
29.4473454708
29.4603322047
29.4734894289
29.5055430447
29.6311991275
29.6542525346
29.6837866531
29.698950262
29.7120758842
29.7728293543
29.7839777815
29.7937227275
30.0048783386
30.0089850046
30.0125699585
30.017826402
30.0396342002
30.0463332179
30.0575034658
30.0666485015
30.0794112216
30.0882030159
30.1144767037
30.1260599031
30.1359744196
30.1438075612
30.158339691
30.1633402753
30.1851638513
30.1985025415
30.2290039527
30.262098225
30.2784447304
30.2948061116
30.3230491531
30.3428537987
30.3569449221
30.3607188004
30.458636117
30.4772022563
30.4998408724
30.5085491645
30.5527182875
30.5771156319
30.6188673347
30.6509776418
30.6749319591
30.7137396134
30.737894022
30.7604356638
30.7716730807
30.8130436035
30.832807581
30.8477079834
30.8571837897
30.8646869078
30.893167836
30.9120244019
30.926051619
30.9357213848
31.0238705083
31.027858524
31.0974068055
31.1246732301
31.1285095758
31.1812551922
31.6240938274
31.6373072125
31.6589796352
31.7013992164
31.737515361
31.7535459371
31.7836963938
31.7984546373
31.814726368
31.9085693242
31.9458722064
31.9837573844
31.9965328772
32.0150289918
32.0383010972
32.0530216046
32.0882410186
32.1433296594
32.1740331942
32.2092044482
32.239543115
32.3126572924
32.3585051642
32.387576575
32.4067064648
32.4140686062
32.439117086
32.4482787792
32.4571801313
32.4647530237
32.498783132
32.5085714445
32.5374961262
32.5480070485
32.5610952858
32.5968323886
32.7666902952
32.7865963811
32.8050273617
32.8135117986
32.8344083873
32.9485013151
32.9532918144
32.9661481736
32.9856676564
33.0425560696
33.0512033133
33.0643517939
33.0842494784
33.1236436427
33.1373153959
33.1525364084
33.1731114088
33.1921024489
33.2188119047
33.2454760937
33.3092596557
33.509854926
33.5396336122
33.5929694899
33.6117217474
33.6187072768
33.6275942667
33.6384814381
33.6746128067
33.6798453199
33.6929882902
33.7025445933
33.708984188
34.0318365477
34.0486575252
34.0800899124
34.1026173568
34.1152519394
34.1459276033
34.2257778428
34.2578026841
34.2814383021
34.5378170924
34.5598171313
34.5719676439
34.5867154663
34.6198797837
34.6799259684
34.7184610252
34.7403465611
34.7678077127
34.8088964399
34.8138524713
34.8278721764
34.8454223342
34.8685162038
34.8860125111
34.8932273047
34.9244208411
34.9355650079
34.9541442637
34.9773681632
34.9860463841
35.0173139979
35.0232648903
35.0427597346
35.0527106874
35.0704913286
35.1522701201
35.1664930023
35.1744823528
35.1876399126
35.2088499887
35.2311232907
35.2443895936
35.2626671215
35.2729930963
35.2902527521
35.7603645398
35.7801459864
35.9442445263
35.9758570472
36.0051603711
36.0213734391
36.0287121495
36.0419742745
36.0462145418
36.0538675109
36.0717700639
36.0771158055
36.0942419088
36.1009212129
36.1346061291
36.1480048015
36.1582486634
36.1697375751
36.186002747
36.2029565875
36.2152308069
36.22846975
36.248084368
36.2966669938
36.3361956714
36.3408419483
36.3815525133
36.4084586063
36.4304005447
36.4888308688
36.4966562369
36.5099246672
36.5200158766
36.7261200211
36.7547333742
36.7658006622
36.7966449541
36.8572608306
36.8918263058
36.9207633091
36.9462761516
36.9659253487
37.0038304186
37.0380494803
37.0577336465
37.139390482
37.1449759607
37.1840959479
37.2062218948
37.2102254617
37.2306972165
37.2660316495
37.2725929987
37.2782642696
37.2893197398
37.3106665008
37.3476989763
37.3558046323
37.362677755
37.3780561704
37.3919911086
37.4035414368
37.413071389
37.4298174869
37.4442587662
37.4643435433
37.4706981298
37.5166901308
37.5234202081
37.5664840775
37.575552858
37.6017049777
37.654807212
37.735486533
37.783477566
37.8218069834
37.8282806279
37.8333044851
37.8727266135
37.9048059185
37.9914760174
38.0056366023
38.0217817003
38.0417473445
38.1233680341
38.1424907838
38.1524554567
38.178407623
38.1972504579
38.2283365296
38.2676875216
38.2952086595
38.3112563825
38.3622199472
38.3733854152
38.3767397665
38.4121283956
38.4262416456
38.4403018312
38.4452243773
38.4628138372
38.4787803757
38.4844406064
38.5098706399
38.5160280141
38.5310450464
38.5366954629
38.5452520773
38.6555192248
38.686996545
38.774802577
38.7924610112
38.8156929788
38.8270715707
38.845770431
38.8503847497
38.9010205749
38.918739798
38.9253073525
39.0456452451
39.0665561436
39.1047881153
39.1360054037
39.15730433
39.1909379531
39.210764256
39.238222616
39.3428164444
39.3490055746
39.3534103656
39.3604850546
39.3971052139
39.4091687705
39.4640647211
39.5009577077
39.5233138504
39.6107264781
39.6336093278
39.6380214804
39.6449232224
39.6576293604
39.6702407341
39.6859643247
39.6922698298
39.7045498082
39.7092210382
39.7141828349
39.7334135027
39.7553912085
39.7874048694
39.7933086812
39.8157538432
39.821061729
39.8283954007
39.8467788615
39.8639100004
39.8741132243
39.9327835608
39.9364101942
39.9515102393
39.9575887311
39.9685231731
40.0060437209
40.0168683137
40.0471506033
40.0630422889
40.0749140453
40.0864222741
40.2290909757
40.237209781
40.2463632691
40.2693151933
40.2905168036
40.3202770846
40.3611525557
40.3797462188
40.428197251
40.4372234278
40.4817207564
40.4987200834
40.5119726015
40.5188601783
40.5370132026
40.5561390183
40.570961805
40.6424112045
40.6537533158
40.6574547785
40.7945978144
40.8080475779
40.8257314971
40.8312179699
40.8381544362
40.8416379985
40.8742330127
40.9011020488
40.9140997786
40.9203109636
40.9319015205
40.9416441641
40.9526429248
40.9581271827
40.9874013058
41.0157027656
41.0355615419
41.0551703913
41.0883097788
41.1030307739
41.1261122592
41.1308664056
41.1544677425
41.1809164368
1197
