6.01141765498
6.01770638574
6.03160982869
6.04323929223
6.04843690039
6.30485460252
6.34507444292
6.36168241621
6.36515270513
6.39691107127
6.4149511543
6.42696733364
6.44391456897
6.60772182906
6.6424975074
6.6617971748
6.6939696842
6.71288907061
6.7516152015
6.78231231336
6.80787251651
6.82802649099
6.85120039314
6.86152680719
6.88566833149
6.89049423711
6.90603101781
6.93791802336
7.06942383371
7.0892688061
7.21305235331
7.21660206821
7.30664963906
7.3106378221
7.33031229573
7.3435468131
7.35149503522
7.40978564416
7.42799635086
7.4348194488
7.4429671428
7.46053523771
7.47242688577
7.51029533511
7.57937064702
7.61980230523
7.62347347605
7.64807279996
7.65773839073
7.66946336408
7.6809535024
7.68944446959
7.69544214906
7.70479559185
7.72476090913
7.7431434642
7.78283988919
7.79634003678
7.80041854647
7.82612632589
7.83763953991
7.84968150898
7.86752611341
7.89957679367
7.92692102234
7.93865735376
7.95856798604
7.98172431625
8.00865974067
8.40703665333
8.42631998315
8.4317857444
8.44391769937
8.46509043672
8.47471004331
8.49015253628
8.50207430354
8.51060203122
8.51585229345
8.5402697383
8.57045898428
8.60193999045
8.61304806808
8.61886501229
8.63656238643
8.65206777012
8.66669980569
8.67618517699
8.6889386673
8.69570851034
8.71839237491
8.72447609546
8.73480727788
8.74604560871
8.75525490545
8.77032557066
8.78080688987
8.79819019413
8.81883211319
8.8365824564
8.86346849326
8.88024795596
8.8974289348
8.91057761349
9.01808203906
9.03214499054
9.04589932491
9.0766522085
9.08002526546
9.12581635438
9.1480227995
9.16040467489
9.16697737956
9.17513682531
9.19056101613
9.2711389587
9.29206109761
9.32064796282
9.35103463213
9.377621949
9.44805250419
9.48869300814
9.50899684755
9.59336926901
9.60733850115
9.72049092295
9.74390493715
9.76228453577
9.78012936277
9.78762228803
9.79575798644
9.80152310747
9.80732614606
9.81433551758
9.82816631984
9.84264381096
9.86590207416
9.94263817859
9.96730647332
9.98280850467
9.99940272472
10.0131676322
10.0202199931
10.028892776
10.0599162554
10.8181964267
10.8298293818
10.8390107254
10.8818805644
10.8911689968
10.8999231816
10.9160496587
10.9226581201
10.9578511024
10.978603857
10.9852428052
10.9961791293
11.0036588869
11.0143730358
11.028116817
11.0425234038
11.062328884
11.0816204669
11.1146283129
11.1389327781
11.1548310723
11.1717767502
11.3206575608
11.3415919891
11.3544245631
11.3829893225
11.4244507319
11.4630326373
11.6943189184
11.7207961803
11.7819373671
11.8225133707
11.8784101044
11.918718325
11.9846467345
12.0090672606
12.0176522491
12.0376459045
12.0436133591
12.0491833345
12.0572719711
12.0650363924
12.0784387752
12.1008062491
12.1119437875
12.1957349839
12.2058697534
12.2207680097
12.2415787129
12.2575946177
12.2742267169
12.2991671486
12.3194615701
12.3589562562
12.4798690468
12.4968115615
12.508327749
12.5458155041
12.5781699869
12.5902895528
12.6104314035
12.6217449382
12.6339574058
12.6502992338
12.7031672051
12.8492081618
12.8644366646
12.9105779434
12.9143188489
12.9713519289
12.9972548496
13.0204872728
13.0247082661
13.0589547513
13.0707569573
13.1083283283
13.1489638999
13.1693370559
13.2158703967
13.2221036181
13.2294202843
13.2534311192
13.2688321449
13.2842264119
13.2886342257
13.304211391
13.3670259457
13.3725087496
13.4021461178
13.4276692243
13.4368845146
13.4600078313
13.4698604878
13.5213890159
13.5431930758
13.5529053801
13.5784139603
13.5940523005
13.6260430354
13.6313907717
13.6506278851
13.660076111
13.6635744278
13.6757807259
14.4277406224
14.4352335251
14.4448605482
14.4562160204
14.4608643359
14.4658317917
14.4741743599
14.4823548376
14.4981116886
14.5072353139
14.5276917868
14.555191434
14.5954089119
14.6169559879
14.6272162634
14.6396138229
14.6494307208
14.6737110584
14.7056656459
14.7140945969
14.720136289
14.7350716594
14.7771544687
14.8239949299
14.8507745191
14.8811395397
14.9052963128
14.9551266462
14.9787243365
15.0030157789
15.0562586858
15.0743349387
15.1042173019
15.1081515502
15.1183629295
15.1236854965
15.1540913611
15.168562516
15.2079997611
15.2827122894
15.3521173472
15.3653673649
15.3831742724
15.417845248
15.496708456
15.5994474744
15.6088991265
15.6241762206
15.6278986978
15.6362838803
15.6414279254
15.6484499481
15.6556962197
15.6644308924
16.0139959998
16.042997951
16.066558577
16.0830993366
16.0908246477
16.1142000388
16.1341413534
16.1561307437
16.1866157863
16.1933080925
16.2242799782
16.2474641661
16.2557302715
16.2667276003
16.2790138619
16.2902910695
16.3094933626
16.3342359956
16.3532947078
16.3603924846
16.3989090159
16.4024748324
16.4246873833
16.4671767387
16.4941733709
16.5348896896
16.5622820995
16.6209213103
16.647286453
16.6606792439
16.6775575968
16.6901598266
16.705539037
16.7310788911
16.7425971435
16.7572399074
16.7901675845
16.8080595114
16.8249647459
16.8317549486
16.8425186838
16.847513564
16.8713034225
16.8789561084
16.907069296
16.9217526841
16.9501810443
17.0846600581
17.0951013729
17.1030350419
17.1403081477
17.1559088502
17.174620704
17.1876886997
17.2052461767
17.2295879038
17.3444981874
17.3823980805
17.4425719827
17.4591112243
17.5133569783
17.5373930251
17.5566385266
17.5858975324
17.6094620967
17.6236855634
17.6485109609
17.6880559621
17.7023955472
17.7486490592
17.7568868085
17.7666650779
17.7878975176
17.8483764975
17.8845123628
17.9094934021
17.9186991588
17.9450476612
17.9794451709
17.9911185541
18.0196365671
18.0312690448
18.0748318156
18.0934598601
18.104167439
18.1295783703
18.1441330284
18.2052395647
18.2615247013
18.2795378797
18.2970007545
18.3080416825
18.3153914487
18.3332298794
18.3425141643
18.3582839524
18.3871142391
18.4040655197
18.4083880569
18.4247748226
18.4290526006
18.6894884219
18.7067418998
18.7222323478
18.7589154347
18.7823285509
18.7969295853
18.8456052423
18.8691379391
18.877633545
18.903434521
18.9138158009
18.9353620265
18.9824725781
18.9861244471
18.9952192636
19.031177698
19.0720523006
19.1099244257
19.2091240109
19.2187017761
19.2399515279
19.2642056953
19.2736074653
19.2933305578
19.2976743549
19.3386468216
19.354918559
19.3730502231
19.3776678891
19.3972411753
19.410389282
19.4238175888
19.4300560863
19.4400027089
19.4621794813
19.476784371
19.4829724247
19.4895397714
19.4990288823
19.5412297978
19.5537334708
19.6199002344
19.6623889664
19.7549676555
19.7675900103
19.7709241426
19.9247948273
19.9573117324
19.9696684223
20.0212234981
20.0627180273
20.0992427644
20.129178763
20.1501057585
20.2416061045
20.2863017645
20.4089129857
20.4171085779
20.4669993301
20.4864918754
20.4945379007
20.5235894528
20.5468656371
20.5565064383
20.5765692048
20.585866816
20.6070478309
20.6272464025
20.642615359
20.6493148638
20.6601697085
20.6710319812
20.6924776612
20.7042753175
20.7276025384
20.7380551438
20.7597646911
21.058484322
21.0687632917
21.0937354576
21.6070756676
21.6140883202
21.6421438093
21.6500382101
21.6842727622
21.7195554455
21.7337890814
21.7452734323
21.7544473803
21.7755173866
21.7849128077
21.7982428948
21.8068969608
21.8188554272
21.8249917418
21.8349512099
21.8390060548
21.8443525353
21.8548710416
21.8914074764
21.9661357149
21.9845772083
21.9900703056
22.0045016961
22.0105841771
22.0226185606
22.0266813043
22.0390226789
22.0690112195
22.1097992567
22.1162843857
22.1325738666
22.143951319
22.1786333115
22.1913237902
22.2267179227
22.2530071785
22.2776263125
22.2919329509
22.300405204
22.3050879472
22.3170592568
22.3510709444
22.4346959202
22.8129520341
22.8278552227
22.8417528652
22.8620022051
22.8728114585
22.8960705113
22.9035838104
22.9486424545
22.9569746837
22.9669482598
23.6392239691
23.7449593337
23.7808762898
23.8183227533
23.8563530024
23.8805992066
23.9400641815
23.9495568102
23.9947646136
24.0227904871
24.0268333706
24.0369152491
24.0754625237
24.1198200652
24.1312247024
24.1987354098
24.2327717202
24.2506729241
24.2671967581
24.2735460715
24.3024607358
24.3278895945
24.42511963
24.4443435443
24.4577231448
24.4794204948
24.4917638753
24.516588178
24.5271858039
24.5624769302
24.5831946916
24.5985308881
24.606165578
24.615397852
24.6192556453
24.6449111142
24.6576833733
24.6989959586
24.7150590802
24.7298524689
24.7416790761
24.755763787
24.7797577439
24.8245724343
24.8691871062
24.8977903223
24.9212131861
24.950066813
24.9865202092
24.9930882879
25.0072767417
25.0340653453
25.048274864
25.0531721629
25.0907854989
25.1067674058
25.1255186325
25.1767684569
25.2139239307
25.222901333
25.2395556137
25.2470820868
25.2602724779
25.2680332218
25.2815526917
25.2880097601
25.2960103397
25.3512403583
25.3554286056
25.3619264781
25.3696457719
25.8175647216
25.9980579551
26.0388666496
26.0511605186
26.0796464527
26.1223742823
26.1480036874
26.1649793038
26.1865173406
26.2259735108
26.2401272838
26.3043026714
26.3426908437
26.362866597
26.4158507221
26.4202476917
26.4270577738
26.4342588177
26.4491596622
26.4642842674
26.4739587621
26.4777519074
26.4937987273
26.500517268
26.5045279279
26.5123144223
26.529892645
26.5604222365
26.5682246749
26.5757954463
26.5797840019
26.6784366619
26.687678047
26.7191742554
26.7323745165
27.4205484332
27.466556303
27.5583019494
27.5843971837
27.6128491037
27.6161887674
27.6264107265
27.6314298727
27.646637724
27.6582002397
27.6630226365
27.6800346648
27.6875733073
27.6974003181
27.722209823
27.7280762482
27.7339795671
27.7507163005
27.7618907598
27.8024872381
27.8196816218
27.8275601447
27.855861777
27.8641900767
27.8787157749
27.8886505151
27.9156386353
27.9861200791
27.9974718262
28.01932277
28.0329568985
28.0426558894
28.0581565434
28.158838443
28.22061086
28.2334034235
28.2607938626
28.2711584339
28.2886937624
28.3088050729
28.3171982976
28.3748887346
28.4201242044
28.4310248059
28.4705572467
28.4890695066
28.5071187704
28.5221856218
28.5842537341
28.630370931
28.7549157421
28.8123030603
28.8159936924
28.8256434892
28.8356222918
28.8409153924
29.0281381124
29.0330246549
29.0477929915
29.0722282696
29.0907357957
29.1111342705
29.1305502927
29.1398506613
29.2186961244
29.2363616943
29.2518168656
29.2814668655
29.3243549803
29.3467289971
29.3636779117
29.4802612497
29.5093863469
29.5223553141
29.5365089331
29.5963131147
29.6663756114
29.6945160598
29.7568122052
29.7708915567
29.7746335494
29.7923369537
29.8044691697
29.8426368085
29.9147193706
29.9467179244
29.9528363458
30.0122619224
30.086949746
30.1013788373
30.1188841029
30.1865543562
30.2076705006
30.233137365
30.2441160953
30.2486470655
30.2540706954
30.2594621056
30.2749140467
30.284638828
30.3029754658
30.440925573
30.452289585
30.4802151872
30.4915372987
30.5232526969
30.5337986903
30.5464015561
30.6017012673
30.6196123767
30.6271849752
30.6504822562
30.6873022574
30.7328747048
30.7886547134
30.8585570219
30.8788807645
30.9340957074
30.9574194328
31.0011812255
31.0229139104
31.0705939933
31.1103237481
31.1387637534
31.164560698
31.2131111408
31.236322158
31.2464541215
31.2572360504
31.2727724422
31.283944954
31.2952159377
31.3071968639
31.3174793602
31.327507297
31.3572010802
31.3884946385
31.39895188
31.4116194445
31.4268097956
31.436786561
31.4577489965
31.4836401778
31.4885686173
31.5124994164
31.5408145422
31.5485894477
31.5673503867
31.5802627782
31.5913850588
31.6058584787
31.6249521294
31.6357615503
31.6513464485
31.6603878432
31.6655200986
31.7196339518
31.7508525414
31.8720676166
31.8906743327
31.9093443916
31.9191975225
31.9348021848
31.9381366136
31.9698514068
31.9892250735
32.0002087695
32.0062836794
32.0151603471
32.0504193589
32.0783699533
32.0913418582
32.1309030916
32.1427121134
32.2006627286
32.3314835584
32.4136883743
32.4261454552
32.4417372036
32.4618956807
32.4693860804
32.4779362607
32.4889273954
32.4940546194
32.5096653554
32.5205355012
32.526199429
32.5304192617
32.5344894235
32.5546735835
32.5674620847
32.5859067525
32.5998623958
32.6189146766
32.6242524292
32.6312584466
32.6561886769
32.6781565862
32.7019984639
32.7742522617
32.8031515156
32.8118534917
32.8306563435
32.8411693281
32.8649923708
32.8894805081
32.8996845657
32.9373637142
32.9434797563
32.9505202702
32.9731409261
32.9765304168
33.0143021691
33.0284337854
33.0451061757
33.058627452
33.1103395943
33.1938325462
33.2601811137
33.3079573998
33.3153104933
33.3324969771
33.3578294112
33.5632778497
33.5780075259
33.6242883415
33.638678235
33.6568160209
33.6901516089
33.6994273935
33.7048417493
33.7203772913
33.8415642812
33.8526474432
33.8604533106
33.8707080708
33.9033021615
33.9145220151
33.9201751069
33.9386733776
34.0004783863
34.0040015031
34.0107198034
34.0534832675
34.148270825
34.1636902129
34.8892624352
34.9337825254
34.944910552
36.0204128839
36.0360281382
36.0421728891
36.0667135953
36.0733665994
36.0879889791
36.0929182587
36.1132952082
36.133281459
36.1403506543
36.1515141614
36.1591550044
36.1739219901
36.1839442593
36.1878034212
36.2015490696
36.2168758542
36.2340407364
36.2385104756
36.2486469869
36.2562503433
36.279183652
36.3113727235
36.3421015878
36.3735116235
36.4057641574
36.4262312966
36.456076909
36.4624940718
36.4789881669
36.502442908
36.5262578335
36.5778768953
36.6015248082
36.62364979
36.7020718454
36.709628929
36.7268613969
36.7532309543
36.7677060023
36.7751275959
36.7893081829
36.8817717902
36.8952542111
37.0257998571
37.052001139
37.0624800596
37.0819377657
37.1122013394
37.1466431399
37.2222808494
37.231025166
37.2377713015
37.2491698717
37.2791404851
37.303325793
37.3220098261
37.3389137024
37.3978927353
37.5515016985
38.3828439726
38.4146756536
38.4344597232
38.4418524795
38.4506916664
38.4566531584
38.4642709762
38.4752085362
38.4809583073
38.4913012845
38.512576324
38.5324159505
38.5472876121
38.5523005738
38.5871425182
38.5977297771
38.6149643333
38.6299136812
38.6384934086
38.6487880908
38.6628480685
38.6745809069
38.6894437674
38.6982862126
38.7154924882
38.7230670343
38.7335933366
38.9395786509
39.006253056
39.0319414309
39.0473117548
39.0607083736
39.0993730892
39.1074225871
39.1404170624
39.2012158276
39.2059460589
39.6089516065
39.6168810863
39.6269543624
39.6391114228
39.6445456511
39.655080903
39.6655965488
39.6750604812
39.6805406713
39.6913205089
39.700485002
39.7157297536
39.7215467718
39.7419549981
39.7478313061
39.7715022094
39.912244996
39.9390839789
40.7183244656
40.753316607
40.795626735
40.8077800942
40.8131150697
40.8197727376
40.825408229
40.8327154416
40.8368596162
40.8719767749
40.8828626683
40.8875657781
40.89682002
40.9117357537
40.918733847
40.9249173032
40.9510682713
40.9576937244
40.9828883269
41.0225722512
41.0458430281
41.0554305762
41.0602846239
41.080030302
41.0905121978
41.1013589955
41.1294278729
41.1387413951
41.1489765962
41.161338062
41.1835261871
41.2064378791
41.222699068
41.2500116441
41.2624721325
41.297953219
41.3320289998
41.361670908
41.3897637402
41.4182549721
41.4581641984
41.4991457855
41.5197902431
41.5294935188
41.5592410234
41.6600132075
41.677951564
41.7403066993
41.7625717334
41.8207277709
41.834913323
41.865098667
41.9016993965
41.9566775405
1062
