6.00352847661
6.01410234494
6.02187674921
6.02531924462
6.03490765021
6.04965472084
6.11936029419
6.15970908549
6.16551176695
6.17376453188
6.18389038006
6.20062015586
6.23255081262
6.2478129872
6.25758049438
6.29088363669
6.30238951353
6.31307990128
6.32160465302
6.33728434116
6.35045420639
6.36212483036
6.44576061302
6.46252298755
6.4670642446
6.54027385619
6.5653804727
6.58251693605
6.59365921253
6.66239752145
7.11466686818
7.1720251505
7.20464556183
7.22918515145
7.23338683206
7.25254971567
7.25794521775
7.26493836114
7.27587805703
7.28119154099
7.30107985041
7.30698458138
7.31537839609
7.33546350891
7.37847893955
7.40330247625
7.42542673465
7.45850800095
7.46573336116
7.47718035304
7.49185037027
7.49873079568
7.51670052179
7.54080034817
7.57751388406
7.59096935359
7.61171236168
7.64404692565
7.66061306573
7.67039854385
7.68527277692
7.69774154836
7.72744673092
7.74424075598
7.76144753955
7.78568221105
7.81806916145
7.87927087109
7.89401605461
7.9144445505
7.96072495127
7.99891571389
8.02096604698
8.05714142564
8.11448025369
8.20865813478
8.25155196603
8.27733334264
8.30086812124
8.40854382988
8.42526240514
8.43271042082
8.44246490455
8.44996758314
8.45688954853
8.47319739051
8.49194272536
8.50465474113
8.51983179493
8.52618965383
8.53437556688
8.54695223897
8.5569777412
8.56651739724
8.58590042151
8.59326124423
8.62794321314
8.63358855104
8.6630511849
8.67096967396
8.71250161969
8.71962810586
8.7562032888
8.76660621836
8.80965110194
8.8424928899
8.92691161631
8.94236561088
8.95138151263
8.96085816342
8.9888805644
9.06859023437
9.08304699601
9.08694110767
9.11280345372
9.11880446972
9.15031649471
9.1863770873
9.21479757988
9.50589931415
9.54021966712
9.55887095969
9.56384558784
9.57774437059
9.58328458369
9.61610234034
9.62061788056
9.63496030552
9.64892506425
9.65555835643
9.66697527656
9.67484041561
9.68848189953
9.6969431263
9.70583867709
9.72157354673
9.73081543654
9.74447439383
9.75387289988
9.76392359244
9.78097210123
9.79977098998
9.81251246642
9.87496047266
9.89919600956
9.91815942957
9.93781808814
9.99296745599
10.0143561988
10.0266557716
10.0549650629
10.1000151169
10.1271443146
10.13920839
10.173430198
10.1895555179
10.2092694639
10.24682904
10.2612211209
10.2803371196
10.2908007696
10.3219063204
10.4077218261
10.4356905382
10.4871743529
10.5770427279
10.5894647957
10.6305370098
10.6370595582
10.6586229822
10.6635282868
10.8132235416
10.8175116977
10.8276239404
10.8414902621
10.8473901115
10.8555788874
10.8709689401
10.8815862289
10.8999771543
10.9097245231
10.9193588767
10.9440045125
10.9898059076
10.9934200216
11.0030086672
11.0070961632
11.0264643985
11.0457431487
11.0540016977
11.129020396
11.1409813948
11.1622652861
11.1926428509
11.2560336706
11.2804126028
11.3111094298
11.331717201
11.3712984751
11.4018870234
11.4286573433
11.4348014602
11.4829122525
11.5127560064
11.5369445059
11.5695633876
11.5820840532
11.6974581562
11.7053250939
11.7608201913
11.7927838471
11.7975230345
11.8237087192
11.9291247381
11.9819358864
12.0182477521
12.0239738361
12.038238771
12.046672947
12.0516215986
12.0650511635
12.0808699769
12.089269083
12.0944482217
12.1035105604
12.1082529206
12.1243817055
12.1296289912
12.1460779339
12.1528296602
12.1629328685
12.2070513389
12.2288330453
12.2434075152
12.2558455337
12.268172606
12.2948383393
12.3122925172
12.3346507393
12.3478321426
12.3653272105
12.4595006508
12.4763175989
12.537852687
12.6033408254
12.6151300241
12.6712740815
12.6867317912
12.7101492214
12.7254943203
12.7422469223
12.7603975275
12.798418346
12.8409009801
12.8681379267
12.9026723704
12.9061518174
12.9230862562
12.9354947759
12.9638196687
12.9829011997
13.0819178865
13.1005032397
13.12340567
13.1372951192
13.1724650109
13.1871553061
13.2190939444
13.2263232308
13.2303340982
13.2341887966
13.2440779483
13.258626777
13.2747927454
13.3167743466
13.323141429
13.3360299472
13.3516789067
13.3592661061
13.38787963
13.4297430077
13.4450871831
13.4529116794
13.4612629137
13.467131094
13.4776773107
13.5651664307
13.5786556993
13.6791187443
13.6982448021
13.7092104698
13.7443964355
13.7601086748
13.7747075729
13.8161337518
13.839544247
13.8592773945
13.9512199999
13.9872660554
14.000599665
14.0255217672
14.0357759471
14.1449032515
14.4397039067
14.4626962053
14.5091039296
14.5128083177
14.5229950713
14.5275705042
14.5437606809
14.5596958175
14.5711417748
14.5827916782
14.5866231904
14.6044332743
14.6219183028
14.6298395427
14.6358198342
14.6493095671
14.6553389697
14.6678852312
14.679756871
14.8375503836
14.8593592644
14.9838395523
15.0016293172
15.0421851624
15.0611221303
15.0786166123
15.0873192786
15.1480980451
15.1944654712
15.7048976793
15.7192004093
15.7246626723
15.7347326332
15.7418448398
15.7490349271
15.7540299316
15.7764460804
15.7921436003
15.7980885976
15.8222028748
15.8291527818
15.8360354957
15.8532645514
15.872346133
15.8776900738
15.8974954629
15.907537246
15.9140490866
15.9314714129
15.9415757461
16.016998492
16.0235869657
16.0488956659
16.0720884424
16.1079129234
16.7240836972
16.7314510946
16.7405950138
16.7716075477
16.7991757235
16.8325184333
16.8394103551
16.8471271773
16.8561479657
16.8714378075
16.8817115343
16.8876804242
16.8923188115
16.8980660238
16.906414425
16.9294397738
17.0024083991
17.0162705762
17.0335850798
17.04239943
17.0514497698
17.0806259525
17.1158058914
17.1259719734
17.1572185487
17.171773077
17.1845868361
17.1954542353
17.2065043272
17.2289150096
17.2506913022
17.2690763772
17.2910258123
17.3020616317
17.3082160531
17.3327140695
17.5774470129
17.5954419185
17.6159825345
17.6278459401
17.6782865889
17.6925333931
17.7447037496
17.7603355894
17.777167724
17.8417084696
17.8853459046
17.927601897
17.9638764257
17.9951483737
18.0178903067
18.0223428007
18.0288878432
18.0434865239
18.0501144445
18.0578732338
18.0634370132
18.0686812565
18.0843731356
18.0978825632
18.1065576953
18.1123601157
18.1270530488
18.1367634655
18.1519486717
18.1641740817
18.1786392953
18.1925441698
18.2088080357
18.2401551222
18.2521064802
18.2591418195
18.2756766486
18.2932064067
18.3190521693
18.3725865185
18.3838262
18.3901206056
18.4077566866
18.4285728755
18.4515487322
18.4696551658
18.4863312651
18.561315559
18.6097768934
18.6515998931
18.6756840592
18.7175108028
18.7246165548
18.7578718328
18.7788569752
18.8017214253
18.8393079367
18.862082755
18.8836145696
18.8948881948
18.9120452248
18.9389057673
18.9552998021
18.9667281005
19.0635496317
19.1229189161
19.1291498436
19.1329484277
19.1567406148
19.1947741861
19.205905007
19.2101708738
19.22324745
19.2309112067
19.2346010926
19.2488323178
19.2612932141
19.2799225355
19.2842174734
19.3168671462
19.3348682794
19.3784838373
19.3948911687
19.4009204256
19.4105740402
19.4265900976
19.4307016476
19.4365805295
19.4527986624
19.4589101172
19.4673950141
19.4723480927
19.4759744371
19.4865173332
19.5073447684
19.5291233654
19.536018027
19.5516787325
19.5603662703
19.585219117
19.5997867099
19.6174860794
19.6216185414
19.6360562925
19.64816407
19.6574023859
19.6695574578
19.683742719
19.68754828
19.7006407199
19.7304708941
19.7530203169
19.7620037646
19.791584999
19.8132099621
19.8395542274
19.8611438226
19.9023542065
19.9272224683
19.9452732044
19.9955678216
20.555414961
20.5663426248
20.5738764834
20.5787797472
20.5956565504
20.6023364107
20.6159459864
20.621684517
20.6316446409
20.6386607564
20.6918260878
20.7071911442
20.7922183013
20.8025913282
20.8169595446
20.8214414736
20.8305411395
20.8569736876
20.8675991321
20.8745642457
20.9006604722
20.9103054118
20.9241441728
20.9285460902
20.9417311118
21.010658898
21.0370928094
21.0405959038
21.0685816871
21.1078428633
21.131492141
21.1612137207
21.1861795179
21.203660688
21.2330881254
21.2481903333
21.266366231
21.2711121869
21.2990587406
21.3218521586
21.3742962342
21.3814096013
21.410090593
21.4788229405
21.5060682439
21.5301464583
21.6053651676
21.6369733418
21.6464887246
21.6620803269
21.6963849209
21.7069479763
21.7127314577
21.717143855
21.7219120726
21.7266252752
21.8378879286
21.8557151544
21.8785605694
21.89520614
21.9015787385
21.9313056331
22.0403302042
22.061967747
22.0862741912
22.1039143571
22.1220689081
22.149049352
22.1600289659
22.1766405043
22.197104511
22.2311942436
22.2738592606
22.3082727795
22.3155121206
22.3282963856
22.3556987435
22.3680061432
22.4175126575
22.4471929302
22.486297315
22.5132001923
22.5342141481
22.5604781919
22.5745878979
22.6094401589
22.6278787814
22.6504387478
22.6817535229
22.7633799263
22.7922798304
22.8059415369
22.8313856804
22.8544310719
22.8654023171
22.8729287905
22.88509693
22.9000349612
22.9132127164
22.9235554675
22.9308926228
22.9536980128
22.9597762793
22.9720171284
22.9765698005
22.985114634
22.9983343067
23.0198020593
23.0260569617
23.0331477543
23.0504268659
23.0691049422
23.0751009411
23.1161992033
23.160762985
23.2203802214
23.2294059402
23.2373959345
23.4163966865
23.8507594624
23.8643247488
23.8689093274
23.8866386653
23.9597334916
24.0080296123
24.0178716469
24.136049125
24.1642693706
24.1789915725
24.1927278131
24.1967516949
24.2122356937
24.2211100383
24.2430058116
24.2609760817
24.2673709933
24.3191849645
24.3233307442
24.352651145
24.3663563747
24.3701533097
24.3735431701
24.3800073627
24.3897596576
24.4008813973
24.4067688441
24.4263155928
24.4453229407
24.4636972122
24.4720673
24.4869752458
24.6266386648
24.6539520102
24.6797163467
24.6908041338
24.7039533347
24.7457904203
24.7549937806
24.8853439408
24.8936282267
25.0471629573
25.0793233556
25.1021352322
25.1345606976
25.1633480384
25.2091325481
25.2181087993
25.2363147132
25.262947773
25.2846462125
25.2913662638
25.3010581636
25.3105537539
25.32789517
25.3467728163
25.3562765632
25.4259750493
25.4403231977
25.4597380779
25.4697751845
25.480491647
25.4856017243
25.4966940881
25.5533096451
25.5666816272
25.5796266606
25.596282507
25.6430943624
25.6791219278
25.6961713311
25.7101465805
25.7784056584
25.7961310655
26.0869865958
26.1048893564
26.1150960029
26.1521795904
26.1858400451
26.240493935
26.2488184749
26.3187502721
26.4068679992
26.4112232383
26.4210095327
26.4454032499
26.4596242249
26.475451625
26.4870914517
26.5051642138
26.5208770872
26.5295875849
26.5401767685
26.5604229223
26.5638055994
26.729616066
26.7335965008
26.7371213297
26.7556159217
26.7652460377
26.778580949
26.8083145188
26.818592154
26.8379187666
26.8564177094
26.8947814447
26.9112033071
26.9236973146
26.9686057697
26.992852292
27.0209316286
27.0335869589
27.0399710698
27.0653456888
27.0919554127
27.1319826567
27.1419582135
27.1947452019
27.2290231706
27.2560097701
27.2976487367
27.3228406457
27.4002859243
27.4150413794
27.4532914256
27.5060706015
27.5511685633
27.5868282619
27.6065684851
27.6422420861
27.6456130204
27.6603287531
27.6715525984
27.6825315761
27.6858975689
27.7002300983
27.7762407914
27.7829450165
27.7901933355
27.8122379758
27.8355610904
27.8476686758
27.8564701508
27.8671579748
27.8772795792
27.885612587
27.9007410938
27.9534361515
27.9821408761
27.9923443929
28.0065366249
28.18753848
28.2051166382
28.2153071398
28.2374575197
28.2491997528
28.2748592579
28.3085627475
28.3597603106
28.3737336628
28.3999799786
28.4237269675
28.4530077738
28.4747886774
28.4924047935
28.4999196337
28.5241007068
28.5277372447
28.5378070778
28.5800151108
28.7550236337
28.8082796274
28.820630102
28.8293490487
28.8524444759
28.8559740983
28.8907349219
28.8969137816
28.9071800102
28.9188596116
28.9227952282
28.9367891664
28.9469429236
28.9528809748
28.9574169941
28.961230623
28.9825348617
28.9910438394
28.9952190327
29.0114454176
29.032714643
29.0540309584
29.0688593509
29.073951663
29.1004578414
29.1149980664
29.1225555487
29.1944350796
29.207491498
29.234094449
29.2542291544
29.2632362985
29.2895199179
29.3025093076
29.3336878525
29.3438495177
29.3629617242
29.383716825
29.4337290716
29.4431868008
29.463930807
29.4813723517
29.5325011518
29.5370129862
29.6144447899
29.6654999796
29.6832147767
29.7058809247
29.7295342477
29.7967920379
30.0246943304
30.0453498526
30.0548000241
30.0646990057
30.0685337984
30.0925172869
30.1024007306
30.1170111062
30.1309798247
30.1378135971
30.1428526726
30.1971163165
30.2100658573
30.2232398292
30.2284672846
30.2431711675
30.24933858
30.2731995391
30.2865456727
30.2922221618
30.3100100904
30.3264920883
30.3734385607
30.384349822
30.4040098926
30.4220873497
30.4445854841
30.4580095075
30.4658191505
30.4865609604
30.5084005987
30.5177662041
30.5234329307
30.5427554504
30.5636874124
30.5734387655
30.597241342
30.6130116946
30.6268725154
30.6367549975
30.8843237945
30.9107426869
30.9719242837
31.2053404117
31.2313745101
31.2399151873
31.2543454567
31.259309858
31.2658050193
31.2844661227
31.2895920712
31.3062605121
31.3143944507
31.321859722
31.3386124312
31.3707473814
31.3760674624
31.4021413836
31.4080320198
31.4505569975
31.4592447142
31.4677509544
31.4756174386
31.4836155622
31.5011889603
31.5155931952
31.5202921777
31.5421253025
31.5473784204
31.555119288
31.5859485359
31.6092823065
31.6290667058
31.6347949218
31.6473283563
31.6607851765
31.6663407972
31.6936487549
31.7201243146
31.7352195428
31.7444919867
31.7704581396
31.8134842759
31.832289363
31.8528864095
31.9134359971
31.9445060989
31.9614334294
31.995505398
32.030091093
32.1207420869
32.3387410839
32.3589064451
32.3820613815
32.4161789033
32.4337180884
32.4444052616
32.4562348388
32.4680300004
32.4723981165
32.4822369499
32.4940525811
32.5012212497
32.5214756978
32.5521299992
32.5607270272
32.613719311
32.625713139
32.6304891641
32.7711111078
32.7842487402
32.807336993
32.8360929022
32.880625972
33.6099840155
33.6166886404
33.6240827311
33.6336202381
33.6382983276
33.6418338862
33.6620917302
33.6711519879
33.6825061337
33.6886170945
33.6973913342
33.708016499
33.7136302377
33.7213376448
33.7255692937
33.7325303671
33.7442184198
33.7619480478
33.7740246119
33.7910077712
33.7972019746
33.8065026232
33.8178697309
33.831245231
33.8576952761
33.8750287443
33.8921304281
33.9068174093
33.916669395
33.9320565743
33.9418905575
33.9505197739
34.0249784135
34.0432999342
34.0552236162
34.0699817079
34.0858523583
34.1217893841
34.1467161414
34.248459702
34.2628055659
34.2824019173
34.2973231698
34.307318388
34.411804991
34.4498699066
34.5433863389
34.5537321437
34.5712969367
34.5872816572
34.6101348409
34.6452515037
34.6829938873
34.7175749755
34.7334084631
34.7409832678
34.7672827666
34.814101895
34.8179931215
34.8349223311
34.8587531801
34.8710839837
34.8817661061
34.8888803734
34.8941235018
34.9242520941
34.9333317611
34.9533087629
34.9647215863
34.9693502412
34.9747525465
34.9930431084
35.0005643367
35.0091544813
35.0161884888
35.0566385963
35.0767010675
35.0913281348
35.1040662709
35.2457039143
35.2842551819
35.2946124632
35.3201035023
35.3508366813
35.3554069752
35.3858330596
35.3937107699
35.421256542
35.4366113117
35.4408074728
35.4843291753
35.5223829054
35.5475560884
35.5726567872
35.6042659205
35.6371265473
35.650004695
36.0180313373
36.0298073222
36.0418074198
36.0630626274
36.1095557148
36.1238771247
36.1311779342
36.1377807311
36.16923726
36.1735977188
36.186792142
36.1959752238
36.2017193623
36.206119875
36.2115333424
36.2250515711
36.2452793285
36.2642200546
36.2749986604
36.2906944014
36.3104893881
36.342573596
36.3538052729
36.3648589878
36.3783059566
36.3890382751
36.4069292274
36.4204549536
36.4409700823
36.4544098812
36.464316658
36.4708780985
36.4830408638
36.4924613268
36.5102633837
36.5368029733
36.5523125024
36.9895669043
37.0392291445
37.0506385542
37.076602547
37.0994800394
37.1111274568
37.1578332718
37.2230767777
37.2322691711
37.4011254501
37.4189079193
37.4389049499
37.4453443582
37.4620625233
37.5900755953
37.6081054965
37.6466158213
37.7100160085
37.7339402699
37.7522238893
37.7595096599
37.7771266669
37.7826183138
37.845567552
37.8718361264
37.8820080969
37.914966194
37.962884714
38.026600702
38.0821391401
38.1499068588
38.1916831873
38.200717462
38.2376821288
38.2800293075
38.3059839597
38.4089535257
38.4156913269
38.4260011581
38.4429178234
38.4477441003
38.4635360178
38.4934391484
38.5000314141
38.5073616949
38.5305772924
38.5377045044
38.5531977806
38.5578930167
38.5636888042
38.6122874095
38.6523893567
38.6670910932
38.6730629533
38.6990595104
38.7027101407
38.7093708797
38.722664729
38.7393059805
38.7595746683
38.7796421492
38.7899826606
38.7977018849
38.8306809276
38.8548774254
38.8678530279
38.8769858093
38.9121555217
38.9331605416
38.9438868093
38.9608212288
38.9851283013
39.011631551
39.0708889834
39.0862005389
39.1072121514
39.1194331702
39.2940940609
39.3104077869
39.3433726538
39.4050457928
39.4496756252
39.4972401578
39.5141014756
39.5711035831
39.5874137367
39.6224402911
39.6297122747
39.6377758718
39.6465693345
39.6535601548
39.7510469496
39.7658806391
39.7741963814
39.8254960248
39.8360440083
39.8515757657
39.8581784739
39.8771090098
39.8857511321
39.8923413849
39.9279397065
39.9401806761
39.9635094078
40.1534617654
40.1747630042
40.1953122212
40.2180241251
40.2449112628
40.2592339309
40.274910935
40.2998896998
40.3241122635
40.3314819621
40.3405558867
40.5962338085
40.6102154946
40.6274907613
40.6602730585
40.6659738014
40.682009738
40.7107644123
40.72793255
40.7432593983
40.7806975016
40.8060940667
40.8158112249
40.8269280929
40.8446204505
40.8507134905
40.8657123628
40.8836568583
40.9704605181
40.9913897587
41.0297342024
41.0514885786
41.0694213337
41.1252062994
41.1312676775
41.1455219155
41.1553548489
41.1657617637
41.2172902429
41.23813651
41.2469683162
41.6280169969
41.6445723469
41.7124977703
41.7494083431
41.7658052247
41.7927289756
41.8203359891
41.8485771999
41.8755002331
41.8902249295
41.9213030718
1258
