6.01200694874
6.02553693437
6.0356454861
6.04804623344
6.0613430997
6.09543457091
6.12298691547
6.12775070161
6.16176466673
6.18021701438
6.20326403152
6.21593582275
6.22319243678
6.25000813789
6.25679827372
6.28510245487
6.29290083018
6.30299450651
6.36088577368
6.37889764268
6.423531696
6.44997633064
6.48094446848
6.50575689131
6.52341414039
6.5492426761
6.55944457555
6.58107310517
6.63964713533
6.67125867374
6.68543465127
6.69982459903
6.73975924723
6.7602658315
7.23341530003
7.25044766862
7.28319801902
7.28830650077
7.30191704299
7.30720243264
7.33722209016
7.34171500531
7.36009138483
7.37111043994
7.3950320274
7.40422963624
7.4199112931
7.44745350086
7.45506369771
7.46586233041
7.48473314617
7.52318393523
7.53657625298
7.68573359403
7.70951782629
7.76653961962
7.77263040608
7.79697633723
7.81670695981
7.86341014177
7.87438956997
7.87836614895
7.9160932201
7.95635154838
7.97446317536
8.00039736112
8.01068149334
8.03345010792
8.05185816931
8.08188742703
8.14721647893
8.16605077175
8.20106794932
8.40909394961
8.41391766236
8.41904261398
8.48620618995
8.48996919823
8.49538381606
8.51441237645
8.52518052691
8.54095307101
8.56310593133
8.57569097964
8.58365663708
8.62093444442
8.62841602424
8.6441471858
9.02383110499
9.03869036983
9.05498769127
9.0712550043
9.08363346866
9.1150455213
9.60339424952
9.60798105884
9.61491352482
9.62425665684
9.63947062395
9.65027798595
9.69152596847
9.69495239747
9.73250201768
9.74445353138
9.74989256933
9.76284877996
9.76836129427
9.77784720453
9.79399155812
9.80574847704
9.82295948967
9.83198746206
9.84466081972
9.93974087565
9.95605412839
9.97964864861
9.98693261244
10.0103672629
10.0458457452
10.0560595226
10.0714665792
10.0889866846
10.1033332427
10.126646839
10.1402039097
10.2868946722
10.3012076961
10.3540185395
10.4045346762
10.4235651279
10.450752884
10.522629409
10.8118749406
10.8188244052
10.8352006511
10.8423288691
10.849670561
10.8609671701
10.8692878767
10.8748426373
10.885940954
10.89075208
10.8946747535
10.898285671
10.90918228
10.9238618131
10.9389939727
10.9567917388
10.9724848744
11.0057963465
11.0177666636
11.032849761
11.0425937615
11.0721444569
11.0842914889
11.0988248435
11.1079293261
11.1181545969
11.1242941554
11.1391103388
11.1738282961
11.1935003829
11.2131003672
11.2271195235
11.2413072346
11.2635271991
11.303700151
11.3383124765
11.346815857
11.3555040496
11.4684432827
11.5113900545
11.5297099761
11.7953659141
11.8595384646
12.0038956209
12.0125646924
12.2487217382
12.257066111
12.2658404199
12.3000302508
12.3116412103
12.3644351903
12.3729088196
12.4127419254
12.4241525041
12.4514199321
12.4814393221
12.6802884819
12.6988522075
12.7349211232
12.7414453183
12.7617471479
12.7788967254
12.791404557
12.8146146879
12.8382631578
12.8615950037
12.8804054497
12.9045945674
12.9456535704
12.9659527994
12.9759170074
13.0373216056
13.120086985
13.1854970467
13.2134615749
13.2276512974
13.2337251203
13.2401161843
13.2539084523
13.3052877006
13.3109946494
13.3290129542
13.346449622
13.3519226011
13.3660404261
13.3741653948
13.3818605498
13.3894518074
13.4004277326
13.4107260642
13.4240803731
13.430278127
13.4544621448
13.4666092418
13.4777697571
13.498688155
13.5300093512
13.5406252682
13.5589878503
13.5834837575
13.6005985458
13.6310238456
13.6446659727
13.6507020135
13.6811198749
13.6854669328
13.6990738345
13.7223802244
13.7455045818
13.7751902009
13.8468270612
13.8564858727
13.860132758
13.8821301035
13.9026104591
13.9095398337
13.9540202056
13.9804150142
13.985356887
14.0018914843
14.0054370853
14.0570223158
14.0844324987
14.1003931438
14.4078988854
14.4370094619
14.4486401403
14.4830532181
14.4892125329
14.4991561945
14.504389197
14.5561710451
14.7871769416
14.7985219623
14.8232098126
14.8346700023
14.8601212673
14.8819921589
14.9562338451
14.9693866239
14.977039119
14.9877598655
15.0035202863
15.0333845547
15.0448536709
15.0643328007
15.0983345584
15.1108459113
15.2049320173
15.2419181279
15.2466991532
15.2653661613
15.3211391469
15.3385140983
15.3579091493
15.3678683038
15.4131948855
15.4534311452
15.4776101719
15.4970166857
15.6054915062
15.6599595786
15.7097296216
15.7158378409
15.7295742841
15.8724536895
15.8840961981
15.8983381709
15.9146354074
15.9196942142
15.9564923987
15.9655408152
15.994555188
16.0100616941
16.1198741566
16.2657729105
16.311998841
16.3356624373
16.3716910342
16.4149285006
16.4372039286
16.4558724643
16.4775402983
16.4927086672
16.5300784387
16.5497851962
16.7069987549
16.7170081299
16.8077643488
16.8125874145
16.8164130859
16.8324570751
16.8410785524
16.8542062541
16.8646218924
16.8816288327
16.888649897
16.914868702
16.9320631013
16.9923110495
17.0268833171
17.0439558738
17.049792263
18.0073776488
18.0311822231
18.0399689692
18.0486512504
18.0575343104
18.0677984752
18.0781293788
18.0919461405
18.1045712469
18.1095330561
18.1289857693
18.1655444837
18.183129432
18.2048141892
18.2187594964
18.2284771017
18.2339940662
18.2697383237
18.2742850016
18.4410644774
18.5034778062
18.5088758629
18.5308586652
18.5422026618
18.5469042873
18.569843764
18.5852173225
18.6398727656
18.6670546051
18.7087235256
18.7226007097
18.7527404518
18.7834098517
18.8490486754
18.8571229345
18.882819318
18.8966377913
18.9352886654
19.0610135216
19.1852943632
19.2204906
19.2390450595
19.243511653
19.2520333428
19.2610414371
19.2671163229
19.2718286953
19.2899682019
19.3054375194
19.3213310132
19.32775009
19.3395141608
19.3499881211
19.3636447666
19.3751648006
19.3795362777
19.3967766582
19.4264623203
19.4479960244
19.4567358472
19.4651351998
19.479308451
19.484775744
19.4938621906
19.5091130562
19.5360918377
19.5411943102
19.571195213
19.5881915298
19.6083536414
19.9955272013
20.0023818963
20.0332978863
20.0444631978
20.0857020115
20.1214825915
20.134379318
20.1722661672
20.2300880336
20.2777104704
20.3128288575
20.4048390027
20.4205588295
20.4277069103
20.439291974
20.4508087553
20.4586469233
20.4701083339
20.5061862974
20.5137615552
20.5349927769
20.5568198194
20.5696142136
20.5845701595
20.610553324
20.6206738434
20.6328830229
20.6499296443
20.6576600469
20.68340728
20.6963172773
20.711623462
20.7226775352
20.7545940285
20.7659685833
20.7693108041
20.7927798318
20.8181875275
20.9454242521
20.9539143471
20.9863562308
20.9998955163
21.0361227248
21.0624019409
21.0658243146
21.0911221979
21.1064030879
21.132961155
21.1766946722
21.1832911897
21.2168201914
21.274326001
21.2980098895
21.3429332172
21.3693811264
21.3960873405
21.4135998701
21.4432027842
21.6038369596
21.6253809067
21.6336202971
21.6504049293
21.6606255339
21.6673448051
21.6820020059
21.6941558332
21.6992309892
21.7226651364
21.7367479899
21.7432566551
21.7490272351
21.761950889
21.7774814157
21.7881925231
21.7977545475
21.8110024092
21.8333767543
21.8486529428
21.8603282045
21.9056939099
21.9426857136
21.9531649982
21.9597889617
21.9754113596
21.9856558601
22.0004472182
22.0370203047
22.0825801211
22.1207453108
22.1311101298
22.1593558606
22.239823912
22.2588756077
22.2839001
22.3352842589
22.3725340191
22.3888028291
22.5885242167
22.6332076107
22.6903515006
22.7187047827
22.7452973166
22.7562333612
22.8051573882
22.81077188
22.8191866103
22.8316643861
22.8421026067
22.8556604797
22.9028160981
22.9080038175
22.914506163
22.9314047841
22.9431960577
22.9527724078
22.9725674078
22.9903456871
23.0060300111
23.0107513498
23.0151897235
23.0614329827
23.0669547845
23.0873276406
23.146754643
23.1736722217
23.1939340256
23.370212481
23.3931743226
23.4053741053
23.4573444386
23.4718458018
23.4877278365
23.5156311349
23.5298097265
23.5529470712
23.622496761
23.6398465306
23.6894082157
23.7130479924
23.8497350785
23.8616287162
23.8791739742
23.9138513811
23.9247033617
23.989669005
24.0114239619
24.0224078779
24.0294295139
24.0346845594
24.0446047595
24.0585607863
24.0903553756
24.1183936481
24.1274038724
24.1403756331
24.1450187003
24.1656751044
24.1758698929
24.1949606819
24.2089031703
24.2306060886
24.2340595595
24.2566552643
24.2756713188
24.2813376884
24.3134337262
24.3451129128
24.3668738418
24.397246699
24.4454776183
24.4691836709
24.4933799373
24.6034347058
24.6119976572
24.6267482221
24.6403477928
24.6660334975
24.6875778465
24.7674464745
24.797318839
24.8017674619
24.8225110612
24.855021817
24.8675324883
24.894843496
24.903260521
24.9298159798
24.9868542711
25.0127383399
25.0752626136
25.0883277198
25.13918105
25.2209316288
25.2388092051
25.2429740292
25.2519968503
25.269791447
25.2861382812
25.294951546
25.3106241416
25.3166478838
25.3431550304
25.3496400729
25.3646855172
25.3706893007
25.3745320658
25.3979753948
25.4060505585
25.4284156097
25.4418639543
25.5092370561
25.5254193112
25.5330313977
25.5499331405
25.5609239054
25.5737920954
25.5957570174
25.6100706435
25.620050005
25.6604317883
25.6961067184
25.7051975809
25.7316255094
25.7466505478
25.7577370849
25.7785582112
25.7958410235
25.8149754917
25.8522908369
25.8809263809
25.8949758558
25.9134004961
25.9751604862
25.9888371429
25.9960752247
26.0119899829
26.0972921974
26.1064038354
26.2591039394
26.3302793836
26.3734209082
26.3916780764
26.4071652489
26.4226145694
26.4281764683
26.4466783207
26.4640003832
26.4691467115
26.5038957223
26.5253270835
26.5401567777
26.5606722842
26.5714385174
26.5778544481
26.5857462095
26.5943032803
26.6113009698
26.6320510366
26.6633019632
26.6842111836
26.7000146342
26.7191911134
26.7457785756
26.751075552
26.7845993875
26.7993039295
26.8064085906
26.8187383692
26.8330645504
26.8438345793
26.851359213
26.8628023423
26.882348684
26.903194024
26.9239387805
26.9407107078
26.9850606428
26.9916014349
27.0542209895
27.0830394996
27.0910804714
27.1767268443
27.215834657
27.2478360785
27.2660966541
27.298907877
27.3257441072
27.3513987383
27.3706349036
27.3886880697
27.3955044174
27.4488623962
27.5882267878
27.595898615
27.6336730576
27.6452576657
27.654471364
27.6606456715
27.6749295449
27.6838104985
27.6915002211
27.7013496524
27.7067168756
27.7133636427
27.7174960831
27.729754524
27.7370057875
27.758246142
27.7642499028
27.8049048983
27.8093415451
27.8164228271
27.8224893291
27.8291836573
27.843061862
27.8598097489
27.888195409
27.8932971712
27.9071774701
27.9244045704
27.9633730035
27.980163406
28.0006886971
28.0238380405
28.0604689396
28.1103225091
28.1372270943
28.1512906807
28.1743273723
28.1857957385
28.2044975966
28.2327154089
28.3174174115
28.3409545679
28.3632279798
28.3991860387
28.4116590884
28.4587765051
28.4765432028
28.5007725768
28.5049997251
28.5359627591
28.5716531231
28.7121854403
28.7406920907
28.7773682657
28.8115634011
28.8217668984
28.8280120006
28.8444834856
28.8485508089
28.8566076578
28.8931016649
28.8975122516
28.9074851452
28.9217007589
28.9328714926
28.9410503569
28.9514514395
28.9584391286
28.9665691887
28.9699165141
28.9798391778
28.9998881114
29.0090186203
29.0270738259
29.0336369863
29.0467399967
29.0709225529
29.0804321386
29.0879651909
29.0992959101
29.1127882118
29.1319846804
29.1430419418
29.1618366733
29.175166864
29.1948128518
29.200101033
29.2668471263
29.2745706894
29.292135654
29.3009362781
29.3053222271
29.3582381311
29.3698839486
29.3841134563
29.3964320909
29.4104522008
29.4384903152
29.4611378786
29.4943954477
29.5078398833
29.5146573104
29.5275200276
29.5471038998
29.5808086803
29.6333273973
29.6799389294
29.719101477
29.7274939213
29.7449442797
29.760277742
29.8218276351
29.86117287
29.8988398273
29.9433242644
29.9818649415
30.0078431902
30.0910957598
30.1021050211
30.135516623
30.1491782296
30.1682347095
30.1737898006
30.1958924553
30.2136656634
30.2188060011
30.2261032431
30.2427841192
30.2601788301
30.2781957948
30.2856954099
30.2919459636
30.3007685654
30.3116229753
30.3244988709
30.3384819284
30.3487802451
30.3571685672
30.5609466986
30.6047425814
30.6110080834
30.6276557543
30.6378222359
30.677257963
30.6826699297
30.6924140866
30.7273736505
30.755190325
30.8156211067
30.9813440521
31.0047277154
31.0483425905
31.0789495456
31.1423067473
31.1680022363
31.1862230818
31.1930382905
31.2071426537
31.2186678684
31.2365753173
31.2431569474
31.2539746802
31.2618779597
31.2710174461
31.2805170819
31.2892221045
31.298997972
31.3150372585
31.3258057703
31.4274561773
31.4380274696
31.4540031387
31.4753146586
31.4844447981
31.49622206
31.5157577394
31.5455674801
31.568081845
31.587550129
31.8186398204
31.8990995142
31.9378411463
31.9513893038
31.9802821985
32.0110848887
32.0479099965
32.0898286294
32.1064264815
32.2805671205
32.3333304802
32.3694271915
32.404299422
32.4126984613
32.4196140356
32.4304642193
32.4442232096
32.449850699
32.476938199
32.486752074
32.5129563311
32.5343133307
32.5432037559
32.5521238817
32.8070113571
32.821148294
32.8494551262
32.8790725869
32.9127549789
32.9254785331
32.9390196834
32.9450087514
32.9728574016
33.6054189867
33.6150689082
33.6223986949
33.652117552
33.6560703417
33.67137602
33.6931617632
33.7052210369
33.7111621687
33.7196627925
33.7326411481
33.7420419435
33.7477633817
33.7554648881
33.781451441
33.8022304686
33.8152033011
33.827953867
33.833021229
33.8675754235
33.8755828698
33.8800993296
33.8936313833
33.9016448697
33.9222214226
33.937460518
33.956160109
33.9621090795
33.9748571597
33.9884063692
34.0065095811
34.0250526838
34.0500139372
34.0794461377
34.1105342456
34.1224665869
34.130864336
34.1428275561
34.1879251835
34.1992378318
34.2071341258
34.2121445209
34.2480029975
34.4354124155
34.4497763983
34.4636690876
34.4855180065
34.4959315463
34.558180187
34.5629906459
34.5994610565
34.6273802114
34.6393691193
34.6549349166
34.758088144
34.7922598422
34.8037539626
34.8776557077
34.8817712243
34.8991284763
34.9046354805
34.9264252973
34.9369440137
34.9518999992
35.0345743921
35.0436530826
35.0493127295
35.0587788424
35.0669479673
35.0874318264
35.0979044367
35.1019156563
35.1097895767
35.1193398851
35.1416187892
35.1491662009
35.1591722978
35.2126640746
35.2519354338
35.2754644564
35.332421031
35.3580544015
35.4134789375
35.5964040914
35.7759030856
35.7852749424
35.7896085679
35.8686310528
35.8786676134
35.8970569723
35.927301054
35.9640221704
35.9924225249
36.0277024273
36.0356442317
36.0473999132
36.0627510471
36.0771750274
36.0928276345
36.0986196036
36.114040691
36.1233625782
36.1423864937
36.1595835026
36.1731205098
36.1823411202
36.2000276743
36.2118731938
36.2267468326
36.2613002506
36.3169905546
36.3287508417
36.3391830771
36.3560591485
36.3635807899
36.3791883199
36.4762530864
36.4865419034
36.5065923146
36.5369632571
36.5662227563
36.5753698589
36.5915762761
36.6111260795
36.6202828129
36.6346868072
36.944667648
36.9850660378
37.0123428734
37.0220566833
37.0489126901
37.0836686504
37.0897536216
37.1240534617
37.1564113685
37.2111884597
37.2168973904
37.2215505993
37.2273010297
37.2355196152
37.2419080789
37.2476302534
37.2634701142
37.2768811693
37.2851578084
37.290214382
37.2950164722
37.302093242
37.3175618124
37.331821174
37.336398457
37.3564192361
37.3950261483
37.4132183673
37.4195886577
37.4317853827
37.4441411516
37.4588840374
37.4986073319
37.5143011153
37.5428086053
37.559660586
37.564542096
37.6010226054
38.4189269813
38.4255386286
38.4299452131
38.4460864966
38.4568290699
38.4653850684
38.4925803924
38.4975385067
38.5133985928
38.5470278468
38.5641601324
38.5815473277
38.5872311788
38.597919946
38.6195872692
38.6726933041
38.686613549
38.6938705018
38.7048185201
38.713683992
38.7649734896
38.7838481392
38.8017437403
38.8125815731
38.8399047896
38.8668977043
38.901182802
38.9155166903
38.9276032169
38.9573566209
38.9852148466
38.9968863802
39.0602176597
39.0695424409
39.1088349544
39.135726246
39.2713773355
39.2798553618
39.2944594574
39.3305453199
39.3718196304
39.3948918921
39.4647548941
39.5137625164
39.5612111759
39.5810271235
39.5925334347
39.6084270153
39.6188016672
39.6329867352
39.6962942839
39.7078826897
39.7259002095
39.7347206629
39.7466969425
39.7522272272
39.7758234166
39.7931459059
39.8013855734
39.81944847
39.8350329678
39.8414890031
39.8507420805
39.8604386243
39.872500479
39.9059408462
39.9235245725
40.0403312139
40.0570282821
40.0648795294
40.0891288854
40.098443626
40.1196892424
40.1634380401
40.1692107618
40.1771426756
40.2249941439
40.2637705476
40.2771399163
40.2901635887
40.3000173904
40.3079405061
40.3363418918
40.3614011788
40.3797495085
40.4158298425
40.4278109457
40.4575977854
40.4926180807
40.5220808408
40.5565475821
40.5727257172
40.5857029303
40.6286182271
40.6506430331
40.6766903354
40.6934358291
40.753958934
40.7729928705
40.8057013976
40.8159558055
40.8236473942
40.8372061123
40.925876574
40.9415838338
40.9454473785
40.9605983847
40.9675143119
40.9734480565
40.9892422605
40.9967032099
41.0157421401
41.1775156543
41.1924781966
41.2143538044
41.236891535
41.263184995
41.2813419082
41.3021745755
41.3281151175
41.3353292728
41.3809703083
41.4149758528
41.4259308844
41.441409147
41.4499025956
1199
