6.0082908747
6.0255286492
6.03171232678
6.1130514265
6.21724591684
6.22490023964
6.22874263169
6.24752481773
6.25862378417
6.26794299275
6.29348390331
6.30334625483
6.37186060144
6.39454102295
6.40417144827
6.42399148804
6.44643905079
6.46490397768
6.47735375237
6.4820563951
6.49695696762
6.51581070736
6.53470454145
6.54544836746
6.55855284023
6.57509133183
6.63425260854
6.65291292082
6.69888117584
6.71615166014
6.72357876417
6.76630641241
6.79704580963
6.81117701315
6.8435175803
6.86124922477
6.87845190234
6.91781494383
6.95586506364
7.0035939836
7.02198438899
7.02573002281
7.03908594138
7.07105008875
7.09872196806
7.12081399529
7.16409722844
7.18985566506
7.21077760237
7.22353703335
7.23271288421
7.2432812578
7.26362735818
7.27271115754
7.28298355695
7.2868902145
7.43038456499
8.14290367935
8.18075534053
8.20995300895
8.23437539774
8.24021465507
8.26483340733
8.2976698822
8.34149327236
8.39073730483
8.40478912677
8.418843341
8.45700478514
8.54556650388
8.55013627282
8.56344218724
8.5731418515
8.57827111566
8.59520035869
8.60743932893
8.634058974
8.67060835236
8.67499603724
8.69319734842
8.70419383419
8.74500276056
8.75281297015
8.76508448725
8.77991381191
8.79213682112
8.8028459939
8.83774290058
8.85418034754
8.877642915
8.92445026698
8.93674546732
8.94170980933
8.95085506067
8.98826303083
8.99189126866
9.00557661196
9.16689634928
9.20795046775
9.26262101503
9.28346145634
9.28918068959
9.31684223043
9.34274627601
9.35677807028
9.38003862305
9.43355768319
9.46750840577
9.57698955879
9.61367921788
9.72786055976
9.74189268684
9.7576263198
9.78470853151
9.78973578904
9.80037343716
9.81251209187
9.83171809714
9.8485413059
9.85611162168
9.88158321621
9.90401626003
9.91957562787
9.92516730506
9.93644252923
9.96574273642
9.97477976898
9.98662487756
9.99881011434
10.020802053
10.0571295424
10.8033702023
10.8629199535
10.8683381242
10.8718619304
10.8937207754
10.9116523942
10.9267216708
10.9340193176
10.9450954204
10.9591544761
10.9754215975
11.0011724655
11.0685375837
11.0730657673
11.0861934263
11.1052860244
11.130519492
11.1499231154
11.1545961238
11.1616297139
11.1928744056
11.2097085012
11.2321677784
11.2656386162
11.2704770882
11.2839586482
11.2972620018
11.3057024915
11.3177535009
11.3325266534
11.3606800086
11.3718346196
11.4060534627
11.4606688817
11.4948924254
11.5144959941
11.664808382
11.6927085216
11.705398924
11.7530824909
11.7753635617
11.7827315627
11.821748484
11.8882377887
11.9101558879
11.9380105163
12.0177045984
12.0366526906
12.0513014302
12.0547778657
12.069608794
12.0753968185
12.0826605333
12.0895678975
12.1028065975
12.1084605105
12.1284468469
12.193939653
12.2000693486
12.2154588793
12.2227084703
12.2418634188
12.262240966
12.2734176298
12.2880497711
12.2941401275
12.3150832891
12.3205590384
12.3365619412
12.3553723293
12.4163447781
12.4249189183
12.444689057
12.4522211128
12.4687520247
12.4844959937
12.5044212263
12.5196391037
12.5387791406
12.5530821387
12.5676759068
12.5843088171
12.662422017
12.6747213483
12.7036330726
12.7133796497
12.7621551775
12.7711889047
12.8051384056
12.877673846
12.9155704476
12.9342741271
12.9485166395
12.97254095
13.0127635984
13.0445157598
13.0508365852
13.1660259187
13.2044501975
13.2120423681
13.5184787432
13.5290781108
13.576487975
13.5861859025
13.5977942414
13.6045638432
13.6526737421
13.662674103
13.6730042215
13.6831629972
13.7177556844
13.7656180044
13.7877202139
14.3175951176
14.3492513505
14.3885882165
14.4165236113
14.4289173658
14.4776232016
14.4840678198
14.4901819964
14.4943825723
14.5393900399
14.5475159625
14.5600178407
14.5717767152
14.5972554272
14.6066700576
14.6244751401
14.6438391505
14.7216493497
14.7349996924
14.7497291437
14.7831868905
14.8050730903
14.8175297377
14.8394293395
14.8607113619
14.8787206246
14.8880720308
14.9031833071
14.9515393385
14.9817169477
15.0255950934
15.0678227487
15.0951200123
15.1570676243
15.2445613557
15.3467278789
15.3992525572
15.4279781198
15.4484583777
15.4586303854
15.4877036984
15.5242962498
15.5870347572
15.6189016245
15.6742453331
15.6787907157
15.6866733397
15.6986903542
15.7085180898
15.7205561594
15.7322570931
15.756642259
15.7606400467
15.8283634822
15.8465844438
15.8913231429
15.9048818114
15.9211627366
15.9411759128
15.9518013123
15.983166054
15.9916195822
16.0055293868
16.0247356945
16.0509605596
16.0603933502
16.066011285
16.0820375994
16.0912085943
16.095706045
16.1133802945
16.1248814677
16.1495052023
16.186011683
16.237100679
16.2486764669
16.2760877988
16.2977336095
16.3091273569
16.3226234471
16.3342368279
16.3533080871
16.396671275
16.43294442
16.4517243964
16.4673456947
16.4859489322
16.5470870242
16.5762279124
16.6035885804
16.6468358467
16.6621337152
16.700811506
16.7280701655
16.8271955493
16.8338945304
16.8434379836
16.8592434344
16.8656742653
16.8709536249
16.8846047343
16.8991034357
16.9115211078
16.9299374729
16.9541651824
16.9583137022
16.9703608077
17.0025632514
17.0168811794
17.0345668748
17.0553289342
17.0934185952
17.1054873328
17.1136974825
17.1217885743
17.1359146504
17.1795406798
17.1913891873
17.2120085049
17.2336414738
17.2687775873
17.2755227274
17.3256456454
17.338893736
17.3727369435
17.3897116368
17.6785682284
17.6833334813
17.7310630459
17.7817960102
17.8418679025
17.8723464186
17.9211448284
17.9759086832
18.007825656
18.0190350987
18.0377964512
18.0510624473
18.0676551373
18.0746793085
18.0819166063
18.0919628248
18.0999114552
18.1139840868
18.126264132
18.141142813
18.1932761533
19.2037068664
19.2134342512
19.2193591393
19.2333985821
19.2466744452
19.2620276125
19.2828876799
19.2866216332
19.3070735074
19.3144676144
19.3737009244
19.4004422067
19.4103150286
19.4279558457
19.4418421591
19.4529587998
19.4619386659
19.4655190863
19.5508532651
19.5659757731
19.5788161547
19.588688678
19.5971098632
19.6288396292
19.6357497503
19.6417667496
19.6566919628
19.675470535
19.68821861
19.7209088852
19.7733022531
19.7865218034
19.8170908861
19.8726501634
19.9153438231
19.9415859515
19.9608293227
19.9855958035
20.0521154657
20.0701899484
20.1001053093
20.1118135753
20.1680965024
20.2933689154
20.3844918512
20.4070132246
20.4118748976
20.4995663696
20.5087806778
20.5245123997
20.5560681681
20.5660484364
20.5756916135
20.6345896813
20.6428949059
20.6548520894
20.6656442605
20.6743448764
20.6816755823
20.7060175385
20.7195897899
20.7258062288
20.7476702728
20.7673646674
20.7887624918
20.8075102321
20.8146581875
20.9022665314
20.9109602804
20.9255065659
20.932699269
20.9630377846
20.9885584991
20.9983003915
21.0040616822
21.013718621
21.0290888242
21.0705115574
21.2581635103
21.2683144872
21.2862563003
21.3143744601
21.321175094
21.3378671568
21.4529009659
21.5346415428
21.5868807347
21.6087883304
21.6131350863
21.6273048779
21.6323833373
21.6444981217
21.6507149766
21.6542543656
21.65806958
21.6630853082
21.68301563
21.7019857545
21.7134225731
21.7394784424
21.7648510291
21.7725978519
21.7907238734
21.8030791464
21.8181175745
22.5166760657
22.5643056157
22.5942036762
22.6162338025
22.6464027607
22.6597786374
22.6941854572
22.7323943064
22.7456869954
22.7576240446
22.7714847166
22.7860446506
22.7943325675
22.8105056804
22.8323453271
22.8549792274
22.8657249787
22.8720068379
22.8906236422
22.9874048225
22.9947048304
23.0266666247
23.1187507159
23.1458368655
23.164995432
23.1696510815
23.1839727058
23.3139904113
23.3287529014
23.3470506383
23.3705626235
23.3939417381
23.4035651322
23.429704703
23.4707322735
23.4961505283
23.7258021878
23.7400346732
23.7708497979
23.8110884886
23.8186724651
23.8578551783
23.8850032821
23.9149219891
23.9943851426
24.0042817346
24.0097841299
24.0237429721
24.0435464241
24.0501446098
24.0698308414
24.0753096422
24.0806211069
24.0873493476
24.0916891733
24.096121867
24.1002070904
24.1218037171
24.1358910152
24.1502852581
24.1593312355
24.2224228878
24.2263142695
24.2480481521
24.268398371
24.2952883856
24.3134711705
24.322061942
24.3344392578
24.3407502883
24.351254527
24.4019569703
24.4122761529
24.4399669917
24.4536624362
24.4771256666
24.4836152205
24.5406044967
24.566732921
24.5720678587
24.6343657424
24.6544939844
24.7200439682
24.7382848735
24.7515370837
24.8111787447
24.8572474257
24.9498581908
25.0435072937
25.0738512228
25.0889535758
25.1130770245
25.1500378988
25.2151168929
25.2272305803
25.2356260747
25.2487703224
25.2600382811
25.2707934185
25.2760881133
25.2880532293
25.3086276658
25.3147574576
25.4069737051
25.416007026
25.4556734616
25.4737267567
25.4890833744
25.4985429215
25.544353944
25.5574357051
25.5620693652
25.6084561967
25.6232261766
25.6528248396
25.6698951559
25.681866587
25.6954490611
25.7187067144
25.7387933026
25.7590865237
25.7748295586
25.7953865522
25.8120122212
25.9740391917
26.009493347
26.0168376692
26.0229019839
26.0310084608
26.0361772324
26.0614554157
26.0731393094
26.0878877151
26.1343140628
26.270409822
26.2840550897
26.3071385399
26.3152768023
26.413362408
26.4178013285
26.4773642129
26.4832307749
26.4915140637
26.5042529163
26.5201328151
26.5288423561
26.5409152113
26.5489776463
26.5607545768
26.5715508402
26.5845726127
26.5932596688
26.6012775643
27.6093915393
27.6162287344
27.6474698764
27.678925472
27.6847671652
27.6971555129
27.7050587882
27.7104471972
27.7203169939
27.733852396
27.7413007837
27.7537372509
27.7716981631
27.7814503057
27.7930536373
27.8237406441
27.8413305016
27.8493259147
27.8590580195
27.8787422336
27.8831511805
27.907184744
27.9433231472
27.9485675538
27.9677696809
27.9831907814
28.007256684
28.0182341229
28.0362736647
28.1083457691
28.1342854697
28.1395407083
28.1658692426
28.1749052843
28.2151178422
28.2509804289
28.2938733383
28.3350283284
28.3953968158
28.4234146286
28.4971690026
28.5158191865
28.5474235123
28.5664945217
28.6037407915
28.673598262
28.7204442266
28.7348814496
28.7553194555
28.8109261076
28.8183116777
28.8350285961
28.8405401031
28.8570877826
28.9087577139
28.9185510033
28.9292213558
28.9742667065
28.9891879509
29.0049489409
29.0166308862
29.0434431069
29.0661537479
29.0727516007
29.0814345067
29.1052669847
29.1136950423
29.1190337742
29.1350644707
29.1610356293
29.2180024387
29.243401048
29.3106216064
29.3243619938
29.3393636051
29.3644526772
29.3811198354
29.4012688829
29.4167654937
29.4420864913
29.4953021961
29.5090738079
29.5174554395
29.5256932676
29.5495848821
29.5730348111
29.5770287436
29.5994353088
29.6082258205
29.6870135189
29.77687502
29.8060978079
29.8403065445
29.8883402277
29.9178704285
29.9457212546
29.9916043701
30.0132527696
30.0170246794
30.0423509857
30.0862877737
30.0936932362
30.1104839443
30.1878409846
30.1985588828
30.2055582606
30.2234247217
30.2397047532
30.2577400523
30.2698308622
30.2747138326
30.2942977816
30.3046738693
30.3288695648
30.3431821915
30.3579344107
30.372107865
30.3843852088
30.4090377621
30.4316476758
30.4444359968
30.4587700957
30.4674194203
30.4762798273
30.4847401692
30.8700964608
30.8965554568
30.9351689117
30.944064478
30.9564622476
30.9808253737
30.9885972509
31.0609594759
31.1315425231
31.1465807074
31.1958419371
31.2054799596
31.2143739865
31.2191432378
31.2330198945
31.2473882932
31.2553311787
31.2596372165
31.2668394067
31.2750509654
31.2909289069
31.3082819672
31.3235489098
31.3303313209
31.3423417618
31.3470500683
31.3752808158
31.3809435905
31.3979007324
31.4106753308
31.4331293749
31.442367731
31.4530652024
31.4923152451
31.5051189362
31.5126176407
31.5218952022
31.5282045626
31.5367845535
31.5833590355
31.6004703062
31.6124267153
31.6377594272
31.6462623948
31.6538834903
31.7153077674
31.7449117262
31.7492394973
31.7858162202
31.8253518176
31.834713493
31.84608752
31.8851593909
31.898246552
31.9079673816
31.9199886739
31.966333848
31.9866082494
32.012378176
32.0439929567
32.074751192
32.0837432133
32.1057081918
32.1347683023
32.16407222
32.2015575516
32.2235076182
32.2421326871
32.2865172708
32.3364463589
32.3861459058
32.3988623569
32.4040272161
32.4138166898
32.4295745592
32.4377710065
32.4468004276
32.4583125064
32.4626235078
32.4719784251
32.4791478308
32.4881802922
32.5026137113
32.5227563429
32.5380190103
32.5501840436
32.5655927295
32.5784043503
32.583876029
32.612253647
32.6257901722
32.6388259382
32.6460467706
32.6536039756
32.6628406936
32.6739700343
32.6809046336
32.6935272578
32.7697903222
32.775816432
32.7936148496
32.801090855
32.81991596
32.8400297844
32.8554628279
32.8795073324
32.8854598893
32.8890025618
32.8967639131
32.9041895321
32.9266374495
32.9506581963
32.9807855931
33.2101610699
33.2646425209
33.2887503199
33.320473658
33.3945526644
33.4231027006
33.4466881915
33.4568588527
33.544407942
33.5556026245
33.6416512613
33.6473677628
33.6528311409
33.6714255501
33.6762015928
33.6841305228
33.6905851351
33.7021637954
33.7183981022
33.7361707145
33.7583143206
33.7822356386
33.7862848532
33.8163687886
33.8242519443
33.8765456597
33.8942065961
33.9037921145
33.9280274794
33.95801897
33.9647343144
34.0175912535
34.0381916266
34.0593716439
34.06833329
34.0793341203
34.1571229988
34.1681941584
34.1892096987
34.2218280383
34.2448990218
34.2638001788
34.2819036407
34.3133318678
34.3299657263
34.3412047905
34.3651062461
34.3774976908
34.4179953336
34.4509921218
34.5987886421
34.6106213551
34.67184354
34.6982456455
34.7508542302
34.7933519159
34.8144083115
34.8348477727
34.8649665824
34.8708483574
34.8750048034
34.8794075878
34.8984665566
34.9656464208
34.9868569224
35.000429846
35.0051607376
35.0723000567
35.0794489174
35.2471400367
35.2586135711
35.2871867052
35.3058134629
35.3102373096
35.3175587334
35.3306734108
35.3809947104
35.4131927285
35.4630882579
35.4725119997
35.4840138521
35.5002843297
35.5186619797
35.5234417244
35.5504749754
35.5786108972
35.5921733938
35.6196927663
35.6495483269
35.7629834554
35.7868188592
35.8173987789
35.834343952
35.8658199552
35.8709772414
35.923692574
35.9496043907
36.0245068833
36.0632278862
36.0706196817
36.0864132522
36.0977649649
36.1033065651
36.1120452362
36.1170009206
36.1260313044
36.5076022539
36.5248186387
36.5709526373
36.5806500232
36.6017802838
36.6474041
36.6599383173
36.671746223
36.6789398012
36.7212460411
36.7263257756
36.7612681009
36.8119727138
36.8396743175
36.8568492792
36.9270389791
36.9945287642
37.0328438373
37.0403818824
37.0479459105
37.0882512374
37.210905109
37.2243550214
37.240635255
37.2688759678
37.2734110212
37.5889805914
37.6021333134
37.628194853
37.6630005034
37.7897714434
37.8471987158
37.8859323001
38.009001336
38.0241792787
38.0290808137
38.4084986432
38.4155731401
38.4272521068
38.4360377027
38.4433271818
38.4487965867
38.4630484817
38.4703220893
38.4762123744
38.4872346344
38.501482104
38.5186009608
38.5257775257
38.5408927317
38.5443312227
38.5574451134
38.5723175909
38.6868594948
38.6974010771
38.7038129631
38.7169123817
38.7326241551
38.7393839388
38.7467786982
38.7603708101
38.7735794546
38.7927535837
38.8099983706
38.8197885614
38.8259416559
38.8304627136
38.8425736796
38.8489588466
38.8559182205
38.8985937433
38.9379311048
38.9444140459
38.970846774
38.9920257043
39.0114812258
39.0235252252
39.0417833619
39.0605097394
39.0732024031
39.1021898674
39.115064378
39.1510918208
39.1640633654
39.266824239
39.2922263016
39.3287272792
39.3341096306
39.3557356168
39.3808377725
39.4143253003
39.4483086645
39.4707591471
39.6232235084
39.6271530427
39.64019474
39.6552305528
39.6650227148
39.6792961847
39.6997107527
39.7948780026
39.8044659253
39.8192906953
39.8431951254
39.8541823174
39.8732883594
39.8970200002
39.9028696096
40.0455585248
40.0669771817
40.0742459552
40.0888893789
40.0937699579
40.11625447
40.1296388412
40.1450772762
40.1790688225
40.1865176204
40.218363316
40.2515552026
40.2673397481
40.8110149548
40.8237073948
40.8417299012
40.8597524634
40.8715332086
40.8802021783
40.8977760109
40.9086991824
40.9206115203
40.9367491308
40.9584848899
40.9679938022
40.9791649214
40.9858743871
40.9927669536
41.0784520299
41.0880528852
41.1115154239
41.1373135344
41.1503926066
41.1658462888
41.1813221691
41.1984595503
41.2204029453
41.2257555622
41.2401115573
41.3054566786
41.3187563941
41.3313790193
41.3602956138
41.3825815416
41.3971183725
41.4316776531
41.446708069
41.463464524
41.4866710907
41.5025371143
41.553794854
41.5833375156
41.5909142129
41.6103291902
41.6196892216
41.6526590866
41.6688717508
41.6723019749
41.6930834552
41.7290282822
41.8632897099
41.9009845678
41.9464231302
41.979465167
1165
