6.01637369198
6.03208852939
6.0460889452
6.05133862266
6.05995472607
6.07064991108
6.08293661282
6.09448623738
6.12193401242
6.13081555054
6.14354959822
6.15540191493
6.17507648899
6.19147555675
6.2250680699
6.30242538113
6.31998451879
6.32899248141
6.33744759145
6.34929842999
6.37654423718
6.39406090842
6.40834727924
6.42806887288
6.43986677687
6.46372668295
6.47127272972
6.49274116219
6.50920458058
6.51412776898
6.53214294228
6.55133861172
6.55908824198
6.58861122411
6.59897111683
6.63295868021
6.64477288003
6.69241010047
6.72038140019
6.73328660013
6.75412853268
6.78601502035
6.83851030871
6.86567354127
6.88126192132
6.89194486702
6.90505183113
6.949688194
6.96824392139
6.97630479827
7.10869751439
7.12325486951
7.17410708705
7.20974411256
7.21752184709
7.22112618738
7.22753852316
7.24991949636
7.26829850454
7.27876672214
7.29646544114
7.3028961635
7.31960977426
7.53419484147
7.54322853862
7.56078348458
7.57443051977
7.57861848569
7.61905192997
7.64253135446
7.65277778462
7.66515161085
7.67474982706
7.68707610167
7.71148944261
7.7372688947
7.75790549613
7.76132553122
7.7993026304
7.87737796391
8.19361587826
8.26301908878
8.33514146728
8.40852179189
8.42610418044
8.4333626957
8.44689202178
8.45253155192
8.4610485445
8.46552550772
8.49053191387
8.4949169003
8.50341347601
8.52329057959
8.53726123145
8.54922321769
8.55822161403
8.56428195883
8.57685730042
8.81377829851
8.82150672091
8.85071624879
8.88170870631
8.90865081031
8.92857451289
8.93813827147
8.94837957496
8.97300519585
8.99416979236
9.01504653059
9.09826057502
9.18075265799
9.19659630878
9.21412193353
9.2460787325
9.27252281076
9.31156987664
9.32565306132
9.33350828163
9.36715052994
9.4204088581
9.48827198395
9.50895985556
9.54451141927
9.5899778005
9.60397453256
9.62171026229
9.63175768908
9.65197976635
9.66638629489
9.67961113142
9.68347063544
9.68998020703
9.69853681938
9.72945037314
9.73712478217
9.74177958825
9.7530586436
9.76789705355
9.77553922336
9.78191754005
9.79101070061
9.80668392542
9.82056206803
9.89734023107
9.91568319931
9.93736612274
9.95418153986
9.97743336342
9.99043503593
9.99790616384
10.1844005865
10.2017871508
10.2646575382
10.284795963
10.3253213181
10.4566073604
10.4712995222
10.5051693569
10.6266980116
10.6551532752
10.6620820653
10.6658394918
10.6826220308
10.6950501583
10.720844521
10.7836268105
10.8046233694
10.8153821612
10.8302558871
10.8470902156
10.8641929825
10.8795253445
10.8889076794
10.8965644717
10.9139344648
10.9633523428
11.3843824745
11.4363849618
11.7546188074
11.7905085399
11.8254314463
11.8601350328
11.8870394243
11.9399687669
11.9594196601
12.0153717226
12.0283140089
12.0498738802
12.0770669451
12.1153137829
12.1204357193
12.1336649166
12.1419630724
12.1471501489
12.1533144946
12.1611963156
12.1711428916
12.1756335665
12.2031611216
12.2093189809
12.2296782813
12.2454030339
12.2662194826
12.2889161958
12.3017750811
12.3227968893
12.3363876907
12.3501495636
12.3880674302
12.4053543304
12.4142012749
12.4387548958
12.4815276154
12.4880443713
12.518317289
12.5562239681
12.5843916245
12.6017438391
12.6077689428
12.6258423838
12.6627634492
12.738206673
12.7573570457
13.012167008
13.0182890186
13.0430709249
13.106559371
13.1171911478
13.1476590721
13.1863177353
13.2035940612
13.2181026853
13.2249918037
13.2335470214
13.2731585059
13.2796851333
13.3150854562
13.4736760915
13.4812872453
13.4932776806
13.513691304
13.5218463347
13.5281834008
13.5623467785
13.5768124646
13.5840472358
13.5970421168
13.6660006817
13.6875553133
13.7161971981
13.7295048644
13.7653440824
13.7762639266
13.7813279069
13.7866587472
13.8044584447
13.8462106094
13.8602539145
13.8757085647
13.8984540747
13.916916345
13.9358159827
13.9413800595
14.0006371544
14.0500199814
14.0826154297
14.1102357442
14.1448950476
14.221036617
14.2385078136
14.2827233973
14.3112462535
14.3311463277
14.3698535632
14.3848502646
14.4152404675
14.4221114199
14.4364887042
14.4477103364
14.4553910439
14.4688568211
14.4755670303
14.4835732994
14.4988331356
14.5150937375
14.5199250119
14.5333291447
14.5451168717
14.5490618638
14.5752766217
14.58688765
14.5958410731
14.6146370753
14.6199338324
14.8021241941
14.8321425869
14.9166695877
14.9331983081
14.9703553629
15.0626859359
15.0774306014
15.1820894923
15.1859595947
15.2341118264
15.2596811625
15.2815718601
15.3206000029
15.3394833343
15.3972090466
15.4139030245
15.4335122199
15.4575907885
15.4737780704
15.5004901875
15.5157475209
15.5694764215
15.5972286007
15.6094604454
15.6190929509
15.6261859508
15.6317014181
15.6613770375
15.673579428
15.7065481111
15.7179688574
15.7318302914
15.7494129835
15.7569851864
15.7686479475
15.8016472798
15.8082211838
15.8245185571
15.8313132899
15.8376142073
15.9124629159
15.9333421454
15.9519299699
15.9640710488
15.9719202306
15.990257395
16.1532538235
16.1678067055
16.1904952783
16.2152834497
16.2229748579
16.2424604126
16.2566390226
16.2748113038
16.3071074623
16.3278288533
16.3801708975
16.4041970497
16.4178356438
16.4991495558
16.5731606445
16.5889374939
16.6091962247
16.7975484272
16.8186740196
16.8551392034
16.8779730054
16.8888893202
16.8962067982
16.9120920229
16.9406981974
16.9752142674
16.9848652031
16.9884248063
17.0054893507
17.0121423864
17.0239339901
17.0374210996
17.0503886943
17.0682041533
17.078316346
17.0968724621
17.1038421399
17.1104545635
17.1426926429
17.160496571
17.1768187223
17.1899990766
17.1985133654
17.2154323578
17.223135219
17.3097619703
17.3219401177
17.3293952749
17.3581901614
17.36613641
17.3729733558
17.3866932395
17.3926934138
17.4331244146
17.4602213767
17.4643872145
17.4804745855
17.5052218583
17.5156389532
17.7035801306
17.7179429518
17.852549595
17.861708487
17.8786020399
17.9055708275
18.0185758638
18.0399393041
18.0479425274
18.0738044431
18.0807731929
18.0936478423
18.117416606
18.1289675372
18.1608358991
18.1920500231
18.201297986
18.2085616878
18.2149329805
18.2200743568
18.2310995035
18.240290454
18.2695008421
18.2820788049
18.2914966807
18.3007590279
18.3171657377
18.3205671606
18.3458490172
18.3589298549
18.3875820775
18.4167883317
18.4472290883
18.4908059759
18.4995544319
18.5104295592
18.5241522715
18.5564736054
18.5771271168
18.6073006956
18.6234348242
18.6529097212
18.6760001471
18.7238161782
18.8638465869
19.1002249581
19.1724821786
19.205654061
19.2165996912
19.2278292569
19.2393756216
19.2515575872
19.2660875317
19.2768256048
19.2945629759
19.3039112885
19.3165965394
19.3199788991
19.3302300606
19.3361163
19.3396376872
19.353418298
19.3686204991
19.3773611559
19.4138731899
19.43123055
19.446697758
19.4924802352
19.4980585665
19.5111835629
19.5373682643
19.5532152496
19.616839388
19.6292652581
19.6556212431
19.6654757715
19.6709503311
19.6755958878
19.686403023
19.6980866597
19.9730844469
20.0006567877
20.0256393871
20.0388405978
20.0506388942
20.1062504506
20.1441117241
20.1741483423
20.2241668277
20.2639443791
20.2957451569
20.3002819988
20.3435146743
20.3733674454
20.398101017
20.4049738547
20.4172527977
20.4299789377
20.4375191146
20.4447041244
20.4572000127
20.4615567541
20.4689907373
20.4802151272
20.4859353081
20.4975659278
20.5022949994
20.5090673119
20.8289161887
20.8555536502
20.8614692047
20.8803322513
21.1385459094
21.1745553182
21.1893520391
21.2013592592
21.239995305
21.255814171
21.260617289
21.2769325212
21.3107065376
21.3505433352
21.3713451363
21.3952911108
21.4001328016
21.4134866524
21.4552777313
21.4865508389
21.4929011857
21.5131398315
21.5878330243
21.6163617817
21.6658454042
21.6768119643
21.6857231963
21.6943527036
21.6992807
21.7159822738
21.7256555253
21.7315586504
21.7431620086
21.7517661624
21.758318906
21.7665095463
21.7732210414
21.7780025264
21.7818022953
21.7922941179
21.8077871
21.8133556557
21.8209286816
21.8385946828
21.8582143475
21.8807348073
21.8967436487
21.9035187548
21.915098896
21.9233332644
21.9341724527
21.9401238823
21.9913371082
22.0109324816
22.0503539543
22.0646009319
22.0817837379
22.1223215579
22.1341026468
22.2362854548
22.2857496736
22.2998840605
22.3176362486
22.5589870063
22.5820731813
22.6269073541
22.6600820047
22.6770749203
22.6927597487
22.7168851342
22.7248802899
22.7444107863
22.8104330228
22.8139160826
22.8261993058
22.8336405125
22.8432276553
22.8597961804
22.8705313332
22.9088390149
22.9203964093
22.9278209382
22.936742184
22.9598988381
22.9692441231
22.9781437746
22.9917791211
23.1765047647
23.1834101079
23.1994179558
23.2854650265
23.2927385246
23.3189388118
23.3401931548
23.3546890755
23.4129398334
23.4272080329
23.4321826638
23.4395722957
23.4609724314
23.4950679834
23.5050922962
23.5419443129
23.5787245154
23.6482614111
23.6732737725
23.6952380593
23.7205491633
23.7306255442
23.8372065801
24.0040283227
24.0145357371
24.0275336289
24.0468321573
24.0524680469
24.0594465771
24.0742560369
24.0937595664
24.10399806
24.132593539
24.1369935538
24.1416613504
24.1501481272
24.3143310052
24.3387984122
24.3820739434
24.407835083
24.4345784305
24.5485640981
24.5750524333
24.6014276712
24.6289996371
24.6568146599
24.6701500298
24.6894976655
24.710295719
24.7324062498
24.7609803239
24.7840945608
24.8756211651
24.8805595091
24.955993714
24.9755665116
25.0033525319
25.1018438245
25.1356030998
25.162497693
25.1853211707
25.2084365191
25.216030261
25.2242329074
25.2449287416
25.2497995269
25.2652402298
25.2776020133
25.2924171274
25.3034985104
25.3261971324
25.3405759088
25.3471527631
25.3683384236
25.3726358304
25.3859364462
25.4029929739
25.4170546
25.4506069308
25.4614681959
25.4694712119
25.486176773
25.7242276789
25.7478031752
25.7645099055
25.7824225285
25.8379020127
25.8484427565
25.8775905402
25.8983633332
25.9864920279
26.0379317076
26.0461288897
26.06148198
26.0884208987
26.1282295722
26.1544226376
26.1937423537
26.2093490008
26.3175770706
26.3550953748
26.373867323
26.4087624552
26.4204122549
26.4287254883
26.4339100405
26.4433298032
26.4476481863
26.4614642179
27.6042592806
27.6115622955
27.6218249659
27.6312486133
27.6521911815
27.6564043014
27.6636915938
27.67304088
27.6825179918
27.6946131798
27.7012535855
27.7119488955
27.7255903772
27.7345001799
27.7482459362
27.7702795874
27.781216153
28.0108290277
28.0267877462
28.0422178656
28.0506138363
28.0822576231
28.0881339678
28.1436065373
28.1556940769
28.1904166672
28.3810566246
28.3925027328
28.5139379471
28.5323613064
28.6144112204
28.6298420336
28.6349778272
28.6659585942
28.8121752025
28.8213800262
28.8272069507
28.8315150222
28.8420682202
28.8522771191
28.8619818926
28.8775001796
28.8883654819
28.8994503351
28.9143535326
28.9278034366
28.9382464965
28.9470191054
28.9711074644
28.9904156567
29.0135313043
29.0304910244
29.0369285212
29.0402665055
29.050685641
29.0719058541
29.0875792592
29.1177666516
29.1242348852
29.1388028899
29.1522006217
29.1731467105
29.1766018403
29.1836463099
29.2047373687
29.2188284592
29.233224
29.2510189108
29.2564205413
29.2649829018
29.2964326141
29.3439012987
29.3574428632
29.395767159
29.4012341746
29.4184284156
29.4427038821
29.4717943621
29.5026737878
29.5355086184
29.6051038488
29.6218288593
29.651053554
29.8883678999
29.9948650893
30.0309129326
30.0370974808
30.1146206308
30.152458871
30.1661506616
30.1706389007
30.1871898899
30.1985762797
30.2089719681
30.222810463
30.2397867461
30.243728136
30.2590648038
30.2671842863
30.2779869372
30.301704319
30.3157488609
30.3336395234
30.3549789979
30.3673294413
30.3856436409
30.3973155862
30.4221216283
30.4406550712
30.450483543
30.4717981759
30.4949568392
30.5330949709
30.5395694708
30.5528139295
30.5583401363
30.5713148402
30.5854460388
30.708727089
30.7387213744
30.7448168075
30.7682977779
30.8016560232
30.8401446193
30.8564525235
30.8799584063
30.9212538136
30.9501352116
30.9671733235
31.0774490579
31.0981490744
31.1751213732
31.2101817937
31.2160873149
31.2353787643
31.2503424182
31.2614576552
31.2663809354
31.2768486422
31.2898782843
31.3127019134
31.3174108324
31.365044029
31.380570901
31.386369057
31.3927956052
31.4243915774
31.5506911607
31.5824693653
31.5928484584
31.6148483266
32.4123788245
32.424140382
32.4316868605
32.4493925829
32.5415773814
32.5860691021
32.8009027062
32.8091457214
32.8254022531
32.8550285143
32.9074325752
32.938939584
32.9600717848
32.9935634583
33.0453808536
33.0545824248
33.0978648993
33.1102125319
33.1139131126
33.1427838613
33.1503241252
33.171046086
33.18626186
33.22171798
33.2595636166
33.2783849443
33.2909712385
33.3674281863
33.3996757159
33.4247039888
33.5855109918
33.6098855483
33.6224443597
33.652934442
33.6715434226
33.6945615079
33.7111577667
33.8010539404
33.8120292238
33.82200447
33.8980057652
33.9064215089
33.9152241127
33.9202898532
33.9272408646
33.9504484497
33.9751465198
33.9941061845
34.0014201708
34.0347245172
34.1658567967
34.1945049374
34.2310522064
34.2596561333
34.4281243338
34.4811413538
34.4993123631
34.5262877862
34.5596095932
34.5902995513
34.8580582291
34.8627845538
34.9184549693
34.9282124912
35.0057701153
35.0438630179
35.0735513155
35.1098122005
35.1313410286
35.137612964
35.1588875477
35.1682860181
35.1787484616
35.190693381
35.2009038673
35.2112338284
35.2728705658
35.2897130432
35.2983399737
35.3126875652
35.3752203961
35.3900098824
35.3984668227
35.406772612
35.4184410735
35.4329138463
35.4364537393
35.4525951331
35.5026294557
35.5423595523
35.5797550175
35.5957840992
35.9256497151
35.9728054143
36.0166204678
36.0301863829
36.0407676354
36.051996279
36.0567847044
36.068519531
36.0763635169
36.0988215491
36.1301296912
36.1404288929
36.1562046245
36.2150369798
36.2397774534
36.2458948362
36.2576151095
36.2700464077
36.2893254599
36.3164708762
36.3247753294
36.3398721708
36.3454901945
36.3913079535
36.4224072276
36.4315483819
36.4601151377
36.4662680866
36.4874799071
36.5136739911
36.5652618438
36.6493694043
36.6757663625
36.6832912161
36.6904989834
36.7055213914
36.7597307206
36.7954443699
36.8248861326
36.8327383748
36.8520947291
36.9351037692
36.9390976727
36.9644591974
36.9922892422
36.998994912
37.02162558
37.0396842489
37.0782051478
37.1032674137
37.1161251096
37.1616445774
37.2098945525
37.3039248057
37.3111648421
37.385070469
37.3897828017
37.4029293611
37.4114489312
37.4245906885
37.5643274726
37.5776870617
37.5812391844
37.5966955177
37.6089700821
37.6135272473
37.6371862854
37.6478705703
37.6666781051
37.6817457026
37.7081238598
37.7125083234
37.7516016214
37.7686524546
37.8201594629
37.835420465
37.8448776082
37.8691857943
37.8837892272
37.9132509332
37.9316817604
37.9579298196
37.9617270105
38.0068433794
38.0225049745
38.0392083383
38.044609817
38.0613460326
38.0829443462
38.1006902249
38.1078366544
38.1247439776
38.1355229491
38.3006043775
38.3200776061
38.3270906671
38.3568773379
38.4181536109
38.4232322238
38.4417591364
38.4528127358
38.5425725432
38.6340762361
38.6938879703
38.6995458243
38.7055410058
38.752450515
38.7655582145
38.809828846
38.8197407914
38.8306493384
38.8451690536
38.8540178681
38.864324047
38.8722446645
38.8835742451
38.9007571108
38.9338577728
38.9519671501
38.9570176899
38.9660468736
39.0407330512
39.0597628561
39.0720121193
39.0914009619
39.1227662775
39.150548976
39.1673780428
39.1874330345
39.2026224372
39.2355447425
39.252528553
39.3460597099
39.4285199855
39.4696837053
39.6358150183
39.6472169579
39.6590740201
39.6835259758
39.6983731633
39.7126391274
39.7200177321
39.7377029314
39.7756180495
39.8061527271
39.8108323282
39.8156076031
39.8267804438
39.8344202505
39.8458058469
39.8551020776
39.8695444757
39.8737974378
39.8864552614
39.9312443245
39.9624058443
39.9986760967
40.0193813823
40.0402515181
40.054851406
40.0676111449
40.1022950911
40.1223872902
40.1575362864
40.1871271883
40.2297067486
40.2330639457
40.2441970108
40.2713648199
40.2949259102
40.3310979117
40.3381495887
40.376591134
40.7974241221
40.8040155528
40.8126314958
40.830300913
40.8838325357
40.8974871817
40.9191915343
40.9317108862
40.9915178665
41.0353014855
41.0448319839
41.0509961405
41.0666746836
41.0750668427
41.0809452941
41.0990531487
41.1546297009
41.1656180134
41.1985689763
41.2504507106
41.2594611598
41.2746507787
41.2903662746
41.3227454693
41.3360449506
41.3691702261
41.3768061912
41.3998669865
1148
