6.0136043379
6.02008083467
6.0528792102
6.07775362199
6.08263951992
6.09333885094
6.09880691427
6.1080206956
6.1334017144
6.14267446444
6.16622934467
6.17170827457
6.17962967515
6.18762669635
6.23629788588
6.24662993382
6.25560754798
6.26254196829
6.2695846502
6.29074851093
6.4905146574
6.50587094971
6.51837312648
6.53734712766
6.55531713454
6.56477983071
6.58592096899
6.7924393492
6.83536006253
6.85073625853
6.86420193244
6.87444836542
6.89630352193
6.91035234926
6.92863133598
7.11674197318
7.14859183288
7.19279689842
7.21015115801
7.22673756728
7.23616028525
7.24286131811
7.25008720756
7.28657048808
7.31049878751
7.3147379069
7.32781993598
7.33244040076
7.34616503373
7.35719578429
7.36720315769
7.37784235054
7.39392430943
7.40216626752
7.41173201252
7.42781066963
7.439831353
7.44582425453
7.46773817923
7.47242890487
7.47754368769
7.48248932918
7.48620849754
7.4912189494
7.50995499029
7.5207592139
7.52576266382
7.54317149284
7.55738042501
7.56137668532
7.58306525992
7.59325164424
7.6104459852
7.63692008008
7.66042560158
7.66576133796
7.69246859218
7.70008800976
7.74066739351
7.75197153773
7.76979611277
7.79413493104
7.8144494696
7.82322007726
7.83461353252
7.88641472517
7.90426859846
7.91102117887
7.92534582082
7.95683329239
7.96783054601
7.99033812405
8.02399396088
8.04926530417
8.12493899063
8.17482935484
8.17873908829
8.18976223404
8.19619058044
8.41023685336
8.41987612901
8.42643736699
8.44248125467
8.44763248477
8.4586213616
8.46279697948
8.47422668187
8.49612271324
8.50868688549
8.51565422756
8.52206342657
8.52552600542
8.54575772593
8.55616699023
8.56020739259
8.56570889382
8.5724110793
8.906179501
8.94428776475
8.94861611317
8.96470926133
9.1688866862
9.18218286663
9.20226041486
9.22645826618
9.25357499905
9.62720006529
9.63624844868
9.64425363925
9.67045677475
9.68166942655
9.68958068977
9.69485635642
9.70321802427
9.71320658681
9.7249981806
9.75645147758
9.7676090771
9.77699850766
9.78281180169
9.79714270292
9.82432711359
9.83305476925
9.84048647219
9.85723757317
9.8677318455
9.90484532237
9.91782146631
9.92854150905
9.93767768125
9.95602906987
9.96282115649
10.097940264
10.1660209822
10.1773882867
10.1993305056
10.3270921884
10.3565793095
10.3734194807
10.4009465469
10.471352759
10.4783708093
10.5124982431
10.5516407544
10.5864387985
10.6285724639
10.6683914061
10.6842538396
10.7279482381
10.7726207289
10.8059084457
10.813695504
11.0793590641
11.1640438332
11.1757197269
11.1971279366
11.2087343849
11.2444558294
11.2675107822
11.2935026658
11.3125494809
11.3554020269
11.3712231443
11.4051239902
11.4311847641
11.4565738919
11.5530478427
11.5723750556
11.6139911553
11.6211209015
11.6443038183
11.6479529734
11.6848556929
11.7347455327
11.796211717
11.8149950091
11.8211641984
11.8516127355
11.869883703
11.9179307513
11.9452612691
11.9624820716
11.9885197309
12.0101826293
12.0179908874
12.0241879242
12.0416103771
12.0468010691
12.0690104969
12.0785706537
12.0946531008
12.1200748735
12.1283610981
12.2416588793
12.2504183116
12.2649655552
12.2801494697
12.2938468413
12.3091060343
12.317316504
12.3398023122
12.3531371965
12.4062561924
12.4228274211
12.4654147724
12.5143893784
12.5259849589
12.5401452418
12.5544289125
12.5811976043
12.5948161351
12.6307659324
12.6495010545
12.6652057006
12.6758025677
12.6852544395
12.7124093111
12.7316623959
12.7365462546
12.8056784659
12.8310987985
12.8550792579
12.9214159138
12.9639916069
13.0015802625
13.0369951505
13.0576616853
13.0684690961
13.0987602577
13.2063152695
13.2277357314
13.2566508088
13.2665715479
13.2932878028
13.2993065038
13.3041994889
13.3308604137
13.3473924058
13.3612730851
13.3668620826
13.3764591572
13.4700149249
13.4752109089
13.4871438303
13.5053410235
13.5253864658
13.5325659455
13.5485080492
13.5621808802
13.5710380668
13.5845762682
13.6024221449
13.6295666495
13.644423611
13.6771580096
13.6868708775
13.7162989236
13.7440310672
13.7745701558
13.8068804941
13.8370353782
13.9067188982
13.920948752
13.9377726394
13.9989838641
14.0197457681
14.0349333359
14.0393326118
14.0902912107
14.1353250672
14.1807749513
14.2253667785
14.2500640763
14.2677849409
14.4192153745
14.4450036908
14.4503083771
14.4668156067
14.4716834042
14.4788106637
14.4919138849
14.5088644523
14.5289298183
14.6679840461
14.6823723374
14.6880046239
14.6953554711
14.7885488857
14.803457347
14.8296171858
14.8424606613
14.8561280175
15.0057610273
15.0344222738
15.0536273277
15.0885008055
15.1070195576
15.1233531182
15.1374901268
15.1530452545
15.1661717188
15.1830932775
15.2270941735
15.3263913495
15.3942252659
15.409287967
15.4377807028
15.4467066034
15.4952725367
15.5188247917
15.6109016801
15.6270119039
15.6377487817
15.644788711
15.6555483092
15.6693893197
15.6882984499
15.6969089416
15.7104124293
15.718504404
15.7225230707
15.7304528725
15.7393000114
15.750924872
15.7551816723
15.7610609622
15.7742995639
15.7844096159
15.7994796394
15.8150218615
15.828483728
15.8356081741
15.8675460244
15.8735841169
15.8933736773
15.9536249313
15.9611815802
15.9667910936
15.9902884755
16.0016409448
16.0561396093
16.0672414389
16.0826920438
16.1079855031
16.1144177439
16.1271040858
16.1469749113
16.1631208332
16.1832844322
16.2036122458
16.2109460721
16.2199416142
16.2533010309
16.2824917775
16.2958662379
16.3000632535
16.4224198174
16.4366954244
16.4845534989
16.6525835798
16.6956678369
16.7378941984
16.7570449934
16.7735152467
16.8045747
16.8277291691
16.8533276412
16.8597077525
16.8757505211
16.8859604577
16.8918959849
16.9091268355
16.9165028703
16.9290647697
16.959006575
17.0327804737
17.0661535694
17.1007632912
17.1131799022
17.1224261375
17.1282905897
17.1669578725
17.1728411092
17.1932177388
17.2097093305
17.2209283099
17.2371597592
17.2448908737
17.253932848
17.3952898374
17.4277471708
17.4666847899
17.4782636551
17.4937192933
17.5211167793
17.5564966721
18.0250154193
18.0362006093
18.0434815893
18.0519189607
18.061195875
18.0669626804
18.0739192892
18.0880416716
18.0924605774
18.0999643737
18.122646162
18.2168421288
18.220772766
18.2384379804
18.258530413
18.2750585202
18.285961162
18.3025665905
18.3264432957
18.3320030153
18.4401083356
18.4511028185
18.4629280798
18.4726915246
18.500057488
18.521329618
18.5345285917
18.5418307466
18.5647023023
18.5691278507
18.577518044
18.600850107
18.607174741
18.6357506281
18.6467825177
18.6667789648
18.693715915
18.698788167
18.7447514623
18.7491395244
18.7576090325
18.7925147697
18.8113900366
18.8344673001
18.8472314482
18.8838051972
18.8959242707
18.9206238152
18.9385245846
18.95174423
18.9902289276
18.9938033743
19.0033369682
19.0164321786
19.0540330562
19.0732223659
19.1282135433
19.1809692108
19.216291707
19.2262301618
19.3215882057
19.33193255
19.360470297
19.3872460867
19.4034477494
19.41135355
19.4202972872
19.4262408153
19.4452406775
19.4544900003
19.4674664567
19.9443798739
20.0256500244
20.0299249426
20.085102624
20.1138479468
20.1556124472
20.189061447
20.2217272895
20.2444246032
20.4062186972
20.4269890417
20.4320236413
20.4356545326
20.4431052667
20.4674279468
20.4845806007
20.5124249868
20.6139105852
20.6301693188
20.639889002
20.6631365675
20.6678674216
20.6810717121
20.6892115056
20.7044339212
20.7920945236
20.8006320368
20.8270593366
20.8334964004
20.8385577309
20.8673908686
20.8891873212
20.9355071125
20.9633385821
20.9789243422
21.0147930975
21.0671897877
21.1486033789
21.1706841042
21.1973574761
21.2063980035
21.4386395951
21.4672218045
21.4863655421
21.620228482
21.6336722897
21.6419999446
21.6460429485
21.6521729287
21.6717521826
21.6842986819
21.6903722777
21.7179230804
21.7215079688
21.7345825145
21.7524670328
21.768805891
21.7805410204
21.7856672848
21.7961722405
21.807111713
21.8522956971
21.8719751886
21.8828891739
21.9015873389
21.9208064659
21.9398633097
21.9470152033
21.9698373869
22.0121733304
22.0462426816
22.2647532241
22.3200620682
22.3646843497
22.4007786502
22.5794590312
22.6180661965
22.6397946896
22.6737571707
22.6821547086
22.6923326042
22.8222970573
22.8322248891
22.8391906562
22.8521049367
22.8626920832
22.8681031295
22.8758901229
22.8865189426
22.8931613389
22.9089741504
22.9263795028
22.9749233097
22.9893002249
23.0023022982
23.0187085351
23.0299232495
23.0449363005
23.062840165
23.0685627015
23.0810866065
23.0893585727
23.1161474415
23.1409851131
23.1765102263
23.1861415154
23.2118428919
23.2289059989
23.2498225093
23.2646364218
23.2727497788
23.2774016495
23.2922095216
23.3455292353
23.3545334828
23.3620862603
23.3726259277
23.3810478325
23.3970265826
23.4072977234
23.4409216685
23.4543038695
23.4734546807
23.487938797
23.74156756
23.7509799183
23.7930270093
23.8142634255
23.8262539499
23.8567900367
23.8797291089
23.8978107826
23.9320165037
23.9788635886
24.0145813519
24.0241414826
24.030945729
24.0470893307
24.051623935
24.0589310557
24.0796348028
24.0877387293
24.1053349706
24.1162884619
24.1240708169
24.1311872917
24.1402389238
24.1495871164
24.1724281375
24.4263975829
24.5322952004
24.5364998278
24.9038965433
24.9173979972
24.9733183273
25.0165285768
25.0319948893
25.0741170711
25.1174470603
25.1616276844
25.17816973
25.2050461172
25.2130042202
25.2211501238
25.2307147678
25.3876422368
25.4100682783
25.4167056938
25.4266460839
25.5254189605
25.5458141434
25.5543212485
25.575103812
25.5790963734
25.5897979484
25.6085992249
25.6314052903
25.64979942
26.1521694557
26.162448597
26.1874368496
26.2229548414
26.2598672723
26.3029634381
26.3322841863
26.3531288253
26.368302135
26.4041321845
26.4209470264
26.4479378323
26.4886421032
26.4956275673
26.5186186093
26.6074152143
26.6179947083
26.6832161933
26.7067843954
26.7112879675
26.7162314032
26.7532169128
26.7608984035
26.7777028561
26.8067988928
26.8151384851
26.8273133087
26.8320424134
26.8390617146
26.8489887856
26.8709552646
26.8895900333
26.9042999545
26.9455233685
26.9640035283
26.9681566732
27.0087063715
27.0185593577
27.0696105148
27.1097750272
27.1256341217
27.1601865889
27.1685376693
27.1980362223
27.3371071653
27.3601130109
27.3766727083
27.4151940942
27.4293086624
27.4806419139
27.5009768205
27.5278065667
27.5560526103
27.5748932041
27.617072302
27.6314617142
27.6461692449
27.651489327
27.6635076601
27.670394668
27.6823273975
27.7086571714
27.7152883362
27.723278808
27.7311063743
27.7439412876
27.750670344
27.7627446745
27.7695409195
27.791934805
27.8072348738
27.8279680728
27.8358492422
27.8428349467
27.8503379491
27.8726194445
27.8918225187
27.9060313236
27.9667133723
27.9814690609
28.0431627818
28.0543190736
28.0640449157
28.0756385543
28.0977927051
28.1261089752
28.1809765662
28.1913411564
28.2263885005
28.2444802766
28.2979654493
28.3270563334
28.3394967705
28.3659003474
28.416854774
28.427358048
28.6195404105
28.734302471
28.7537733886
28.782289603
28.8056259921
28.8130858968
28.8227447396
28.8365090888
28.8420458037
28.9835522831
28.9966914504
29.0050642946
29.0185318177
29.0259058066
29.0352063358
29.0456131743
29.0543166554
29.0664695978
29.0843299492
29.0997672701
29.1066641115
29.1118404081
29.1260419004
29.1975667368
29.2080158063
29.3279053533
29.3729810702
29.4181448927
29.4376680337
29.449999058
29.6523183894
29.6692030352
29.6901928904
29.6953101247
29.7004918781
29.7266279758
29.7619503908
29.780888973
29.7881340406
29.8414547383
29.8742171364
29.9010415176
29.9469912681
29.975375326
30.016282453
30.02702726
30.036783169
30.0413333958
30.0452062938
30.0513276412
30.0584426259
30.088941699
30.1051831433
30.1140831473
30.123247831
30.1279937768
30.1502710103
30.1741531585
30.182953271
30.2951745599
30.3273160068
30.3448480829
30.3842513683
30.4057250584
30.4258093685
30.4367133748
30.4551996932
30.4687497764
30.4845254275
30.5086196396
30.5470155916
30.5877412874
30.5955877844
30.6379925287
30.6657752757
30.6816478972
30.6994832289
30.7273386886
30.7591645847
30.7806163347
30.8193068581
30.9009570654
30.9327441884
30.9875629055
30.9919650657
31.0067372059
31.0465916894
31.0617718253
31.0833322911
31.1062238986
31.1256559162
31.2060122103
31.2183106604
31.2485406309
31.2557524944
31.2658909584
31.2770147926
31.29120064
31.2983085883
31.3179407906
31.3272990063
31.3559751112
31.4292058709
31.4511975888
31.4698823153
31.4870772297
31.4963308911
31.5147869729
31.5251605275
31.5380075904
31.5622059526
31.5676742284
31.5840536161
31.6112386851
31.6241385353
31.6331714305
31.6534615115
31.6680397052
31.6912715996
31.7173657442
31.7574458919
31.7666047142
31.7724809028
31.7800582233
31.7993918247
31.8094960609
31.8140078972
31.8541538984
31.8817250106
31.9187392097
31.9576470593
31.9904318772
32.1550682892
32.1696609285
32.1814932322
32.1995431641
32.2180765519
32.24351625
32.4106936296
32.4167786782
32.4226930256
32.4272248453
32.4493016933
32.4689939158
32.6037231144
32.6112489803
32.6321417827
32.6410680549
32.650526874
32.6616086073
32.6922675582
32.7151601949
32.7227124733
32.7703599135
32.7905495029
32.7956494559
32.8457254984
32.8525949618
32.8916240749
32.9183852609
32.9689074166
32.9853402
32.9894175438
33.0171219751
33.0921731874
33.1118081388
33.4691647355
33.4845247078
33.5003472215
33.5095036431
33.5609332625
33.5818193698
33.5852533481
33.6066182327
33.6124350338
33.6217144368
33.630920211
33.6823360273
33.6906442915
33.6951787387
33.707064582
33.7210489165
33.7323437832
33.7372069891
33.744645519
33.7574837799
33.7700417227
33.7735208524
33.8754537997
33.8987765262
33.9049778456
33.9118879764
33.9201987369
33.9536990744
33.9789030718
33.9863908647
33.9900991229
33.9950207859
34.5780075987
34.6129714313
34.6395070656
34.6816016601
34.6923144768
34.7294020062
34.7712248818
34.8121916917
34.8263529472
34.8309231146
34.8451686302
34.9166611277
34.9321005515
34.9554005895
34.9618836114
34.984898268
34.9924957076
35.0187392913
35.0597858965
35.0736078705
35.4853681305
35.4990021316
35.5347920372
35.5573119067
35.5908676028
35.6030603044
35.6109144931
35.6254324339
35.6437119933
35.6689141576
35.6763932326
35.7162641561
35.7362874178
35.7635186807
35.78955561
35.8191331372
35.9483417908
36.0126237094
36.0239202683
36.0286515382
36.0391039031
36.0435144086
36.0569295111
36.0635661592
36.0673991077
36.0745259346
36.0963342719
36.0999943068
36.1047598205
36.1094153015
36.1163994866
36.1484293658
36.1616856604
36.1721992381
36.1864811924
36.1908897494
36.2217172449
36.2419748781
36.2569077341
36.2678441573
36.2784037163
36.2840469652
36.3124009289
36.3210196795
36.3322707284
36.3420672234
36.3455902861
36.3743217762
36.4186533328
36.4675123945
36.5419316259
36.5617631284
36.5819178461
36.6078490093
36.615961145
36.6388713851
36.6772497517
36.6887779064
36.735710566
36.7643407486
36.788867248
36.8482565866
36.8867346972
36.9320191065
36.9508139078
36.9739211297
37.1589366824
37.1934205799
37.207936891
37.212469292
37.2245900406
37.243524631
37.2578420683
37.2645564802
37.2706287774
37.2890377692
37.2984913703
37.3100039341
37.3198928817
37.3246228571
37.5321769493
37.5481735001
37.5600347157
37.5902803673
37.603212149
37.6404177299
37.6787234517
38.0207281909
38.0353616028
38.1559139574
38.1803131305
38.2195537601
38.2998026095
38.4062779506
38.411775449
38.4239921431
38.4405651486
38.4530118867
38.4607499748
38.4731706825
38.4854732072
38.5049247038
38.5305419578
38.5354098334
38.5500232114
38.5726039649
38.6522267065
38.6733932425
38.6809253431
38.6921873596
38.6992225622
38.7077061103
38.7378623163
38.7510257232
38.7666311517
38.7897952739
38.8168137246
38.8251997198
38.8581846535
38.870246033
39.0319957284
39.0478770998
39.0597293849
39.0762887599
39.0921079564
39.1137554214
39.1250305328
39.1451439038
39.2048906938
39.2116575251
39.2264706399
39.2486830949
39.2866043456
39.3097658522
39.3298050239
39.3674021926
39.448016674
39.62400175
39.6398237752
39.6551815196
39.6615686793
39.6654423505
39.6771210321
39.6914246221
39.7025879965
39.7101170258
39.7152200932
39.7329303481
39.7398188084
39.7488755604
39.7683614848
39.7748928549
39.7807574998
39.7934888828
39.9268071898
39.941448765
39.946832772
39.96138158
39.9765113125
40.0032442048
40.1228183342
40.141432353
40.1484030443
40.1778706298
40.1988172931
40.223230638
40.2334006825
40.2399715738
40.2794183173
40.3237900748
40.3481953398
40.3898979192
40.4056819964
40.4501281137
40.4621657414
40.4863283054
40.5285567908
40.5438072607
40.5780431174
40.5970709191
40.6259826876
40.7763377661
40.8069076969
40.8299157164
40.8448113322
40.8603194518
40.8670046227
40.8775598002
40.8818313102
40.9051099937
40.9141709054
40.9220945707
40.9279330237
40.9341797228
40.9629676972
40.9691160089
40.9799862702
41.0010155862
41.0197789677
41.0255125402
41.048936581
41.0721161372
41.0893604421
41.10228719
41.1734100987
41.1988454733
41.2539977939
41.2680914034
41.2743846689
41.2887289287
41.2936004783
41.3174610548
41.7724175615
41.807006494
41.8105774368
41.8744318708
41.9210594736
41.9635407832
1197
