6.01625689492
6.02344135594
6.04110739101
6.05904583229
6.07012998889
6.08812249263
6.09960151687
6.22719176142
6.23409294055
6.24401426328
6.24820746221
6.27225689472
6.28764085966
6.30116362283
6.30960389773
6.31827990658
6.33284015693
6.35317525863
6.36846680848
6.40021055709
6.41260064678
6.45936771961
6.46964559488
6.48698002301
6.51582578554
6.56897169632
6.57730691771
6.60448989451
6.62515934574
6.63661565181
6.65092616655
6.72022269328
6.74797017128
6.76143030737
6.78486059146
6.82894543643
6.9510929372
6.97368431428
7.06142007265
7.11099582975
7.1480327718
7.16203056925
7.18687755078
7.21504120448
7.22108362309
7.22710259864
7.24506264393
7.26644783223
7.27325613173
7.27782493382
7.28773269894
7.29664980725
7.303746748
7.3129557831
7.31886954292
7.33459397609
7.35140578137
7.36880890169
7.37640695596
7.41513957056
7.4351669255
7.44733345425
7.46738794908
8.14096763638
8.18564200882
8.22339854126
8.26870224468
8.28505732642
8.32315280448
8.33727768213
8.35984817185
8.38170464101
8.42247693564
8.43110023885
8.437692099
8.45873636472
8.48070094442
8.50316067485
8.52586018098
8.53337364454
8.54454074801
8.55801016738
8.59436802258
8.60651955607
8.64104702158
8.6656928679
8.70933049002
8.72595653793
8.7377104464
8.75225271787
8.78496927709
8.7976365961
8.81515212266
8.87508774236
8.91122761555
8.92473800486
9.02575347915
9.22459693192
9.2351562067
9.24537041324
9.26464191379
9.29190253719
9.32234530774
9.34575779789
9.3643490816
9.39685991564
9.46959895846
9.47773200755
9.48950584101
9.5377543039
9.56166876589
9.59990828729
9.66631029351
9.67258495473
9.68093580724
9.70218383136
9.72625677059
9.7361937004
9.82541405132
9.8382620079
9.8509672977
9.90336834067
9.92509415971
9.99127991099
9.9998011467
10.0043803046
10.0260147531
10.1121978991
10.1173762907
10.1518820932
10.1711500282
10.1959061281
10.2574362101
10.8253289409
10.8466346129
10.8531248791
10.8627458064
10.8732416991
10.880051708
10.8869700634
10.9000891267
10.9048860169
10.9255029886
10.9298307678
10.9562974623
10.9675383145
10.9777917256
10.9978774736
11.0236907909
11.0355616199
11.0452773748
11.0553750412
11.0618613555
11.0818065568
11.0973135998
11.1357660128
11.1460171191
11.1832328843
11.1893296103
11.2083516856
11.2246222789
11.24529021
11.2494421343
11.2736848984
11.2821708503
11.3039081007
11.3143936944
11.3379527536
11.3843756988
11.399156389
11.4148312281
11.4220845747
11.434529271
11.4680321669
11.4733236254
11.5120497004
11.5829937162
11.619699663
11.6388181695
11.6549338474
11.7955861383
11.8216709229
11.9283587696
11.9612775692
12.0044679756
12.0115762479
12.0674859599
12.0755276089
12.092149074
12.1053739358
12.1136217193
12.1181483647
12.1569197474
12.1755793837
12.1911395453
12.2114486225
12.2418301702
12.247207135
12.2523926982
12.2591858362
12.2700585865
12.2789785067
12.2890801163
12.3103991034
12.3152357786
12.3249718695
12.3403637143
12.3550336256
12.383986591
12.3975498159
12.4041134659
12.4143200966
12.4403127849
12.4448522881
12.4601049345
12.4900507312
12.5069629423
13.2091535305
13.2169574299
13.2321358849
13.239136698
13.2544597471
13.4825458755
13.4931563778
13.5005516406
13.5124922793
13.5276610253
13.5390739324
13.5430952072
13.57503726
13.58611033
13.6279168764
13.6623486438
13.6829265816
13.6931538745
13.7119445599
13.7802148007
13.7860305309
13.8250865749
13.8489574522
13.8613839915
13.884523769
13.9031145386
13.9100108046
13.9636649404
13.9763127001
13.9906919081
14.0218033662
14.0430266489
14.0846391151
14.0978491344
14.1378428371
14.1633236847
14.1876667006
14.2022011605
14.2164025902
14.256417265
14.3703398976
14.3924220341
14.4103817997
14.423293427
14.4372561462
14.4443605858
14.4499758987
14.4634766648
14.4914154465
14.5011761717
14.5219832017
14.5284922552
14.55709928
14.5762943389
14.5907432497
14.6090976408
14.6148230278
14.6376199357
14.6473393195
14.6567058174
14.6680814366
14.674923554
14.6789890319
14.6876872043
14.6990660905
14.71581747
14.7232699391
14.7426835102
14.7512037461
14.7669800977
14.7879527118
14.7986530603
14.8256631134
14.8327240407
14.8489767186
14.8629005084
14.8705820439
14.8887060609
14.8956512325
14.9113458587
14.9553794276
14.9754795675
14.9901700951
15.011872351
15.0917583565
15.1119856941
15.133846253
15.403309383
15.4336006981
15.4699539826
15.5006080464
15.5703985468
15.6061391649
15.6517675902
15.6835025613
15.6934558084
15.7025245171
15.7063729327
15.7143393758
15.721407256
15.7547927975
15.7616002722
15.7844185974
15.7926201812
15.7996618136
15.8130697269
15.8234669623
15.834159145
15.8734683521
15.8847360159
15.8955632523
15.9080531366
15.9548377397
15.9708856293
15.9841704223
16.0033207038
16.0461174839
16.070043688
16.0811066376
16.1474316778
16.1578704855
16.1768791412
16.1991234228
16.2202758272
16.2585404457
16.279204122
16.2965755829
16.3413179975
16.3548524319
16.379614511
16.4132097419
16.4516210407
16.4830676479
16.5054118215
16.5273697718
16.5678092073
16.5850621591
16.6193601585
16.6234737567
16.6376924666
16.8082190853
16.8174967169
16.8410572153
16.8586583124
16.8634430628
16.8749956531
16.9105267432
16.9212261164
16.9470694611
16.9573314889
16.9671011484
16.9981251554
17.0119453131
17.0546346443
17.0649796486
17.0830929359
17.106062907
17.1318409477
17.1640328877
17.2002437396
17.228907753
17.236123857
17.2484604831
17.2640972304
17.4013902606
17.4143328395
17.5096780758
17.5435455556
17.5675801076
17.631135591
17.6606853155
17.6693561701
17.6883245998
17.6945999314
17.8362404949
17.8429062278
17.8710641879
17.8886713887
18.0065373664
18.0210895447
18.0443350628
18.0635777272
18.0757297795
18.0837470979
18.09011388
18.0934721654
18.1021415006
18.1104438495
18.1332336674
18.1417422618
18.1476559169
18.164269771
18.1695944911
18.1872812778
18.2000341575
18.2122778767
18.2373078916
18.2449919285
18.2591887473
18.2870996567
18.3052280288
18.3126937939
18.3549358046
18.3609328328
18.3775027609
18.3920713033
18.4022651527
18.438097256
18.4998230747
18.528441008
18.5403862738
18.5826857584
18.6019203762
18.6145775691
18.6301430624
18.6522150958
18.6847454345
18.7418004477
18.7538525985
18.8659911826
18.8866801982
18.9668767186
19.0059749077
19.0401943471
19.0733689124
19.0832430256
19.0985893598
19.1182676725
19.1431339469
19.160311513
19.1856230282
19.1911330873
19.2048341104
19.2160287065
19.2308119184
19.2378407609
19.2615425628
19.2737854328
19.2865435629
19.3007549316
19.3058288588
19.3105375356
19.3223974614
19.3373411845
19.3480984184
19.3642359388
19.3973477271
19.4360405884
19.461709459
19.4666209049
19.4915221879
19.514141626
19.560387734
19.5902082065
19.624255139
19.6543115616
19.6882367311
19.6945736822
19.7182463964
19.7217523607
19.7301748008
19.7732088495
19.8015745339
19.8206746149
19.8539287085
19.8823426429
19.8859632935
19.9031271854
19.929392926
19.9339992693
19.9829279498
20.0159375303
20.0938793886
20.1356507924
20.1681385605
20.2595498224
20.2907898228
20.3841346361
20.4331886736
20.4454255385
20.452016863
20.4688748015
20.4787937628
20.4934155
20.4990401274
20.5051785907
20.5085561123
20.5248521801
20.5333802642
20.5440523389
20.5587794384
20.573040122
20.607578603
20.6177146226
20.6464569757
20.7443190537
20.8000831378
20.8145998392
20.8320942647
20.8450415914
20.8602694922
20.8940933549
20.9006505451
20.9100898007
20.9269614419
20.9445350919
20.9678814762
20.9854711132
21.0119820935
21.0234593128
21.028795232
21.0695377005
21.1049821161
21.4645421189
21.5118056451
21.5259109295
21.5480686852
21.5651432059
21.6067305936
21.620741731
21.6476965276
21.652625715
21.6563607831
21.6745368933
21.7042676874
21.7177502336
21.734864604
21.7533190181
21.7570687381
21.7690367916
21.7827811282
21.7993338816
21.8074309491
21.8298367934
21.838051452
21.8789650392
21.9032879201
21.91326496
21.9415831655
21.9673245104
21.9765719487
22.0045593906
22.0226886242
22.0362517719
22.0779857424
22.0963338306
22.1176653601
22.1349638964
22.1428646987
22.1633015593
22.1792897788
22.2139714009
22.4692309886
22.4949525449
22.5028860423
22.5295825174
22.582780527
22.5918954888
22.6452239538
22.7030465162
22.7617821275
22.7660794175
22.7902611352
22.8164375275
22.81998268
22.8236501419
22.8310664644
22.8741076434
22.8785116504
22.8844864044
22.8913027204
22.8974758582
22.9361987535
22.9462596902
22.9957860084
23.007901987
23.0179360334
23.045818957
23.0539987268
23.0623897465
23.0808951184
23.0878381581
23.0965016627
23.1384782783
23.1437768857
23.1515127675
23.1625865088
23.1793821263
23.1933218199
23.2233300146
23.2283217704
23.2462489144
23.250661751
23.2627908801
23.2865940006
23.3026991466
23.3321492777
23.3682509711
23.9397862978
23.9625481401
23.9783405232
24.0254960092
24.0555917159
24.0728507136
24.0776858872
24.1200531014
24.1255563164
24.1429257573
24.1569872015
24.1736211219
24.1801693911
24.1987313621
24.2102217318
24.2205734965
24.2332409243
24.2474259098
24.2575917551
24.2641858399
24.2849123356
24.2942990617
24.318128864
24.3250432117
24.331853498
24.4178730472
24.4505188955
24.4859048342
25.2070368599
25.2149467276
25.2642686444
25.2775221207
25.2861865374
25.2895627211
25.3000344762
25.3139567943
25.4032390928
25.4205175648
25.4351614849
25.4469840191
25.4558128887
25.4627623224
25.4998878708
25.5514296529
25.573227057
25.5942430675
25.6005467137
25.6208979596
25.6552465294
25.6796839302
25.7006824482
25.7170945584
25.7261977477
25.778561467
25.8148451146
25.8522594991
25.8599794698
25.881815549
25.9573271385
25.9616957102
25.9673621228
26.0102740483
26.0139550955
26.0343107739
26.0572619327
26.1281831368
26.1350178681
26.2558611424
26.3305709671
26.378847601
26.4048860995
26.4128576622
26.4265776929
26.4340856663
26.4464643853
26.4796189507
26.4869208743
26.5003486922
26.5145906537
26.518193376
26.5511081581
26.5559638215
26.5632747511
26.6591606763
26.6890573034
26.6933353242
26.7223424121
26.7414780541
26.7670824324
27.006258713
27.0269758845
27.0386658547
27.0526944716
27.2955303546
27.3119369302
27.3171997776
27.340988518
27.3462948467
27.3677626385
27.3936532367
27.5310927131
27.557671538
27.5987540733
27.6081278976
27.6172303487
27.6441305179
27.6534087418
27.6567455594
27.7137366543
27.7497870364
27.7666097283
27.7767576535
27.7848334424
27.7924947184
27.801888313
27.8156794787
27.8289435417
27.840259344
27.8875189368
27.9100167287
27.9284869433
27.9453617806
27.9602954854
27.9783485849
28.0082332369
28.1062210747
28.124229294
28.1286937268
28.1473352599
28.1688448687
28.2947894987
28.3269242809
28.3504605425
28.377822136
28.4156904377
28.4489258152
28.4871561728
28.524754603
28.6137168889
28.6363346314
28.681813043
28.7143886755
28.7569638065
28.7954681586
28.8184767083
28.833507623
28.8414997818
28.8559562884
28.8729599028
28.883210698
28.9074216963
28.9364208205
28.9437861327
28.9656364885
28.969594719
28.9823938995
28.9989619862
29.0042000686
29.0200826106
29.0235699298
29.0328258649
29.0493087202
29.0567534497
29.0700854895
29.0857503867
29.1049681499
29.1177299793
29.1301652914
29.1451483229
29.1532721253
29.1651623615
29.1998465261
29.2142333779
29.2375106449
29.2497379685
29.2765966031
29.2882214694
29.3185544906
29.3567747863
29.3754082583
29.392140581
29.4156896509
29.4363971183
29.440011783
29.4522555112
29.4670037831
29.4858504519
29.5023553272
29.5329315964
29.5783577382
29.6010421062
29.6373309426
29.6807372112
29.7058525286
29.7268204793
29.819762914
29.8330063332
29.8814757137
29.8967564225
29.9065732561
29.932289318
29.9579144671
29.9654086896
30.0093545293
30.0128804756
30.0232095075
30.0394105191
30.0516968614
30.0679776568
30.0717053549
30.085495639
30.1021779003
30.1165050843
30.282089468
30.3293900604
30.3424347709
30.5162781965
30.520021163
30.5380555904
30.556517757
30.5671496324
30.6134640532
30.6189277756
30.664932669
30.8020541193
30.820230686
30.8372776367
30.8534800175
30.8655723257
30.9549235984
31.2476353231
31.2657983648
31.2859533805
31.2997901649
31.31077349
31.385675395
31.4017175495
31.4099587501
31.4250893607
31.4317766602
31.4539787349
31.4630844674
31.4833526374
31.8090374009
31.8186245346
31.8367191604
31.8663060107
31.89253565
31.9381803965
31.9540901604
31.9631557915
32.012365533
32.0212459779
32.0348331925
32.0509487631
32.0997467054
32.1208677427
32.1476434577
32.1757882553
32.2472093264
32.329545228
32.3929108479
32.4057596739
32.4168042569
32.4300866392
32.439662116
32.4633395687
32.4714714488
32.4868545143
32.4927098755
32.5098471071
32.5254290019
32.5368841784
32.5443505003
32.5499262223
32.5799353792
32.599266965
32.615024997
32.6304042295
32.6479768823
32.6648948115
32.669707708
32.6859568998
32.6936398769
32.7057529468
32.7100847649
32.7233385764
32.7658112075
32.776766428
33.0002361808
33.0188621941
33.0303998712
33.0785642952
33.098534535
33.1196427903
33.1328795822
33.1978537039
33.2786908149
33.341871901
33.3942363027
33.4028741986
33.49470417
33.5261642281
33.5456414884
33.5959327292
33.6138969721
33.6193300214
33.627237486
33.6318189011
33.6378455719
33.653804112
33.6664372368
33.6856015483
33.7036452341
33.7626042715
33.7739290098
33.8175829944
33.8278822115
33.9199134621
33.9395296021
33.9591312596
33.9929904658
33.9984268364
34.0044254564
34.0211041628
34.0537804823
34.1118554196
34.1422614332
34.1568509755
34.1693793573
34.1996826509
34.2273298762
34.2582164298
34.2789059565
34.4317394145
34.4485454362
34.4806012579
34.5121540124
34.5204641382
34.5489444911
34.5886377212
34.6698548585
34.7379978167
34.761691307
34.804669027
34.8085593417
34.8434438871
34.8551765878
34.8639908211
34.8724666582
34.8870535709
34.8915412149
34.9319434984
34.962816179
34.972738225
34.9813452544
34.9891870123
34.9997819567
35.0066599629
35.0828413454
35.1032143979
35.1201462032
35.1373202611
35.1609994589
35.2616785356
35.3040183036
35.3150428767
35.3339074744
35.3505091922
35.3575084548
35.3681034773
35.403758854
35.4299089703
35.4720816691
35.5116506447
35.5371055946
35.5643774711
35.5881712434
35.6226187115
35.6597504329
35.6854813143
35.715514779
35.737799538
35.7572791247
35.7690052203
35.825307879
35.87351685
35.9314216733
35.9634974964
36.0047257085
36.0106048115
36.0159260907
36.0263041822
36.0368850629
36.043442593
36.0749674394
36.0877922833
36.1454706117
36.1528550365
36.1631485536
36.1760062503
36.1849969808
36.1962530206
36.2686333219
36.2823672338
36.2884218925
36.2969184058
36.3069648186
36.3201735735
36.3327715093
36.3497264461
36.3813217357
36.4001304992
36.4176308456
36.4240526157
36.4476308245
36.5622527242
36.5844196137
36.6038971082
36.624050675
36.6378372958
36.6612740654
36.6921210818
36.7110229233
36.7364768905
36.7511840502
36.7552800628
36.7857174252
36.8200989254
36.8314201623
36.8443242061
36.860925537
36.8876039439
36.9343041348
36.9908312356
37.0064773777
37.0110775549
37.0300343295
37.0434184657
37.0572346914
37.0820741047
37.2109312833
37.2208120827
37.2311176365
37.2557392657
37.275618025
37.2822352742
37.2870594991
37.3006448174
37.3194985039
37.5453653447
37.5604893493
37.5654257727
37.5753754203
37.5890118964
37.6018854596
37.670452042
37.7101203036
37.7287246458
37.7516724356
37.7569652974
37.7823966893
37.8253818381
37.8387554198
37.8716675475
38.4076690943
38.4379713842
38.4415916044
38.4598485144
38.4665451688
38.4733500059
38.4885734494
38.4982092765
38.511657373
38.702776748
38.7119794061
38.7519073614
38.7834086803
38.8333425746
39.0060162297
39.0404911312
39.1074258429
39.1284670154
39.1503717889
39.1776940717
39.2049240775
39.2167360834
39.2398636468
39.2860389019
39.3448379542
39.4159587806
39.4543699199
39.4670556142
39.4984407188
39.5215173949
39.5249217887
39.6040765277
39.6083691675
39.6156396735
39.6191239252
39.6527548907
39.6588018044
39.6683015689
39.6935707138
39.7088154547
39.7138019554
39.7389222211
39.7460841808
39.7518117361
39.756259064
39.7629450094
39.7697952621
39.792274753
39.8085385919
39.832707917
39.846086297
39.8639009025
39.8860247228
39.8933592304
39.9033755305
39.9324494462
40.0834898327
40.0995152695
40.1159814594
40.1257407016
40.1461133759
40.1704016276
40.1972994125
40.2094307473
40.2294362624
40.2500649136
40.2617785833
40.2795618948
40.2970794495
40.3193147987
40.3604973202
40.3945605126
40.4566071798
40.4856099076
40.493520823
40.5144311659
40.5277393634
40.7036329835
40.7302535558
40.7669873146
40.8318039156
40.8581601184
40.8683924927
40.8820124652
40.8897291306
40.8967755395
40.9037741419
40.9133278441
40.9178080906
40.9249131085
40.9753300478
40.9862815639
41.0006735335
41.0146864484
41.0256752004
41.0299966981
41.1515950214
41.1684680014
41.1769551533
41.1847104305
41.2009544315
41.2185050976
41.2426643214
41.2774534366
41.3057802364
41.3147780302
41.3220068171
41.34417534
41.352231966
41.3724965674
41.3847782684
41.4115703382
41.4285580167
41.4490302791
41.4691641037
41.4807252466
41.571659095
41.6514946946
41.668577808
41.6975369343
41.7095484604
41.7232580495
41.747922137
41.8230340406
41.8493042772
41.8895198468
41.9155722348
41.9612237148
41.9838237005
1209
