6.00944808727
6.02362632722
6.029461342
6.0384356548
6.09113315236
6.10035123345
6.11537458111
6.13782613772
6.14379250795
6.22464427623
6.24002292388
6.33546394758
6.38375073879
6.39591639385
6.402799405
6.43426091564
6.48156395228
6.54654990466
6.57374949536
6.6139372302
6.63126473905
6.70574176597
6.71956759344
6.77203364951
6.80541005002
6.82957552134
6.83941086563
6.88381485796
6.90984015646
6.95874599093
6.98322372286
6.99861905013
7.05644656094
7.10781911703
7.12999157531
7.15802784657
7.19621508959
7.20265917048
7.22525048137
7.23878783114
7.25346360622
7.30590333821
7.61890277041
7.70588976777
7.82866383492
7.86715865889
7.89965447968
7.93409214875
7.97494676384
8.04887990465
8.12406882407
8.23239805067
8.28711524032
8.35645609783
8.39493364629
8.47079771429
8.47778312257
8.56037951645
8.98474761119
9.07709925141
9.15777248076
9.24203393754
9.3193203438
9.45256792132
9.5618595495
9.65152988647
9.76414626718
9.81406678385
9.93723365914
9.98652538104
10.5445513815
10.5598205238
10.7507488288
10.8219797555
11.0335591809
11.4413476876
11.5604480322
11.803931382
11.9277107041
12.1943441731
12.2100855282
12.242689035
12.3084879418
12.3484321051
12.3654820177
12.6468399784
12.7818824372
13.0131165874
13.0362584097
13.2109186484
13.5620617556
14.3516964351
14.9954722574
93
