6.04980144483
6.06489954268
6.07736163978
6.09528195208
6.10709377267
6.11740755302
6.13735808863
6.14360171735
6.14934766031
6.15635802936
6.16355601584
6.17079366628
6.27156491172
6.2830265366
6.2995077493
6.38748730038
6.39654322459
6.42231195449
6.44500547175
6.49141278838
6.54303586589
6.57903742277
6.62180267345
6.63611536618
6.64506795501
6.70403631979
6.76174682358
6.7867519286
6.79149212539
6.83075377834
6.8639590289
6.90922021826
6.93660187745
6.94130002845
7.0053620294
7.07598665369
7.11506148142
7.32878603827
7.37944782137
7.44358845646
7.45251041187
7.47111174881
7.48097857606
7.48561003776
8.37909570759
8.45279561253
8.46675338187
8.47203849546
8.57220987184
8.77044855256
8.81268120889
9.24307442335
9.29077309441
9.58100603437
9.74955555725
9.972604646
10.1161550424
10.2469533643
10.3294688759
10.359317488
10.5239816153
10.6286847452
10.8125867725
10.8618428206
10.9479595799
11.0970844302
11.7437354164
11.9954469685
12.0076171966
12.1259820534
12.2441504051
12.3934046913
12.4078400775
12.9799876931
13.5080585782
13.6284858926
13.8521284047
14.0688812078
14.3520105921
14.6917511503
80
