6.00648656022
6.01585564092
6.02362651649
6.03942807973
6.05027830269
6.0657092818
6.08624888122
6.14961394306
6.1598020088
6.1640451575
6.17590869715
6.1858761344
6.21486997771
6.23660523493
6.25529431666
6.41404956214
6.42551819632
6.44122616365
6.49147867239
6.52365414591
6.56102026917
6.59070826216
6.62358666072
6.70208224037
6.71044178042
6.74123357631
6.78212367798
6.79794688006
6.82248643849
6.83324762994
6.90185492932
6.94924653397
6.98768046368
7.01355448115
7.03471265306
7.07462006955
7.08873139867
7.14228172618
7.18395138812
7.21869065263
7.27184136384
7.30013331058
7.33325363455
7.4377158691
7.48366181052
7.89879156858
7.97082569087
8.01049699986
8.07304589118
8.17414833224
8.22978856766
8.35501494039
8.48003158605
8.55148403734
8.6246450256
8.64370662875
8.73471007811
8.79740784773
8.85729630245
9.10278243004
9.15682067754
9.18710483768
9.25018437168
9.42611429845
9.54855757665
9.57681225557
9.66196322369
10.0829754517
10.1734134219
10.294115305
10.3771166741
10.4961211256
10.5837525166
10.883525422
11.1287660336
11.252961973
11.6787655286
11.7188239678
11.9421350735
12.1237389258
12.2427298608
12.3610144404
13.2572701281
18.6279817678
84
