6.0137816936
6.01851743186
6.05440515674
6.07624445941
6.08659518518
6.09706156137
6.11976561998
6.1526841742
6.16014104668
6.17897101953
6.192989542
6.21253170099
6.23303674149
6.24959659113
6.26294438057
6.30466252044
6.31179331876
6.34527521947
6.35915701763
6.38106967049
6.44103946135
6.46098714584
6.50178007578
6.57259235571
6.58732230545
6.60249913554
6.61548699393
6.68637919592
6.75368332764
6.78692646823
6.80283026376
6.82050332723
6.84222768638
6.84972581058
7.01723559173
7.052111741
7.0740614804
7.10060344791
7.16312780392
7.21258013174
7.25226996065
7.49185361117
7.53118328768
7.94311116434
8.09642678478
8.18631649028
8.30647997176
8.32081013935
8.36553381059
8.44530688737
8.454273691
8.50773542073
8.5556267618
8.65263240087
8.71711492564
8.73989758252
8.82728974977
8.91927115443
8.97067082511
9.01941399947
9.13522615306
9.3466751924
9.43741374898
9.65279420773
9.75067415677
9.86092751035
9.93399268598
10.0866798448
10.0953087533
10.1244591351
10.574586467
10.7544765346
10.8485233379
11.0152813495
11.182896719
11.1959118348
11.357633734
11.4402296773
11.5600463662
11.6571234157
11.7142339783
12.2303877032
12.3981935354
12.6855142008
12.994691261
13.1090970459
13.4030719267
13.5463183216
13.7832103002
14.0497394301
14.2692382628
14.4231069995
14.6502413013
93
