6.01370968255
6.03791110298
6.06083335138
6.06549082811
6.07883121426
6.09316097055
6.10161413812
6.10943060254
6.12148544455
6.13089480837
6.15181386584
6.15607628339
6.18057872785
6.2900461038
6.43175249898
6.46843990076
6.51688996095
6.52485323933
6.55697630221
6.57278245836
6.60068103556
6.640743794
6.67641825274
6.71766322316
6.83079335316
6.84487311191
6.85120895552
6.8644852758
6.91484380346
6.97730383402
7.0176464417
7.05043227193
7.09819133087
7.12462717649
7.20231821781
7.23241420009
7.28197971677
7.28591322885
7.36984912118
7.37701208712
7.48468644009
7.52602814924
7.55496719289
7.70940214207
8.22598311267
8.27927189982
8.31871080413
8.40082614463
8.45935265004
8.55881514496
8.80416865637
8.92485855923
8.96494090237
9.00378543858
9.04624884037
9.09602447148
9.14187677147
9.30547515728
9.46643622799
9.58052638068
9.73502828991
9.7927100567
9.95904379181
10.0671195424
10.19576395
10.2172785567
10.241201652
10.2652304997
10.3991880372
10.690609578
11.3571826735
11.4191203848
11.5598714942
11.7860591256
12.0473847731
12.7245223696
13.0961039268
15.6135622491
78
