6.00765446907
6.01699315349
6.02245991441
6.03220506278
6.04780496054
6.055012547
6.06375405567
6.06982360141
6.09485168236
6.11746163334
6.15939303272
6.53802880747
6.56441859801
6.59371088653
6.67106893232
6.69680770412
6.70056646142
6.73713968567
6.76105704998
6.77759755555
6.81429110675
6.84761138179
6.91785540703
6.96770814317
7.00633575803
7.0253582842
7.04189176614
7.05203640186
7.06642862762
7.10726319807
7.1109965476
7.15093952704
7.15495356021
7.2251011565
7.4771855359
7.56285253634
7.61841929022
7.65192646936
7.80234726788
7.83172416193
7.86281741487
7.95636087999
8.0145312651
8.19382802841
8.23578003791
8.62329939443
8.64443390605
8.69990448904
8.74390113351
8.76413198559
8.82331221163
8.9021961293
8.91063235295
9.02146257685
9.05074084441
9.24449050491
9.33858418053
9.69504127884
9.7593041764
9.9624637433
11.2562430333
11.2739261035
11.3684944908
11.475968896
11.5602278765
11.7990555564
11.9176625483
12.0803376196
12.3968449294
12.5794041423
12.7030446087
12.8571222356
12.9527999459
13.2887247464
13.5951041961
13.720943267
13.8304002966
14.044426285
14.3708352055
14.8496864395
80
