6.00697614207
6.01085682291
6.0271687424
6.05682919332
6.07146172881
6.07979796551
6.11337677261
6.14042934424
6.15563291254
6.16419464828
6.18163180886
6.21019542498
6.23416795459
6.24570456948
6.26420357783
6.31190848903
6.320758309
6.32740030992
6.3439231326
6.36201972323
6.37712939245
6.39549337164
6.41215208726
6.41788455347
6.44647099755
6.45903684745
6.49438234591
6.64807094226
6.75192360531
6.77386693373
6.79312762593
6.84331838148
6.86314188366
6.90166679778
6.90847407071
6.95011663312
6.95486666384
6.96418071862
6.97284876412
7.01768372219
7.04378876692
7.0806515672
7.11469267152
7.16447163578
7.22547085954
7.24700745809
7.25367413084
7.2893197055
7.32325504371
7.35241188925
7.43499532524
7.90282203965
7.95274867199
8.03160969035
8.04633849379
8.10708126447
8.12913597654
8.30648573598
8.39072486643
8.49696067661
8.54957127405
8.75453489061
8.86493915897
8.90929660126
9.08986552733
9.17916927918
9.27689305674
9.40537157048
9.43320512505
9.64546761026
9.79864306366
9.84762429699
9.96264826414
10.0467206398
10.2340733688
10.5418351442
10.8424621067
10.8520641762
11.0503844853
11.1882245151
16.1066315433
81
