6.01112223549
6.03757062706
6.04455664636
6.14750758476
6.15890474382
6.16576004999
6.18486172615
6.21831437353
6.22635923711
6.2621548348
6.27046202141
6.28651030981
6.32670638087
6.35280609043
6.37809043376
6.39885238436
6.42971890495
6.44536712775
6.46396909763
6.47513129072
6.47854608751
6.55831546374
6.58971347722
6.63041763595
6.637387479
6.67136237163
6.70021163501
6.70634693674
6.73574025018
6.76089950178
6.79031581289
6.84517364403
6.86589683598
6.96952239753
7.01906745644
7.05988431169
7.11832414105
7.2974236777
7.3097070133
7.31988533642
7.37735867394
7.44039292819
7.50762261508
7.57001074047
7.61747613962
7.69987422381
7.79398673659
8.03370170003
8.05752935183
8.20756937586
8.30938193105
8.43290346583
8.54399169267
8.59602832434
8.64108720294
8.70970676777
8.74721250382
8.77225583529
8.86677610012
8.91345062632
9.00789509441
9.18064036512
9.27178228446
9.3190861311
9.65118709989
9.69555193379
9.76465074869
9.81857482309
10.1922758104
10.2963921522
10.380283557
10.4968621093
10.7195410196
10.8266561299
10.8722515227
11.0439407979
11.2027706044
11.2188148036
11.4082688213
11.6080141837
12.4388822509
12.5615432082
12.8801667391
13.055179283
13.2329445317
13.3440039993
13.4758949256
14.1759123129
14.4818266588
14.5564888455
90
