6.01567891022
6.02182052245
6.03818311761
6.0523878969
6.05895048493
6.06656211693
6.07323800332
6.08900398559
6.11546135093
6.15672577537
6.17620354759
6.19230249095
6.20360288114
6.28129845387
6.29051356366
6.30415417415
6.31049904116
6.33381131312
6.36512690981
6.41147020784
6.41990719628
6.46238650592
6.473321535
6.49502454285
6.52760478107
6.55449394568
6.57822743178
6.62977465576
6.64231873339
6.69273397642
6.72997075385
6.7832081591
6.81293681003
6.85130527491
7.2204458071
7.2418147726
7.29418061444
7.46203859536
7.57907945922
7.62595510199
7.64932137206
7.65565865426
7.71365819143
7.73288471833
7.79297313026
7.79886172643
7.85161922977
8.0849882308
8.13631450421
8.14173094235
8.21733714271
8.248237879
8.5794243801
8.68569383961
9.01963709124
9.12177520675
9.3611311346
9.43807682457
9.75029198211
9.79066286722
10.3394713709
10.5507362982
11.7187601682
11.8766904574
12.3347437225
12.4464592668
12.7645287643
12.8574443254
13.5120397292
13.8864474344
13.9410936773
14.674298245
72
