6.00993541538
6.0133891594
6.02860894213
6.03392383104
6.06139044383
6.06773622734
6.08163833287
6.08877517648
6.11370908967
6.12137964789
6.1361659313
6.1483867935
6.15771541658
6.17205098768
6.1835672079
6.20192139228
6.21402650885
6.22466882408
6.27492606854
6.28110232338
6.29167775874
6.2996638448
6.31360183672
6.33394586717
6.36081765225
6.38974812586
6.40262832265
6.43253208187
6.48718384186
6.5056418394
6.81179085262
6.91048328385
6.96527776666
7.13083173395
7.16189390638
7.2065290818
7.26326448391
7.26726889256
7.29807463257
7.3380299643
7.35773469417
7.41724380451
7.63443602664
7.71659231393
7.78874113068
7.91716765723
7.95276038883
7.95793390716
8.25143610526
8.36617310393
8.44435719317
8.48652727452
8.61127652082
8.7445613518
8.78642308178
8.83560456674
8.87121134977
8.93435318196
9.0010028117
9.07083659737
9.18493875368
9.22952846079
9.27427242807
9.34866204872
9.66116695381
9.72222432517
9.75389917625
9.81395199988
9.93393633601
10.0107392945
10.089809053
11.1838493271
11.3596452937
11.5573244025
11.649430022
13.3231271007
13.7883381915
14.0017603471
14.4263067113
14.5997062048
80
