6.01910133462
6.02747756328
6.03234763019
6.12591969981
6.13096774853
6.14915146352
6.1595879219
6.19140782861
6.22275231508
6.2549116087
6.27535404602
6.29040535556
6.30555090978
6.35883029804
6.39076450775
6.42803149901
6.45395736273
6.46116666692
6.49706801636
6.54187354838
6.56843389563
6.58316658545
6.59975156335
6.60527580593
6.61785066589
6.63636677759
6.66108608321
6.69465390554
6.73966798084
6.77526461749
6.80475409306
6.85705225668
6.88911183044
6.89868699697
6.94301560447
6.96655114031
6.99045928652
7.00301789516
7.01487830189
7.04844798126
7.12836270366
7.18744017955
7.21895329898
7.22546139882
7.27071424914
7.33773584587
7.37537586056
7.43633663069
7.49310207653
7.56161972513
7.60685303238
7.66291681674
7.87307168044
7.88458812076
8.10664164491
8.20680165446
8.28302013252
8.48541915234
8.63986086372
8.69788451034
8.72191768957
8.92776627549
9.00840023641
9.12738069614
9.17393474979
9.22103867033
9.3476631581
9.37248592726
9.51803323862
9.61163850042
9.67764024942
10.2310156591
10.2833884959
10.3259255352
10.3522323506
13.5526915973
13.5689174921
13.8418528066
14.2528957653
14.3897735878
15.3941453643
81
