6.01211927421
6.01546144709
6.02357830532
6.04668562819
6.05208086275
6.05645173477
6.08323263955
6.09512896051
6.1340476605
6.14731273755
6.16695642775
6.18283722102
6.33576077518
6.37019978467
6.39438458962
6.4070425095
6.42847766072
6.44314289993
6.44868746313
6.46061709433
6.48008769295
6.59460861774
6.61725649303
6.64296983125
6.67355383945
6.71077865131
7.87123342708
7.87542088322
8.01418661944
8.31355741114
8.38992782426
8.41185962846
8.44706951966
8.53194240157
8.65930195669
8.69380992997
8.83261700014
8.85690596859
8.91503228507
8.94564793915
8.95418969583
9.00921501333
9.0147164769
9.14551005457
10.3834388559
10.3968015905
10.533841118
10.6583465767
10.6963941667
10.783319834
10.7961430669
10.8183042983
10.8265729539
10.9975287601
11.093831452
11.2513923309
11.5610958547
11.5764584326
11.675659316
11.697010377
12.6401573532
12.947572857
12.9797950587
15.4051722504
64
