6.01418265699
6.01953034282
6.035863894
6.05786018264
6.06699472207
6.08255360673
7.21744623813
7.31698928864
7.35064373821
7.38415232541
7.67435378615
7.71558484136
7.75587408578
7.82944136961
8.04727789279
8.12162111627
8.13599387847
8.22412665993
8.26384518649
8.37430700177
8.48383523935
8.56086543251
8.61480176855
8.72385884658
8.8349990941
8.90813391484
9.00886115085
9.11771027967
9.15553198922
9.37038886943
9.43130731511
9.58299722295
9.65727808339
9.80819451956
9.9023192778
10.0143803076
10.1857717271
10.2859626985
10.3952260579
10.4477301046
10.5350830214
10.6228346373
10.6865012927
12.0880955868
12.438709193
12.5875942294
12.7192192683
12.8244746712
13.0319566847
13.284270742
14.7991218643
51
