6.00917802343
6.02107615508
6.02767874277
6.03511646669
6.04954398673
6.08161081557
6.0892131565
6.10830135599
6.13862922589
6.1429596018
6.20946062721
6.22030376053
6.2304341827
6.25033646455
6.26320157823
6.27677972512
6.29931592931
6.3178941389
6.34533465467
6.3572220032
6.38435101079
6.39567763351
6.40684915406
6.418877751
6.43380412669
6.47382713272
6.49700851702
6.57518377748
6.61434569849
6.64575302466
6.67948866658
6.72215075942
7.01213374132
7.07814747819
7.10063883431
7.20292054697
7.52494522115
7.59707817427
7.79516777761
7.84300659029
7.86072637966
8.26860934682
8.36858930681
8.44118728153
8.50246872842
8.53797313278
8.63391678013
8.73727593306
9.00446193585
9.17087435341
9.32684588512
9.37512867791
9.46210239367
9.52920806542
9.61666502289
9.7972409646
9.86491874272
10.0093885854
10.1672104324
10.3323429357
10.4072961832
10.5363616417
10.5842244484
10.7337464355
10.8786179833
11.2083259611
11.5038769881
12.2264550577
12.4969776571
12.6601729114
12.8448762828
14.2234666173
14.3646748676
14.5397735711
74
