6.01221488176
6.02081213225
6.03448729242
6.04839378912
6.06700607483
6.08012762145
6.09313694348
6.09714262528
6.10559341114
6.11529734372
6.13535910187
6.20338088702
6.21640065893
6.23143040896
6.24667731209
6.27200693298
6.29085203623
6.30637121537
6.31659415656
6.3238989866
6.34495912691
6.3770768316
6.39222386883
6.39852826051
6.42397225529
6.43162422374
6.49380376782
6.5243106293
6.58636522455
6.62163471273
6.62868795344
6.65932980995
6.69467339181
6.72641239033
6.73907936441
6.79578605522
6.80209902783
6.8090387083
6.82241579893
6.83663955166
6.87636145998
6.920479922
6.9804473571
7.01913309966
7.12898634733
7.1981767871
7.25754064481
7.361865993
7.59667577967
7.63938166225
7.65687073072
7.7641523291
7.83146904596
7.8625787535
7.95550972748
8.05482143637
8.19751134622
8.28631709208
8.46649197313
8.54034240783
8.62728992304
8.66630738031
8.71266392629
8.88235041721
8.92315167935
9.43414775093
9.51927358944
9.58430743409
9.76149095877
9.86273882024
9.96319242694
9.97983912128
10.1065433173
10.2039158333
10.2881267737
10.3441971298
10.4231144633
10.5420653361
10.6583373104
10.7032262779
10.846247412
10.9391527651
11.1715037782
11.2833943243
11.5163248136
11.8747495407
12.0219232168
12.2244693762
12.4778144301
12.7413875446
12.9127516157
13.1519497891
13.5690155251
13.8927586676
14.2891880344
14.3459382061
15.0290698003
97
