6.01257446434
6.02758821405
6.03897747676
6.04751528439
6.06072290005
6.30233579393
6.32383317246
6.33738180375
6.36600135788
6.40218178758
6.41719373568
6.46467977201
6.49901985807
6.52205097841
6.53800649253
6.6422315023
6.66962115125
6.69553352634
6.70846658605
6.73914930482
6.77708663595
7.2011371134
7.23286883063
7.27204414789
7.2897126461
7.31041984064
7.33761338278
7.3706829346
7.44267018754
7.47505174942
7.4990307269
8.00684106085
8.0225840611
8.10176766542
8.13535961538
8.1841470443
8.21072376269
8.51341930047
8.56055762187
8.63860850619
8.64852081343
8.65745689377
8.72682082884
8.80991814706
8.92579990588
9.01963168344
9.11986012318
9.24490234011
9.25154344615
9.30261434461
9.52321946174
9.55712240081
9.62531546216
9.77301692328
10.4446280493
10.4792334975
10.7292558246
10.8206335274
10.8918626451
11.0276334979
11.2575053575
11.9996609846
12.1916797595
12.2752905282
12.3369332143
12.4202369797
12.4879317861
12.5669724869
12.9173757478
13.1635951167
13.3289370968
15.0206051672
72
