6.03937683769
6.05149798209
6.06168355363
6.06735290335
6.07494980496
6.16189744762
6.20078918269
6.22797916536
6.23797986433
6.25290194475
6.39886723416
6.41900228657
6.42641959483
6.43283242153
6.48670754329
6.50564348376
6.51679939599
6.67767634263
6.68389341981
6.70445855364
6.77278708604
6.78169819435
6.89730434717
6.90666051605
6.95367640303
6.95830055111
6.9682116205
7.18062147017
7.19597141327
7.41251269115
7.79288528234
7.82119219769
7.94319397493
7.97761444708
8.27688680186
8.74355969776
8.86248084235
8.93912470707
9.04167931011
9.14493848876
9.21097932247
9.22222435751
9.62942880563
9.74289552804
9.75761714257
9.82930113969
9.90845619576
9.92704622886
10.1449312797
10.2886046288
10.3758112871
10.6064635361
10.7461172263
10.9164414092
11.0215339576
11.1835181708
11.3650797176
11.7685696257
11.9640286515
12.2756758622
12.2994231371
12.5401220859
12.8379593098
12.9581843069
13.2609024933
13.499903686
17.7637180551
67
