6.00633310088
6.01758469016
6.02550211465
6.03594568312
6.0499693627
6.06090828989
6.07450855433
6.0788527393
6.14498911631
6.21550793011
6.23112231815
6.24252973815
6.26051333291
6.36633546555
6.37448896272
6.40451892546
6.41678815833
6.45922657646
6.46589446878
6.47934582615
6.4856333421
6.56208012636
6.57879573094
6.67164644976
6.71018137371
6.71861990237
6.75627885248
7.70337540624
7.77079133581
7.77771361601
7.82087483129
7.85994533915
7.89323866129
7.9009002206
8.04098612758
8.13548023397
8.15741444315
8.20460428367
8.52992453218
8.57002351672
8.65592456856
8.6776035117
8.85636145384
8.89624892805
8.93109478602
8.97707978948
9.09342950065
9.11566792357
9.15585311871
9.17934577215
9.22255760705
9.38903127511
9.41176909906
9.42760435998
9.70774692251
9.8492745177
9.85588819797
9.92692952985
10.0736972391
10.2107151838
10.2682927804
10.4593657511
10.7049323216
10.7274484033
10.9326539035
11.07729042
11.2261331071
11.3996166325
11.5578382799
11.8022632306
11.9222913726
11.9422508235
12.0655535256
12.2822582635
15.0772901673
75
