6.00643358832
6.01561512983
6.02913318618
6.04107099775
6.08340423435
6.08971204026
6.09441710944
6.14982571173
6.16622720859
6.17331546768
6.17973213546
6.18820863566
6.1974762232
6.2027868166
6.23135025799
6.24509242568
6.40120766104
6.40636387865
6.41761619492
6.42565899264
6.44192932373
6.47537357007
6.49053542239
6.5360208328
6.55281090513
6.57307311305
6.62543201038
6.6502229936
6.66012330531
6.72829205036
6.77679386711
6.8306721772
6.87414747984
6.91328661659
7.15027958659
7.21542231856
7.2461629408
7.28179554789
7.3470813266
7.3862795781
7.40601365565
7.51298509984
7.59204584436
7.65520186198
7.82053644322
7.91037235173
7.97311492713
8.00214489586
8.07781405875
8.09394325664
8.16591077506
8.21889357978
8.29604850031
8.3460724506
8.43657179304
8.6533937488
8.79323447949
8.85088893557
8.91097601652
9.02980777037
9.12460084491
9.18640989065
9.28672451001
9.46505145856
9.56410003087
9.68333530571
9.85435302639
9.99005329935
10.2249337459
10.3253557998
10.508018477
10.6840053297
10.7896461495
10.8750842223
11.1269294851
11.2618664041
11.464041025
11.5273354062
11.6408898843
11.7371055743
11.8842089651
12.1247925982
12.3282263612
12.4489291927
12.7879058829
13.0994870463
13.2962325401
13.6124271959
14.1470222854
14.3434745237
14.4743501094
14.8175253702
92
