6.01624973727
6.02624155521
6.03379029951
6.05591159376
6.0770030128
6.08839653279
6.10920149131
6.12381456612
6.14090785376
6.14645750299
6.1518253101
6.15996802858
6.16899712271
6.17276702578
6.18755035516
6.2161643015
6.22103591187
6.23332898926
6.25811692964
6.2675952085
6.28145985742
6.31338401938
6.35217165342
6.36116708686
6.37217489246
6.389928496
6.40952787261
6.45483699485
6.48476665899
6.50828643979
6.51570484745
6.54398673145
6.5535482014
6.5778732069
6.61503133767
6.63149902117
6.64023336067
6.66160477637
6.6746312502
6.6987483953
6.74503496563
7.72926835421
7.80034351442
7.8406932394
7.90644841433
8.01395188568
8.09295752721
8.21021104238
8.24243119319
8.25013613934
8.25536431058
8.3756078796
8.41106784437
8.48447722081
8.52946035531
8.63179339027
8.84049314385
8.92031726043
8.95463960791
9.03472420352
10.8232340149
11.1517200623
11.2233365522
11.3152215946
11.3261864509
11.562627032
11.6428385927
11.7878826751
12.1432668633
12.7091257155
12.8589849068
13.1481474071
16.9883760108
73
