6.06890325063
6.09777729612
6.12761283731
6.13495581899
6.14176529726
6.14904146443
6.17557345147
6.19475011179
6.22131943894
6.23448838552
6.24699017827
6.26239796627
6.26744184758
6.27722390379
6.28845621546
6.29869624824
6.30542735163
6.31534796503
6.34309787782
6.36168903065
6.38551797437
6.40255521203
6.42490636536
6.46060960344
6.47628820894
6.50028752513
6.50817454635
6.54250583077
6.56445527166
6.58828610092
6.61504477958
6.65794133948
6.67283623636
6.68419494491
6.70908376774
6.71745135594
6.78571853966
6.81421116638
6.86829835254
6.87282998708
6.88390058153
6.92698348006
6.94341512447
6.94995018508
6.96960873206
7.02040204028
7.11318020913
7.11881126996
7.16432801797
7.19153267359
7.61396167394
8.65884381857
8.71131132331
8.72365479839
8.84281758083
8.89234227511
8.92606219715
9.06929856672
9.12166609699
9.15145990161
9.16933307134
9.28240748377
9.40954745862
9.41691504918
9.48273606913
9.61571788638
9.68828244949
9.83397862149
9.84530539765
9.88794810785
10.0874585615
10.2858359066
10.3627328662
10.3889565547
10.6018416017
10.7846730754
10.9190547875
11.0491920151
11.2094443382
11.2640808332
11.4417632227
11.7373186987
12.1467144838
12.3840169584
16.4890595554
85
