6.00963760537
6.01756929838
6.02359456915
6.03522633055
6.04321969244
6.05210431826
6.06638045748
6.07267540455
6.08580078756
6.09290649677
6.25373947136
6.26689260913
6.28312663199
6.29307985335
6.29642177336
6.31497331679
6.34018202295
6.34431765789
6.35365815807
6.38332290122
6.40035984434
6.41700033087
6.4252586443
6.4572660963
6.47241804885
6.49505086365
6.92076710117
6.9506945874
9.57605511818
9.85458228951
9.9480933264
10.0373043184
10.1868758342
10.3597196658
10.4372138498
10.6600244799
10.7027341183
10.719544295
10.9332272937
10.969238128
11.0756221347
11.3856585397
12.5103872917
12.8050499217
12.9726093974
13.2589555241
13.9300400045
14.8226856248
48
