6.01184256456
6.02295273027
6.06024818469
6.06789559082
6.18252224859
6.25296355439
6.28731527046
6.29648004563
6.30129033364
6.32394852748
6.33075161899
6.35719739144
6.36938834246
6.39235714953
6.42343480723
6.44950251036
6.45351107735
6.47702641545
6.4991030064
6.54788747524
6.82994147331
6.88552784833
6.99254514749
7.00878854407
7.17395961149
7.17886901253
7.20800969646
7.25353000211
7.29222638282
7.32875699566
7.38025417574
7.40659635483
7.49268227483
7.5340564617
7.60413889017
7.63229405205
7.63657922908
7.66763464888
7.85582987001
7.90241005971
7.98548665868
8.01284034994
8.04791108454
8.09393086786
8.11381107113
8.1700179092
8.56655572971
8.74198859655
8.8029390092
8.90279677807
9.01820523855
9.18373893096
9.19508807964
9.47414083224
9.64716664074
9.65923531318
9.67996535757
9.7801084783
10.0556780553
10.1620524097
10.2267531814
10.2824188564
10.329171349
10.4820932626
10.5313796159
10.702891046
10.8145932495
11.0520145616
12.0279377278
12.0836923939
12.5675612388
12.632397157
12.8484316581
13.1363480622
13.4618573992
13.789844549
14.0040611444
14.4392560358
15.4256477587
79
