6.00741389399
6.02368881576
6.02881163938
6.04039672342
6.07216162406
6.08594972863
6.10530314824
6.11344193847
6.12860224505
6.13577674055
6.1468506468
6.15482796323
6.1815682057
6.24815600657
6.26487653693
6.2774411436
6.28496633932
6.32148957877
6.33388099878
6.46821354758
6.47646656027
6.49315765353
6.50266701831
6.55235003601
6.56145457028
6.61466443984
6.6193652035
6.6309782393
6.64036591242
6.67834648503
6.74662181496
6.76264051377
6.83334217175
6.87091891215
6.8795136969
6.92002807619
6.96580297856
7.01446379043
7.044689332
7.10095411041
7.11152927127
7.16047743618
7.30027926934
7.3236123521
7.33097800624
7.3754343191
7.37996346662
7.39530214413
7.45825848761
7.50802123142
7.59935134729
7.64047717414
7.67773525929
7.71667990189
7.7862407716
7.88895373564
7.94544333464
8.02647467739
8.09789065663
8.16007929512
8.2334277139
8.27415404511
8.29647557175
8.39523054783
8.50640973946
8.52505085382
8.57913024533
8.65162025082
8.71330025088
8.75917863874
8.79571229135
8.86872554359
8.9638222595
9.07280866034
9.23957740345
9.3162498929
9.42347908381
9.50944825446
9.51978414319
9.66141530345
9.84032321724
10.1143659335
10.1528356521
13.1589954362
13.8513213288
13.8840202678
14.3629335135
14.5945042942
88
