6.02819455501
6.03869364376
6.04518551459
6.05251804929
6.15125943834
6.16333299795
6.18108843812
6.24707049162
6.26633678354
6.28142599548
6.29519777389
6.34068494654
6.34812860572
6.36319094801
6.38974039826
6.41611940994
6.43055623156
6.45681008203
6.50788937084
6.51922295184
6.55024638602
6.68981240742
6.71029260218
6.86813577185
6.87437749162
6.91124830667
6.96866259725
7.02897378531
7.05582990804
7.12445817367
7.20235638152
7.23219423337
7.29530089644
7.3521151244
7.42360814071
7.51320730185
7.62126373447
7.63413319209
7.65511528503
7.66032059744
7.71656566493
7.74679743325
7.79189105935
7.85551061192
7.89557475091
8.02535719836
8.04325327777
8.11837164246
8.14651216845
8.23136548756
8.32270811458
8.40274395473
8.48677593003
36.924228882
54
