6.01594275119
6.04349698016
6.0542873536
6.064654254
6.07353713522
6.09637941954
6.11487718111
6.13920187073
6.14809628692
6.15811796035
6.23622012561
6.25570143327
6.26702661681
6.27512879228
6.28951578694
6.30804923968
6.34216266745
6.50217780665
6.52837547242
6.5429406278
6.55916991493
6.66656567251
6.68833018231
6.70811742262
6.71758122468
6.73112218876
6.74860511076
6.78004617865
6.78820687652
6.87306115161
6.90767219015
6.93873479499
6.94390207374
6.98809788779
7.06351371096
7.1247961098
7.18005816026
7.21033265711
7.35498387865
7.3586994919
7.41130615037
7.47651515979
7.53235812474
7.58092143295
7.58783671876
7.6070664218
7.67794494718
7.72274019093
7.8148612299
7.97468173206
8.00938647479
8.11667248258
8.22125099824
8.22568564821
8.25225456818
8.30262514711
8.33875510519
8.43995668395
8.46130668583
8.54064546509
8.62583853804
8.68414483345
8.81140397186
8.97454531018
8.99161653625
9.05922575116
9.35213897422
9.48633540939
9.55009758726
9.80055605682
9.85724772502
9.94362659074
10.0966128184
10.1682988247
10.1897865723
10.3731441897
10.9901861562
11.0598253241
11.3989955144
11.5131445189
11.7075565595
11.9407798143
12.0217893183
12.039017814
12.2714498137
12.5113140038
12.9730503808
13.2145310872
13.468075406
15.8681386424
90
