6.00732631965
6.01140847462
6.02874229882
6.03998087143
6.04304432786
6.04612751509
6.05919443262
6.07085982787
6.07564117694
6.09461409388
6.09807052126
6.09991861673
6.11654418983
6.1359528683
6.15344338589
6.16496084504
6.17828578152
6.19827397447
6.20089733758
6.21457386429
6.23655901463
6.24488325302
6.26032070557
6.26946053014
6.28016147139
6.28423607557
6.29889612755
6.34524608868
6.35516083948
6.37725936593
6.38403315741
6.41560658683
6.42194683835
6.44505752131
6.44671305132
6.47263849003
6.49725491231
6.52424086845
6.54265679599
6.55158206784
6.56504065581
6.57771413487
6.60302168154
6.61716922495
6.62977905457
6.64942088997
6.69253709332
6.73401316176
6.74676771991
6.86548378165
6.88613162309
6.94748454904
6.97207221289
7.03027231801
7.10416931326
7.10777001469
7.22499447923
7.26756393729
7.29204251242
7.32518335604
7.43944376682
7.47464421287
8.26930342972
8.35906026495
8.39255552626
8.45557529207
8.46319021521
8.49190726628
8.51380566768
8.60242085671
8.62256029776
8.63120664533
8.67559214411
8.74419785021
8.80216083921
8.92568497199
9.01685983054
9.02317840714
9.20078526685
9.23898181412
9.33927830212
9.39662488269
9.43384231143
9.96237105074
10.0246759715
10.1140830784
10.1845495288
10.2689562027
10.469116204
10.5482171802
10.6773677549
10.7642261628
10.8327630505
10.9177512843
11.0290306578
16.2350900353
96
