6.0007046529
6.00856560732
6.01104404213
6.01589662014
6.01917212546
6.02248832739
6.07038179876
6.08581544721
6.10118926069
6.13642738131
6.14884520862
6.15653932062
6.17854568969
6.18259013922
6.19178682737
6.20644247614
6.21944941724
6.22553333664
6.24462712888
6.26460230199
6.28906146267
6.30609769375
6.31502421485
6.328434134
6.38244498562
6.40459256583
6.41569849554
6.41827737265
6.42319004452
6.44230148342
6.45152981925
6.50145625584
6.51518966231
6.53960590681
6.56219045239
6.56433024029
6.58096978773
6.6326579683
6.65865945368
6.68654723378
6.70392153927
6.72672873738
6.75019535203
6.80430176832
6.84476508162
6.87057256185
6.87910049974
6.8812766037
6.90073309648
6.93132127699
6.93594209869
6.96589094146
7.01199204967
7.04443595623
7.08188606859
7.12369847317
7.14865489821
7.16056203822
7.20003741892
7.21567736644
7.27658703144
7.32022733205
7.3440401703
8.01621898842
8.06517057472
8.10791490827
8.17965550968
8.29420479275
8.34668739527
8.40612591769
8.46812850836
8.52819886943
8.53799860573
8.6579240553
8.67514573824
8.77294924736
8.8566527126
9.01578059786
9.09910641151
9.1568526254
9.9102316257
10.0306829674
10.6979760381
10.7923293843
10.9027192991
11.0795820172
11.1822881453
11.2308264917
11.4137496305
12.9181096091
13.1748039594
13.3035917621
13.6081025293
13.7056567001
14.035564931
14.2182646129
14.8900933025
97
