6.01179789711
6.01890768983
6.02339583153
6.06695971165
6.07070306307
6.0715096067
6.07947297716
6.08261814926
6.09585708523
6.12481639453
6.13888667997
6.15867825262
6.16048657183
6.18549228671
6.20506234286
6.21980314381
6.22269248274
6.24207981588
6.2489212503
6.26321318497
6.29938777636
6.31678871057
6.34529753066
6.34777585425
6.35782723613
6.38512053324
6.40615811152
6.41329048648
6.41657247113
6.4238043608
6.42548949693
6.43490955757
6.44571957731
6.45355335406
6.4638778086
6.46944653912
6.51284763604
6.52414995937
6.57077827679
6.5974930448
6.63220452721
6.64997099597
6.705282816
6.71913966182
6.72810140025
6.75149332169
6.79412180107
6.82676569683
7.02761482994
7.09088034921
7.10908642365
7.15964900477
7.17773332129
7.20425999662
7.21285187962
7.24098231052
7.27578893551
7.31697336559
7.34015636394
7.36967254584
7.46950949173
7.53267942591
7.59524691658
7.63066559934
8.04661926949
8.09024446688
8.15172534308
8.19115051055
8.37900939039
8.48101252975
8.57738955916
8.61397399065
8.6699539982
8.72989559899
8.80187932391
8.8108171933
8.87000161343
8.87627703472
8.88756311679
8.90734991926
8.96577794449
9.04628645331
9.10515079942
9.12500366573
9.30408151323
9.38960702413
9.49150576579
9.57499037177
9.67501013212
9.7713588745
9.81379308327
10.0682998023
10.1548497322
10.1845054513
10.2138429939
10.4336938809
10.5263703677
10.5700643152
11.802542776
11.9373568685
12.5963680083
12.8564310012
13.4536066729
13.4810592661
13.9044642264
13.9258971755
14.2192009232
14.4575773326
15.5707016858
109
