6.00463764199
6.00564403115
6.01033456282
6.01141063597
6.01760377251
6.02170251115
6.02687153199
6.03165889379
6.03287134648
6.03615169576
6.04761549157
6.05096353068
6.05399115077
6.05715542848
6.07001032973
6.07287866248
6.09180159078
6.10162395818
6.1024894565
6.11852275647
6.12393678404
6.12611380435
6.36195559252
6.36469480975
6.3783973775
6.39370137483
6.39864525298
6.42407473991
6.46811183228
6.47894783421
6.49388344519
6.53799198914
6.56969491028
6.58647700553
6.60309653248
6.695575654
6.72598129372
6.75582848561
7.00438148879
7.08947669566
7.12895331226
7.15897661513
7.19817651113
7.29042729291
7.35624187273
7.4026404402
7.560739161
7.59556999665
7.63264370261
7.64441176672
7.71467335281
7.76521988687
7.82039201081
7.8965114728
7.91418418891
7.95104090711
7.95642249979
7.99105270516
8.01248805998
8.09783501276
8.12284096935
8.17112301419
8.19305751336
8.25378382397
8.31121844022
9.74254503376
9.91643461612
10.0371860373
10.3521511335
10.3942305725
10.475079457
10.5872321143
10.6321254498
10.7022609156
10.9213220035
11.1448505726
11.2559054831
11.7207108635
11.7658227169
12.0864206467
12.1960862882
12.3595258666
12.5711331026
12.6664324677
12.8087556805
12.8612112106
13.4354434132
13.7997689073
14.1614836816
14.2568058411
14.466395787
14.6328680178
92
