6.00490952764
6.01269287103
6.01376527255
6.02192063117
6.05728380638
6.06067365394
6.06799560802
6.08761297742
6.09952298536
6.14118582298
6.15817219555
6.2550717631
6.27975887814
6.28069553169
6.29971500249
6.30084417378
6.31626904029
6.36835010855
6.38891680052
6.40399240673
6.41948397766
6.42294986704
6.44084414169
6.44922312331
6.46052348716
6.48102711173
6.51545848848
6.54474266854
6.56912883337
6.58002548078
6.59285073215
6.60030137902
6.62096457575
6.63210638096
6.66199678183
6.68228151332
6.72716998832
6.95203421072
6.98669893063
6.99604710416
7.00126695812
7.02504061622
7.03946768424
7.07486215763
7.09109796374
7.12739453308
7.16192122346
7.18670338698
7.20535637572
7.22885635643
7.29733182903
7.34913399337
7.35524653699
7.71810314963
7.75471708048
7.93683201395
7.97021368602
7.98670930449
8.00042661354
8.07512675746
8.1521897025
8.18180601603
8.21342676984
8.24644186598
8.35244578796
8.38388364417
8.39044990935
8.42039254132
8.50420467369
8.57281172888
8.63251330442
8.77404678788
8.96443230254
9.0592583572
9.1540295805
9.22065735331
9.25171874003
9.3122371328
9.35069751967
9.35692162796
9.51376710439
9.5418800801
9.77340179981
9.82355176252
9.87567026501
10.01222605
10.1044224642
10.1110606408
10.1769732523
10.3989325656
10.4761143018
10.5038975325
10.8730696908
10.882562162
11.0688671477
11.238092601
11.3599649087
11.4886574196
11.7632250273
12.0469935435
13.7241277179
13.8521600659
14.000199354
14.2228737994
14.7641523589
105
