6.00491070412
6.03904959744
6.04873911454
6.06429484487
6.08686883651
6.09680393692
6.10553702052
6.11922833996
6.12641311802
6.12846489114
6.14367362011
6.1777462349
6.18345572421
6.20088136732
6.20315913291
6.22409143528
6.23790582164
6.26052102701
6.26423060616
6.28374753422
6.29971668131
6.36011036054
6.37255568609
6.3820363844
6.40023876348
6.40679569992
6.42681156644
6.46636663027
6.47330150776
6.4893802281
6.49699986063
6.51061935248
6.54266667781
6.55297485252
6.58724376967
6.60491176053
6.60753041422
6.61078942942
6.62244399189
17.190502999
40
