6.04915130217
6.05601126825
6.07043243642
6.08116076305
6.09209249457
6.09387109703
6.10631461286
6.11413925523
6.1210113588
6.12561886292
6.14170815366
6.14450484514
6.15232372484
6.16477967162
6.17052678861
6.18773020034
6.20713122463
6.2597289734
6.26414232062
6.2658133088
6.28880970498
6.29953343129
6.30580552145
6.30989858881
6.3229779487
6.33743344478
6.35925009898
6.37184048646
6.38712030945
6.409484508
6.47835839153
6.48894892665
6.51707229695
6.52183863826
6.54581555952
6.58524253916
6.59808506965
6.62198107731
6.64021733369
6.66006958611
6.67767633011
6.70161087938
6.89145985898
6.90524486761
6.9128800969
6.95655175446
6.961649058
6.97789525647
7.01844775715
7.02343483157
7.02750686672
7.08588552712
7.12580545
7.17662563001
7.20942645815
7.2240112553
7.23024135561
7.43825827459
7.53279648459
7.58442651176
7.63944158337
7.66771531356
7.70318982525
7.79075807028
7.82681227703
7.85891184689
7.91653813209
7.95216815125
7.99370651972
7.99844639256
8.00320902055
8.01613891479
8.04620687597
8.08683153612
8.20961681933
8.24259623503
8.33104210125
8.34987807215
8.39999652803
8.47920768074
8.59073863974
8.73464979537
8.87946217937
9.0950000755
9.16862926916
9.80581319993
9.93657347778
10.0219551742
10.1040424469
10.267506476
10.3578794598
10.6570616159
11.1819751022
11.2720680717
11.312910207
11.4067036822
11.5134364726
11.8362338113
12.0748788664
12.319701836
12.4375545958
12.60427138
12.8403767675
13.1504359347
13.198263451
13.4081193778
13.4833209907
13.4994603928
13.9385539842
13.9914091847
14.2987285625
14.5063105134
112
