6.00231759059
6.00324278097
6.006075569
6.01397048978
6.01852916101
6.0259268096
6.04081918151
6.049820128
6.06438217078
6.11400228138
6.12196231781
6.13329177084
6.14952926881
6.15646626964
6.16107952661
6.17180521688
6.18793753705
6.19289527443
6.19945587048
6.21167824949
6.22298902394
6.22793631075
6.23453263837
6.23804960489
6.25942118887
6.2609738504
6.28385482962
6.30862687803
6.35154614003
6.36297623928
6.37956417741
6.38802207707
6.43515133457
6.45501514115
6.5499493439
6.5561177435
6.56644636788
6.62824521221
6.62995447914
6.63649660392
6.63974030922
6.64984157406
6.68445482316
6.71581573739
6.78831590886
6.82675558276
6.84250786996
6.85148224429
6.89285885253
6.92292301889
6.96564069342
7.02226653839
7.04665560301
7.10971027705
7.15865778302
7.1685557919
7.24439968618
7.25851877675
7.28854960616
7.3538837192
7.36174374647
7.39945707102
7.4755066755
7.48477383575
7.53709137214
7.59511159873
7.65725788165
7.70522134376
7.77079680122
7.80293001048
7.848592969
7.87701283837
8.04331481146
8.09433618175
8.12419410356
8.21732580052
8.43948418247
8.44953527096
8.47714695342
8.6322969142
8.74422985795
8.81939588001
8.93651601241
8.95966020474
9.03224384031
9.36901856602
9.45008062692
9.52442271015
9.64610534054
9.68979721933
9.75722262446
9.87327841542
10.9424031271
11.1148900029
11.2898797622
11.3643734689
11.6433794907
11.9579905664
12.0384282245
12.3180980126
12.3910699875
12.5876836498
12.732899067
13.0316539983
13.3606707179
13.6024809612
13.6220464614
13.9930243333
14.1813625649
14.3974441947
14.5410529811
111
