6.00922020543
6.02346510638
6.06261003896
6.07042363915
6.09001066296
6.09666963879
6.13661202906
6.14793994001
6.1656455968
6.19015043992
6.2002704838
6.21673880945
6.21948260106
6.22927592836
6.24643236853
6.26169794474
6.28326534242
6.30162846639
6.32747472732
6.33006635599
6.34468343719
6.35527904948
6.36743832456
6.38881770066
6.41854968544
6.4279310773
6.43634777255
6.44440692537
6.44915479054
6.45627869442
6.48801858744
6.51087670863
6.53766690161
6.56122222854
6.56935468098
6.65696109108
6.69253544864
6.69443478843
6.73337061936
6.75021705322
6.83835293587
6.86008801744
6.89107290291
6.93574729836
6.94243866681
6.97596816441
6.9976697315
7.00044507054
7.05159059669
7.0649042528
7.09897473514
7.10834297681
7.17149220102
7.19964360378
7.20380029622
7.27136625384
7.30800147297
7.34340752401
7.35167289673
7.44190723148
7.48501897515
7.4902741207
7.53705725531
7.5702632
7.63818499488
7.65547194873
7.71460791842
7.72093241748
7.77812972179
7.80281984836
7.87598477353
7.91613053615
7.94541527003
7.98652624341
8.12455624297
8.20452253702
8.23304105158
8.3067127386
8.31169595125
8.40238271785
8.50100319025
8.61450346274
8.65599113611
8.77641340968
8.82377141655
8.88741877099
9.86463588316
9.9281898462
9.97844821974
9.98824821987
10.0823614214
10.1726370015
10.4986440935
10.6792818308
10.7644362591
10.9127395152
10.9712983989
11.0659460458
11.1816478433
11.9456705733
12.133778682
12.3680669565
12.5894827622
12.8552296096
12.9711289762
13.2386843333
13.3743572815
13.426835164
13.5826122707
13.8206390772
13.9625994039
14.3764577881
14.5194931641
113
