6.00760939552
6.05128712237
6.07961367768
6.08126455881
6.0844705297
6.09348002124
6.1062671174
6.10875630148
6.11734330983
6.12018655511
6.12884143782
6.13475880075
6.14854115369
6.15182989369
6.16166014041
6.16445659545
6.18292940896
6.26989924932
6.28247976274
6.29158670887
6.32815852118
6.33418877437
6.34619752726
6.35779806596
6.37431502076
6.40189857691
6.40361146549
6.42756816186
6.46812971163
6.47757869771
6.49122223086
6.50720612429
6.52552688526
6.5435372111
6.54784262592
6.5753162609
6.59083913794
6.61140048343
6.6362843021
6.67182183453
6.72680009802
6.73533671143
6.85811526537
6.89597290396
8.44137112342
8.50606122813
8.59746642424
8.64477310553
8.81141023876
8.82687900953
8.86540036366
8.87569841668
10.0781350118
10.1678348583
11.4435472931
11.461263037
11.5290453134
11.6815352636
11.9624759618
12.0644310781
12.4148460643
12.4478930837
13.0342060743
13.228129674
13.3858537841
13.9399094893
14.010477448
14.2594572295
14.3562956838
14.7505008943
70
