6.01124220472
6.02110759245
6.02245825613
6.02395098981
6.04304386924
6.05767077251
6.15047407263
6.154151101
6.19074144464
6.19254958769
6.206907957
6.22036283161
6.27123569502
6.28552874045
6.29998835191
6.30486357634
6.31080635309
6.32495100324
6.34815005405
6.35594482216
6.37114750368
6.37293924794
6.39796675546
6.41171707206
6.4415538695
6.4542570589
6.47419182208
6.49096378388
6.51982367976
6.54049413378
6.57854694823
6.59519741311
6.60073953011
6.65212178038
6.68541897195
6.71626894131
6.72057645139
6.74708843905
6.7505596863
6.78675916583
6.81767364357
6.85457197999
6.89263938914
6.94113001522
6.96010638931
6.9730722851
6.99995555102
7.03609728143
7.06941547599
7.11148930469
7.15948708177
7.30649275686
7.33001222576
7.35383539419
7.35911420591
7.43413460599
7.49966450267
7.54270426047
7.6026913554
7.62975786647
7.71012051893
7.79723736495
7.87016207297
7.88936382457
7.97941214157
8.02957354431
8.08076112282
8.12857942605
8.4302228883
8.48112068246
8.60827545609
8.66326998715
8.67000107464
8.76915156043
8.9522638145
9.05516991171
9.40275621779
9.4834687171
9.56720889847
9.65256350501
9.72899994668
9.87375221952
9.88424332204
9.95139841351
10.1189748838
10.1965092
10.6959063832
10.9579978562
11.5033052877
11.7457276572
11.8445296398
12.0480329083
12.1425956781
12.5322147827
12.6142179239
12.7562247906
12.8376613126
13.0063273239
13.112027283
13.671991948
14.2043852914
14.7532518111
102
