6.01900724063
6.02259002006
6.03764755617
6.04663384849
6.06498646785
6.07172682941
6.07415189316
6.08906033615
6.09350086196
6.10402300003
6.11957385938
6.12915285741
6.14378220066
6.16550912753
6.19393773187
6.20991601312
6.22926676989
6.28006436469
6.28365771099
6.29352651033
6.33341246253
6.36798383137
6.39496805564
6.39890457128
6.40106682616
6.41248976952
6.43667651749
6.46337735055
6.48124127133
6.49762868242
6.54276843497
6.55222586052
6.57823367742
6.60226709376
6.61505554601
6.62928803527
6.65814497273
6.66563372932
6.78405416382
6.80391713025
6.86585611623
6.87448464335
6.8940890988
6.9300068754
6.93332684882
6.96995441531
7.00683827186
7.0332478524
7.08565376493
7.09491011409
7.1028531045
7.11364434178
7.129350256
7.16373572388
7.17597023961
7.21523307168
7.25100249241
7.32318422725
7.3727295142
7.38954463941
7.43873034861
7.45914316279
7.94878043622
7.98638994954
8.06687936229
8.0832586261
8.24739208891
8.31678772411
8.381032028
8.39466405413
8.41909658367
8.63774003119
8.70865142835
8.75888492326
8.76724545713
8.80280900242
8.85108695278
8.8900142271
8.92080590914
8.99893292836
9.28152951574
9.34126681403
9.42277244711
10.0901844279
10.2174213187
10.3334031186
10.3515801684
10.5388025446
10.6149582676
10.7416047769
10.8467929666
10.9308210414
10.9956106809
11.0840233532
11.297414782
11.4218215794
11.8034103828
11.9884276474
12.4307559083
12.5603560118
12.6950601033
12.8256273856
13.0291135587
13.0591790341
13.5939239564
14.1801155083
14.6176701695
107
