6.00524470536
6.01166527744
6.17967402223
6.19644738709
6.20460964188
6.21308124027
6.21749825628
6.21836586181
6.22765125508
6.24141862707
6.25560825691
6.25667997333
6.27195197116
6.28731429033
6.30470973832
6.33006872952
6.33983648424
6.3424044308
6.34374764462
6.35572297202
6.37931283181
6.39229141739
6.47329272967
6.49020035379
6.49982075754
6.52018773562
6.53762895001
6.55570503767
6.55879690708
6.58091708221
6.60038175014
6.60914508585
6.66860936146
6.69169441598
6.71414049417
6.73860708235
6.75858985851
6.78057926414
6.80842863494
6.88243924058
6.91677754105
6.95322822805
7.06901590388
7.10271211816
7.13297820473
7.1385255596
7.14348186079
7.16917900891
7.18489464331
7.2398808368
7.2738122811
7.3356969673
7.37622876753
7.38822549152
7.43049464612
7.44428263418
7.49095415525
7.58301871865
7.82049744092
7.85773664411
7.88593473736
7.88980856112
7.90402535444
7.90947505354
7.97500317419
8.18109756502
8.27907406947
8.39250949859
8.46629113666
8.49176068719
8.54479517369
8.62913561975
8.71635478245
8.77294062682
8.79262841386
8.91874300239
9.01992323517
9.06080595322
9.13431664446
9.22266628357
9.23730448616
9.32345545448
9.47513118251
9.60748613167
10.437747452
12.6644512728
13.1717782584
13.4339395616
13.6284731291
14.1678356972
14.4640134128
14.7468507335
92
