6.01274346788
6.01837933206
6.03915080379
6.04175120035
6.06880489663
6.08055209664
6.09278595317
6.10255084883
6.10829305191
6.11043131173
6.11996547769
6.13448425334
6.16019292357
6.17830400105
6.18777549831
6.18917777456
6.196425461
6.20752149419
6.21642534413
6.86861407236
6.87998129017
6.91520121664
6.94092607488
6.94324278805
6.96921237778
7.02207100038
7.05764639052
7.07781714914
7.08399826494
7.13251068683
7.1482915955
7.1657524947
7.19544565966
7.22306566066
7.22641173615
7.277150653
7.31089801981
7.35497925701
7.35765720431
7.38877592023
7.43853044298
7.45932478094
7.47404663233
7.52039148358
7.59065653164
7.61740204431
7.66799159239
7.6976982854
7.71068218365
7.71562442901
7.76095130329
7.84778355899
7.90798153785
7.9376719136
8.05922155323
8.12410887194
8.16191948814
8.20332686316
8.26773905227
8.31542928776
8.51397484536
8.56493666995
8.65382718286
8.84304642251
8.88620993687
8.95242132332
9.01118212357
9.1128214275
9.13500963316
9.2798582951
9.328470602
9.35507483198
9.43878967422
9.5266202827
9.65837930474
9.66942077435
11.0509636306
11.0857987573
13.830283878
14.1585240441
14.2739399641
14.5721674155
82
