6.00377868475
6.00590426527
6.01293655851
6.02192419527
6.10296960821
6.12192482994
6.1289669034
6.15635366602
6.17452052161
6.18903266019
6.1962139691
6.23962237254
6.24907975845
6.25687407392
6.30523375659
6.32129734626
6.34117627766
6.34913293035
6.37917508163
6.39278479038
6.40296356821
6.42015264151
6.44610275192
6.45285537919
6.46838859842
6.49191929579
6.90185160397
6.96893356386
6.98235599046
7.05519849706
7.15830988408
7.16185383892
7.19051488783
7.24310950403
7.43062319031
7.47096918418
7.55640514735
7.57914356041
7.60724911266
7.66316390638
7.72795279626
7.78375916078
8.1562285533
8.27066409675
8.29503742174
8.30789729157
8.33380721878
8.36624515019
8.39936127041
8.43388466346
8.49392287086
8.50942203971
9.22665516915
9.28001803412
9.47314512854
9.51887339161
9.54564210616
9.84828655799
9.93581786826
10.2393298472
10.2553006114
10.3033264324
10.411564092
10.4552060377
10.8016616216
10.9307990724
11.1127985312
11.8370879863
12.0198128834
12.6355186295
13.1458037901
13.201471431
13.3305575599
13.6339907323
13.8356294005
13.9957744912
14.2768325059
14.8000080712
78
