6.01401769714
6.02511164211
6.02711518221
6.03946764411
6.04466570044
6.05817889561
6.06525319936
6.06815056016
6.07915061816
6.09506512383
6.10479479962
6.10608303466
6.11883720217
6.12340084944
6.22118543732
6.23122985134
6.23527221212
6.25494459734
6.27200644472
6.2753212733
6.34774223901
6.35713571127
6.37283625631
6.3804639938
6.38491556408
6.43294353555
6.46218672855
6.48972741897
6.51411195041
6.53078164229
6.55513850854
6.58865834207
6.62340157678
6.65101561565
6.69104987212
6.74731124226
6.75309599312
6.76890962443
6.81334779972
6.84776698618
6.8861952175
6.90836206708
6.94263583398
6.96479198824
6.97355104407
7.05678933887
7.05978346371
7.15829960905
7.20888474168
7.26463516559
7.3242640439
7.37984300098
7.39660948439
7.45649156656
7.58108355347
7.609868512
7.68598405669
7.71408541342
7.79044343013
7.79818747308
7.82742845109
8.15486108853
8.1737089672
8.2033349371
8.28923883738
8.52658689914
8.6519329129
8.65808786236
9.45891762082
9.52025183866
9.62597146697
9.70556643542
9.94949095416
9.95664214224
10.04633656
10.0561913346
10.130855825
10.210586559
10.3781832175
10.5447826495
10.6063522105
10.7293118368
10.9949284208
11.0568081612
11.1111972534
11.2216941196
11.383952121
11.4849232596
11.6621077698
11.7616125539
11.9110465807
12.0732287992
12.1806565788
12.270401998
12.5184067347
12.6690067356
12.7646337426
13.0323723221
13.2164367494
13.5026201317
13.7675067318
13.9510163855
14.2802978121
14.3954105633
14.846309326
105
