6.01664463876
6.02711438121
6.03118530412
6.0336535462
6.0369978698
6.05473288957
6.06660591825
6.07198480017
6.0837423338
6.09968152415
6.19825381512
6.20340031793
6.23274085355
6.23432246144
6.24220350585
6.26669083737
6.27995877013
6.30200694812
6.30871474378
6.3346515278
6.35147093207
6.36913709481
6.38344544998
6.38844792072
6.39711077211
6.41157210071
6.42513038605
6.44904397649
6.47407032041
6.48814032853
6.51000267862
6.5231325128
6.54117376981
6.56149061828
6.57492311283
6.58913122291
6.59627646576
6.62214317343
6.65034581933
6.67422326184
6.70210389023
6.73742618384
6.84242037457
6.89289706424
6.90612357875
6.92253154672
6.96248326597
6.9892067628
7.04646972199
7.06701567708
7.07171764341
7.21121541569
7.25244870899
7.33906603032
7.3566344073
8.40390242702
8.51229946369
8.59506776187
8.6774191751
8.73685534456
8.87134478311
8.97056836364
8.97680347492
9.02458635424
9.03292646777
9.06772618479
9.08793132761
9.39452152853
9.77442815255
9.96483538287
9.98106622866
10.0488409811
10.1824840344
10.3340047699
10.3757171775
10.577805524
10.9444057638
12.1432613653
12.1938876237
13.7968583049
14.6119023254
81
