6.00194020638
6.00441891097
6.01749458382
6.02221522735
6.02742076739
6.03895317513
6.05394560972
6.08835595277
6.09679238391
6.11219829868
6.12358926195
6.12955681617
6.13754277276
6.15987660196
6.18479011305
6.18585622581
6.19509787537
6.19640889409
6.20680270264
6.23612030045
6.24335108725
6.27578393575
6.30236328534
6.30390344342
6.31252928767
6.32720418949
6.33539815247
6.38534176533
6.39162978496
6.41088474928
6.42878322262
6.44324065875
6.45675168789
6.4775919098
6.48276986603
6.4978578161
6.50628716726
6.51357862679
6.54094795936
6.55237648888
6.55597879223
6.56969408567
6.58351921843
6.60192647848
6.61567099819
6.64669765802
6.65069989652
6.65352512193
6.7640072139
6.7728915619
6.7885376383
6.80124300847
6.80379353717
6.80613981211
6.82799427825
6.84044069882
6.85393319889
6.90124355525
6.92179155825
6.9566400627
6.97051026102
6.99066450668
7.09117295187
7.10735653161
7.15106137971
7.16128799636
7.19670844979
7.23582472161
7.27390991784
7.39028360167
7.40039598312
7.43222304646
7.46754876617
7.52505762817
7.52917769188
7.5380531434
7.55150788733
7.57273311468
7.60461045985
7.68421073022
7.76261588293
7.76638963007
7.7901849652
8.11983258854
8.20505276173
8.26450125117
8.3122079542
8.460926928
8.49916760432
8.52886446582
8.61419237419
9.42611786297
9.58618487078
9.65324455206
9.91777773364
10.0164887602
10.100662313
10.2282676121
10.2417561689
10.3164007268
22.4687664895
101
