6.04963801636
6.07420958143
6.076298853
6.08089107606
6.09913317993
6.10820693012
6.11378908528
6.12586492672
6.12782448475
6.13678898117
6.14447233525
6.17109298047
6.17191804023
6.18427069327
6.19178640711
6.20441113859
6.22145391099
6.23166906079
6.24051885417
6.27489001205
6.28421089565
6.33149105028
6.34068487984
6.34751328573
6.36936418456
6.43343118824
6.43539930571
6.4431465227
6.48460960294
6.54413237612
6.55119989662
6.57860776602
6.59293124846
6.60402474772
6.63404540835
6.6499937793
6.66590158249
6.67985833269
6.69235765564
6.71909028593
6.74265140825
6.85905860755
6.91424011801
6.95513129578
6.97988785034
6.98411664437
7.00065292601
7.01625674792
7.09652180632
7.12195919211
7.12580724648
7.13896033223
7.15969837481
7.26323364857
7.29896760694
7.32294258419
7.37827398706
7.39693823386
7.43574730695
7.46442447662
7.49827386406
7.5012397015
7.51626815127
7.6019415094
7.61427445314
7.65999227462
7.71663950716
7.77191707419
7.99331983062
8.06534733462
8.08782369342
8.12525254774
8.1438897279
8.24348518963
8.27918880577
8.71229897325
8.71904462215
8.77942055109
8.9622064916
9.03500278321
9.07003881787
9.12331836527
9.1294290915
9.13627815193
9.3942811161
9.61721194122
10.4035909251
10.4500222009
10.5364092364
10.6061266731
10.7714269815
12.1427814845
13.0563000585
16.9324532631
94
