6.01663044155
6.03015491652
6.04388684444
6.06094580096
6.09003478051
6.11362693778
6.12113134473
6.12860155501
6.12974507046
6.14155419439
6.151122988
6.16050275188
6.17038976063
6.18724668508
6.27508708506
6.28319778878
6.29078481543
6.3092156945
6.33357195735
6.35687217596
6.38249738194
6.39037948288
6.42037131738
6.46956565763
6.49907073769
6.52438338438
6.53225881607
6.56067423324
6.57514095578
6.6062446709
6.61297529439
10.6840501848
10.7081699509
10.8175925527
10.8986261125
11.0428764048
11.1718801993
11.215631513
11.3185715617
11.426893728
12.1813524126
12.2000775858
12.2895428
12.4622227258
12.5862057677
12.8340517219
13.1559137508
13.3888434148
13.6276930851
32.0009155686
50
