$ Stimulation Interval(ms): 1200
$ Delay(ms): 0.000000
$ Number of data : 682
$ TSTOP : 24010
$ PN stimulation current max : 0
$ LN stimulation current max : 0
9.40000
25.07500
39.47500
74.15000
119.35000
141.12500
155.62500
168.47500
182.57500
195.17500
210.45000
239.32500
253.82500
274.72500
287.90000
310.37500
323.82500
349.67500
381.82500
400.02500
441.20000
455.15000
468.12500
482.25000
517.25000
550.12500
625.02500
660.77500
675.92500
705.20000
799.60000
852.27500
873.67500
907.27500
945.30000
969.40000
1017.52500
1065.82500
1124.42500
1198.05000
1209.50000
1273.95000
1298.72500
1329.15000
1372.62500
1390.22500
1409.85000
1421.22500
1448.55000
1460.92500
1473.05000
1495.95000
1524.85000
1545.37500
1562.45000
1577.60000
1596.85000
1653.47500
1712.02500
1741.62500
1791.45000
1805.60000
1832.90000
1940.47500
1955.85000
1971.32500
1998.70000
2078.02500
2137.77500
2212.42500
2235.07500
2255.92500
2409.45000
2420.57500
2494.50000
2514.27500
2528.07500
2542.22500
2660.02500
2697.02500
2711.97500
2735.90000
2752.95000
2777.95000
2789.42500
2824.57500
2838.05000
2855.42500
2871.60000
2929.62500
2960.52500
3073.65000
3114.22500
3163.67500
3216.62500
3232.40000
3284.30000
3301.52500
3347.60000
3392.02500
3463.47500
3481.50000
3608.42500
3619.12500
3670.30000
3693.80000
3707.27500
3726.22500
3764.27500
3776.87500
3796.42500
3810.90000
3830.75000
3865.15000
3877.07500
3889.52500
3917.12500
3931.07500
3958.57500
4009.00000
4074.82500
4097.77500
4148.95000
4211.22500
4224.17500
4269.62500
4290.20000
4303.80000
4329.70000
4350.62500
4368.55000
4384.75000
4399.52500
4421.65000
4511.32500
4566.82500
4682.27500
4702.45000
4733.30000
4754.85000
4809.80000
4824.40000
4835.90000
4847.07500
4859.52500
4878.87500
4905.67500
4927.65000
4942.02500
4958.60000
4971.17500
4990.87500
5003.02500
5026.27500
5045.30000
5060.62500
5077.75000
5095.10000
5106.35000
5119.97500
5145.15000
5163.62500
5188.27500
5303.75000
5319.05000
5360.77500
5372.95000
5386.45000
5411.82500
5504.35000
5533.12500
5546.42500
5596.82500
5634.05000
5648.85000
5668.05000
5698.07500
5718.35000
5736.75000
5770.22500
5821.05000
5851.92500
5875.42500
5908.12500
5937.80000
6008.67500
6021.12500
6051.07500
6061.67500
6086.25000
6125.70000
6156.62500
6168.05000
6183.70000
6199.87500
6225.62500
6273.55000
6292.42500
6307.55000
6326.47500
6352.20000
6402.52500
6479.72500
6532.95000
6574.10000
6629.92500
6666.97500
6683.45000
6701.22500
6752.22500
6765.72500
6777.10000
6852.40000
6926.50000
7042.85000
7057.12500
7081.20000
7094.17500
7156.07500
7208.12500
7220.52500
7231.57500
7245.85000
7294.70000
7308.22500
7322.85000
7334.75000
7345.97500
7358.67500
7384.22500
7411.97500
7425.40000
7446.72500
7459.90000
7473.32500
7488.12500
7505.17500
7528.67500
7545.62500
7667.97500
7688.32500
7701.87500
7727.85000
7754.27500
7771.80000
7884.07500
7899.00000
7914.60000
7989.22500
8046.27500
8071.22500
8138.55000
8202.05000
8223.05000
8352.10000
8409.40000
8433.22500
8443.37500
8464.67500
8477.75000
8490.75000
8502.90000
8525.00000
8550.40000
8569.42500
8602.32500
8625.37500
8636.40000
8717.20000
8764.42500
8781.57500
8796.65000
8840.20000
8863.55000
8902.52500
8922.00000
8935.70000
8964.62500
9032.60000
9084.27500
9097.97500
9189.02500
9273.12500
9302.10000
9336.02500
9509.40000
9529.07500
9592.77500
9608.85000
9620.22500
9632.05000
9646.17500
9698.35000
9738.77500
9825.55000
9839.82500
9922.30000
9952.42500
10003.60000
10050.70000
10074.22500
10088.12500
10111.57500
10129.02500
10144.07500
10166.27500
10220.50000
10290.40000
10314.02500
10362.67500
10375.97500
10485.70000
10536.37500
10553.77500
10592.85000
10609.37500
10635.42500
10654.42500
10704.20000
10771.40000
10808.95000
10820.70000
10832.02500
10867.27500
10888.52500
10918.87500
10947.87500
10959.70000
11005.92500
11042.22500
11101.60000
11113.52500
11140.05000
11173.27500
11194.72500
11227.00000
11259.47500
11272.62500
11324.07500
11340.12500
11358.62500
11384.62500
11407.20000
11454.80000
11482.87500
11516.85000
11559.42500
11590.42500
11608.22500
11623.80000
11654.32500
11674.55000
11709.25000
11761.27500
11814.20000
11876.47500
11934.35000
12008.35000
12035.75000
12048.07500
12063.62500
12076.17500
12091.55000
12107.50000
12146.95000
12177.67500
12189.55000
12209.40000
12229.42500
12255.45000
12268.60000
12283.57500
12334.72500
12358.00000
12399.85000
12499.92500
12520.75000
12626.52500
12641.70000
12678.12500
12693.42500
12718.55000
12736.10000
12763.47500
12786.72500
12859.35000
12898.82500
12925.55000
12964.15000
12985.45000
13055.75000
13107.57500
13153.17500
13175.55000
13207.95000
13220.60000
13271.52500
13282.70000
13304.37500
13321.05000
13345.85000
13360.82500
13392.82500
13434.72500
13450.25000
13471.62500
13502.15000
13528.37500
13560.82500
13636.72500
13693.22500
13719.35000
13760.50000
13773.40000
13818.57500
13832.05000
13870.67500
13919.92500
13971.50000
13986.62500
14001.90000
14079.65000
14229.80000
14312.02500
14408.80000
14426.12500
14440.95000
14464.57500
14477.00000
14502.32500
14518.82500
14535.40000
14576.10000
14596.70000
14610.97500
14644.00000
14679.77500
14692.15000
14712.07500
14739.85000
14801.20000
14871.67500
14900.37500
14922.32500
14955.37500
14968.45000
14983.27500
14995.90000
15044.20000
15064.15000
15079.20000
15157.80000
15176.27500
15207.35000
15231.77500
15273.15000
15315.30000
15395.82500
15415.22500
15552.07500
15610.05000
15621.15000
15634.42500
15651.25000
15665.40000
15714.87500
15734.60000
15771.82500
15804.32500
15816.02500
15870.77500
15885.02500
15929.82500
15952.40000
15982.30000
15999.00000
16013.25000
16041.32500
16066.30000
16080.60000
16134.57500
16151.05000
16169.42500
16188.62500
16250.85000
16306.97500
16352.67500
16387.97500
16406.35000
16545.15000
16670.20000
16704.65000
16738.30000
16807.95000
16832.27500
16845.72500
16861.27500
16877.50000
16893.87500
16906.12500
16919.87500
16948.47500
16968.92500
17006.42500
17033.20000
17111.72500
17149.12500
17165.87500
17182.55000
17250.65000
17268.95000
17326.60000
17358.55000
17434.45000
17448.55000
17470.15000
17484.37500
17507.20000
17563.70000
17581.00000
17642.75000
17780.00000
17816.65000
17847.17500
17902.65000
17930.80000
18008.32500
18021.45000
18031.92500
18060.07500
18109.42500
18145.77500
18159.47500
18174.37500
18187.40000
18254.45000
18278.12500
18331.62500
18368.85000
18394.37500
18457.22500
18524.02500
18538.65000
18561.50000
18576.82500
18594.87500
18668.52500
18705.87500
18722.87500
18744.75000
18835.60000
18932.97500
18953.90000
19055.92500
19099.10000
19208.02500
19222.47500
19238.00000
19264.15000
19288.25000
19321.62500
19338.17500
19350.67500
19364.57500
19390.32500
19410.35000
19430.45000
19443.87500
19499.20000
19527.15000
19567.65000
19586.80000
19609.57500
19648.85000
19768.05000
19786.22500
19821.07500
19937.10000
19961.50000
20132.85000
20178.82500
20223.75000
20249.32500
20291.80000
20365.77500
20400.52500
20414.87500
20440.32500
20464.87500
20482.40000
20493.92500
20505.07500
20547.35000
20559.72500
20576.07500
20595.07500
20616.47500
20629.45000
20647.12500
20660.37500
20671.77500
20719.07500
20732.35000
20750.72500
20777.12500
20837.27500
20853.22500
20870.62500
20884.75000
20902.70000
20921.87500
20939.55000
20994.57500
21021.37500
21043.80000
21144.50000
21157.70000
21271.60000
21327.77500
21365.80000
21416.37500
21465.00000
21531.35000
21555.70000
21583.07500
21608.70000
21672.55000
21688.22500
21750.00000
21777.22500
21800.87500
21816.47500
21845.70000
21924.37500
22012.07500
22058.35000
22073.40000
22087.75000
22104.87500
22117.12500
22141.30000
22174.67500
22243.97500
22276.57500
22311.57500
22345.85000
22396.75000
22659.77500
22723.65000
22749.50000
22808.90000
22889.60000
22902.15000
22913.77500
22944.50000
22991.55000
23035.67500
23067.40000
23123.42500
23186.52500
23202.77500
23331.05000
23371.70000
23387.65000
23423.75000
23474.72500
23488.32500
23509.00000
23536.42500
23575.75000
23591.42500
23616.05000
23654.25000
23676.62500
23691.05000
23713.40000
23738.37500
23754.62500
23913.17500
23929.40000
23950.77500
23973.27500

