$ Stimulation Interval(ms): 1200
$ Delay(ms): 0.000000
$ Number of data : 1207
$ TSTOP : 12010
$ PN stimulation current max : 0
$ LN stimulation current max : 0
5.77500
10.52500
14.42500
18.60000
22.12500
27.20000
32.12500
41.40000
45.55000
50.82500
55.02500
61.55000
65.80000
69.97500
73.67500
77.67500
81.72500
86.05000
89.95000
93.82500
98.57500
102.72500
108.60000
112.67500
118.10000
122.40000
126.32500
130.37500
134.87500
138.60000
142.60000
146.90000
150.50000
155.65000
159.57500
167.10000
171.15000
176.05000
180.57500
185.42500
189.47500
194.87500
198.22500
202.32500
206.67500
214.05000
217.52500
224.52500
228.95000
232.77500
237.77500
243.32500
246.97500
252.62500
258.80000
263.15000
269.10000
274.40000
280.15000
284.47500
290.32500
295.00000
301.00000
305.10000
310.40000
314.90000
323.10000
327.50000
332.72500
338.15000
343.92500
351.70000
357.07500
363.30000
369.52500
373.35000
377.72500
383.20000
387.77500
392.32500
397.25000
403.20000
409.67500
415.17500
422.20000
428.05000
433.32500
438.12500
441.85000
447.45000
452.22500
459.37500
466.90000
470.80000
477.77500
484.67500
490.22500
497.07500
501.62500
510.52500
517.07500
521.12500
525.77500
534.07500
537.87500
541.87500
548.77500
554.50000
559.27500
567.57500
572.75000
578.27500
585.70000
591.12500
596.52500
603.12500
607.70000
612.57500
617.60000
623.95000
628.22500
633.72500
638.07500
647.02500
651.37500
656.50000
661.45000
665.60000
671.07500
676.35000
681.40000
685.70000
691.70000
697.17500
704.00000
710.07500
715.47500
719.32500
724.15000
732.82500
739.35000
745.70000
751.87500
757.67500
762.27500
771.35000
777.20000
780.97500
787.90000
792.47500
802.05000
808.02500
813.87500
818.87500
826.25000
830.67500
837.12500
841.52500
847.65000
855.65000
865.10000
870.15000
874.22500
883.87500
890.65000
895.57500
901.22500
909.42500
916.70000
921.65000
927.50000
933.27500
939.60000
944.90000
954.05000
959.17500
967.37500
973.45000
979.00000
985.30000
990.82500
996.77500
1002.10000
1009.02500
1014.90000
1022.82500
1028.75000
1034.30000
1041.10000
1048.70000
1055.05000
1064.55000
1069.45000
1075.30000
1080.77500
1087.30000
1093.97500
1099.75000
1105.80000
1111.67500
1117.42500
1126.47500
1132.60000
1139.82500
1148.92500
1154.50000
1161.55000
1170.65000
1176.77500
1182.55000
1188.42500
1194.25000
1200.20000
1206.87500
1212.97500
1219.67500
1226.30000
1233.30000
1240.72500
1247.32500
1253.62500
1262.20000
1266.85000
1273.10000
1278.45000
1289.35000
1294.70000
1300.27500
1305.57500
1311.35000
1320.37500
1330.20000
1335.90000
1345.12500
1350.30000
1355.35000
1363.82500
1370.87500
1377.65000
1383.80000
1391.85000
1402.47500
1409.02500
1417.75000
1429.20000
1435.75000
1444.15000
1450.55000
1459.37500
1465.35000
1472.67500
1479.77500
1488.15000
1495.27500
1501.90000
1508.35000
1513.45000
1520.57500
1528.72500
1538.20000
1543.55000
1554.42500
1562.17500
1567.50000
1576.80000
1583.65000
1594.35000
1599.32500
1606.00000
1614.17500
1619.80000
1624.90000
1631.85000
1636.37500
1645.05000
1651.50000
1663.55000
1670.95000
1680.72500
1687.77500
1698.42500
1707.27500
1714.55000
1719.95000
1728.82500
1734.82500
1740.50000
1746.00000
1751.70000
1756.72500
1763.65000
1772.82500
1784.20000
1791.07500
1799.30000
1804.82500
1812.02500
1817.87500
1826.15000
1834.92500
1845.80000
1853.92500
1863.02500
1869.45000
1874.40000
1880.52500
1888.42500
1895.90000
1903.05000
1911.30000
1917.17500
1924.02500
1929.27500
1937.00000
1943.72500
1957.90000
1965.57500
1970.57500
1976.20000
1986.72500
1992.70000
2004.77500
2011.37500
2017.40000
2023.42500
2031.37500
2036.62500
2041.10000
2049.77500
2054.25000
2062.72500
2068.67500
2075.82500
2082.97500
2088.90000
2095.72500
2101.47500
2109.92500
2118.67500
2124.95000
2131.55000
2136.82500
2144.35000
2152.52500
2157.42500
2166.12500
2173.35000
2180.70000
2186.45000
2193.40000
2198.55000
2208.42500
2215.05000
2220.52500
2225.72500
2231.27500
2236.10000
2242.12500
2247.10000
2254.12500
2260.62500
2269.65000
2277.15000
2284.67500
2290.25000
2295.12500
2303.87500
2310.45000
2315.40000
2322.02500
2328.25000
2336.27500
2341.02500
2348.62500
2357.37500
2361.97500
2370.65000
2377.60000
2384.95000
2398.80000
2410.02500
2417.57500
2426.05000
2432.65000
2438.12500
2447.42500
2454.77500
2461.10000
2469.40000
2474.70000
2481.35000
2489.15000
2495.95000
2506.17500
2520.92500
2526.85000
2533.02500
2543.10000
2550.62500
2565.15000
2571.07500
2575.65000
2591.65000
2596.87500
2605.02500
2612.72500
2618.35000
2623.85000
2629.65000
2634.22500
2644.97500
2651.32500
2655.85000
2663.80000
2669.17500
2677.75000
2683.62500
2690.02500
2695.82500
2704.15000
2709.35000
2716.45000
2726.17500
2730.77500
2739.75000
2746.77500
2753.52500
2760.12500
2768.12500
2778.80000
2786.22500
2793.25000
2801.57500
2806.47500
2814.42500
2821.42500
2826.67500
2836.90000
2845.17500
2851.30000
2857.32500
2865.35000
2873.37500
2881.27500
2887.47500
2894.60000
2903.65000
2909.45000
2916.67500
2922.72500
2931.90000
2942.22500
2948.15000
2959.87500
2968.22500
2975.22500
2982.92500
2989.95000
2998.42500
3005.12500
3012.12500
3019.25000
3025.72500
3033.32500
3040.62500
3047.35000
3057.55000
3063.95000
3071.55000
3083.75000
3090.67500
3098.92500
3104.92500
3112.57500
3120.40000
3126.50000
3131.97500
3138.50000
3146.20000
3153.27500
3159.42500
3167.77500
3174.65000
3181.17500
3191.22500
3197.92500
3206.20000
3212.62500
3218.37500
3223.95000
3232.82500
3239.95000
3244.72500
3252.15000
3258.92500
3265.30000
3270.77500
3277.15000
3284.10000
3291.40000
3299.10000
3305.90000
3314.15000
3321.67500
3329.40000
3340.77500
3346.35000
3352.87500
3359.82500
3368.42500
3376.00000
3380.50000
3389.37500
3397.17500
3405.10000
3410.80000
3419.60000
3428.17500
3433.85000
3443.22500
3449.10000
3457.32500
3464.97500
3469.57500
3476.07500
3483.47500
3492.25000
3499.52500
3507.52500
3518.60000
3523.67500
3531.12500
3542.25000
3547.25000
3554.92500
3560.10000
3566.30000
3572.10000
3577.67500
3590.20000
3601.02500
3608.32500
3615.60000
3627.05000
3635.05000
3640.65000
3651.70000
3657.70000
3663.82500
3670.22500
3675.60000
3681.82500
3689.15000
3695.75000
3702.05000
3707.75000
3713.35000
3720.92500
3729.07500
3737.15000
3742.60000
3750.37500
3763.15000
3769.40000
3776.07500
3781.02500
3792.85000
3797.80000
3803.25000
3812.32500
3818.50000
3824.82500
3831.05000
3839.42500
3845.95000
3852.85000
3858.02500
3863.97500
3871.87500
3878.67500
3886.37500
3894.97500
3901.37500
3908.60000
3916.05000
3922.97500
3933.37500
3944.52500
3952.30000
3958.70000
3964.52500
3974.10000
3979.65000
3993.30000
3998.67500
4011.62500
4017.05000
4024.27500
4036.05000
4043.35000
4050.97500
4057.65000
4069.65000
4076.32500
4084.27500
4091.27500
4098.70000
4105.90000
4115.07500
4129.02500
4135.82500
4141.32500
4153.37500
4160.92500
4173.47500
4183.25000
4191.40000
4198.20000
4205.47500
4215.32500
4220.40000
4231.70000
4238.55000
4245.57500
4254.10000
4263.57500
4274.92500
4285.75000
4290.77500
4297.42500
4305.72500
4311.00000
4315.95000
4325.32500
4331.37500
4337.27500
4342.67500
4353.52500
4360.32500
4365.80000
4373.35000
4378.92500
4385.75000
4391.35000
4397.87500
4406.42500
4415.22500
4421.12500
4427.57500
4434.12500
4438.02500
4446.15000
4454.22500
4466.85000
4477.97500
4484.30000
4490.70000
4498.70000
4505.20000
4514.77500
4522.50000
4532.55000
4537.95000
4549.57500
4560.57500
4566.77500
4574.17500
4580.75000
4589.22500
4597.55000
4604.02500
4609.15000
4615.52500
4622.05000
4631.80000
4637.22500
4648.97500
4657.00000
4665.62500
4672.22500
4687.02500
4692.77500
4698.95000
4711.97500
4721.72500
4731.07500
4739.10000
4746.27500
4758.27500
4772.35000
4777.92500
4786.77500
4795.22500
4803.45000
4810.52500
4818.50000
4825.35000
4833.95000
4840.30000
4846.85000
4854.47500
4861.47500
4874.15000
4882.47500
4891.02500
4905.32500
4913.12500
4922.05000
4929.02500
4937.82500
4946.50000
4956.55000
4963.20000
4974.55000
4984.00000
4989.92500
4995.85000
5002.80000
5015.32500
5032.17500
5040.45000
5052.05000
5059.80000
5066.30000
5074.57500
5085.10000
5092.05000
5097.57500
5104.07500
5109.80000
5116.72500
5123.90000
5130.52500
5140.42500
5146.97500
5155.30000
5161.90000
5169.87500
5177.60000
5188.55000
5205.10000
5213.12500
5221.65000
5227.25000
5236.77500
5246.55000
5255.15000
5262.15000
5267.42500
5275.45000
5287.10000
5292.22500
5297.10000
5307.37500
5315.27500
5320.40000
5325.95000
5332.85000
5343.20000
5351.45000
5364.75000
5371.77500
5385.30000
5392.00000
5404.32500
5410.77500
5422.72500
5432.75000
5439.37500
5451.45000
5456.97500
5466.85000
5474.05000
5480.32500
5485.55000
5498.90000
5507.30000
5513.40000
5520.32500
5530.10000
5535.37500
5545.22500
5551.82500
5562.97500
5575.02500
5580.95000
5594.90000
5604.75000
5611.50000
5620.65000
5627.07500
5638.07500
5646.20000
5652.97500
5661.90000
5668.90000
5676.25000
5686.55000
5694.67500
5701.92500
5709.82500
5715.77500
5722.82500
5733.90000
5742.00000
5750.67500
5759.65000
5768.65000
5774.07500
5784.30000
5791.82500
5800.82500
5807.77500
5820.25000
5829.00000
5835.87500
5847.15000
5857.10000
5872.70000
5885.32500
5895.77500
5902.35000
5907.77500
5917.05000
5922.45000
5932.77500
5943.15000
5948.55000
5956.57500
5968.70000
5973.80000
5988.17500
5998.17500
6003.87500
6013.20000
6019.25000
6038.30000
6048.90000
6056.35000
6069.92500
6079.12500
6086.50000
6092.65000
6097.95000
6106.17500
6113.22500
6120.25000
6128.72500
6134.80000
6143.72500
6153.42500
6160.85000
6167.77500
6178.25000
6184.62500
6196.90000
6203.67500
6216.52500
6223.62500
6236.70000
6245.82500
6253.30000
6268.22500
6276.47500
6289.25000
6295.52500
6308.25000
6314.97500
6321.30000
6327.22500
6334.52500
6343.90000
6351.45000
6365.77500
6375.30000
6384.27500
6390.25000
6399.75000
6413.07500
6420.87500
6429.05000
6435.12500
6445.00000
6462.07500
6472.77500
6481.32500
6489.67500
6498.17500
6504.32500
6512.82500
6520.77500
6527.02500
6536.25000
6549.40000
6556.32500
6566.02500
6574.85000
6582.00000
6592.97500
6599.42500
6605.05000
6612.85000
6622.52500
6630.00000
6637.72500
6650.05000
6664.87500
6680.25000
6691.02500
6700.15000
6706.35000
6719.27500
6731.07500
6742.60000
6753.90000
6760.05000
6770.15000
6777.87500
6786.62500
6794.12500
6799.90000
6815.27500
6822.70000
6831.52500
6845.40000
6852.20000
6858.72500
6871.55000
6883.40000
6891.12500
6897.02500
6904.12500
6919.32500
6928.50000
6935.72500
6942.60000
6948.80000
6956.85000
6962.50000
6969.87500
6979.17500
6986.27500
6993.10000
7000.87500
7007.70000
7021.07500
7034.20000
7040.47500
7048.32500
7055.22500
7072.47500
7081.55000
7087.10000
7096.62500
7104.77500
7112.52500
7121.47500
7133.22500
7145.67500
7157.77500
7170.45000
7177.55000
7189.02500
7197.25000
7203.17500
7214.45000
7225.45000
7230.30000
7237.02500
7250.20000
7258.30000
7271.35000
7282.55000
7291.52500
7298.27500
7306.70000
7319.25000
7325.87500
7334.70000
7346.55000
7361.90000
7371.32500
7389.80000
7398.95000
7410.75000
7419.82500
7427.22500
7441.37500
7449.72500
7463.75000
7469.20000
7476.37500
7485.30000
7500.70000
7518.22500
7525.32500
7532.40000
7539.22500
7554.92500
7564.30000
7570.95000
7582.07500
7587.37500
7595.90000
7609.25000
7616.60000
7622.77500
7636.77500
7646.37500
7653.10000
7663.75000
7676.42500
7687.35000
7694.42500
7706.32500
7712.30000
7719.15000
7730.72500
7743.25000
7758.75000
7764.77500
7775.82500
7789.55000
7802.50000
7814.55000
7824.62500
7833.45000
7841.85000
7853.17500
7862.55000
7869.82500
7875.32500
7889.80000
7897.65000
7905.82500
7915.20000
7923.45000
7934.37500
7941.35000
7954.22500
7967.70000
7981.40000
7988.22500
7997.65000
8007.50000
8017.72500
8028.30000
8037.27500
8044.90000
8053.77500
8067.40000
8076.45000
8085.12500
8095.75000
8104.32500
8110.45000
8121.67500
8133.52500
8145.97500
8163.02500
8173.97500
8182.17500
8190.57500
8199.52500
8207.85000
8216.92500
8224.97500
8238.85000
8255.27500
8263.35000
8279.27500
8285.82500
8294.07500
8301.02500
8308.32500
8318.65000
8332.75000
8339.92500
8350.77500
8356.32500
8367.50000
8375.72500
8384.42500
8393.02500
8403.50000
8410.00000
8425.00000
8432.35000
8438.70000
8447.02500
8455.22500
8466.85000
8478.55000
8484.17500
8500.45000
8519.55000
8541.82500
8566.47500
8593.02500
8621.07500
8650.27500
8680.35000
8711.02500
8742.10000
8773.40000
8804.87500
8836.40000
8868.00000
8899.60000
8931.22500
8962.85000
8994.45000
9026.05000
9057.65000
9089.22500
9120.80000
9152.37500
9183.95000
9215.47500
9247.02500
9278.52500
9310.05000
9341.57500
9373.10000
9404.62500
9436.15000
9467.67500
9499.20000
9530.72500
9562.25000
9593.77500
9625.30000
9656.82500
9688.35000
9719.85000
9751.35000
9782.85000
9814.35000
9845.85000
9877.35000
9908.85000
9940.35000
9971.85000
10003.35000
10034.85000
10066.35000
10097.85000
10129.35000
10160.85000
10192.35000
10223.85000
10255.35000
10286.85000
10318.35000
10349.85000
10381.35000
10412.85000
10444.35000
10475.85000
10507.35000
10538.85000
10570.35000
10601.85000
10633.35000
10664.85000
10696.35000
10727.85000
10759.35000
10790.85000
10822.35000
10853.85000
10885.35000
10916.85000
10948.35000
10979.85000
11011.35000
11042.85000
11074.35000
11105.85000
11137.35000
11168.85000
11200.35000
11231.85000
11263.35000
11294.85000
11326.35000
11357.85000
11389.35000
11420.85000
11452.35000
11483.85000
11515.35000
11546.85000
11578.35000
11609.85000
11641.35000
11672.85000
11704.35000
11735.85000
11767.35000
11798.85000
11830.35000
11861.85000
11893.35000
11924.85000
11956.35000
11987.85000

