$ Stimulation Interval(ms): 1200
$ Delay(ms): 0.000000
$ Number of data : 79
$ TSTOP : 12010
$ PN stimulation current max : 0
$ LN stimulation current max : 0
10.47500
23.77500
52.45000
74.80000
96.25000
173.00000
256.82500
301.02500
705.70000
917.92500
1042.87500
1067.35000
1097.35000
1209.17500
1402.05000
1448.22500
1467.70000
2391.20000
2409.02500
2658.72500
2706.25000
2877.07500
3140.17500
3370.10000
3433.72500
3608.75000
3734.00000
3770.60000
3854.95000
4436.37500
4810.15000
4877.37500
4964.45000
5000.10000
5086.20000
5316.72500
5426.90000
5774.57500
6008.62500
6054.22500
6117.55000
6173.62500
6217.40000
6235.12500
6324.60000
6458.35000
6710.37500
6956.87500
7209.30000
7225.05000
7450.55000
7961.50000
8093.45000
8409.50000
8775.55000
8898.65000
9083.00000
9280.45000
9335.60000
9609.37500
9623.92500
9659.37500
9775.65000
9840.92500
9859.52500
10070.17500
10367.47500
10548.77500
10571.47500
10809.75000
10862.27500
11032.87500
11110.30000
11203.20000
11383.87500
11410.67500
11430.55000
11588.65000
12009.10000

