6.00273814626
6.03054760266
6.04182414485
6.0449102945
6.06155071405
6.06255693586
6.07428469066
6.08286988674
6.08588540372
6.09684211249
6.10284679289
6.12943464441
6.14582898224
6.16375847326
6.18014943922
6.18923041898
6.20861975133
6.21059853679
6.22357160259
6.23962229598
6.24574827927
6.27883065743
6.3136626773
6.44404783167
6.48248746098
6.49427921717
6.51219511909
6.51609372853
6.51848245159
6.52925963629
6.54892795382
6.55845602119
6.82378097709
6.94007854654
6.9432265857
6.97118861139
6.9889611961
7.02421860613
7.06127851002
7.11631725716
7.15392253443
7.18033739699
7.18818451249
7.20932751726
7.21154684394
7.27092448044
7.29433913273
7.32423560168
7.41200421138
7.44856516305
7.48814640247
7.51521195933
7.55253917224
7.60288253703
7.63246363593
7.68939144638
7.72911251266
7.79595499226
7.89093059047
7.95353945545
8.07396235404
8.16369119202
8.17708444398
8.22948543008
8.26277738037
10.5769893387
10.6851284163
11.4487304138
11.5960369422
11.62818728
11.8833379438
12.2757561428
13.132574367
13.2017131382
13.4315702344
13.6678217139
13.7344086449
13.8602295982
13.9197295586
14.112296789
14.2964409949
15.0238212146
82
