6.00221218891
6.04070622303
6.05869046222
6.07584608814
6.11241245891
6.13521417569
6.15782491468
6.16728058871
6.17431497519
6.17809852017
6.20171506361
6.21790554397
6.22521261915
6.23625852335
6.25570919772
6.26524275833
6.29781730979
6.34221998262
6.39161552067
6.39701404387
6.72471457247
6.75344462116
6.83276474355
6.88131653255
6.95531201381
7.00585561852
7.02105210161
7.06480942322
7.09332289486
7.12528233722
7.1724330742
7.18136367322
7.21859875993
9.19627701679
9.31359253496
9.37818249839
9.45460730915
9.45966147815
9.56903590403
9.62537410521
9.65516191798
9.73965547173
9.74539024296
9.84913709794
9.88967317945
10.0239762488
10.0653133893
10.5492471575
10.5623805979
10.6723787438
10.6857942086
10.8176766561
10.8636964173
10.921422412
11.1117680018
11.2026955751
11.2962685543
11.5055687859
11.5578875136
11.6629173021
11.7384068408
11.8954630823
12.0777923042
12.175215079
12.2105563609
12.274524775
12.4199513763
13.4297769975
13.519898643
13.7447013433
14.0816584262
14.1054593385
14.3546452051
14.3991746103
14.6274737252
75
