6.00126446949
6.01045685471
6.04716151719
6.06110667984
6.0903148829
6.11471134116
6.12841058453
6.13604903231
6.15432807738
6.16384520698
6.18664171189
6.1977382948
6.20083472258
6.21149277508
6.23640714724
6.2474435709
6.26677053877
6.27106487717
6.28989691235
6.31865988377
6.32653392157
6.35219351889
6.35396854045
6.3657170312
6.37365699595
6.38190421321
6.40002448506
6.42350581255
6.44006634016
6.49949904601
6.51357088099
6.53478593547
6.53792689149
6.55598548923
6.58233801624
6.68892698014
6.69533582849
6.71768573635
6.74874207148
6.78042699605
6.81078921243
6.84966006533
6.87774138794
7.39035539392
7.40991049712
7.43551629765
7.60500140565
7.66005411377
7.73293441459
7.82700426753
7.8859661089
7.93123351346
8.03005704388
8.07744781419
8.11039795461
8.1471146549
8.16947895175
8.41117446456
8.46929379801
8.64000163655
8.65940005087
8.69912081288
8.94480440274
9.04469003239
9.1244831115
9.14657277833
9.15114538102
9.2047418339
9.22578806721
9.24701218644
9.29533136249
9.34552570053
9.35008068978
9.47767813844
9.50007041003
9.58344477201
9.65157205406
9.73017464682
9.7944327203
9.90327339346
10.1205676781
10.1970696664
10.2505312595
10.3090795189
10.358394902
10.3823540052
10.4923839796
10.5339467637
10.5489829116
10.7101395895
10.7593044975
10.8366233386
11.3234632705
11.4820098864
11.5524218099
11.7629274154
11.8764715144
12.0296832892
12.1622973457
12.2158108411
12.625599727
12.6456725422
12.7316942584
12.7863297277
13.7253954007
16.0953866119
106
