6.03572112714
6.03884154313
6.05516901622
6.08642443421
6.11236152556
6.12861604005
6.13759473235
6.14079311616
6.15851256549
6.16615050811
6.20314616737
6.21207165494
6.22690276265
6.23813651773
6.27443643137
6.2821092222
6.29520916472
6.30606337413
6.32427740191
6.34783641416
6.36740796426
6.38342180313
6.39337318999
6.47551501481
6.49709989549
6.50584574734
6.5275225023
6.53989496063
6.57052033043
6.68856419132
6.70540867895
6.74715957142
6.94303332317
6.96792444453
7.04230787627
7.06872818132
7.07161334116
7.12342425902
7.16480554883
7.21333200661
7.24404105402
7.2915013568
7.31232833863
7.33372742558
7.38595303461
7.41020845522
7.4516016579
7.48682741165
7.50942768344
7.70518565527
7.72694235721
7.85872868068
7.86432654433
7.94832534272
7.99051861195
8.0113333619
8.11828439407
8.15955827078
8.18979260308
8.24678943672
8.42456269459
8.49548207058
8.60805850415
8.62433673105
8.69208070548
8.76023222849
8.7894722594
9.08733885955
9.10170491522
9.12299995583
9.23513957859
9.24336880674
9.41778196074
9.46919380386
9.56423922407
9.60625546877
9.80798847062
9.83235146937
9.91549481293
9.96355669491
10.0078912276
10.0959712872
10.4476361282
10.4558663056
10.5576828589
10.598498693
10.7759983445
10.8213849373
10.8790818819
10.9511782616
11.0765728952
11.1038221835
11.2244153561
11.2779175852
11.3974474162
11.5289635344
11.6124668055
11.625993233
11.742877885
11.810806328
11.8823953796
12.0256534985
12.1215445322
12.4276875035
12.4655047257
12.6579561734
13.4132181109
14.0988863715
14.1644453297
14.5786079761
110
