6.00949964993
6.01072737622
6.02379720647
6.08823854658
6.09587898172
6.12211063029
6.14045590284
6.14635049437
6.17744378104
6.1910434725
6.20042239383
6.23401821872
6.24159809341
6.28642308943
6.28762997998
6.30686567804
6.33087674964
6.352062742
6.36884150633
6.37948029113
6.40777451031
6.43428491226
6.44551753597
6.45461897392
6.47064563614
6.48088033633
6.51771839182
6.5449186201
6.5580982521
6.5766799973
6.61044043089
6.65721556365
6.67355583657
6.67939716781
6.75886427405
6.78519306301
6.79794291003
6.80401481637
6.82247283186
6.82937078312
7.06579981777
7.07395395103
7.08664671853
7.14617507094
7.19654878332
7.24279352382
7.28718818348
7.3113126413
7.35919355201
7.37166637543
7.40384909166
7.43411497917
7.53717770217
7.61374066889
7.65769609531
7.71355688989
7.75875699804
7.80372372519
7.88878163637
7.91412678583
7.99136846383
8.05973668025
8.07849766485
8.11079446648
8.18082265927
8.22740756866
8.23766536755
8.33984102737
8.40910429171
8.45968036471
8.51211736355
8.53155791062
8.55231645317
8.57146813273
8.65752693632
8.70561663333
8.73131708457
8.77396330242
8.98990956553
9.02019523862
9.08237907159
9.35304702508
9.52181014655
9.59786805304
9.86191240827
9.87875389588
9.88438331185
10.2185727693
10.298485605
10.3171774766
10.3890535088
10.4113703991
10.4959095631
10.6175461721
10.7061657058
10.8403064647
10.9416861206
10.9928796518
11.1314534021
11.1676101747
11.3586483025
11.4589103372
11.5637255787
11.6237349099
11.8116839717
11.990425712
12.1277395159
12.2687196929
12.4041949806
12.7083183691
12.7779835182
12.8812735675
12.9335727594
13.0183764063
13.0772421301
13.1677230591
13.6300749684
13.7722183931
13.843644002
13.893309245
13.9989883911
14.1894342627
14.3418532698
14.4236066289
14.732661972
125
