6.0129209733
6.03880042627
6.07871113659
6.08511126162
6.09278175818
6.57120494526
6.60405677195
6.6179310181
6.643515831
6.66289109831
6.69156332489
6.72917816166
6.76277833668
6.77122894358
6.80734950285
6.84018828777
6.85495756464
6.87291675423
6.89986504031
6.91243727081
6.9317500755
7.11069392454
7.11677903205
7.14682233078
7.21280170634
7.23366294213
7.28078612785
7.32212232049
7.3537226543
7.36606034837
7.44246590505
7.46198803438
7.46893482954
7.55800470409
7.57567098925
7.66697204662
7.67036528374
7.71782110502
7.72116101367
7.89234190918
7.92833006588
7.95828852319
7.96927196337
8.07588099203
8.17164059965
8.19157477504
8.22143444715
8.22931770893
8.33797699448
8.34738260901
8.35725404296
8.44065605541
8.58629221295
8.62928223707
9.07605138184
9.1103284169
9.15592068441
9.28251807232
9.33022840139
9.37425402323
9.42654723319
9.58122794556
9.67785517517
9.72794407792
9.82454531429
9.90854857658
9.96318244706
9.98986714688
10.0696079882
10.1534987628
10.2069834624
10.2641762036
10.2896315442
10.3304722847
10.4324675513
10.4831912829
10.5302441269
10.5930525602
10.6555559184
10.6907158771
10.7051164827
10.7763760738
10.87079366
10.8935247942
10.9700949979
11.0272845668
11.0596144207
11.1531945671
11.1859221803
11.3621980052
11.3748164525
11.5090056369
11.6555160565
11.7251530913
11.8419404875
11.8881467582
11.9915117015
12.1136576952
12.2725857809
18.8181322834
100
