6.01113151512
6.02520095707
6.10205893383
6.1223642791
6.1307810962
6.14943408438
6.15724198045
6.18185733273
6.20369773613
6.21923502028
6.24461889817
6.26458539074
6.27022817954
6.29141729025
6.3172248608
6.32807430295
6.34800312847
6.35615610623
6.35777084941
6.38781987697
6.40641948951
6.41918298023
6.46214283163
6.5187465355
6.52902978101
6.55085898424
6.58568267066
6.61919295025
6.62647338647
6.6390137363
6.65804141561
6.67871229438
6.72507849291
6.74883116863
6.79966975916
6.81552131268
6.8529467117
6.85839727202
6.88460568432
6.91563156899
6.97077601103
6.99549675504
7.03004755764
7.03711146042
7.10135559258
7.14387532985
7.15811386984
7.21720444805
7.23147795599
7.23500089076
7.26877493384
7.29135085387
7.37337924067
7.38046485985
7.41232639873
7.43640597249
7.47161037703
7.51322567898
7.53846035408
7.63854502857
7.67404390638
8.12082286185
8.1855462182
8.21324570452
8.25445149418
8.32603736398
8.42744316499
8.46449895834
8.47375566966
8.57857252828
8.59355355659
8.61240154211
8.71055388497
8.80157457455
8.8187442829
8.83996646462
8.94282825728
9.04682783339
9.1026944549
9.24086489415
9.24573771505
9.41608077827
9.46788531768
9.52151011466
9.58854315862
9.59981355252
9.61442300809
9.69182794913
9.75311652145
9.79721716165
9.9191768768
9.97276300314
10.0373266194
10.0545545676
10.0613601171
10.1611981954
10.3343255262
10.3503469353
11.2884354018
11.3705181581
11.4906852955
11.6267257353
11.7662414025
13.106491284
13.1909307022
13.3143300625
13.7702063325
14.0193203617
14.0474951339
14.2435972239
14.322272817
14.4204934687
14.4388836389
14.479800423
14.5838120367
115
