6.017098648
6.04261653278
6.04363775895
6.05427531228
6.11217463735
6.13147837592
6.13269320235
6.15698857496
6.16191364166
6.16870313722
6.1847516809
6.20019705037
6.2016783572
6.22805169158
6.23081521494
6.59236419145
6.59412606981
6.61591382597
6.62604079947
6.64737696338
6.67848880752
6.71654749565
6.72734237536
6.74680965319
6.90706438274
6.91674046614
6.93916489114
6.97241769909
6.9849674555
6.98874530947
7.0068867925
7.03871565856
7.07057223096
7.16799672544
7.20021127567
7.22211736264
7.33704223231
7.36944365472
7.40209610743
7.42905180492
7.45730853355
7.5195857258
7.57292906208
7.57814546019
7.62645279458
7.66004783184
7.72159962646
7.73795750607
7.78866397226
7.79372175101
7.83855080882
7.85786483308
8.00542179539
8.04034316029
8.13640641671
8.22318060633
8.34169769363
8.37450306662
8.41705036087
8.46801041195
8.48370168227
8.50543454899
8.57340643903
8.64216066812
8.69403655943
8.76704256411
8.8055567589
8.81084199223
8.88215191957
8.93718184189
8.95482920693
9.02478908379
9.08091098656
9.13979069046
9.21355852733
9.24622869107
9.28865402937
9.3080784739
9.36145234063
9.44066545399
9.47254688796
9.48092820098
9.55407618557
9.65729166921
9.72169066295
9.81310560361
9.84015603178
9.89574371823
9.90044745765
9.94708632995
10.1267647647
10.3481400007
10.4173756274
10.5378541498
10.5764334879
10.6357391084
10.681465747
10.7251938733
10.8293172361
10.840961475
10.8510300336
10.9128039629
11.0316004386
11.1086129389
11.4277783959
11.4462020176
12.1907609938
12.2848979613
12.5159028641
12.6063599354
12.8799161832
12.9154094952
13.6147433185
13.631177853
13.7479495208
13.853794547
13.9835897259
14.1689247895
14.4133517017
14.4608308894
14.5165430974
121
