6.0116432289
6.02147376827
6.03931105835
6.09663925827
6.13925958907
6.14093446542
6.14782917644
6.14902066372
6.16454451205
6.22331926334
6.24365753087
6.30501599321
6.32649859502
6.35617834137
6.37736723667
6.38797008818
6.42529574445
6.44657203495
6.46059201323
6.55827757863
6.59050814442
6.59819307303
6.62481878461
6.65518976875
6.6804920548
6.77014926763
6.79880510571
6.86160211103
6.87255074708
7.04499378305
7.08056080514
7.10016896998
7.14790883798
7.15435253227
7.16349353897
7.19697351506
7.22580534776
7.31463507388
7.34531629794
7.42845580244
7.54947818526
7.56532665239
7.56887433118
7.60655000949
7.63060600806
8.71630165545
8.73393865506
8.89445167645
8.94245167095
9.72060162617
9.75289463729
9.96152244534
10.0364966612
10.0844393587
10.35671874
10.3873173535
10.452165301
13.051266858
13.134804452
13.7603849397
13.8563215799
13.9553579632
14.1512285618
14.2947845637
14.4324275764
14.5382770824
66
