6.00626304745
6.02472516801
6.03808954883
6.04583358385
6.05917688017
6.06015047373
6.07722046345
6.08892295522
6.09614517102
6.1546275788
6.16213395232
6.16695694112
6.17423606278
6.1906025316
6.20403030016
6.25565853385
6.27008235009
6.3436548718
6.36821794936
6.37869118166
6.39005989609
6.89445098097
6.97508772103
7.05291332812
7.09960475319
7.12700538799
7.18214449513
7.20209541205
7.22018597543
7.22868601239
7.2406206443
7.26167570828
7.26404974815
7.27818773096
7.29806642482
7.30268684753
7.35214832437
7.35946747814
7.39043822678
7.42401129778
7.45295251026
7.49670273143
7.51066550285
7.52925632759
7.55244261939
7.60939316185
7.6577121425
7.69983138298
7.71970347184
7.72307535929
7.7311294265
7.77871743431
7.99729421955
8.0149513041
8.36556645756
8.39034653065
8.41327666217
8.52314176354
8.65079387526
8.68359896661
8.74647997036
8.75185218639
8.81420858159
8.90993928095
8.94016746636
8.99625149918
9.03084256441
9.0700706307
9.10330570252
9.14289745084
9.17178754567
9.29350258791
9.30716930472
9.31462796165
9.34284987443
9.40333562726
9.5658772838
9.64919101633
9.65752332985
9.71707073027
9.85066960932
9.94035368678
9.9754652474
10.0385306347
10.214716384
10.2593702937
10.2960662537
10.3985758811
10.5741992629
10.8662410152
10.9586092029
11.1628707189
11.2035459693
11.4023536523
11.6039306264
11.7998004694
11.8118747054
11.8328673722
11.9362259515
12.1620164736
12.1737160272
12.2593637521
12.5207265182
12.6361586269
12.6577616409
12.7573179244
12.8662267914
12.9069208364
13.127214037
13.1873462453
13.2464441954
13.7715601398
14.2421411837
14.3872388011
14.7588900569
115
