6.01504527168
6.02310442263
6.06836914786
6.0934285661
6.13812242271
6.14389300073
6.15152848736
6.22570902085
6.23736115027
6.39837645914
6.42746387253
6.46511501341
6.4687417166
6.49913638939
6.53831551997
6.55649801577
6.5585337929
6.69147265083
6.81353159052
6.85277063116
6.90423238344
6.90774256566
6.92293664821
6.94074238188
6.95115233628
6.99077925438
7.07938520034
7.12641772221
7.24531061402
7.2708647915
7.29365722521
7.37577592685
7.41362463827
7.46843574004
7.49564012733
7.5063401748
7.55919384698
7.61953886136
7.66085180106
7.7090916685
7.72267997417
7.75300742592
7.81023909111
7.81906401599
7.87345484734
7.9425479793
7.97623994864
15.4755430543
48
