6.02182960555
6.04147311708
6.04904257901
6.05642022754
6.05768733026
6.07809363564
6.09652319073
6.14218227581
6.15107941389
6.22362791746
6.24620273294
6.27032610685
6.29648844432
6.30864692455
6.976210667
7.08651889141
7.09597996677
7.18663575681
7.23415106375
7.26429146041
7.29241523139
7.3010867182
7.35874909255
7.40661249339
7.41839495198
7.44772373336
7.486149594
7.49629886714
7.52220796181
7.53852135035
7.55128813789
7.61141229939
7.64725328902
7.67869355566
7.68254170808
7.75133027396
7.79470377151
7.87650072131
7.93653480799
7.98271252542
8.02922824462
8.19685168768
8.21292949884
8.23444497019
8.25203878784
8.30569963102
8.33623909618
8.36385970031
8.42580350014
8.77935732988
8.83991280348
8.85624791566
8.93338146496
8.94526654659
9.13455937649
9.21469085404
9.32615904248
9.39671452922
9.46831214378
9.48014534621
9.49083705927
9.58318560544
9.65194323429
9.75452199657
9.86686233174
10.0420138809
10.0655095651
10.0715442816
10.2295227596
10.2405203418
10.3151332671
10.4840113339
10.62263718
10.6599628883
10.7363517229
10.7660192598
10.962982562
11.008530727
11.1058620067
11.118622135
11.3707349526
11.5270568882
11.6998988948
11.8745853059
11.9682508328
12.0475860829
12.1399156282
12.3245498236
12.3390695733
12.4989656692
12.6217811207
12.8429101292
13.0866786472
13.2248404277
13.4754939379
13.5076963466
13.7041320778
13.7300398819
13.9594549028
14.4654680037
14.5183897948
101
