6.00934271389
6.01375973196
6.03740079413
6.06193505162
6.08130399435
6.10535314832
6.12420304544
6.14503469671
6.15471411876
6.1665905177
6.22829967231
6.23004323767
6.24944156126
6.26712422109
6.27708673534
6.2855280583
6.29515677528
6.30648084067
6.31667726524
6.33637440871
6.34694126587
6.3957370207
6.41954255857
6.43970225914
6.45938535831
6.49241300224
6.5130040963
6.53526587476
6.57863543512
6.69951818634
6.72258177628
6.7554427787
6.77126459501
6.81498862578
6.85025148921
7.00215170258
7.05032423989
7.05946627733
7.12379915102
7.12930628612
7.21121716837
7.26506986127
7.39655952752
7.41124020038
7.42646461398
7.44993673826
7.5071122433
7.729978514
7.76011189702
8.07387842545
8.09175061109
8.21342369431
8.23435010685
8.27598546168
8.34133888764
8.38041523961
8.44343322383
8.47797395118
8.49678196854
8.52970223474
8.57728491188
8.5866821686
8.5926543784
8.62828502977
8.71615455546
8.76346109384
8.77173796969
8.79647676526
8.91478262234
8.95506266659
8.96310424075
8.96837880024
9.07810822334
9.08164366167
9.12435610029
9.16855560836
9.20542334817
9.25215614431
9.26779391939
11.0165000556
11.0599233396
11.1376165601
11.2523260889
11.3558379678
11.4412248447
11.5481069685
11.6255329821
11.6482680467
11.7245250454
11.8120542787
11.9307151313
12.00468682
12.1500276145
12.3354721005
12.7255635364
12.9261402144
13.0178275609
13.9862543968
14.2251869711
14.3328751566
14.5755020727
101
