6.03037380494
6.03709297909
6.04790505194
6.06744236021
6.0790812376
6.09112042151
6.12732958707
6.1344129768
6.15924119964
6.18661177726
6.19777146859
6.20241593509
6.21381496204
6.22457281904
6.22718167833
6.24067168962
6.25397888276
6.37063260137
6.38695631038
6.39238274655
6.39977316616
6.52378389325
6.52530422991
6.59206832828
6.62543304387
6.648217517
6.68306727538
6.7224257917
6.76120047715
6.76656735708
6.80066824415
6.84274038798
6.92365885644
6.94474377951
6.97349709839
7.0077259174
7.02867173601
7.03966253537
7.05358236
7.1065896307
7.403880071
7.48147218983
7.87178631347
7.89737537643
7.92449725498
7.97205841431
7.98789214793
8.02770938201
8.05460312825
8.10508014012
8.1145576267
8.1451037433
8.19944351002
8.25689281051
8.33247599232
8.38377633004
8.38722900317
8.39413451912
8.43119331136
8.46882908638
8.4724592305
8.52573262491
8.53909015505
8.59905867049
8.64531730515
8.719463605
8.80848056046
8.86231499842
8.96586753112
8.99578431143
9.07847449183
9.32350441559
9.34219315208
9.38119345941
9.43165503684
9.45954657706
9.56754118295
9.57143801769
9.6420791294
9.64834442945
9.73584919112
9.83383062987
10.3770700126
10.4334728968
10.476081103
10.6837340265
11.1240282692
11.225162773
11.316954986
11.3751155006
11.443562559
11.5064019267
11.6391609682
11.7039863045
11.8400914834
11.9623679842
12.5449242737
12.7296708278
12.8391488708
12.9874971253
13.1083681583
13.8742820549
15.7317259612
103
