6.04097954069
6.0582116431
6.06594107894
6.06714330772
6.08615699429
6.10022173701
6.10517206474
6.12647232863
6.1392438522
6.16806702056
6.18164093499
6.20379346212
6.2203787397
6.22379876499
6.25401004457
6.37027293587
6.45223556302
6.49604895425
6.50795412012
6.54091345661
6.57297596793
6.61755940688
6.62669913502
6.65212102541
6.66021987332
6.69129812371
6.69697555314
6.70871264148
6.72020150196
6.75153954802
6.76156625453
6.77208770586
6.78816390811
6.81011327888
6.82101258829
6.92924567533
6.97083661143
7.00617907877
7.01673477431
7.03583192356
7.91383412491
7.93132745624
7.98983014087
8.0450695415
8.11420134121
8.15317425432
8.15826210425
8.18736942485
8.21695977007
8.31412704488
8.35942983941
8.38990876739
8.41185684269
8.55440790831
8.57552367376
8.57862486174
8.62887927425
8.67176283963
8.71624595205
8.8341860026
9.01463776764
9.02575464786
9.11108249598
9.11602184869
9.16097534417
9.21982351687
9.22650102113
9.31841074502
9.4026963084
9.4324466874
9.45839528955
9.52215061989
9.59805522137
9.65657512104
9.75469501012
10.0242534815
10.0723548542
10.120315983
10.1996470907
10.2862981364
10.3787079422
10.4166909949
10.4509928768
10.4676620548
10.5684491617
10.6469761872
10.7148272178
10.7820392615
10.8613468659
10.9158724318
11.0642670399
11.5204207374
11.7453549774
12.030294132
12.0657697476
12.0877429988
12.2916055641
12.3166328691
12.4087334266
13.6110085128
13.6374094169
14.5305473835
102
