6.02897090814
6.03022593791
6.05734646137
6.09600109764
6.09725409123
6.12242848598
6.17858934778
6.19729391267
6.22592270564
6.23373324786
6.24233508482
6.25792823698
6.26539119635
6.30212738216
6.34963878398
6.36890025409
6.37737719476
6.38990778324
6.41846685163
6.42097057393
6.42229967306
6.43839800685
6.47451728029
6.50446832866
6.53552932697
6.55343381777
6.57025948198
6.72765778664
6.74143411214
6.82295233425
6.8395830938
6.86848388077
6.89490271942
6.92227480511
6.97169200803
6.97703498266
7.00152076839
7.00492071204
7.03133159867
7.0606913551
7.09363260805
7.2041622394
7.23579418965
7.30308274281
7.34594021801
7.36391713258
7.41019077217
7.439324464
7.46051150541
7.48357865392
7.50269688532
7.507764713
7.55295432508
7.80536738949
7.96644220137
8.02143059965
8.08979706809
8.19409383776
8.21153010463
8.26358393024
8.28892646142
8.31328880726
8.41918469893
8.44672822052
8.48924308147
8.51693240019
8.53207841286
8.53922077814
8.61981678614
8.65826857062
8.68628605833
9.10790927212
9.11843707076
9.15230842552
9.16503564147
9.2046047364
9.21673740571
9.31619496761
9.59779414602
9.70276030664
9.7314392196
9.8167569954
9.87614083919
9.9467361214
10.2117078824
10.3211614805
10.4093602716
10.4320223234
10.4876680594
10.5510254161
10.6130894289
10.6672375366
11.3134617467
11.3509132398
11.6219072226
11.7420239177
12.0355423578
12.1995288
12.3398053508
12.4089256095
12.7045040863
13.1142938647
14.3735430579
17.3454937577
104
