6.01699657214
6.02662432653
6.03438021212
6.04635396688
6.10590296267
6.11539829037
6.13110142921
6.15020042757
6.15636738324
6.16335332108
6.17915968226
6.1910536246
6.22352605195
6.24033271069
6.25917022762
6.27549763202
6.29151178521
6.30073652514
6.30323330049
6.33072951391
6.35913155282
6.38104187445
6.38636057824
6.43444055072
6.4360559038
6.59982107921
6.64451409418
6.65616495384
6.71762946459
6.74321915822
6.79734180767
6.81726193251
6.82938784874
6.86054214312
6.93423199674
6.98223740847
7.00269515326
7.1621191692
7.212553094
7.21532097786
7.67287091058
7.7882741213
7.81221551885
7.84396949118
7.84861630223
7.86149225788
7.91935357989
7.92560284963
8.00571872042
8.01979370814
8.08164742661
8.18472503059
8.23867976049
8.33904778992
8.38013827339
8.47502232201
8.55529314678
8.56998421022
8.71351987809
8.72656653336
8.82696479755
8.89267402823
8.9372491076
9.01884729534
9.07241073092
9.09407278869
9.32488253706
9.3968028909
9.47433052066
9.52711757448
9.53655172322
9.62854852167
9.6676234014
9.68846071844
9.75291307914
9.79175925258
9.86496568145
9.92350054976
9.99031605197
10.1028335569
10.1765769792
10.2860071932
10.3239425466
10.4221980832
10.5515412649
10.6840550026
10.8510352976
10.9250072561
10.994655212
11.1002652815
11.2471529464
11.4647017612
11.5336059254
11.5806098421
11.7571632831
11.7830258913
12.1328733949
12.3429414818
12.4312429805
12.5665811604
12.7200683248
13.0591425225
14.8502699549
103
