6.00183335966
6.22553827707
6.23268101928
6.25391874027
6.30675094677
6.3337445062
6.34721972763
6.38607155983
6.39821518427
6.43864773968
6.44929370985
6.45200592753
6.45798570942
6.4896053909
6.50649857762
6.54538181743
6.5644160481
6.57862846265
6.58536715732
6.59596127255
6.61361549565
6.74362755051
6.7730812828
6.80829055387
6.85909436309
6.87478937001
6.89001212848
6.91661438381
7.01163946986
7.02683750127
7.14404796919
7.18363461413
7.22705942545
7.26137934606
7.27608007972
7.36046165965
7.74593568256
7.78950158622
7.82987856131
7.89645554895
7.92991584988
7.95951482192
7.96422399883
11.3629476705
11.4056420236
11.5457607189
11.5939631389
11.6008834918
13.9705162076
14.266706057
14.3134746487
14.34257374
14.5000304706
53
