6.01095970027
6.02663736749
6.0361950268
6.05702512632
6.06276821461
6.14551943817
6.16905086154
6.19814947256
6.22059137703
6.22902969046
6.24413871658
6.2606394662
6.26828206739
6.29136502645
6.32975374772
6.34907428414
6.35862615351
6.38185864017
6.4076161988
6.43163373786
6.4457455577
6.47143142923
6.48299533023
6.50112669666
6.58925902998
6.61096888536
6.63170537887
6.63387731202
6.64072890502
6.65456102932
6.66390431084
6.7449160351
6.8019003553
6.84228447967
6.85255439543
6.8897208547
6.90498979777
7.16189079388
7.18734406243
7.19407783436
7.24444083529
7.27187373783
7.29747268549
7.31726645667
7.80545288754
7.87920924602
7.88483811167
7.94056039935
7.95289083822
7.95679322296
7.98774080151
8.14245350336
8.17314056512
8.28679755194
8.38367622338
8.40502285211
8.43793049795
8.44680923842
8.51040753065
8.54836261419
8.62037596596
8.63539443397
8.67559026817
8.72639361149
8.86030740355
8.89040797845
8.96579040799
8.97076055365
9.09243049042
9.13502255085
9.22052686329
9.27628676427
9.31348312235
9.37978866416
9.56035179607
9.65437070566
9.71164066152
9.72548616364
9.76130356781
9.798303684
9.89947491167
10.0854211414
10.1237487049
10.1310340502
10.1691429561
10.242238271
10.3181595549
10.4691547362
11.224042272
13.3063075676
16.256107068
91
