6.0375550046
6.03932152568
6.04528461315
6.0717403657
6.07977278219
6.10635740855
6.12112302163
6.15070942795
6.18144678445
6.18573407146
6.22180989076
6.25144519455
6.25914116948
6.26463833299
6.29346211167
6.30863759243
6.3181770199
6.33741331321
6.34439685694
6.35408225648
6.37547482931
6.40758857487
6.42054333031
6.46054534851
6.47058106418
6.49529641296
6.49735814731
6.50700629263
6.51594889878
6.52868638538
6.53649491492
6.56157287988
6.59259263435
6.73918011911
6.79626389386
6.81146171709
6.84027590732
6.86409686764
6.8895152945
6.89944390856
6.93945502003
7.00007787978
7.07478129111
7.09534575849
7.13216453093
7.77880516142
7.78533223574
7.82412142572
7.88483532494
7.93958380651
7.97232957383
8.01951642198
8.13157931391
8.18817985871
8.26349297062
8.32152981114
8.32969253596
8.37678818853
8.41564572548
8.42201166954
8.47232365194
8.47777494491
8.49942359361
8.78446442746
8.81246721259
8.89185981897
8.98241961071
9.01580088433
9.11838179467
9.15011835385
9.15392606911
9.18596396998
9.4022616988
9.45689160748
9.55817519098
9.72078704679
9.83326617391
9.83838350663
9.90597787224
9.92047095294
10.0040415636
10.1281993135
10.1908525682
10.2909517215
10.3844702137
10.4207322116
10.5469646147
10.5964178096
10.7136384782
10.728264862
10.8395938691
14.7068731872
92
