6.02432583512
6.02949022067
6.03078836457
6.05000232685
6.06280091912
6.06961347966
6.08609158176
6.10552242498
6.11506903458
6.11606807637
6.13859981087
6.16060320004
6.16753107653
6.1804337973
6.19414028371
6.20062943738
6.20784627643
6.21753890895
6.23303682881
6.23624117458
6.25755716129
6.26782235598
6.28397221526
6.31452918805
6.31861885994
6.33359010102
6.40049764272
6.54041371256
6.59788610656
6.63157697332
6.64342909533
6.64644945847
6.67406715512
6.89940254218
6.92332709623
6.92936171893
6.96228371517
6.98132763706
7.02769577596
7.03356754767
7.03538159723
7.04546610908
7.08118254313
7.08610450644
7.13962214725
7.15478961101
7.25237686049
7.27050015946
7.32180905618
7.36637398152
7.45743759721
7.48018021138
7.52614284359
7.57686372797
7.69772323632
7.74918854333
7.7669845132
7.79980825284
7.82682706545
7.9189334563
7.96561017318
7.99671300316
8.01968591191
8.06240333522
8.07906522653
8.09222149317
8.11704042131
8.12213903151
8.2003466765
8.27420965248
8.34665314731
8.38884448504
8.42561472867
8.49721492947
8.58780019858
8.64846971811
8.75364537008
8.79270183521
8.85547096522
8.95924977465
9.08829513176
9.16353971797
9.21329132587
9.23835182896
9.29260709891
9.31233773391
9.41779079503
9.48093054699
9.51629917232
9.62553848179
9.74205010932
9.91943718858
9.93899647335
9.99290207504
10.0007719631
10.037308783
10.1266584969
10.1889443516
10.2328170428
10.3135290535
10.4211344256
10.490169619
10.5511212021
10.6357579868
10.7104173757
10.8577797259
10.9320788133
10.9915336194
11.0882633999
11.2212826992
11.2740710419
11.3952282678
11.4655756051
12.3036915552
12.4251966869
12.4718131066
12.5210491085
12.6085197725
12.8575423373
13.8188194145
14.392832797
14.5762164404
122
