6.00152217562
6.0039142478
6.0123978958
6.02880188595
6.04003013763
6.0543323224
6.08396238826
6.12338415292
6.14787866488
6.16474018411
6.1805693904
6.19489700456
6.21396133573
6.24917786602
6.25242317383
6.26674801025
6.28265387477
6.29327096914
6.49707914758
6.51359800622
7.03572998683
7.07555912019
7.12230090295
7.14192763685
7.1761513729
7.26948671243
7.3228251104
7.37866950517
7.41332731074
7.44141904981
7.48694268602
7.52685826017
7.61787928505
7.62925026674
7.67483207528
7.70991151125
7.72599532911
7.74380063099
7.76735203341
7.8224166229
7.89879991114
8.40977026722
8.47768257452
8.5254594876
8.60049008131
8.61656525262
8.67069742554
8.74410207781
8.76274487477
8.79648976852
8.85129764293
8.96349686087
8.99887405328
9.00431629083
9.05602026547
9.10209776616
9.13619818709
9.14658696748
9.16778621184
9.17221423996
9.95470049216
10.0262796883
11.1424110991
11.1763279681
11.2922654536
11.3284186427
11.3914309248
11.5964657215
11.6410595824
12.154635923
12.2402603955
12.5281624324
12.8597506377
12.9998971331
13.1858735014
13.2996346939
13.5044549332
13.575139439
13.7458025455
13.8670699234
14.0683014905
14.2630960834
14.4332696536
14.5783449049
84
