6.01397944701
6.09948319393
6.11617071691
6.12220138764
6.14763836331
6.15139947052
6.15621466547
6.19868189488
6.22282529081
6.22539542691
6.2413128194
6.25389854993
6.26495648326
6.33480264112
6.36085811631
6.3887201535
6.41465669642
6.43909054284
6.47327890101
6.47495747364
6.48386405835
6.50497843317
6.52766816345
6.53099687795
6.55117798633
6.58347451147
6.61596436687
6.63101969567
6.65844094225
6.69766673021
6.70532899458
6.7079827084
6.71397673175
6.7467565864
6.77788729585
6.83443362402
6.88266250055
6.88487641233
6.93148499357
6.98343234238
6.99356862251
7.06318974575
7.07884625648
7.12677484447
7.17740942121
7.22817172625
7.26077494132
7.28824280331
7.31914630255
7.38111537289
7.47447165282
7.48842975705
7.50801449736
7.53217770757
7.57792267487
7.61007346808
7.64039334025
7.66480629866
7.75063460385
7.80755693297
7.88139558381
7.90531964862
7.90960826734
7.99358353651
8.02835805401
8.05996176616
8.17344461901
8.24402206829
8.25119671046
8.26867660843
9.50627737466
9.58624033364
9.61661475931
9.66514060249
9.74990819775
9.85724212112
9.94345557826
10.0250835042
10.0462383045
10.1392319633
10.2284049508
10.27664261
10.5107936585
10.5920870004
10.6585426619
10.6965173782
10.7701493086
10.7875387879
11.5719822737
11.648114573
12.0498768082
12.1035884748
12.2327926002
12.2951957122
12.4136473416
12.6317040856
12.7045668467
12.8545392216
12.9177448861
12.9479574846
13.0636068062
13.3073231576
13.3383882986
13.5294265491
13.8397347679
14.0067045982
14.2911987329
14.5094144435
108
