6.0105076587
6.04003025992
6.06121826737
6.07112113013
6.1001318338
6.12039697718
6.30100477511
6.31789533652
6.32301103078
6.35248774693
6.37818650329
6.3946831267
6.40567826779
6.44639233751
7.06004100676
7.11147207903
7.12008614001
7.19289621777
7.20822470589
7.24213114351
7.2695184239
7.3266868364
7.35393429149
7.39994190897
7.43386223211
7.48545306924
10.316894484
10.3353658527
10.4269055874
10.4379120811
10.4706552764
10.5143163426
10.5792761187
10.6395035891
10.79432794
10.925117015
10.9558400646
11.0489383137
11.1529451456
11.2204845102
11.2272663298
11.2729761335
11.3434193223
11.4598802742
12.4469866765
12.5762401579
12.7291230969
12.8921579444
12.9320436692
13.1845942125
13.4334064524
13.5887472775
13.8752420683
14.003194572
14.0586935062
14.2448641622
14.6291939774
57
