6.02615292019
6.03943016884
6.06217285688
6.06932609348
6.08299564343
6.10884716217
6.32992848126
6.33291591991
6.34588121407
6.36657592355
6.38313790428
6.41874056231
6.44641061153
6.47306431627
6.47693698499
6.51303300579
6.53996223611
6.55858914112
6.63240104488
6.64314584099
6.67278061386
6.74270554115
6.76382219535
6.78988771987
6.8071305299
6.85107541622
7.05873909001
7.07390014491
7.08599336938
7.11689842781
7.17024455121
7.57747862118
7.71600729342
7.72264702621
7.81462274261
7.84142795877
7.92569170018
7.94577722063
8.00047788376
8.05168268385
8.07746853273
10.4214849649
10.4789715246
10.5231534606
10.8185097039
10.9354284769
11.0208227114
11.0924175638
11.1458413862
11.1775885701
11.2998212418
11.7850675598
11.8503841721
11.9860958618
12.0608077022
12.2089295581
12.2901991822
12.3389692371
12.431720728
12.4684607102
12.5442861689
12.7984126792
13.471634351
13.5490784901
13.735371316
13.8125937067
14.1036334177
14.1227558595
14.3426068915
14.4008659559
14.6254837313
71
