6.2414611225
6.26424478514
6.31417592963
6.35259788612
6.36742357031
6.39928127928
6.45605445937
6.48417538627
6.49520968175
6.51082552247
6.51636559044
6.55609196478
6.58033325932
6.62190941319
6.65770891691
6.67689335842
6.73180286685
6.74006119915
6.76902505634
6.79784019663
6.85967070482
6.87818999771
6.92307279675
6.93915802699
6.96778358539
7.01505067726
7.02298238539
7.03583950392
7.08530123793
7.12951889818
7.17518518417
7.18764141184
7.44510744429
7.483693488
7.48618904219
7.50402800062
7.51910573968
7.534916
7.76751166456
7.77828264637
7.85987234542
7.86542696318
8.17441384473
8.18240482487
8.23196036958
8.32564835078
8.38175130354
8.38634233386
8.56062057044
8.6208590731
8.64643542669
8.67247521265
9.47375053189
9.49750828698
9.53355207912
9.55030131523
9.66278076092
9.95280983491
9.97684099789
9.99070718528
10.0760877893
10.1637451032
10.2355855838
10.2419035612
10.3410916695
10.4010237311
10.4601290694
10.4938632938
10.5331209238
10.6373450587
10.6838243002
10.8029853722
10.9237870402
11.0524488169
11.367702077
11.5438752039
11.8399112699
12.0056370615
12.345247598
12.5049790042
12.6678631506
12.8334541784
12.9727352996
13.1974392537
13.4051902062
13.6004026769
13.78256897
13.7940350531
14.0541983447
14.2319223662
14.415314685
14.7816951008
92
