6.10603107537
6.11122602345
6.12468157826
6.12612979267
6.14759844744
6.16134693978
6.18024089738
6.31000701042
6.3204964438
6.32198047911
6.36619200659
6.38139374877
6.39009326111
6.42904571028
6.45169320905
6.46864655141
6.4739689464
6.49841715338
6.50570705162
6.52319987103
6.54221987454
6.54479402174
6.56268396971
6.58431379878
6.58937784766
6.60120377206
6.60967099953
6.63166387387
6.64728333141
6.65686241933
6.66211124619
6.66573173953
6.68184305713
6.68535436735
6.70340055631
6.72417862795
6.75547332588
6.78253363291
6.82031804014
6.86448827644
6.91635292165
6.94761970532
6.98898149813
7.01794195458
7.06159207819
7.08800887964
7.15564143495
7.17272439091
7.18984418649
7.2291119155
7.29692916458
7.3684808715
7.40651671645
7.42181975859
7.44037816726
7.49244300296
7.53720833974
7.54428809443
7.62403443577
7.6535073219
7.68112502282
7.76340885806
7.77999648358
7.8617867799
7.92172077022
7.94013810316
7.95680605729
7.99491899911
8.03026422787
8.05472001134
8.08847663909
8.14458148073
8.24039334224
8.29444022229
8.33661743032
8.38543138713
10.1137067004
10.2101581538
10.2354234067
10.2712380289
10.3237562854
10.395442617
10.4145218594
10.4839979205
10.5183976417
10.5976122322
10.6680571046
10.9996996082
11.1363652979
11.3884458935
11.4967545669
11.8971502124
12.0288969911
12.1743997964
12.3246220539
12.6316163534
12.7152838159
12.9198043312
13.0970247844
13.3240915489
13.7532581542
13.9762483933
14.2197901922
14.7230683747
104
