6.01123524842
6.02216855572
6.02825506447
6.04562231807
6.07499626062
6.09019329488
6.10490126931
6.11973761976
6.13307220271
6.15627056841
6.16245380749
6.16806489547
6.23459271611
6.24223486146
6.25628639351
6.26876785271
6.28049784875
6.28717286947
6.30636423277
6.31125487348
6.32176061481
6.34399591982
6.37255634982
6.42769069342
6.43058725068
6.4929056026
6.50969553146
6.51911291209
6.59520309485
6.59693454371
6.63232198926
6.78022581426
6.80061554908
6.86426416029
6.94305697379
6.97129304893
7.07937485776
7.08610967214
7.1451628185
7.1932366225
7.22463598935
7.22838299892
7.24864235764
7.30940192091
7.3312104487
7.37867142008
7.40733085465
7.42997358782
7.49152894364
7.56745689374
7.57264798527
7.65747322871
7.69344862289
7.72334349034
8.22644283106
8.279714378
8.28286737283
8.38525880904
8.46848851177
8.55698444068
8.58384498852
9.06411858892
9.06995526188
9.2360337284
9.30335507959
9.38695376026
9.42027563229
9.66295439184
9.76700485005
9.81523056966
9.98938032147
10.0754212922
10.1506502524
10.4493999993
10.4697587097
10.534667854
10.6204264476
10.6684010221
10.6758044168
10.7459411688
11.0099391624
11.1018119148
11.1248301751
11.2407775581
11.3052921698
11.350007627
11.4092692156
11.6488107152
11.7707730901
11.8925116886
11.9572921821
12.0528063347
12.1172972981
12.2016836828
12.3014948401
12.3798678871
12.7385978039
12.9063705333
12.9241346836
12.9429797054
13.1504957881
13.294602167
13.4254630045
13.7362586155
13.9129400337
14.0091206259
14.2419422782
14.3409577147
14.8217008218
109
