6.01403843764
6.02761784401
6.04071106819
6.06285234794
6.08225589102
6.10744506161
6.10865918339
6.17115663277
6.19404655243
6.20922016037
6.22863393019
6.24408506759
6.25555071856
6.35190652744
6.36784248025
6.39018182951
6.39562464371
6.42017709899
6.44973257343
6.45203738313
6.49231530175
6.51196045125
6.53438667986
6.57108186681
6.70139247673
6.74533316105
6.76325139898
6.78401389566
6.79932364408
6.8257365371
6.86333501621
6.8765721834
6.96423935187
7.02709270534
7.05950327443
7.10190572527
7.13724468723
7.21054282549
7.27045506892
7.30810800087
7.31130243729
7.34677870457
7.36165423296
7.38412104734
7.44506405254
7.44902702194
7.48455348773
7.61568914171
7.6630959408
7.70800567586
7.77402712925
7.83299612328
7.91017642439
7.95877577825
8.1001428292
8.22321547839
8.31288266707
8.45885042312
8.53523396063
8.57680093108
8.60468988351
8.69976392407
8.74473035646
8.79929650987
8.84112817125
8.94554964204
8.98274233681
9.09557691401
9.18831558445
9.20266523649
9.23186298523
9.52075044716
9.602774948
9.64714857051
9.70409467524
9.81141278332
9.85317118309
9.92003906425
10.457885309
11.1781489426
11.2912373703
11.3159975328
11.4813601183
11.5971234743
11.6093669652
11.6706275833
11.7369627804
11.7917800974
11.8566488693
11.9308826455
11.977996904
12.0683046008
12.1464877269
12.162976762
12.6368348682
12.7299974486
14.3346824848
14.6987577663
98
