6.00543741679
6.01050534055
6.02256013673
6.0278540027
6.0437525747
6.05767925507
6.06521623788
6.07498366647
6.10177777819
6.12102566127
6.13232916351
6.15477566415
6.16312579807
6.17170127246
6.21753639707
6.23640693097
6.65015899867
6.7306848368
6.76154005472
6.80455493117
6.83894480348
6.86776013803
6.89194351717
6.93045151171
7.01190136815
7.22110655275
7.23811456313
7.25733498744
7.27958870275
7.2882870721
7.30504401129
7.30945890453
7.3250542701
7.34040532542
7.35091586324
7.35872552824
7.37916459055
7.39444679899
7.40463086193
7.40889284483
7.41918928446
7.43472512041
7.45204139615
7.4588756638
7.50964239876
7.5499143026
7.57697336614
7.59332453174
7.6043044938
7.63991998064
7.67582625764
7.69621374395
7.70028015983
7.72165887613
7.74231171902
7.7679546175
7.81102052433
7.81553751101
7.8367254748
7.85707288769
7.87977634505
7.91101114244
7.9363378666
7.95796497317
8.40881539009
8.44164906452
8.45845588572
8.46471763204
8.47493263602
8.48291917127
8.52339608348
8.53972550816
8.54853450214
8.6181070725
8.62750002474
8.64445618675
8.65932992209
8.69222027593
8.70201274515
8.7163357087
8.73070383853
8.76649156525
8.7886628408
8.81047453703
8.85171470029
8.85572875998
8.8730816179
8.89050676906
8.8980174334
8.91617176428
8.92355160246
8.93595871996
8.9669825544
9.60992191157
9.63234446975
9.68332284984
9.69389444473
9.70096336521
9.71865313258
9.73346328803
9.7384854451
9.74784446555
9.75751891753
9.90105312927
9.94554196329
9.97039207241
9.99432718032
10.0074873396
10.038786325
10.2725998905
10.3058257295
10.3341594915
10.3482783318
10.4146960309
10.4336139004
10.4568412293
10.5093848839
10.6155391528
10.7132529422
10.7479694188
10.8209300545
10.8418377896
10.8512110306
10.8578953961
10.8736755351
10.8813627846
10.8897217818
10.8995873551
10.910792209
10.9386624267
10.9643454719
10.9704567869
10.9891084156
11.0145777104
11.0444002467
11.0655898972
11.1142583336
11.2063887068
11.2110457378
11.2394573377
11.2634826468
11.2761757981
11.3128906227
11.3376590872
11.3423197293
11.3626170595
11.4791586178
11.5107383061
11.5330977766
11.5599359043
11.5869240193
11.6632604252
12.0120090186
12.1756309014
12.1902381667
12.1986949102
12.2677330938
12.2874289997
12.3629553815
12.4026729983
12.4357292722
12.4494741107
12.4671290066
12.508149595
12.7865294993
12.8448238265
12.9481932958
12.9839073873
13.0100891538
13.0422128914
13.1111389889
13.1163757756
13.1461862603
13.1736908774
13.2140126459
13.2176619604
13.2293112489
13.2521985356
13.2743416343
13.2920193219
13.3053854876
13.3195763549
13.3497363913
13.3562353889
13.3612341331
13.3726145115
13.4117596135
13.4278922827
13.4393323293
13.4631965164
13.4824691157
13.5237274867
13.5445498663
13.555472841
13.5757883536
13.5916451366
13.6126535486
13.6401735216
13.6540950963
13.6904768288
13.7237033161
13.7407881724
13.7691100248
13.7918124719
13.8116061783
13.8237096603
13.8332430674
13.890470271
13.9255574675
13.9761011827
13.9884075259
14.0357258008
14.0793724307
14.4082274823
14.4385767692
14.4431295003
14.4912175204
14.5080606592
14.5184454313
14.5312741835
14.5547199193
14.5597306587
14.5689515065
14.5967256718
14.612129199
14.6226180138
14.6463585318
14.7056905699
14.7143976325
14.7238347114
14.7869693076
14.8065088954
14.8143998005
14.8609208968
14.8807360666
14.9023041293
14.9325978461
14.9572744208
15.0047715005
15.0365563299
15.0511154703
15.067268099
15.1027295952
15.1766780507
15.1980452014
15.2151697685
15.2424494844
15.3893954877
15.3958357985
15.4482806217
15.50650806
15.5484912874
15.614008221
15.6311741742
15.6378910264
15.645487347
15.6574442071
15.6663526349
15.677598914
15.6926049258
15.7130016202
15.7252297446
15.8638395609
15.9126480408
15.9257682402
15.9345664382
15.9628278487
16.009654263
16.0201105198
16.2624848176
16.3107271417
16.3400421144
16.3585769107
16.3792736943
16.429508324
16.4486744548
16.4804314093
16.6875508937
16.7091320038
16.7492835058
16.8158171441
16.8373747576
17.5170948182
17.5239178543
17.5707136868
17.5897986202
17.6244223766
17.629446024
17.6382605504
17.6547541853
17.670515297
17.6841001672
17.706320293
17.7332553622
17.7392479848
17.7566746887
17.7969880125
17.8149256622
17.8368540616
17.9747633484
18.015128812
18.0216801459
18.0340753014
18.0380450369
18.0535912554
18.0623774501
18.0784053086
18.1002748641
18.1084127727
18.1181433593
18.1224002643
18.1380099819
18.1506672616
18.1583510878
18.1789030533
18.2319564214
18.2570666501
18.274425355
18.3133418992
18.3333698207
18.35720775
18.3719888309
18.3797574823
18.3920681175
18.4250444863
18.4406485354
18.4452852775
18.5308767018
18.5788521955
18.5827554188
18.6293170934
18.6589611016
18.6638445897
18.7289803465
18.765625981
18.8028318372
18.8296383599
18.8457593229
18.8640146072
18.8760524791
18.9056471249
18.9286938526
18.9842006635
19.0490107009
19.0886657285
19.0968552141
19.1413398423
19.1841175474
19.236382722
19.2574292173
19.2698893242
19.2847894611
19.3103901541
19.3257809037
19.3358905485
19.3501527861
19.3581000306
19.4357310172
19.4441025121
19.4778678904
19.4980775997
19.5131671403
19.5361351898
19.5422016761
19.5523910589
19.5783835786
19.5953102591
19.6053347035
19.6331362649
19.6521827993
19.6805037918
19.7399112278
19.7803047029
19.8143253467
19.8314330895
19.8609702879
19.8653211843
19.891573939
19.9256520906
19.9362350219
19.9584083041
19.977539845
19.9818405083
19.9920075876
20.033732033
20.055813424
20.117432503
20.1277997957
20.1603656083
20.1657335703
20.1986040404
20.2625115535
20.2987528084
20.3237290653
20.3756702995
20.4248258662
20.4416871184
20.4452740405
20.4498290497
20.4557822157
20.4708473075
20.485320535
20.4942133351
20.5160989242
20.5198114545
20.5635785229
20.5814672857
20.5911747972
20.5989728522
20.6145021026
20.6336676053
20.6562497465
20.6775469684
20.7055996977
20.7135080999
20.7315511759
20.7466961113
20.7590619436
20.7906306367
20.8082595294
20.8128904272
20.8316117716
20.8515011561
20.8855897106
20.8981239229
20.9245789008
20.9435167296
20.9569451132
20.9786692273
21.0108737388
21.0705811404
21.1194356125
21.1327225733
21.1981579855
21.2400684845
21.6295868095
21.6388497613
21.670709098
21.6786549937
21.6876419405
21.6930961894
21.6964322938
21.7022979245
21.7077589093
21.7150092321
21.7237787301
21.7557360767
21.7620243938
21.777449987
21.7814847336
21.7905454914
21.838115073
21.8574736046
21.8724449523
21.8768439461
21.8925966723
21.9344362481
21.9385905279
21.9567893385
21.9604726022
22.0155058161
22.0399399557
22.2137591877
22.2345497048
22.2671149356
22.2823896658
22.2963509111
22.3070250395
22.3112994481
22.3394795553
22.4301954079
22.4412774391
22.4886726068
22.5563877188
22.5882118379
22.6299394964
22.7090246679
22.7256435129
22.7909438779
22.8064580499
22.8405861773
22.8530220069
22.869399168
22.8779652571
22.8824283602
22.898240139
22.9342968131
22.9877733191
22.9986365322
23.005356456
23.0300093379
23.0387210861
23.0775920244
23.0926941925
23.1164239043
23.1316762618
23.1676322661
23.1816920305
23.2102792192
23.2156752712
23.2275654627
23.2505643237
23.2720478743
23.2777709585
23.2929536805
23.2998069935
23.3472354005
23.3877382306
23.428255281
23.452468151
23.4659368517
23.5033313395
23.5343573629
24.0066762878
24.01063113
24.028031694
24.0417686896
24.0467314028
24.0594074274
24.0818962474
24.0912551043
24.1317352719
24.1411739813
24.1620291025
24.1807583212
24.2092773308
24.2445399374
24.2517289884
24.2683112812
24.2738261706
24.2842243463
24.2966175904
24.3134453553
24.3254441078
24.3419973487
24.3768323019
24.3848246433
24.4564988502
24.4708398672
24.4962467449
24.5153336545
24.5267000114
24.5524507831
24.5678702264
24.5772228658
24.6079189125
24.6175844603
24.6490015998
24.6705740978
24.7250978355
24.743365234
24.8384178912
24.8609819131
24.8757183136
24.8866276143
24.8957572244
24.9121097286
24.9582757199
24.987875868
25.0604405777
25.2037552772
25.2500867995
25.2629284524
25.2855735493
25.2959164896
25.3074570691
25.319978884
25.3341883771
25.3376016483
25.3440286574
25.3629380595
25.3714638071
25.3821193693
25.4144370813
25.4286425416
25.4398281947
25.4453508211
25.4876248312
25.4962569824
25.5756718622
25.5849187882
25.5984768908
25.6210336959
25.6388726772
25.6503517383
25.7324932867
25.778995503
25.8097946609
25.8257753942
25.8470485635
25.9308228443
25.9618005949
26.00037132
26.4113807347
26.4240317565
26.4386289031
26.4422566796
26.452014314
26.4693894917
26.5028341688
26.5079273766
26.5201458381
26.5340850807
26.5374209
26.5569642486
26.5732630977
26.5967361865
26.6092936942
26.6252041093
27.0485139082
27.0780677602
27.1448011835
27.1605105903
27.1700578162
27.1933701948
27.2268931874
27.2509527217
27.2564452919
27.2700676707
27.3638479912
27.3968342664
27.4193679142
27.615567193
27.8101190091
27.8223346466
27.8274824263
27.8446063099
27.8615818625
27.8831962605
27.8978644378
27.9092767358
27.9218588974
27.9391328016
27.9557379051
27.9747314196
27.9858640722
28.0723832426
28.0872287848
28.0977758941
28.1301448404
28.1445362349
28.1499009369
28.1836314002
28.1998085826
28.2395330208
28.2474592668
28.2762873218
28.2870385638
28.3173344369
28.3268185986
28.3371789367
28.4324382924
28.4675729886
28.4805732889
28.5690160267
28.6383679326
28.6715508705
28.7502139429
28.775028438
28.8311019361
28.8449886345
28.8639109423
28.8876600016
28.8957861995
28.9002764368
28.9062432644
28.9195504276
28.9527088002
28.9632272293
28.9743909422
28.983522989
29.0012642269
29.0060583675
29.0203662524
29.0497112668
29.0590768016
29.0839321486
29.0918837682
29.102720169
29.1122749878
29.1349963648
29.1436175474
29.1471243833
29.1695847707
29.1830694855
29.1877516917
29.2202308808
29.240054405
29.2767234051
29.2941943767
29.3005759935
29.3203338393
29.3422870089
29.4953820888
29.5390126799
29.582642464
29.6315875471
29.8014439043
29.8099210622
30.0127098749
30.01757103
30.0269852849
30.0354173444
30.0496050894
30.0529558984
30.0574115246
30.0623127779
30.0801998146
30.0919122107
30.0957784359
30.1129696696
30.1309567707
30.1422174616
30.1542264004
30.1792526962
30.193232091
30.1984346861
30.2056683856
30.2271824215
30.2494750099
30.2685584159
30.3116401987
30.3988844211
30.4031960671
30.4124450651
30.42179677
30.4492916097
30.4678188327
30.4935284609
30.5019036845
30.5380109779
30.6361215184
30.6814984326
30.7182539708
30.7229723784
30.7298371541
30.749613823
30.8069393863
30.8776695711
30.9004019219
30.9041214636
30.9477499912
31.0026975495
31.0096691227
31.0437808779
31.0921584644
31.1322344684
31.2070613217
31.2269290805
31.2363851252
31.247398273
31.2620581835
31.2796125289
31.2856673278
31.2997857774
31.3622971025
31.3783911467
31.4738503206
31.4777714644
31.5015370091
31.5223311936
31.5382579332
31.5621771543
31.5930168439
31.6035166763
31.6308333791
31.6769258181
31.6958636869
31.8847611848
31.9395963995
31.964691231
32.0183139362
32.0479660308
32.0613494174
32.0913399943
32.1930859103
32.2038303031
32.2509484085
32.312323763
32.3650820535
32.4064483332
32.4159215989
32.4221967685
32.4340287154
32.4456444352
32.4491535395
32.4546469678
32.4764890036
32.4915048673
32.4960680649
32.5032710918
32.5173864794
32.5304063902
32.5577450269
32.5630509955
32.5664893548
32.574224879
32.5863958374
32.6004555903
32.6200981909
32.6318087084
32.638960334
32.6644163704
32.6824416696
32.6887403143
32.7163401185
32.733526496
32.7947195533
32.848266788
32.8582194626
32.8615847344
32.8713486451
32.9705163878
33.0045682537
33.0425771884
33.0986032751
33.1166136863
33.1323705316
33.2665966667
33.2996599782
33.3808871333
33.4035053264
33.4372005134
33.4407547127
33.4741592106
33.5061343561
33.5597893163
33.6091726218
33.6189850392
33.6294413355
33.6411173156
33.6544735849
33.6628227469
33.7234298514
33.7310980071
33.7583999239
33.7727653573
33.7946043687
33.8136421743
33.8534866417
33.8691050059
33.8835071496
33.9008742216
33.9126895573
33.9276579174
33.9524930059
33.9813436348
34.0019912892
34.0114671547
34.0372596316
34.0536241892
34.0714009349
34.123452434
34.8102522196
34.8177801478
34.8217065554
34.8341952459
34.8521422785
34.8565835371
34.863924683
34.8769249183
34.8810772359
34.901769554
34.9335628135
34.9411895298
34.9657592837
34.9812686277
34.9889066895
34.9958011402
35.0123337521
35.0427018733
35.0672179467
35.0830844103
35.1037033345
35.1890583498
35.2055884038
35.2707245264
35.3288248849
35.3391774551
35.3596000048
35.3659702338
35.419460568
35.4336716895
35.466596821
35.5126949966
35.5601084907
35.6129317006
35.6199993856
35.6431029437
35.6695194441
35.6975112041
36.0049936041
36.0090942811
36.0222908366
36.0390874666
36.0830212805
36.0941440834
36.1014126494
36.1080042464
36.118395717
36.1285796691
36.1406453743
36.1484834865
36.1546719208
36.1695076835
36.1766748807
36.1922391871
36.199620272
36.2516838415
36.2584059365
36.2696012854
36.2799273563
36.2834245753
36.308818842
36.3126840988
36.3243047447
36.6759518546
36.8491481225
36.9196108835
37.0002753727
37.0253405788
37.077408272
37.0872877739
37.1164266667
37.1411218054
37.2076066004
37.2141792148
37.2242651559
37.2496472211
37.278866359
37.2833481069
37.2881841203
37.2924645652
37.3168034618
37.33979288
37.3474070352
37.3634250943
37.3800905774
37.4095821372
37.4267856455
37.4345439255
37.4579444259
37.4699153833
37.4735439975
37.4972472437
37.5059511308
37.5145358033
37.5528129798
37.58906059
37.5940478767
37.6019301809
37.6213190867
37.6425651086
37.6787364645
37.7576023868
37.7889390619
37.8161958363
37.8306469796
37.8617195121
37.8676503338
37.8735868334
37.9003845432
37.9145861043
37.9842665793
37.9998059435
38.0143782586
38.0217766172
38.0507518909
38.0621437374
38.0882479575
38.1387593001
38.4072017957
38.41158557
38.4276138707
38.4398978084
38.4791338664
38.4887273359
38.4973613575
38.5104542327
38.5227167485
38.5361290569
38.5537948335
38.5752276817
38.579184153
38.5861132382
38.6102133307
38.6348118563
38.8195975183
38.8323182459
38.8828957
38.8967691715
38.9024041539
38.954153469
38.976760216
38.9837777479
39.0003514786
39.0365261601
39.0426332373
39.6169963509
39.6359554346
39.6512091836
39.6980560212
39.7102345012
39.7148721024
39.7284383638
39.7552314541
39.9382691288
39.9961350997
40.2312859843
40.2770989982
40.3354699023
40.3605142678
40.3768011407
40.4079918582
40.4408093022
40.4806169005
40.5089356424
40.5759656684
40.6038592165
40.6416109599
40.8095428651
40.815011627
40.830969801
40.8437499885
40.8538134209
40.8790011913
40.8832697124
40.8903715293
40.9016422944
40.9125055564
40.9215529638
40.9281556056
40.9407448101
40.9568162972
40.9645229249
40.9841702311
40.9989444546
41.0121979728
41.1198989869
41.1444557489
41.162323706
41.2168628978
41.2543347043
41.2822290938
41.3011556536
41.3238372464
41.3565423303
41.3800369118
41.4135179888
41.4358758622
41.4762389246
41.4914361037
41.5082342686
41.5208220879
41.5257840004
41.5738131896
41.6007982019
41.6269938514
41.6590327792
41.6859707087
41.6994925844
41.7454080938
41.7746638878
41.892621976
41.9206792346
41.9434653607
42.0203742853
42.029612755
42.0485588852
42.0618527473
42.0831207412
42.103100852
42.1652256287
42.2321586161
42.2612622452
42.3060247765
42.3310049633
42.3537085807
42.3889490279
42.4571854891
42.5408753574
42.5974381981
42.6146516895
42.706214876
42.7915649964
42.8567265978
42.9047752364
42.933730084
42.9781483897
43.1087396611
43.1237590734
43.2169675993
43.265443124
43.3018808692
43.3101886668
43.3157294717
43.3280796523
43.3858847379
43.442308005
43.4799736377
43.5239698753
43.7122034486
43.7746163732
43.8029056465
43.9374880321
43.9734208867
44.0791204284
44.173646543
44.244028804
44.2733231301
44.3785146358
44.4082555189
44.4319135327
44.5325291717
44.5361796127
44.5564884226
44.5730877634
44.7251690938
44.8016712821
44.8101292037
44.9841806597
44.9907144992
45.0426384424
45.0463875091
45.1319240836
45.1525703968
45.2275618568
45.2370773142
45.3326766135
45.3458187934
45.3618512935
45.3935222727
45.442095159
45.4552296942
45.5069036605
45.5751381556
45.6123959
45.6318147661
45.6400697538
45.6756980491
45.6869526216
45.6913763761
45.7240557833
45.7696095833
45.7739475098
45.8368427326
45.8711427337
45.9387250942
45.9425691716
45.9646961969
46.0677988558
46.1038589159
46.158746023
46.2088479582
46.3867393301
46.4897296716
46.5241335206
46.7203619499
46.7730345663
46.8122459699
46.8442179597
46.8558795742
46.911753713
46.9633913753
46.9940684745
47.0412903122
47.0546954589
47.112798599
47.1713902476
47.2005888503
47.2105383483
47.2331997665
47.2661307929
47.3080717493
47.5082974496
47.5925710933
47.7122051195
47.7685801748
47.8706806041
47.8793710486
47.9148540665
47.9456904826
48.0288172179
48.0406523854
48.0653730432
48.0979897207
48.1587391539
48.1822969181
48.1883522229
48.2143289759
48.2188717644
48.3804501742
48.3901726316
48.4080255672
48.4491746219
48.5184381662
48.5722874652
48.6211079285
48.7177611391
48.7661106893
48.8347273396
48.8439602212
48.8509001098
48.8953273938
48.9424672845
49.0501253734
49.0621137957
49.1332458986
49.2273707275
49.262389665
49.2745315704
49.2973169405
49.3159130208
49.4710816013
49.5137401217
49.5525199682
49.6143623014
49.6775432399
49.7047860218
49.7263208108
49.7457847745
49.7563091774
49.7896093228
49.8645148282
50.1778021355
50.2940632441
50.3104193645
50.4132741326
50.4629635778
50.4767678618
50.5120340249
50.5760854781
50.5887525964
50.5948281513
50.6327403642
50.6743530711
50.8958737414
50.9596073727
50.9904720334
51.2293691162
51.3112634215
51.3359158259
51.3759115741
51.4318391298
51.5010116523
51.5946985348
51.6456032439
51.6802955993
51.7013025518
51.7519675406
51.777423775
51.8210418025
52.1480812975
52.416208044
52.5292590897
52.6351675007
52.7515696744
52.7718122507
52.8580287828
52.8699354953
52.8907340164
52.9610207284
52.9877774701
53.0097216945
53.035322928
53.0768459869
53.1376643639
53.1681063694
53.2300153021
53.2460985178
53.272221525
53.3098543439
53.3427410986
53.3714045877
53.4720650878
53.7647373038
53.8365601582
53.9297737384
53.9593814494
54.0083986549
54.0436686633
54.0574254578
54.0964657437
54.1090396467
54.1217649931
54.2968589995
54.3481884467
54.4145278591
54.421506291
54.4513546597
54.5128005834
54.5977826342
54.6262584063
54.6701585096
54.7580709958
54.8080814433
54.8852734772
54.9099199564
55.0164693445
55.0344790845
55.0746576136
55.1936744632
55.2150537566
55.2392882225
55.2740985902
55.3009847314
55.3241564731
55.3484566917
55.3742064237
55.3837157691
55.4521164864
55.4988432007
55.5180950769
55.5264223295
55.5595243686
55.5877666723
55.6117997164
55.6807325218
55.8179090259
55.8625530717
55.9467855388
55.9560622351
55.9641734013
56.4140442286
56.4193085781
56.4895220599
56.5081391568
56.5127325401
56.5629183973
56.5831374476
56.625361179
56.6344243921
56.6675968665
56.714787511
56.7572458124
56.7779457289
56.8350558191
56.923813775
56.9702843241
57.0144654164
57.0397223307
57.0724383414
57.0918138503
57.1723955895
57.2503675405
57.6049639816
57.6365192221
57.6428767222
57.6545631949
57.6865375384
57.6980317411
57.7309666061
57.7404729258
57.7627954896
57.7858117474
57.8018723738
57.8126754462
57.8474959321
57.8788048915
57.9144767816
57.948114674
57.9670754692
58.0072876105
58.0591613716
58.1000969148
58.1520603068
58.3503060534
58.4074992284
58.6626151655
58.8134530565
58.8433962294
58.891079582
58.9538842316
58.9700300343
58.9807649776
59.0060280902
59.0360954227
59.0492369564
59.0817076641
59.1477547186
59.1757264814
59.2302070434
59.2682339912
59.2830427647
59.4576827809
59.4640642599
59.5321798749
59.5864869662
59.7569468474
59.8497561205
60.034042839
60.0400072813
60.0629698756
60.0752956214
60.1313880287
60.1980601498
60.2175849607
60.2478488804
60.3438177435
60.382078895
60.4164699265
60.5091768764
60.5503234242
60.6971568008
60.7325892894
60.791287585
60.8189112124
60.8631778242
61.0247014892
61.0566887692
61.1054017814
61.195551375
61.2280876793
61.2578501503
61.2807595503
61.3300279143
61.3829236566
61.4123968724
61.4380761215
61.4864217377
62.3621647348
62.4085127692
62.4243013249
62.4562841413
62.4740183997
62.4939731231
62.5269258039
62.5306580327
62.6631133975
62.6902837017
62.7106259732
62.7584022975
62.763834942
62.8196450725
62.8418671828
62.8695485767
62.9408943074
62.9460053454
62.9770251421
63.0675617062
63.0741677066
63.1053190097
63.1414100715
63.1879077214
63.2384355223
63.2692313976
63.610673795
63.6181562998
63.6459417704
63.6524913957
63.664018371
63.6736268884
63.6958322776
63.7098796888
63.7207864513
63.7347526024
63.8347514531
63.8386770809
63.9871632985
64.0554518205
64.1192505505
64.2235194041
64.2363159057
64.2622446619
64.3049230488
64.3440242856
64.3767543539
64.493449697
64.5453164863
64.6025350689
64.6628477128
64.7591981111
64.8084797003
64.82861319
64.8474575471
64.8653632174
65.0789091501
65.1002193646
65.1347549055
65.1537024069
65.1743480645
65.2092296768
65.2606656276
65.2913528456
65.3233343216
65.3696978745
65.4066021525
65.4299890326
65.4778622278
65.5714558479
65.5976494821
65.6200840558
65.6664298472
65.6875268249
65.8052184862
65.852241415
66.0206153068
66.0394549564
66.0709720483
66.0855129511
66.1232947633
66.1421980505
66.1573748389
66.210874997
66.4598672066
66.5577990796
66.5770525042
66.6033005748
66.6191298178
66.6836982581
66.7350362309
66.8074846965
66.8458779466
66.8888252389
67.0555330555
67.1428973904
67.2133379714
67.241758575
67.2506710645
67.2710242078
67.2825040747
67.3122407165
67.3190054648
67.3656256043
67.3833386349
67.3991688068
67.4099178518
67.4161495977
67.4371515035
67.4442303594
67.4664148293
67.4877910188
67.577442306
67.6966322076
67.7322996038
67.7542367727
67.7584930364
67.7845754506
67.8227580353
67.8635682321
67.9112950457
68.0114987784
68.0284776663
68.4587071144
68.4683894165
68.514514407
68.5573825155
68.581967515
68.6256560894
68.6733682034
68.7088491032
68.7978482963
68.8417108158
68.8768439779
68.8806603547
68.938689079
68.9993766881
69.0403556154
69.1111061577
69.1446865566
69.1661645657
69.1979888435
69.2031891706
69.2557439004
69.2872366964
69.3031328903
69.381846466
69.639343011
69.7521088919
69.7663951004
69.7879392114
69.8586997733
69.8707736438
69.8773273712
69.91357666
69.9632706759
69.9752977635
69.9966814602
70.0479007192
70.0680631612
70.1143007873
70.2059142867
70.2759823408
70.3346081251
70.5148335023
70.5649195827
70.623892256
70.653135524
70.840517192
70.8677401097
70.8852638206
70.8989349373
71.0319453612
71.0389953673
71.0450007877
71.1266338047
71.1408837157
71.1529026599
71.1780129094
71.2555392403
71.2993625955
71.37325063
71.4626046288
71.4943588963
71.5328749554
71.5692752447
72.0114838866
72.027718841
72.0411509807
72.0518238713
72.0848294283
72.1143725717
72.1470174191
72.1855968146
72.2006387843
72.2311149562
72.285265684
72.3102300899
72.3463129189
72.3956753584
72.44558443
72.4930594191
72.527977003
72.6178217504
72.6502433017
72.6659903384
72.6936930555
73.1079391917
73.1453688139
73.1833952631
73.213626859
73.2224526231
73.2526203252
73.2770100638
73.3041152431
73.329868398
73.3507873663
73.4543933141
73.4677830603
73.5171597384
73.6503771509
73.6850254572
73.7106240516
73.7479769059
73.8156082976
73.9114636965
74.1378974195
74.4137197111
74.4744131931
74.520178248
74.5964748151
74.6058893886
74.6182775575
74.6403821222
74.7476464977
74.7527071098
74.7775097106
74.8287811782
74.8450098954
74.9265635072
74.9767593883
75.0119585442
75.0719523368
75.0865475527
75.1669493864
75.1910109191
75.2001267204
75.3370533567
75.4206811758
75.509152984
75.6090390397
75.6308597871
75.6652771073
75.702660991
75.7145202116
75.7300026314
75.7568284813
75.7620760371
75.7818467096
75.8082803214
75.8242921668
75.8545399282
75.8667049741
75.9444126667
75.9949940844
76.0270313874
76.2136009098
76.2799114937
76.3613948325
76.4621516802
76.5327871093
76.5998859157
76.6465301877
76.7280645967
76.7646029843
76.8107742545
76.8884079484
76.9252976019
76.9507185121
77.1041473397
77.296974723
77.3035263693
77.4302979784
77.4891654851
77.5592094196
77.5858283533
77.6784266747
77.7400497249
77.7860314723
1709
