6.01254552881
6.0226335392
6.03129444904
6.05586214131
6.08104232095
6.10759330647
6.54969186811
6.57032234238
6.58749437543
6.61994153802
6.63961211896
6.86560706236
6.89351996472
6.91285574836
6.95266169499
7.22534954683
7.23901424406
7.252893999
7.26066639934
7.28179159891
7.29136594373
7.30917641578
7.32082035713
7.34243714134
7.35145906037
7.36431233349
7.37558823844
7.39032142703
7.46300840406
7.47166882356
7.49122268381
7.58747790061
7.59615406182
7.61403815129
7.62713998946
7.64864364447
7.73442831487
7.74931198163
7.75450535852
7.76322458972
7.8400657006
7.85986358653
7.90067746136
7.92234331167
7.96897482548
8.02215458034
8.08580006035
8.15811884116
8.19219694331
8.23243168605
8.41538937005
8.4379521585
8.44272222233
8.44770804634
8.45495708787
8.49690609864
8.51717736038
8.52326022671
8.55337214743
8.56511121545
8.59027887704
8.61117396172
8.62637667628
8.67261430764
8.69747861287
8.72707920802
8.73792472483
8.74938058757
8.7607961424
8.77583667432
8.80180870706
8.83029815716
8.84545896623
8.95574573085
8.95999528094
9.00434785484
9.01674373185
9.04129036436
9.08044539826
9.12129956529
9.14435325229
9.15511171458
9.19351581216
9.23361266105
9.27419145188
9.28679621411
9.32574079223
9.37564897808
9.39148038691
9.39632835544
9.47474346089
9.63595385391
9.64904611336
9.66175723855
9.67464663591
9.68370021059
9.70346157583
9.70858692866
9.75793250534
9.77523744831
9.78712771946
9.79919581684
9.81711102655
9.8277062774
9.84301379467
9.87106303166
9.87647314882
9.93904696522
9.94325200754
9.99115143055
10.0062647903
10.0211758837
10.0448230471
10.0554411221
10.0883078496
10.1052488329
10.1196206317
10.8538435733
10.8581965415
10.8675480433
10.872116448
10.8892563074
10.895128582
10.9110385751
10.9195615013
10.9407768548
10.9464785132
10.9585385938
10.969121057
10.983621309
10.9923472127
10.9984412723
11.0202709571
11.0491350073
11.1058627123
11.1177839361
11.1261085988
11.1382525021
11.2023911075
11.2106068353
11.2537085937
11.2681152313
11.2772750825
11.3632584677
11.3824172115
11.4170376932
11.449751052
11.4617520524
11.499753948
11.6333608651
11.6539127316
11.6670528197
11.6943281431
11.7564562684
11.7710982215
11.8408690244
11.8623713852
11.884969346
11.9317154764
12.0126776304
12.0230731336
12.0377842045
12.0470679431
12.0746060253
12.0895595768
12.1229996059
12.1347534841
12.1700794327
12.1823657376
12.1891893006
12.213025192
12.2240118656
12.2584479712
12.26688917
12.2729531873
12.2843473143
12.3295136421
12.3373956089
12.3708876681
12.3789904395
12.4168682098
12.4273944243
12.4960768205
12.6020274514
12.6258588116
12.6400407184
12.6613878191
12.6855542505
12.7251903842
12.7704141841
12.7986377083
12.8552786378
12.885405529
13.0484298084
13.0677890008
13.2035303686
13.2108893202
13.2241033831
13.2345986527
13.2537108697
13.26495034
13.3544736496
13.3684732222
13.3979545769
13.4217944569
13.427370801
13.4379325115
13.4599744356
13.4870522549
13.5108162539
13.531487342
13.5739045898
13.6013952509
13.6373798183
13.6624761436
13.6680033816
13.7120459566
13.7571295725
13.8545362164
13.8702171256
13.8985496899
13.930276569
13.9449398013
13.9532699185
14.0067072605
14.1645215083
14.223507117
14.4058445113
14.4187817927
14.6745980704
14.7003097982
14.7231612809
14.7342371576
14.740002699
14.8164378098
14.8255479094
14.8673551892
14.8819382166
14.8967646086
14.9366290471
14.9594273134
14.9953314778
15.0095646227
15.0415930184
15.0638843719
15.1235017659
15.1495377691
15.2042061937
15.245299716
15.2660140745
15.322212764
15.3926598126
15.5149764163
15.5212072076
15.545893419
15.620823297
15.6387522132
15.661405713
15.6712287105
15.6779434139
15.693191817
15.7075613615
15.7157548088
15.7370140845
15.7456576092
15.784882775
15.7913567687
15.8092309
15.8220014017
15.8511485243
15.8652674128
15.8744680136
15.9159303105
15.9279273297
15.952054142
15.9609712716
15.9845061196
16.0405808086
16.115519717
16.1538490558
16.1675573265
16.1747204873
16.2218493192
16.2741206023
16.3052146555
16.3822636657
16.3992190563
16.4310434002
16.4477878337
16.4629205744
16.5018385409
16.5252781523
16.5859393227
16.6048445072
16.6309364818
16.6782025872
16.7067090679
16.7295838002
16.750473861
16.7819335944
16.8116576434
16.8293632794
16.8628021549
16.8776731297
16.8959209958
16.9136162966
16.9339989686
16.9415635806
16.9608567458
17.008479998
17.017955776
17.0294916485
17.0363177868
17.2761078495
17.2872816588
17.3398676478
17.3772516477
17.4188943578
17.4337171467
17.4843301999
17.521176881
17.7727675375
17.7844107106
17.8554505283
17.8842480194
17.9473639969
17.9677290648
17.9756502277
18.0062572553
18.0144534752
18.0931398985
18.0984961067
18.1127981896
18.1224862767
18.1348188436
18.1635390278
18.1808757611
18.189204481
18.1949838049
18.2119363708
18.2381510111
18.2599110381
18.2690287476
18.3320872729
18.3642209397
18.3909510542
18.4019587541
18.4590218245
18.6461053657
18.6714847457
18.6964902226
18.7940712627
18.8360920587
18.8664755348
18.9228525703
18.9873816947
19.0403827771
19.0749716764
19.0946089225
19.1199768865
19.1383316864
19.2164296526
19.2323209418
19.237421544
19.2492103142
19.257686294
19.2630592422
19.2768907288
19.2964771288
19.3089012904
19.3227568152
19.3316532773
19.4039587833
19.4153966943
19.4343306975
19.4461418218
19.4504425119
19.4617077749
20.1388631772
20.1754659039
20.182817117
20.2030880948
20.2324583101
20.2481963066
20.3111203783
20.3289139
20.3464634395
20.3858127274
20.4595792938
20.4669735894
20.486341851
20.4989044682
20.5028374892
20.5228398754
20.5314928854
20.5382047543
20.5596967212
20.574806824
20.5961662238
20.6026344807
20.6236036071
20.6764682162
20.708071285
20.7265472133
20.7535546007
20.7728491139
20.7971181405
20.84648577
20.873749553
20.9222710271
20.9272729853
20.9476748635
20.9736340737
20.9878901119
21.0054460187
21.0249816849
21.0476480674
21.0630665889
21.0988136451
21.1200073437
21.149910498
21.2079525724
21.2318464694
21.263185196
21.2745457306
21.3699158396
21.3851090077
21.6123709964
21.6731413985
21.9240479527
21.9336520803
21.9517072679
21.9578531694
21.9658837658
22.209247348
22.2281415435
22.2375425602
22.2712572497
22.3454834727
22.3578800255
22.3952999985
22.4097913477
22.4337121706
22.4492525686
22.5394259188
22.5587707619
22.5766960692
22.6053915059
22.6575322698
22.7001478894
22.7098610526
22.7200013795
22.7492663915
22.7840437387
22.8256788887
22.8303388716
22.8504891659
22.8558223434
22.8897536972
22.9452210903
22.9486129466
22.9631045832
22.9789350034
22.9908260685
23.0047738576
23.0229794371
23.0294409485
23.043849974
23.0567471468
23.0977388312
23.1780083251
23.2042256338
23.2398224693
23.2530367883
23.2623305373
23.2884323059
23.3204528515
23.3821836044
23.392672778
23.4063047863
23.4303128213
23.4763929171
23.5029618894
24.0040557894
24.0416804081
24.2927704911
24.3014221324
24.3348811587
24.3591203732
24.3692631994
24.3775505023
24.3983368304
24.449747898
24.5360773211
24.5575854958
24.5706001543
24.586513593
24.6075032891
24.6346867659
24.6870247251
24.7342966154
24.7571269098
24.7803044538
24.8223823805
24.8892662286
24.914196002
24.9180803441
24.9599231583
24.9933013033
25.0227287703
25.0561520475
25.0636353006
25.082919746
25.103714011
25.1083109978
25.1306111152
25.1816266521
25.206183149
25.2220494249
25.2378939277
25.2604885618
25.2705050294
25.2808621845
25.2990704769
25.3082745462
25.3154879446
25.3338856383
25.3425905728
25.3609479056
25.3979265906
25.4153117322
25.4253956593
25.4492712961
25.4620340659
25.5158999344
25.5356584626
25.5501914857
25.5754575377
25.5977259743
25.6216423115
25.6677353969
25.7091830444
25.7206591827
25.7295945885
25.7511136121
25.7662218273
25.7731351245
25.8381220775
25.8546089847
26.3818243841
26.4052292262
26.4272369428
26.4508073169
26.548807603
26.5659742911
26.6000757024
26.6192870243
26.6316067539
26.6453757489
26.6624148336
26.6768790391
26.6811564704
26.7026451464
26.7131046938
26.7438909185
26.7537816417
26.7767001435
26.7869709624
26.7932297158
26.8220109963
26.8883374057
26.9358858365
26.9431572153
26.9897145375
27.02569249
27.0829900526
27.0992783825
27.118731927
27.1298014635
27.1895157373
27.2260670966
27.2549851186
27.3796115947
27.4250287834
27.4703960634
27.5077255976
27.5404321934
27.5848425702
27.6064761169
27.613449115
27.6207007915
27.6297571695
27.6493105345
27.6844353642
27.702842043
27.7212974476
27.7361827873
27.7598782703
27.7822245346
27.7937309057
27.8066067373
27.8235768117
27.8393422907
27.8704589792
27.8858789059
27.909127322
27.9332639458
27.9530514992
27.9759926347
28.0952154042
28.118504504
28.1632948991
28.1811831674
28.2316958272
28.2601273735
28.3112947534
28.3337949605
28.3867136365
28.447594195
28.4611430979
28.4944779287
28.662953374
28.7510292725
28.8096658069
28.813330812
28.8227508805
28.8359844694
28.8725003564
28.8896896399
28.9220930735
28.9274355081
28.9323615705
28.938100109
28.9606992697
29.0586016472
29.0697236554
29.0849909658
29.1175008748
29.1241761404
29.1604007574
29.1834927985
29.2062884547
29.2210049106
29.2936677038
29.3406283633
29.3520710327
29.3697556571
29.4172048545
29.4433458919
29.5154484409
29.5351150939
29.5418059786
29.5586985054
29.603249136
29.6404239351
29.6686552582
29.773261936
29.8048891003
29.8548005583
29.9106406074
29.9365462767
29.9716782349
30.0095447402
30.0151692964
30.0301664026
30.0513300663
30.0572319372
30.0706171948
30.0835262166
30.1098627352
30.1192208115
30.1296009157
30.1380383469
30.1421659335
30.1845802166
30.1933843209
30.2090697731
30.3287817814
30.3815894988
30.3909172757
30.4052378557
30.4155975419
30.4399654765
30.4545110863
30.4736719546
30.5043504809
30.521535895
30.5571492568
30.5712342
30.6093345189
30.6165923885
30.633667024
30.6416849157
30.649573997
30.6823917628
30.7037011154
30.8434749239
30.895191212
30.9308572354
31.0133395648
31.2526693094
31.2712493394
31.2938168288
31.3016443377
31.3110674671
31.3166568737
31.3224294271
31.3273096382
32.4072166298
32.4219572318
32.4300885067
32.4406713932
32.4567605825
32.4768820595
32.4944669344
32.5006924691
32.5112256069
32.5203064061
32.540195231
32.5570186514
32.5898287295
32.6030494814
32.6152095924
32.6473327437
32.6536787542
32.6854017351
32.6916501347
32.7239895975
32.7542039884
32.7707256981
32.8862169247
32.9105478768
32.9325943596
32.9530664273
32.9784040931
33.0021067663
33.0169264821
33.0336556123
33.2791937588
33.292917482
33.6091884182
33.6261920316
33.6365919566
33.6478592217
33.6642781791
33.681300795
33.689238335
33.7047519773
33.7226328789
33.7323120686
33.741815546
33.7568771738
33.8296596185
33.8542889441
33.8844552003
33.9058086006
33.9181427506
33.9426218937
33.9513318427
33.9824457678
33.9948462422
34.0158485074
34.0307280091
34.0579587417
34.08470504
34.0976402601
34.1270759549
34.1706599072
34.2109133652
34.242544075
34.2756356452
34.314452321
34.4635810932
34.4917806183
34.5390871646
34.5653286164
34.792437769
34.805715826
34.8425998909
34.8509601989
34.8654619761
34.8702544907
34.8750478248
34.8908423198
34.9047372947
34.9185995948
34.9505631304
34.9567824891
35.0020950712
35.0170985197
35.0274845855
35.0356516784
35.0439925136
35.058718252
35.0901409895
35.1084761849
35.1385848622
35.1481326849
35.1806331459
35.193131682
35.335333021
35.3467124109
35.36328355
35.3924755574
35.4278058535
35.4356903056
35.4775507243
35.500961283
35.5478842041
35.6145835959
35.6637641155
35.6804065412
35.6993520136
35.7682929448
36.0074777974
36.0119396739
36.0179769924
36.0266310597
36.0726994681
36.1010057228
36.113655771
36.1219362246
36.1505848261
36.1650610163
36.1813912041
36.1913514944
36.2003026175
36.2477867545
36.2571756466
36.2817530404
36.2998562838
36.3126530356
36.3225431868
36.3458276096
36.3562976078
36.3637333054
36.3809234721
36.3975257682
36.4276068503
36.4450620545
36.4677112007
36.4923991158
36.8392513497
36.8766756465
36.8969429124
36.9201583509
36.9610385524
37.2424524355
37.2481095751
37.2525796396
37.2576817152
37.2705348231
37.2944661809
37.671531659
37.689029686
37.7027058503
37.7097724749
37.7250428265
37.751447031
37.7638576319
37.7948161797
37.8079442872
37.883840797
37.8951967557
37.9289602218
37.9852913417
38.418958937
38.4425522795
38.4516757742
38.4715011425
38.4904269107
38.4988324338
38.515392614
38.5318207365
38.5453552534
38.5506492134
38.7368258439
38.7505911549
38.7623022583
39.0617135964
39.1072844651
39.1196020448
39.1694848939
39.2045749484
39.2318549564
39.2709040948
39.3014891154
39.3819321536
39.4355212958
39.4600605123
39.4818374977
39.4969788468
39.5459406297
39.5864936808
39.6228044461
39.6339100199
39.6605851274
39.668705613
39.6741625443
39.6885868139
39.6977851893
39.7124357599
39.7240921192
39.7350860084
39.7401311648
39.7583539558
39.8162721863
39.8448621883
39.8678003863
39.8741982986
39.8808189512
39.8876949975
39.9093644858
39.9464055461
39.9673027913
40.6339285043
40.6531893508
40.6980972806
40.7326337361
40.7920479941
40.8096770113
40.8145787927
40.8244842556
40.8374115333
40.8450177547
40.8549281523
40.8633464025
40.8706568514
40.8868199716
41.1220225913
41.1478709859
41.1573009297
41.1708245551
41.1958867309
41.2304117388
41.2706476105
41.6561745942
41.6846505346
41.7378058296
41.7546506775
41.772822127
41.8303437663
41.8471516835
41.8517023934
41.9933210301
42.0136270643
42.0356356786
42.0459391385
42.0814621769
42.1199545998
42.1299010242
42.1443169406
42.1585224488
42.3059357632
42.3635424588
42.4120097513
42.4462922479
42.4522317704
42.4843768336
42.5498422613
42.5862048179
42.5950412092
42.6576480766
42.6847680206
42.7406701855
42.7500368692
42.8316407502
42.8693102547
42.9474491304
43.0543630108
43.1231644167
43.1298408426
43.2187218624
43.2443011308
43.2638154246
43.2782378242
43.3043137851
43.3454808188
43.4120653894
43.4277985299
43.4314212773
43.4732903559
43.5256802801
43.6571573524
44.1383955991
44.1481292721
44.1852429301
44.2436542788
44.2798794785
44.3370597588
44.4504006092
44.4757315414
44.5061935988
44.9887570954
45.0449982211
45.0772909452
45.1479566928
45.2104756485
45.2750745094
45.3239147483
45.3965900011
45.5081054051
45.5491039371
45.5545587298
45.6181249919
45.6225279022
45.6497310342
45.6887859699
45.7005975618
45.7199858467
45.7421740465
45.7952586278
45.8420122572
45.8743005342
45.972524436
46.0166112477
46.0298975793
46.0465014762
46.0800075608
46.2270094355
46.3431828279
46.40837326
46.5107447861
46.6038441043
46.6533577229
46.79751221
46.8253829997
46.8359971443
46.8490026944
46.8737700694
46.886846498
46.9010340537
47.0230203822
47.0698913084
47.149050383
47.181200392
47.2230673789
47.2567833722
47.2734635622
47.3029456657
47.3502543713
47.3990318038
47.5174314238
47.5780116121
47.6510466432
47.7335850069
47.7890888866
47.824847739
47.8777214869
48.0184175625
48.0954153895
48.1284392642
48.1339944046
48.1516065537
48.1727098228
48.1855711104
48.1975836796
48.6144244647
48.6745782495
48.8138524375
48.8178144346
48.831967756
48.8625624547
48.9179235208
48.9909748546
49.0705283538
49.1226102502
49.2153460182
49.6609152793
49.6821416428
49.7540846631
49.7807528501
49.8791783269
49.9481495055
50.0119046981
50.0614444691
50.0652605026
50.1060875334
50.1594255085
50.2244824576
50.3083193608
50.3822987706
50.3874715434
50.420519562
50.4389426237
50.4552277503
50.5526576311
50.5801608149
50.5997178009
50.6331881687
50.6772854446
50.7094941762
50.8807342758
50.9071597131
50.9221066097
51.0000049943
51.0617834875
51.1241871595
51.1752636726
51.2865325569
51.4563696128
51.4841105689
51.6090918959
51.6319895927
51.7387520704
51.7423022328
51.7739794551
51.7983646853
51.820436622
51.846168849
51.9126969921
51.9239554497
51.9823439737
51.9965916762
52.1122244579
52.1745900133
52.2128403177
52.3922811957
52.8346427066
52.8591499246
52.9096843381
52.9218740924
52.9399009646
52.9738957389
53.0133084843
53.1395422068
53.1463142212
53.1646004669
53.2260417006
53.4785239132
53.6971369538
53.7618039053
53.7980583851
53.8463609648
53.911727534
53.9793843686
54.0730841393
54.5280603301
54.5632913731
54.6836800624
54.718179532
54.7998562501
54.8127883252
54.8621841345
54.9835311831
55.057706409
55.2298603124
55.2727242064
55.279465861
55.2921163975
55.2984089215
55.5632796754
55.6128041145
56.435291851
56.4596162819
56.5647645352
56.6043585235
56.6225343941
56.6559528948
56.6661070834
56.6939931072
56.7267804651
56.7627177483
56.791863835
56.8267894112
56.8431306107
56.8675808405
56.9700599204
57.0072654609
57.0314830972
57.0842855937
57.1522653327
57.2409243436
57.3608402477
57.4176521343
57.5359557488
57.6314319499
57.690660598
57.6968848195
57.7163026418
57.7243085239
57.74159745
57.7618208018
58.9137908513
58.9692764434
59.0001920915
59.0404090549
59.0781176326
59.096851729
59.1120277904
59.2476415434
59.2709070316
59.3049847076
59.3462406261
59.4414589876
59.4884046031
59.6145574389
59.6445565036
59.7117834147
59.7416798599
59.8064856427
59.8833581095
59.9291070974
60.0123735074
60.0474411462
60.0595530953
60.0904333604
60.1778007847
60.2232573135
60.2496566758
60.2804271789
60.3043155391
60.3663023354
60.3784250664
60.4023482065
61.2273641558
61.2352112166
61.2909251012
61.3071590116
61.3403319432
61.382152981
61.4251003241
61.5040708824
61.5377368766
61.5595780479
61.5914147672
61.595300172
61.6272778172
61.6960314936
61.7841653495
61.8522866542
61.8578335786
61.8974231584
62.0175996749
62.4093781643
62.4383970141
62.460128981
62.4742657936
62.494853342
62.5261738865
62.5424161469
62.5642628964
62.5996484235
62.6141592335
62.6177159817
62.6312990524
62.6435984143
62.669378553
62.6781826492
62.7118844179
62.7323996769
62.7474011617
63.0532591704
63.0907440116
63.1078840015
63.1644718752
63.2512589832
63.3036981921
63.3084790638
63.38535676
63.3909911048
63.4780049884
63.5829140651
63.6766925438
63.7054019093
63.7566354147
63.7863021996
63.8073605495
63.8237939853
63.9805365871
64.0070979673
64.0884618286
64.1093859419
64.1548865265
64.4275284725
64.5210639174
64.5781597676
64.6219905074
64.7985203426
64.8083571187
64.8466194395
64.8540360949
64.8844420717
64.96518171
64.9798296263
65.0003942821
65.0452755598
65.0621619458
65.0929230308
65.1242683921
65.1414561682
65.1471713499
65.1805705724
65.2324976466
65.3226545648
65.3392845438
65.3680856613
65.4043183428
65.4221980989
65.6850820392
65.7836789164
65.8016239306
65.854768605
65.8780810309
65.981895644
66.0102794792
66.1836470099
66.20381832
66.4368560744
66.4795574064
66.5083995286
66.5124075991
66.5197619022
66.5788341944
66.6174257617
66.664838739
66.6719908845
66.7284424993
66.784973783
66.8652138874
67.2043053635
67.24781978
67.2630659589
67.2763586791
67.2840246941
67.3074819805
67.343160194
67.3521943225
67.3796472422
67.4437486667
67.5257793803
67.5554837667
67.5802763298
67.6521823755
67.6646854401
67.7824504138
67.8663163964
67.9089867603
67.9691468834
67.9782305455
68.0555192477
68.1192993706
68.1908873158
68.2354884238
68.2751221715
68.3026834327
68.3498433992
68.4227390596
68.4397166043
68.5576166246
68.6052310078
68.843708958
68.8540354731
68.8757366559
68.9732449313
69.0038990264
69.0664769375
69.5516708196
69.5856300362
69.6217540049
69.6344531748
69.6435531241
69.65355973
69.6812239435
69.6875407245
69.7132230013
69.7402777481
69.7436203425
69.7511045055
69.775792897
69.8017060751
69.8066319628
69.8606208827
69.893397057
69.9285583595
69.9571393554
70.0294341933
70.0522642941
70.0678730809
70.1041062385
70.1316327051
70.1603578206
70.1877701351
70.2496025436
70.2987384657
70.3425894644
70.4555234294
70.536217976
70.5986190058
70.6895992052
70.7383643919
70.7665267294
70.7945133468
70.8223571178
70.8448622018
70.8526732408
70.8620600767
70.8770265033
70.9079732329
70.9117341034
70.9406574886
71.0378734857
71.0555562429
71.0737138198
71.1181705559
71.1338355033
71.1719686375
71.1858944961
71.20813692
71.2809469735
71.3172135781
71.3326669311
71.3525073918
71.3565152678
71.388009626
71.3982111973
71.4749020997
71.5154944367
71.5375289281
71.6489355918
71.6553329379
71.6984265398
71.7233487205
71.8519993889
71.9044376928
71.983737274
72.0437776905
72.0529136311
72.0631784527
72.0782605857
72.1122048305
72.1399488789
72.166158868
72.2112184323
72.2155999559
72.2610380263
72.3048405099
72.3580123622
72.3657778599
72.4005152742
72.4548465039
72.4706478034
72.5203075172
72.6498553501
72.7019193156
72.7762539722
72.8123603405
72.8363816044
72.9665517547
73.1326744704
73.2318504605
73.2481837673
73.2572261224
73.2615492086
73.3004395501
73.3163859958
73.3368887055
73.3741045886
73.4307525399
73.4662838279
73.5289704892
73.5352921765
73.5833281624
73.5912813096
73.6476038286
73.6513435817
73.6593397986
73.6764951077
73.6964792762
73.700361426
73.7045814253
73.762170201
73.7935638149
73.8247963681
73.8418319764
73.9312327594
73.9682183464
74.0735802682
74.0800392402
74.171330403
74.195819471
74.2095169324
74.2947225061
74.4124779341
74.4396684557
74.4918980168
74.5049659097
74.5237307968
74.5617267406
74.5677752042
74.6563696843
74.6630705063
74.7119116541
74.7375917874
74.7558230808
74.7955373566
74.8281613802
74.9717063896
75.1453576147
75.2780199939
75.3474493432
75.3890400621
75.4675174271
75.5372986909
75.6256600543
75.6811397656
75.7475678135
75.7596241266
75.8295048713
75.9269430724
75.9588859814
76.009960806
76.0374415545
76.0913480566
76.1318582795
76.1623728881
76.1944929469
76.2606618648
76.3008895193
76.3905741603
76.693124643
76.7423285291
76.8122203847
76.8579812967
76.9028036969
77.0298196317
77.0703087497
77.153746386
77.2562229258
77.2963593757
77.3891575749
77.458104322
77.5137325181
77.5442031913
77.7087776337
77.7767592095
77.8124928447
77.8489830992
77.9353928172
1539
