6.00686634264
6.01347129812
6.02367519985
6.03458109193
6.04474237963
6.06004397689
6.06782740782
6.09237847722
6.09591279068
6.11705659169
6.14125457795
6.15535237241
6.1754389721
6.18654131569
6.20632992285
6.22662260175
6.23332399822
6.24002446666
6.24535169235
6.33964085093
6.36220412685
6.37351221128
6.40206113284
6.41374276758
6.44232780598
6.45707386242
6.4898247185
6.52418379029
6.53889252085
6.54755366639
6.56391246238
6.57622075113
6.6271498614
6.64267475419
6.67769722548
6.68791418498
6.6971000933
6.72602396285
6.73489373945
6.84045695535
6.88513690892
6.95071787358
7.00076605711
7.02940508838
7.05228530861
7.1092514024
7.14242719235
7.19365257317
7.20699079156
7.21971422268
7.24473802624
7.2628108798
7.29646428229
7.29980614621
7.31205720247
7.33118697614
7.33660806455
7.34888241444
7.35729717485
7.37272729995
7.38195655747
7.39410176853
7.40288666561
7.42598355675
7.54219692094
7.54971727615
7.56181785666
7.62204134777
7.63043555936
7.64490690657
7.66345627875
7.67415966872
7.6857944879
7.70665728769
7.82603214922
7.84365530639
7.87278252845
7.91514663272
7.95517063831
7.98678618309
8.06501879872
8.09730553523
8.12552595135
8.16642685002
8.18282701983
8.21706867009
8.26826861838
8.29299245274
8.31889194399
8.38634123562
8.40728772359
8.44991625018
8.45716552563
8.47475931989
8.49304985753
8.51089651714
8.52936846527
8.55690029298
8.56867791458
8.60151389627
8.61818527366
8.63020885861
8.64811316547
8.66325810792
8.68843517092
8.70689805657
8.72644534886
8.74781026209
8.76923924428
8.78060815694
8.80919634827
8.81472961421
8.89017814411
8.90792253385
8.96797100887
8.99741836126
9.0087825747
9.0276204956
9.05662981647
9.07591215799
9.09628479733
9.14680329076
9.16219259162
9.21914710881
9.24214889595
9.26002214435
9.32170002363
9.61484548523
9.62479449005
9.7116905399
9.71579884337
9.74106380697
9.75658492462
9.77388311045
9.78647873442
9.81072474641
9.82064376961
9.84040461692
9.89484590928
9.91024549123
9.94636514011
9.96886224968
9.9818978587
10.0021823633
10.0322871499
10.0729631129
10.0882762374
10.1111485499
10.1429411027
10.1601140857
10.1890320773
10.2088827206
10.2205645448
10.2242762795
10.2460103927
10.2556804436
10.2761059749
10.3070259408
10.3278172711
10.3526788332
10.3729848889
10.4092387541
10.4293925764
10.4560028507
10.4716827219
10.7225470784
10.7479837332
10.7710061177
10.7999856545
10.8097224251
10.8136380908
10.8241608889
10.8485308956
10.8585050081
10.8707308083
10.8865936465
10.9081485647
10.9132610383
10.9187047202
10.9518047916
10.9677989964
10.9839497637
10.9980287773
11.0163645433
11.0389140802
11.0600346818
11.1227631809
11.1453259519
11.1531142207
11.1760885181
11.2185706293
11.2301091965
11.265155781
11.2869526987
11.3112569212
11.3253813499
11.3852288366
11.389766662
11.3944042516
11.4093545161
11.4285472169
11.4510131311
11.4650520692
11.4720730713
11.4925128668
11.4964785048
11.5241447491
11.5499578902
11.5880677518
11.6103727012
11.654215688
11.6739136685
11.6973578021
11.7077759526
11.7335181653
11.7418634837
11.7545858291
11.786042372
11.8204683529
11.8424588786
11.846008654
11.8582008882
12.0108174099
12.022321112
12.0392287702
12.0552516211
12.0621495784
12.0813093822
12.0939731269
12.1030629355
12.1191583587
12.1318122279
12.1380043749
12.1462284899
12.1517907276
12.1611389177
12.1718515677
12.1892979783
12.2113918816
12.2156172349
12.2222289144
12.2471584289
12.2743978313
12.2869989123
12.3069457221
12.3459792009
12.3559164078
12.3696204537
12.4054255809
12.4225517695
12.4409968337
12.4753195305
12.4924141122
12.6925732928
12.717922283
12.755966576
12.7660353376
12.8022538019
12.8175995968
12.8214114476
12.8295745319
12.8571865975
12.8691892729
12.8862904578
12.8951927788
12.9727446773
13.0008198128
13.0422905867
13.088666933
13.150697668
13.19083273
13.2082929236
13.2181603361
13.225498446
13.2557835638
13.2634557403
13.3028565073
13.3117383479
13.3374632378
13.349777712
13.3592477031
13.3872821612
13.4062886467
13.421002248
13.4593730254
13.4732983319
13.4811116648
13.4912283275
13.5065670397
13.5145962704
13.5266356082
13.5349699591
13.5911653209
13.6061505532
13.6219744437
13.6405702476
13.6499795783
13.662551144
13.6743935222
13.6891213143
13.6951364735
13.7293114637
13.76862964
13.7736822954
13.8349832835
13.8423183783
13.8530236524
14.0627112774
14.0844921994
14.1392582791
14.1590478305
14.1753739197
14.2401342849
14.392863236
14.4048667826
14.4175652678
14.4281825703
14.4457390191
14.4644713275
14.7565971313
14.7797489421
14.7865908949
14.8179296782
14.8293757075
14.8485067339
14.8730130186
14.8943492425
14.9099728119
14.9245304013
14.9476769749
15.0337192307
15.0763571126
15.1068880997
15.1760675413
15.2391815972
15.2899248205
15.2976637138
15.3200191184
15.3873713463
15.4349919207
15.5828016516
15.6044315135
15.6099874417
15.6158781671
15.6230372856
15.6319437801
15.6405598714
15.653974204
15.6748772353
15.6835587355
15.6975766342
15.7111388876
15.7183196165
15.7364474448
15.74984221
15.7715580995
15.9860639501
16.0025797508
16.1556105736
16.1640691192
16.1805118531
16.3928288618
16.4266180084
16.4468955662
16.5283537191
16.5472303535
16.5550692011
16.5971276186
16.787572085
16.8083276089
16.8268231322
16.8333281112
16.871465646
16.9044828626
16.9164734739
16.946441442
16.96875882
17.0125591242
17.0342385529
17.0491171199
17.0589087924
17.0779895018
17.1403619487
17.1491971365
17.1687012425
17.1735571031
17.2047199243
17.2208970974
17.2308090564
17.2522763547
17.2875850176
17.3034365944
17.3242106413
17.3382762547
17.352860526
17.3846317839
17.3913560381
17.4249422824
17.4511138775
17.4598618391
17.5009426079
17.5144388633
17.5923044142
17.6545061501
17.7574188657
17.7805533984
18.009300498
18.0252261219
18.0384763518
18.0559685377
18.0660007972
18.0859219833
18.0960664602
18.110158147
18.1258694529
18.1441632586
18.1588716735
18.1674279162
18.1836380351
18.21887318
18.509167649
18.5438673732
18.5656056312
18.5816135801
18.6547090546
18.7000939148
18.7150335418
18.751522172
18.781511956
18.8554366966
18.8935921593
18.9409979877
18.9900451602
19.0555345342
19.0931731966
19.1324859828
19.1653153966
19.2210959648
19.2396361156
19.3608785887
19.3754738889
19.3869719304
19.3937782072
19.4031567999
19.4100419308
19.4152543078
19.5215373716
19.5349945933
19.5510865692
19.5731817552
19.626108598
19.6948135386
19.7055991305
19.7332934526
19.7671020154
19.8189356626
19.8327166923
19.8538362015
19.8733827231
19.8967377644
19.9184774191
19.9539079569
20.0246351272
20.0713475207
20.0957318532
20.1097331491
20.1436072886
20.1684097292
20.219365929
20.2260961079
20.2425663512
20.2616235014
20.2914067751
20.2969939675
20.3160543126
20.4120739071
20.4165149156
20.4363051859
20.4429255517
20.6595630684
20.6679504756
20.6714510185
20.6820586275
20.6895651716
20.7239857036
20.7674693747
20.8904912337
20.8967009226
20.9120773317
20.9627968789
20.9893958966
20.9985173264
21.0265956652
21.0574961502
21.1382725409
21.6048160722
21.6128141983
21.6245555251
21.6335055884
21.6587666553
21.6719116281
21.6881820463
21.6986483708
21.7111894371
21.7522251352
21.7681320646
21.7881808061
21.9181216901
21.9372847319
21.9526129367
21.997896671
22.0018142572
22.0168036084
22.0216787343
22.0392033933
22.0489983901
22.0597549489
22.1203685369
22.1502412424
22.169818229
22.2068108875
22.2201069751
22.2338822865
22.3535879498
22.3722987337
22.3827766969
22.4160513338
22.4364748225
22.4676236639
22.4921011092
22.5414717662
22.6119350854
22.6312116698
22.6497536052
22.6764882972
22.7188599291
22.7760313377
22.8068316844
22.8202170889
22.8255767821
22.8574027239
22.8696730254
22.8809304895
22.8879295136
22.8940861844
22.9050149726
22.9139663195
22.9216100691
22.9291007381
22.9381748905
22.974595802
22.9850555855
22.9920852062
22.9966434787
23.0645302578
23.0737030033
23.0770873446
23.0810497826
23.116184764
23.1283858574
23.1354019971
23.1450186841
23.1676772032
23.1953743409
23.2044399125
23.2123635075
23.2392819789
23.2604918469
23.3153031936
23.3505763803
23.3864848514
23.4105691977
23.5076830846
23.5346978106
23.5560252374
23.5966088714
23.6370632648
23.6586591777
23.6802061685
23.6998919082
23.7180491227
23.791673497
23.8206432197
23.8955662047
24.1734334444
24.1938415782
24.2264464731
24.23945106
24.2521445376
24.30103235
24.3409599913
24.3560693057
24.3845454629
24.3968694768
24.421119613
24.4757125287
24.4885595055
24.5189634607
24.5489769372
25.2149556096
25.2240848878
25.2319323774
25.2517541492
25.2640292895
25.3327657955
25.3365479676
25.36001672
25.378619984
25.392066939
25.4216221591
25.512244414
25.5318849517
25.5573414991
25.5623902996
25.5841586477
25.6442699318
25.6621606025
25.6917354761
25.7260597801
25.7909318355
25.800734857
25.8133982794
25.8674663459
25.9185221325
25.9427499237
25.9805022385
26.0468579435
26.055000112
26.0716369803
26.1643498015
26.1823997448
26.2065960445
26.2502927208
26.2769599728
26.3656593907
26.4058750432
26.4246358861
26.4343429772
26.4409556457
26.4611333982
26.4833557853
26.4979171238
26.5161087691
26.5397247706
26.5492023286
26.5583572241
26.5869779933
26.6186353414
26.6250977897
26.6420412015
26.6747874324
26.6841339498
26.7167615044
26.7597330346
26.77687833
26.7893797329
26.8111279575
26.8333005053
26.8996233943
26.9098594905
26.9207347307
27.0585851374
27.0884050309
27.174512788
27.2004822518
27.2231414755
27.2530438581
27.2590045507
27.2867352463
27.3055900845
27.3517946868
27.3998417365
27.4867391277
27.5646253302
27.6058983306
27.6216057439
27.6417703704
27.6572327281
27.6695096506
27.6751622012
27.7035077826
27.7157842774
27.7227487284
27.7358217338
27.7432212383
27.7657255772
27.777788186
27.7865386423
27.7935558149
27.814391597
27.82949083
27.8391671997
27.8466226308
27.8591086037
27.8821700298
27.9085809996
27.914837735
27.9377224152
27.9491383812
27.9563589297
27.9654886387
28.0220903067
28.0301891149
28.0468131256
28.0796810739
28.1051310713
28.1203498186
28.1337578815
28.1683049274
28.2243767028
28.2453349382
28.2979017436
28.302427029
28.327583193
28.334945205
28.4215028752
28.4561780354
28.5017250866
28.5233132884
28.5898209522
28.6330607594
28.6639040354
28.7085623979
28.7200482455
28.8172396554
28.8222086998
28.8672277078
28.8830651432
28.9412325015
28.9504743431
28.958904421
29.0068211574
29.0258614524
29.0464322253
29.0530972082
29.095636764
29.3824277096
29.3878086707
29.4209008197
29.441199422
29.4711209683
29.5060442135
29.5192067973
29.5543263129
29.5607077079
29.5874830879
29.6146355531
29.8551206877
29.8816805729
29.9117146852
29.940491187
29.951888834
29.9819481139
30.0077172184
30.0151105416
30.0189920269
30.0302917148
30.0438285797
31.2245915885
31.2283346746
31.2367844454
31.2528842201
31.2616140762
31.2783071211
31.2880935766
31.2948213013
31.3031711368
31.3134957012
31.3418986898
31.3473107045
31.3651886819
31.3774990376
31.3967205986
31.4152194138
31.4210334776
31.4434149005
31.4515193562
31.4639390125
31.4953942526
31.5078218262
31.5144799387
31.5218061015
31.5358386076
31.5507408507
31.615220796
31.628573117
31.6364012843
31.6415559275
31.7150895199
31.7541571901
31.780569466
31.7913181787
31.7982796854
31.8280180558
31.8808412126
31.8875678704
31.9051520503
31.9221131487
31.9681205086
32.0148629998
32.0617766381
32.1093300942
32.1148516666
32.1412545631
32.1626868191
32.1759543506
32.2021854028
32.2500550227
32.2964024975
32.3509226781
32.405920239
32.4258408195
32.4315524806
32.4381328876
32.4464014429
32.4518406403
32.4588400499
32.4692651477
32.4860035657
32.5055497547
32.5288544319
32.5433346493
32.5919820437
32.6020233287
32.6114863409
32.6243244167
32.6342684764
32.6478583816
32.6738767175
32.6883742241
32.6989342096
32.7094915237
32.770078698
32.7986112936
32.8468753824
32.8563871566
32.8835334236
32.9100091804
32.9308370613
33.0097096064
33.0447255376
33.0776263511
33.1177509886
33.1330210798
33.1416493015
33.1934215042
33.2168142731
33.231064679
33.2625483743
33.3949001008
33.4168787998
33.4323779974
33.4381582176
33.60836987
33.6304810123
33.6373399145
33.6413489567
33.656408531
33.6721138899
33.7063687302
33.7170565373
33.7452397904
33.768238286
33.775529091
33.8096276809
33.8391021343
33.8509397778
33.8748547463
33.8980736672
33.9226448186
33.9557313179
33.9848322553
34.0127030198
34.0333891147
34.0456710753
34.0573671468
34.0863030573
34.1030420769
34.1376008824
34.1523348726
34.1812450767
34.1972096845
34.2123978283
34.226042144
34.2437929969
34.2827147764
34.2952226309
34.3303836825
34.3713205968
34.381199916
34.4249073239
34.4468326716
34.5371154403
34.5993704261
34.7127636911
34.7553498561
34.8078545508
34.8128503601
34.8213327568
34.8385845386
34.8531833854
34.8700359667
34.9158541722
34.9455493963
34.9534507948
34.9660791015
34.9750851549
34.9834315885
35.0062999332
35.0176911046
35.0274785877
35.0378868162
35.0552027233
35.0781148111
35.0896849961
35.1127548481
35.1219106649
35.1355137977
35.1551309516
35.1703385914
35.267011203
35.2844559719
35.2950452247
36.0062771778
36.0202172967
36.0308576103
36.0411223306
36.054504257
36.0609806858
36.0772649561
36.0878068321
36.0981349012
36.1197342507
36.1817367286
36.1980369589
36.2175532464
36.2367717374
36.2454199362
36.2581946042
36.2759535015
36.2801553358
36.2999689486
36.3278755486
36.3514594613
36.360680935
36.3800893297
36.4145065238
36.4289512349
36.4548517927
36.4665588032
36.4844452798
36.4995392306
36.5610649808
36.5812855437
36.5889237467
36.6258267683
36.6696137213
36.6946017514
36.7322621659
36.7413146517
36.7770802433
36.8240252238
36.8662030327
37.1736130835
37.2254133493
37.2442881401
37.2716279905
37.2768248864
37.2857280067
37.2996409271
37.3633836774
37.3846157155
37.4034344082
37.4092477144
37.4228129898
37.4318189283
37.4610901021
37.489479794
37.5103678794
37.5189609804
37.5425669995
37.553607523
37.5754265752
37.5998033376
37.6060097799
37.6749267106
37.6897072218
37.7117364835
37.7492521399
37.7744120348
37.9124099834
37.9249472532
37.9467040197
37.9640216755
37.9675126806
38.009715108
38.0339722384
38.0708135918
38.0985471186
38.2094173947
38.2562128506
38.2930770892
38.3397825641
38.3541357622
38.3837309099
38.3881005084
38.4105338066
38.416237953
38.444847769
38.4567799901
38.4650305831
38.4838811736
38.4897233703
38.5026424937
38.5207669998
38.52423021
38.5323622096
38.5731580634
38.5870559916
38.5959460362
38.6248999858
38.6376342251
38.6450579473
38.6530498711
38.6716273777
38.6932977896
38.7951479435
38.8118465013
38.8242999179
38.8448218683
39.4475028422
39.452961576
39.492945973
39.5419482666
39.595601993
39.611300074
39.6178876184
39.6253943775
39.6324070238
39.6426702615
39.6912010366
39.7047490608
39.7093883218
39.7272790807
39.7505621813
39.7633917351
39.8130649454
39.8173193788
39.8351345716
39.8664065514
39.8720630214
39.8948489235
39.9691205126
40.01445825
40.0337085062
40.0662072518
40.0834135481
40.2717858057
40.2813392135
40.2999045645
40.3110992663
40.3434869105
40.4419661877
40.4763523181
40.530439403
40.6134429341
40.6672332175
40.7532020415
40.8091692161
40.8215492692
40.8285856106
40.8373651581
40.8491836273
40.8636953214
41.0194044062
41.039790634
41.0467377211
41.0556603187
41.0815818725
41.0959775116
41.1098466124
41.1421714851
41.187725168
41.1977156354
41.2101136468
41.2371092058
41.2462273298
41.2603853882
41.2693474151
41.2805258686
41.2925005942
41.3213744434
41.3345925092
41.3481966419
41.3660909024
41.3824553164
41.393083691
41.412848173
41.4231496125
41.4478713121
41.4697561214
41.5374375352
41.580746038
41.5935546078
41.5982487832
42.0347378343
42.0476852812
42.0546190651
42.07548606
42.0827958634
42.1326974967
42.1445393074
42.1514709122
42.1905853083
42.2197716988
42.2557375245
42.2988009916
42.3439235898
42.3476122022
42.3755987373
42.3960892767
42.4172399297
42.4288460197
42.4630609619
42.49834227
42.5887864577
42.6412048233
42.7181832419
42.7310727635
42.7514476597
42.8528999443
42.8754917828
42.9210884291
42.927097824
43.0426454528
43.0947502771
43.1303271838
43.1515010556
43.2186004355
43.2285856544
43.2436357613
43.2515294401
43.2692097202
43.2886451097
43.3291598475
43.3419790436
43.3539606199
43.4442989336
43.488170115
43.5519168999
43.6130358498
43.6540525904
43.7322350906
44.0013162353
44.0397923274
44.0815662478
44.1518754001
44.1895173725
44.2603498535
44.3744193389
44.4215026938
44.4341328514
44.4729365462
44.4944220116
44.518205116
44.5308759965
44.5459138218
44.5982374571
44.6339410661
44.6803224849
44.7212842943
44.7720504794
44.884592417
44.889353407
44.9248638306
45.0519644478
45.0791183837
45.0986238237
45.1153485576
45.1598330859
45.1849489728
45.2531716518
45.3382715777
45.379986389
45.4396623633
45.583742621
45.625898887
45.6338331891
45.6540412747
45.669693338
45.6999437013
45.7193132219
45.7538565129
45.7719306728
45.8134052066
46.0777493369
46.1058763
46.1117954813
46.144891977
46.2073714935
46.2154159249
46.2645399303
46.2974121708
46.3223638868
46.3411287174
46.3750506382
46.4483025366
46.4679319272
46.8214476439
46.8540274322
46.8751700007
46.9154392137
46.9334006533
46.9374550884
46.96432225
47.0130980114
47.0234107488
47.0503444408
47.0735605561
47.1712148448
47.2259072556
47.2826046478
47.3664242392
47.4349961957
47.4788006141
47.4858695642
47.5381999895
47.5658539461
47.5748187668
47.6461139059
47.7280091796
47.8250061677
47.9089103736
47.9646433949
48.0107123565
48.0226281542
48.0461773278
48.078191452
48.0860299494
48.0945621896
48.1098647096
48.1297991773
48.1678579773
48.1867713461
48.2874710194
48.315757485
48.4189550253
48.4638395369
48.4683393999
48.5199154882
48.5516857249
49.2210811892
49.2416225254
49.2651450271
49.2857939015
49.3033713206
49.3260129069
49.353861247
49.3727826299
49.3836971575
49.400113573
49.8688931394
49.9019405546
49.9241642445
49.957377897
50.4060733159
50.4322691355
50.4672555607
50.4968303624
50.511474997
50.5580338689
50.580967862
50.6005848237
50.6187546965
50.6382534722
50.6924885586
50.732111268
50.7568458508
50.7850590526
50.8399570869
50.8628671384
50.8774005262
50.9328440001
50.9711603307
50.9773064984
50.9959296641
51.055765662
51.1121751944
51.1404694216
51.1491413866
51.161469851
51.2108415144
51.2170016541
51.2746862474
51.3034928286
51.3688654194
51.485381837
51.5346695387
51.6089655412
51.6237099459
51.6376505442
51.659512704
51.6853553618
51.6999091336
51.7369595359
51.758252841
51.8052656463
51.8285017306
51.838268133
51.8667110981
51.8801018949
51.8850667172
51.902921842
51.9454735867
51.9695005858
51.997674803
52.00746387
52.0957528321
52.1160293846
52.1716814758
52.2522649568
52.3239329688
52.3841042067
52.4390976055
52.5075426793
52.5438462495
52.5913506976
52.6682068111
52.7063110894
52.8426983491
52.8606388826
52.8738376907
52.8960839282
52.9435097638
53.1041272802
53.1158334795
53.1424413377
53.1955171111
53.244797706
53.3058687301
53.3366324326
53.3744024456
53.4526742111
53.4748134262
53.5487297618
53.6382224678
53.6732995099
53.9652961679
54.0199944528
54.0362398943
54.0782528195
54.0894896725
54.1054460179
54.1236243158
54.1707941064
54.2122490937
54.2266818627
54.2721240738
54.3060399585
54.3229188747
54.3277461197
54.3831807305
54.4160896681
54.4298911332
55.2178315864
55.242357592
55.2461707891
55.280356051
55.2875731193
55.3267535921
55.3509035877
55.3889596867
55.406018341
55.4266293282
55.4429933822
55.4942823836
55.5213702543
55.5722665998
55.6051039745
55.6168848286
55.6446857235
55.708637102
55.7410053896
55.7657087822
55.7909195958
55.8397395282
55.8742602787
55.9153435596
55.9752229437
56.0313502263
56.0976417753
56.1418007804
56.1864154545
56.3026451282
56.4388374342
56.4483760113
56.5019422017
56.5106247744
56.5388699202
56.5692566682
56.581452115
56.6146983901
56.6257614037
56.6803630451
56.7102786065
56.7253240086
56.7622092686
56.7984420221
56.9517144897
56.9651141973
56.9854455417
57.04518099
57.0928717204
57.1690097929
57.2413428419
57.3368805053
57.4784055388
57.6328582151
57.6722477651
57.6937253797
57.7160468353
57.8544192646
58.4956772852
58.6424261446
58.6743330991
58.825689335
58.8469534385
58.8524044488
58.8841803676
58.9236516299
58.9383547368
59.0003730415
59.0214834067
59.0555490587
59.0930840857
59.1308510582
59.1625337961
59.1944657302
59.252046196
59.2892532858
59.3528123868
59.3859946846
59.3956185714
59.4271702927
59.4601485065
59.4978269795
59.522294273
59.5635607522
59.6226630225
59.6943063542
59.7467140798
59.7896819964
59.8272195943
59.9183873189
60.0236252015
60.0537276723
60.0708814324
60.0772441817
60.1442859268
60.1695617543
60.2049586194
60.2943659351
60.4034775933
60.4543293571
60.484016218
60.5280546035
60.5722935019
60.6271929056
60.7055821885
60.7464793751
60.9097999001
60.9753629591
61.0228357013
61.0997086814
61.2317250405
61.2479680563
61.2761754283
61.3134094821
61.3340617725
61.3724307138
61.4181667035
61.4459359009
61.4776685205
61.5181348716
61.6227463247
61.6580916556
61.7059236247
61.7330843442
61.8246292612
61.8609438235
61.9034921844
61.9425089716
62.0189002991
62.1524932251
62.2303942766
62.2404200467
62.3504517364
62.4123344337
63.603873667
63.6152302637
63.6409638798
63.6491793413
63.6926466006
63.7310236315
63.7440926384
63.7871330462
63.8153393268
63.8580090577
63.8883518368
63.9031176939
63.9498290775
64.0064945967
64.0456568922
64.1438534301
64.1902552874
64.2432980504
64.3511565957
64.3572399887
64.4623138438
64.4709177148
64.5535385312
64.5771771167
64.6361584221
64.6871137806
64.7078082625
64.8366279403
64.8707497083
64.9255647145
64.9764449711
64.9817786573
65.0067477543
65.0724317866
65.1016574312
65.1574954868
65.1750476231
65.1904380556
65.2473425104
65.2533913686
65.2598293613
65.3122754001
65.3476729208
65.7558236705
65.8137554015
65.8515936364
65.9372534602
66.0264525472
66.0550713306
66.071974776
66.1383120183
66.1597557504
66.2088845303
66.2265104016
66.2384077518
66.3152002764
66.3354085037
66.3392439179
66.3566798036
66.4058990889
66.4159040547
66.4553523674
66.4802946227
66.5612916662
66.5912209361
66.6614409294
66.7460514745
66.7772470727
66.828944031
66.9084853896
66.9458354349
66.9809365364
67.0609573129
67.1583782125
67.2168921518
67.2315241618
67.413297343
67.4227179881
67.4340479809
67.4511191639
67.5168826999
67.5872033559
67.6476552251
67.6939422307
67.7610711601
67.796781238
67.8125562806
67.8401675719
67.9267132946
67.9842059411
68.0067394689
68.0751219522
68.1677310542
68.4270494294
68.4538513973
68.5035202187
68.5097062422
68.8838659501
68.8979821685
68.9441072632
69.0245607573
69.0723250333
69.0768803614
69.1112823115
69.1463006366
69.5665666195
69.6280837879
69.6460073376
69.656844103
69.6901431248
69.7232100637
69.8694784853
69.9177481361
69.9914547474
70.0051843581
70.0359031008
70.0997086141
70.1609377585
70.1994501813
70.3010080839
70.8703428347
70.8838774975
70.8936464895
70.9193127895
70.9439336728
70.9581145138
70.9824134606
71.009555608
71.0564163692
71.0654604114
71.0688126759
71.0886101251
71.3026878364
71.3439245916
71.5973929616
71.6569145735
71.6666087987
71.6708987721
71.7320157981
71.8610907267
71.8685581794
71.9544151842
71.9639836109
72.0190389511
72.0489301854
72.0557106348
72.0643772731
72.0714983353
72.0784317304
72.0991738614
72.1036057677
72.1121836833
72.3139219453
72.33338451
72.3658627443
72.391515396
72.6821288463
72.6959820896
72.7705346106
72.7959586773
73.0471436706
73.2063036803
73.2324020789
73.2642003955
73.2711944288
73.3033019772
73.3182141957
73.3432567726
73.4072288837
73.4619821737
73.4825061623
73.5444253586
73.5600074488
73.6027235049
73.6331656873
73.6801350907
73.7583024407
73.7940149102
73.8628177689
73.9018990586
74.0659902407
74.0953748235
74.1673182218
74.2336398168
74.2933907474
74.3232094927
74.3336710156
74.3730018917
74.411487159
74.5022679898
74.5205111771
74.5265855462
74.5675115914
74.5914749866
74.6025233748
74.6160084256
74.6581496957
74.6869386695
74.7164721564
74.7391997638
74.7718247403
74.8106150506
74.8346967748
74.8871583608
74.9260603359
74.9884697982
75.0167613335
75.1020749607
75.1646093774
75.293357529
75.3367151354
75.3554627894
75.4107656682
75.4612481082
75.468375755
75.4764170426
75.5105344811
75.581776137
75.624602637
75.6371165733
75.6691058142
75.6968014792
75.7004825145
75.7217228977
76.0416965628
76.1041238833
76.1159543043
76.1324824424
76.2056693459
76.3419360572
76.4468281121
76.486059165
76.5829317559
76.5922265131
76.6656867769
76.7534203801
76.806653942
76.827036296
76.8349153044
76.8592961815
76.8890319998
76.9158624387
76.9343120657
76.94996243
76.9593621128
76.9779453229
77.0068180034
77.417715665
77.909221671
1747
