6.03351222058
6.06714351222
6.07335299609
6.0924632598
6.10087368877
6.1144298165
6.4072705817
6.42928731603
6.47532918188
6.47883797071
6.52353317401
6.55164476845
6.57688893407
6.60759118237
6.62106202542
6.63788479328
6.66109875348
6.69299984711
6.78893061957
6.8279099328
6.84791530823
7.00584255076
7.02973701807
7.0737987646
7.1248573557
7.19209256994
7.21755779567
7.23355998131
7.26383126942
7.27592781886
7.29582152529
7.30655861428
7.32039965789
7.34100982674
7.37530869732
7.38963900925
7.42262452306
7.44127897518
7.45578567793
7.47691091556
8.40752734145
8.41497351557
8.43663351637
8.44264299298
8.45488678037
8.47078373931
8.47507282102
8.49602172622
8.50073294194
8.52338128308
8.54122269954
8.57954398892
8.58345743676
8.60516260094
8.61350151666
8.62126574422
8.62764861684
8.6427849563
8.65533674312
8.70420318238
8.86747976272
8.90195278482
8.9188776196
8.92400259594
8.95506024346
8.95913336551
8.97439577641
8.98832943439
9.04478632041
9.06052711487
9.07477833414
9.09408832952
9.13378841624
9.19805970809
9.21709271491
9.22886028372
9.24561574747
9.25740981898
9.26978205181
9.28533112808
9.45491090895
9.5212639394
9.58194613289
9.6117246161
9.6220852227
9.63301262468
9.75321986816
9.76131745482
9.78158296428
9.79744457676
9.80505350205
9.91119950379
9.92722732661
9.96131020877
9.99678754387
10.025671261
10.0595639179
10.4018109027
10.4254536211
10.4326565237
10.4594916197
10.4829966999
10.5143850153
10.5518782937
10.8136263063
10.8320229203
10.8377093549
10.8667451421
10.8751184444
10.9086740746
10.9224375429
10.9318209723
10.939941078
10.9589213809
10.9759923754
11.0222198109
11.0560785623
11.0718972803
11.0791097988
11.0983770594
11.1148728581
11.1463570735
11.1599695588
11.1807406443
11.1942763243
11.2088345155
11.2211136007
11.3395386886
11.360044351
11.3780994361
11.3997025101
11.6721844976
11.7412624377
11.745913815
11.7545409848
11.7585355489
11.7976569289
11.8289997759
11.861774551
11.9659023618
11.9796052582
12.0109277196
12.0244801786
12.038921736
12.0575921899
12.0671551539
12.0776381387
12.098592642
12.1090971016
12.1170286968
12.1978445632
12.4373040514
12.5322614171
12.8219648234
12.8387451303
12.8632180235
12.9394456179
12.9716393233
12.9966691334
13.087782441
13.128171478
13.1507580902
13.2145110535
13.2284171909
13.2342233165
13.2488336778
13.2531105904
13.2598875832
13.2751842168
13.282573914
13.3521071649
13.3661031331
13.3869639334
13.413572867
13.4542460953
13.4600531269
13.4666538628
13.4914243446
13.5642014852
13.5887244582
13.611368704
13.6181915458
13.633348654
13.6422294806
13.7313902648
13.7458037118
13.8081400939
13.9065356108
13.9472062347
13.964855795
13.9783904809
14.0086821934
14.0237887548
14.0898518638
14.1463113152
14.1906957605
14.1994308024
14.2090147964
14.2401503711
14.3128057958
14.3247516946
14.3501590152
14.3780355247
14.3815525378
14.427762817
14.4345393928
14.4710572939
14.491927355
14.5092796242
14.5215480713
14.5421933139
14.5567872256
14.5668927629
14.5919005337
14.6117465418
14.6197496885
14.640024835
14.662080743
14.6724615251
14.695575824
14.7118391464
14.7302740036
14.7522171924
14.7611299833
14.7686865758
14.7794672299
14.8017925721
14.873137756
14.8886816282
14.914979065
14.9385193434
14.9731236332
15.1207284987
15.1437329845
15.147623437
15.2441301576
15.3301982537
15.3426985851
15.419187092
15.5040103798
15.5283880161
15.5635358513
15.5851998886
15.6051156768
15.6157426401
15.9813365382
15.9930493873
16.0212184739
16.0343349432
16.042305268
16.0629146317
16.0991552242
16.1051726081
16.1147791411
16.1277082144
16.1591563445
16.1666665057
16.2710354519
16.3018865372
16.3131175299
16.3758254385
16.3965330592
16.4701503721
16.5633831794
16.5724093587
16.7457899131
16.8144361811
16.8361200733
16.8520655715
16.8603491052
16.8659872546
16.8719031028
16.8763158164
16.8926113156
16.9142566688
16.9229428577
16.9528720323
16.9630242324
16.996859656
17.0041393946
17.0276461598
17.0426032715
17.0553138332
17.0707948894
17.0843088056
17.090429722
17.2142781276
17.2333470047
17.272336201
17.2918001347
17.3429144772
17.3596368275
17.3719163191
17.377165761
17.3857202432
17.4105718602
17.4665918827
17.4903029483
17.514051035
17.5949751602
17.6011668811
17.6461581871
17.6760128667
17.6880168295
17.7030451096
17.731112752
17.7489858666
17.7690982199
17.8028957389
17.8961899295
17.9100774675
17.9372860854
17.9684605143
17.9844953114
18.0051354829
18.0205052146
18.0299196217
18.0409719629
18.0786737487
18.1180075068
18.1272010693
19.2137518521
19.2242274533
19.242500178
19.2503072997
19.2593673948
19.2832273076
19.3884556902
19.4063335716
19.4190155381
19.4239812566
19.469739013
20.4116839208
20.4204365391
20.5049788345
20.5140341856
20.5309664701
20.5423165287
20.5749961267
20.5915903864
20.6007162772
20.6069415644
20.6331890904
20.641271843
20.6707757012
20.6926546352
20.7015406281
20.7102976252
20.7150418647
20.7337354179
20.7660730226
20.7758352548
20.7883583338
20.7965769442
20.8097255053
20.8199777003
20.8339833806
20.8607194305
20.8659249318
20.8756996401
20.8970357832
20.9106690003
20.9500283987
21.0846070191
21.116775897
21.1414537482
21.1566880033
21.1736890086
21.1973565922
21.2051180588
21.2392665848
21.2642011718
21.3122339521
21.3253786342
21.347055187
21.3504756951
21.4156718341
21.4648466982
21.4816230795
21.5032647788
21.5297688463
21.5439709875
21.5623158635
21.6075174647
21.6178950784
21.6346330907
21.648604437
21.656118253
21.6656032961
21.6734221965
21.6841187984
21.7028961112
21.717638323
21.7354925426
21.7390752645
21.7461863367
21.7560195531
21.7595868684
21.9027702508
21.9112965893
21.9230713258
21.9460532768
21.9625870759
21.9766447843
21.9912185802
22.0151086007
22.0217972105
22.0420577259
22.1139885393
22.1447600753
22.165581109
22.1879670569
22.2070025348
22.2360711557
22.2614704593
22.3035347529
22.3368607833
22.3576071292
22.3746481521
22.3918348867
22.4201517559
22.4557084283
22.4962818449
22.5171681472
22.5700426201
22.6106126185
22.6689534861
22.6800056217
22.7111783698
22.7343209792
22.8067097123
22.820216475
22.823853062
22.8429431902
22.8501732672
22.861191024
22.8683047127
22.8755931534
22.8859529443
22.8911923921
22.907826234
22.9214451767
22.9497702779
22.9695336407
22.9795922706
23.0060095524
23.0235484716
23.0319269523
23.0457106314
23.0664693637
23.0916777646
23.0999558814
23.1406496718
23.1496819593
23.1683314416
23.1918347009
23.1985488257
23.2057441826
23.214445291
23.221461565
23.2441147597
23.3152424321
23.3284512986
23.3376498004
23.3501134624
23.3805254308
23.4085186352
23.4208153763
23.4448591665
23.458050217
23.468250771
23.5058593759
23.5169795033
23.5695601455
23.6175523912
23.6443219574
23.6625428671
23.7060424192
23.8049211187
23.843156163
24.0131463038
24.0241141834
24.0374262301
24.0590400029
24.06471462
24.0954924866
24.1113979681
24.1371213753
24.1539127887
24.168358995
24.189662223
24.2106588321
24.2213346295
24.2340257037
24.2472237058
24.252475178
24.2664994832
24.2767636339
24.2975089237
24.3053586337
24.3178123872
24.3367719519
24.3651972979
24.4110400496
24.4296615658
24.4453619687
24.4801778635
24.4934722838
24.5111663254
24.5374314895
24.5522401807
24.5814733383
24.6083057234
24.6509344281
24.6817223285
24.6857205865
24.7060250374
24.7397556441
25.0709139561
25.1080781082
25.1288370999
25.2159392359
25.2254267222
25.2650915664
25.2947790488
25.2994699926
25.3042940929
25.3270863742
25.3395669837
25.3765880643
25.41229521
25.4358815223
25.4669285363
25.488935224
25.5551297709
25.5635343922
25.5912785821
25.6211712975
25.6307628684
25.6553603483
25.6842288886
25.6921794668
25.7073897441
25.7314134014
25.8439463178
26.0035202085
26.0188902952
26.2069631685
26.2499484809
26.2700520139
26.3076495096
26.3401163371
26.4228061273
26.4451690711
26.4623952595
26.4679010959
26.4728777343
26.4793397745
26.4862796724
26.5054805744
26.510720104
26.5180800058
26.5246685584
26.5379221114
26.5491100909
26.5570355296
26.5631325302
26.5877685361
26.594246799
26.6045268825
26.6219416722
26.6515200511
26.6662430587
26.6892395094
26.6926490726
26.7032801549
26.7100060901
26.728384881
26.738762765
26.7612782418
26.7786060044
26.8373181162
26.8806964235
26.8950314127
26.9062302877
26.9155073694
26.9502120778
26.9596306467
26.9756549043
26.9931197488
27.0078650549
27.0437553311
27.0588312555
27.0758502475
27.0810132088
27.0982244254
27.1158946422
27.1679204105
27.1841213448
27.2302095932
27.2662835961
27.374877057
27.3949347389
27.4260289413
27.4731096755
27.523314331
27.5464847955
27.5904388128
27.6100030074
27.677353527
27.6813542914
27.6875642751
27.7492197748
27.7719164632
27.7808624878
27.8952431415
27.91431242
27.9200749215
27.9349875538
27.9529497506
27.9636777415
27.9856760453
28.0166638851
28.0391954491
28.052879755
28.0679759706
28.0991191354
28.1324518977
28.1440325622
28.1842391447
28.2176164181
28.2515594216
28.2741307869
28.3351011207
28.3803932399
28.421860039
28.4383990783
28.4502735019
28.4545477501
28.49093134
28.5192048933
28.7792221758
28.8075896852
28.8180159704
28.8256459453
28.8374804071
28.9020530672
28.9131118693
28.9263638066
28.9355323062
28.9538037551
28.9770110405
28.9871482961
28.9925299461
28.9987105454
29.0073605144
29.0307211724
29.0421677814
29.0582722271
29.0672938051
29.115171023
29.1823958458
29.1958380797
29.2333643849
29.2427206865
29.2467485556
29.2584561986
29.292133219
29.3200201277
29.3258900504
29.4286377473
29.4389048504
29.4802923021
29.518197798
29.5322145078
29.5395673383
29.5733877903
29.6199178837
29.7000143892
29.7145725059
29.7384603095
29.7810988753
29.8244610854
30.0077975621
30.048190518
30.0959628771
30.1101439916
30.1211126222
30.1405331737
30.165300264
30.1770431826
30.1890548723
30.2064968638
30.2189094803
30.2290776798
30.2862678804
30.2991960268
30.3090373319
30.3364882141
30.3705409029
30.3866940571
30.3922835166
30.4122322004
30.4919264738
30.5087804009
30.5698284936
30.6607869793
30.7108039156
30.7208851258
30.8084790323
30.8396211985
30.8635293225
30.8769174268
30.9323899886
30.960956577
30.9958690797
31.0501092471
31.0865473131
31.1566296305
31.2243058663
31.2477188806
31.2594248892
31.3070052368
31.3234862283
31.3453625144
31.3635392111
31.3753319221
31.4173699804
31.4335951511
31.4572906724
31.4933212839
31.504544312
31.5144797962
31.5214016141
31.5398959717
31.5661263533
31.5852760256
31.6213011794
31.6253560704
31.6441633556
31.6660193009
31.6905828312
31.7189188938
31.7539785212
31.7787181429
31.7995089825
31.8161817649
31.8772155355
32.0425203779
32.0708797239
32.1038452395
32.1611741215
32.2038148762
32.2323899266
32.2908072271
32.3385936505
32.3987367477
32.4139542293
32.4247402435
32.4340777958
32.4552217676
32.5927699737
32.606240858
32.6187798518
32.6513570103
32.7220000515
32.7326165343
32.7380184387
32.7484413966
32.7805617599
32.8645545306
32.8886151308
32.9163926161
32.9305616002
32.9580365599
32.9659631528
32.9822307858
32.9939159573
33.022237357
33.0492557926
33.0884841339
33.1120375111
33.1181474904
33.1405286961
33.4671232057
33.5456150488
33.612184101
33.6182706108
33.7011183853
33.7446097777
33.7505000048
33.7661379315
33.8225556127
33.8793009042
33.908796011
33.9157755672
34.4561692772
34.46320924
34.4781907691
34.4836862078
34.4968156108
34.5115325333
34.5648325714
34.5875505721
34.5953394079
34.6298755245
34.6627166488
34.6826968293
34.7317473712
34.783561342
34.8056331595
34.8134350664
34.8308918504
34.8895929854
34.8942920102
34.9004139367
34.9077477879
34.9299498812
34.9511306835
34.9628063745
34.9738078131
34.9850070121
35.0041716733
35.0599877237
35.3544116665
35.390104759
35.4095109555
35.4319829791
35.4484071831
35.4603748958
35.5058838002
35.5303272379
35.5476294908
36.0395286154
36.0465679817
36.0616707177
36.0840705899
36.0922706133
36.1047049203
36.1143167232
36.1667977996
36.1848267889
36.1952242128
36.207647618
36.2279417154
36.2429171762
36.2595645135
36.2781220249
36.3152718254
36.3392160073
36.357492963
36.3819247795
36.3952699237
36.4235730507
36.4571602084
36.4705090556
36.5007430352
36.5122215296
36.5326144101
36.5768027734
36.5911372695
36.6016727253
36.628031171
36.6822476607
36.6933854601
36.7564096814
36.786155762
36.7938779631
36.8443411819
36.8601193877
36.8846981428
36.9308642757
36.9698234467
37.0328064717
37.079959934
37.1034429159
37.1258373258
37.1751227627
37.2110423293
37.225042059
37.3350728371
37.3512588262
37.3624865239
37.3736736003
37.4063360094
37.4171182938
37.4337646644
37.4492953943
37.4632546117
37.4828663312
37.7535905231
37.7902123581
37.8251910431
37.8317668091
37.8363010416
37.8503613341
37.8545936548
37.8894490846
37.9051292917
37.92136669
38.2954033238
38.3570708523
38.40676868
38.4175375009
38.4274930178
38.4337116781
38.4514051374
38.4724997625
38.4895589633
38.5054832398
38.5123400731
38.5198197178
38.5360012853
38.5468522078
38.5662936762
38.5893815339
38.6088426661
38.6261053988
38.6391078725
38.6696878931
38.6837751345
38.6952258002
38.7117307655
38.7326795099
38.7605308944
38.7943617395
38.8117132564
38.8329758792
38.8698090221
38.8862359828
38.9045516684
38.9197596958
38.9689849855
38.9912987296
39.0220446537
39.0434608011
39.080037168
39.1105513469
39.1197992764
39.1273624528
39.1548565282
39.1761798903
39.1845093904
39.2065790215
39.6168118986
39.6221408396
39.6338595255
39.6432570398
39.6535033805
39.670897531
39.6777141096
39.6937412404
39.6985912115
39.7135009797
39.7373263393
39.7481892562
39.7679432926
39.7769304737
39.7873448049
39.8067696127
39.8130648587
39.819706002
39.8364418668
39.8439102243
39.8640211195
39.8859496634
39.9187914641
39.9453360113
39.955066795
39.9667061803
39.9997831079
40.0203918468
40.0596524054
40.0833535965
40.0927081032
40.1257478258
40.1428985414
40.1587156923
40.1995017865
40.2064238512
40.2252630102
40.2396476634
40.2606677784
40.2676310308
40.3162855078
40.3943464441
40.6023591655
40.6195515403
40.814241816
40.8454684676
40.8604232546
40.8641655331
40.9275030819
40.9379829505
40.9523809219
41.0209017134
41.0359408848
41.0423381003
41.063783843
41.0810360068
41.093129544
41.1114509422
41.1262022434
41.1611848575
41.1726165869
41.1870736764
41.2083680925
41.2370332662
41.275021207
41.3201230658
41.3439425131
41.3542224349
41.3697385693
41.3831323193
41.3977212675
41.5152939682
41.5216465862
41.5557127502
41.5662390206
41.5891824152
41.606609726
41.6328255409
41.6381659108
41.6644185777
41.7353349117
41.8002667929
41.8617301743
41.9123529037
41.9646577735
41.9999389824
42.0083588376
42.0214715818
42.0475753435
42.0589129336
42.0731653614
42.1028488668
42.1280329141
42.1439877218
42.1952992713
42.2273508888
42.2458898573
42.2591454447
42.2981887135
42.3403373064
43.2279459424
43.2631209377
43.2705054105
43.2755784197
43.3042790301
43.3235374094
43.3383444882
43.3451006992
43.3928662222
43.4188398593
43.4348095038
43.4445697289
43.4629726084
43.4949017209
43.5454506608
43.581128505
43.5866953222
43.6029727926
43.6325752338
43.7080153775
43.7777364624
43.7990141139
43.8790546795
43.9142449392
43.9393178717
44.0753690601
44.1475130415
44.2731219922
44.3507764487
44.4342619835
44.4428779723
44.4647852622
44.4720910508
44.4797194503
44.514444704
44.5425520404
44.7672259465
44.8084356276
44.8426621977
44.8903050455
44.9570587445
45.0008635542
45.1084133167
45.1980808845
45.2517291604
45.2805729903
45.3134409124
45.336633464
45.5182765642
45.5941613787
45.6251687514
45.6362089755
45.6475232857
45.6964692576
45.714863444
45.764378091
45.7755710567
45.7796850358
45.7991166617
45.816602706
45.8288390354
45.8393459879
45.8675341708
45.8786213231
46.2082782656
46.2998612384
46.5499947315
46.6520738951
46.7111243529
46.7822766577
46.910912806
46.9337118082
46.9444006496
46.9897459692
47.037036914
47.0713512094
47.0786081528
47.0886129516
47.1242609997
47.1853531284
47.2661937159
47.2980942091
47.4922232627
47.5187264711
47.602862882
47.6443683345
47.6713074994
47.8037049198
47.8493481452
48.0300962011
48.0687065569
48.0981469255
48.1426511137
48.229517618
48.3397866407
48.3431580336
48.3593866362
48.3853391673
48.7375334887
48.7420019235
48.8573899772
48.9518416189
49.001316931
49.0135377199
49.0277126203
49.1155958739
49.1230707502
49.1906407813
49.2172652944
49.2250050731
49.2573330241
49.2783758767
49.2848360259
49.3412977928
49.3603214754
49.3935020491
49.4072964191
49.4316985225
49.4431048663
49.4643916526
49.4789431742
49.5023023354
49.5171214738
49.5725557632
49.5952884337
49.6685335768
49.7156016465
49.794997911
49.88485889
49.9484784259
49.9575426767
50.421951319
50.4303743519
50.4432000266
50.4780738381
50.8103166599
50.8874566888
50.8986489886
50.9154962879
50.9249216131
50.9450403253
50.9745367644
51.0119116062
51.043780269
51.0643210667
51.071727491
51.0797237001
51.1109826807
51.2185929037
51.2785699413
51.3024462095
51.3688306609
51.3923371706
51.4707162732
51.5338359893
51.5640758923
51.6975852383
51.7122072483
51.7281658307
51.7478438057
51.7950384912
51.8195293392
51.8762390262
51.917522501
51.9952621045
52.3103894038
52.6225979476
52.7869012294
52.8265835059
52.8726573946
52.9003705114
52.9075434442
52.9208225479
52.9317294353
52.9355954236
52.9480799622
53.0509776287
53.0977394546
53.1073394712
53.125649147
53.1467131162
53.1618762229
53.1877754364
53.2328534096
53.2609487541
53.3162486455
53.393007729
53.6339165472
53.69267269
53.7018098786
53.7280748835
53.8524704546
53.8966180233
54.0811854153
54.1219225128
54.1457223763
54.1712263036
54.2041574476
54.2300383734
54.5907339929
54.7194388883
54.7677468902
55.0229316492
55.0726200382
55.2608419129
55.2715800014
55.289942465
55.3138229315
55.3352863627
55.3659447666
55.4039145978
55.4563725584
55.4969129621
55.5166767025
55.5388468365
55.5970059322
55.6636479347
55.6862462905
55.7200276606
55.7453054179
55.7586240321
55.9046045653
55.9495095976
56.0081598204
56.0357788243
56.0798630513
56.1489282805
56.2255984006
56.2755726173
56.4235186962
56.4352446161
56.4596388687
56.4950649253
56.5456820077
56.5764184155
56.5949370812
56.6028076
56.6182820573
56.6508916651
56.7429436983
56.8107664951
56.8428080377
56.8674941093
57.5752138635
57.6278481117
57.6379545549
57.660216947
57.7188716861
57.7299641679
57.7553846086
58.8053347423
58.8107063829
58.8382661176
58.8516114627
58.8742335321
58.8827877949
58.9157629145
58.9222184472
58.9368398652
59.0186278798
59.0485514012
59.0751929309
59.1093692809
59.1204413488
59.231295726
59.2370172966
59.2665622708
59.3195196022
59.3496483228
59.4802355692
59.5106324326
59.6120354076
60.0185563565
60.0409737984
60.0841626196
60.1090186612
60.2470976328
60.2832721072
60.3066928952
60.428130131
60.4874713073
60.6143494596
61.021672243
61.085856876
61.2265771896
61.2603886082
61.2798814486
61.2951163441
61.3199121491
61.378696094
61.4227672954
61.4734968414
61.5158308322
61.5432582819
61.5544614654
61.5888117461
61.6283365866
61.6405712697
61.6797793919
61.8583015376
61.8939326686
61.9899092071
62.0749893328
62.0812227468
62.1727793417
62.4287469531
62.4394394117
62.4654977149
63.656581202
63.6717577295
63.6954247226
63.7272536537
63.7704304983
63.7861521115
63.7990653549
63.853111869
63.8728178333
63.9184293523
63.9346277174
63.9677626973
64.0077268452
64.0526998832
64.5914561592
64.6252225345
64.749957476
64.8273008164
64.8339751132
64.8616030631
64.8792078632
64.905184961
64.9246983
65.0379515304
65.0624838704
65.135040308
65.1535662101
65.1947288812
65.4197142444
65.432501243
65.4925031611
65.4973104406
65.5812522711
65.6240395835
65.7075001072
65.7641585841
65.8688771387
66.0216712916
66.0463898009
66.0845328316
66.0934435825
66.0974731471
66.1280721913
66.1613735304
66.2266987723
66.2678636153
66.3045148017
66.460371064
66.4827572934
66.5569163923
66.5805542903
66.7126290561
66.7833538578
66.8217106928
66.87838222
66.8864537241
67.2239379316
67.282733093
67.3198389005
67.3320930701
67.3683949019
67.3823112902
67.4001344821
67.4138583129
67.44479861
67.5049393002
67.5211387918
67.6354400004
67.6675673609
67.7738493932
67.7957205165
67.8073910428
67.8266925391
67.8318352391
67.8551401032
67.8838104811
67.9857795963
68.1106292567
68.1891331189
68.2234909249
68.2604637446
68.3605499327
68.4615081374
68.4775822413
68.4875382328
68.4976938773
68.5150560287
68.5443742952
68.5754594846
68.5818447193
68.6106939456
68.6453056171
68.6912477037
68.7263555591
68.7417701983
68.7877855803
68.807644506
68.8140400721
68.8531970128
69.0296669968
69.0936525061
69.2124182843
69.324521744
69.3917171079
69.4967769793
69.6098347218
69.626170371
69.6464060885
69.6534364231
69.6915033516
69.7007558109
69.7176239462
69.7418761099
69.7981945147
69.8374916666
69.8596224781
69.8741155783
69.9065423587
69.9271185882
70.4985384534
70.5384069896
70.5775972988
70.6211895583
70.6994364107
70.7287286823
70.8147407708
70.8274441309
70.8721557166
70.895252014
70.9179079401
70.9390489463
70.9757523324
70.9882748762
71.0002700269
71.358971983
71.4098405256
71.440525851
71.5495353839
71.5748209252
71.5972739477
71.6342382422
71.7477775233
71.8150330573
71.822502783
71.8577563665
71.9716736527
72.0123413934
72.0254407078
72.0514787159
72.072941418
72.0934264186
72.1107418906
72.1154659674
72.1377994946
72.1805622829
72.2209463047
72.2366204228
72.2571965042
72.2991273201
72.3218941303
72.3353283829
72.3670780703
72.4247955632
72.4447321218
72.4764757443
72.4971974952
72.5779923743
72.7571489561
72.8672488883
72.9067847868
72.9956849513
73.0514235648
73.094907306
73.1408475217
73.2381199132
73.2423734585
73.4047807516
73.4464147248
73.4598676876
73.4858446555
73.545287135
73.5733528382
73.6024051737
73.6489660775
73.6938751581
73.729062755
73.7524472953
73.9589352965
74.0005682406
74.2747251796
74.3050754376
74.3790964667
74.4209524287
75.6148530133
75.6741425411
75.7260214627
76.0437517933
76.0781604678
76.1069381913
76.3234170947
76.4157667022
76.4709200874
76.5610389246
76.807316391
76.8317505939
76.8610321336
76.8860137613
76.9143466102
76.9209528553
76.9384964441
76.986558528
77.0092089056
77.0634750472
77.083877336
77.1479902092
77.1736300655
77.213626832
77.263212688
77.3349116822
77.3635642457
77.3751805002
77.4114747549
77.5037926084
77.5433563701
77.6063597208
77.6100615744
77.6845290039
77.9879698631
1580
