6.01694504483
6.05457410925
6.06392203087
6.07800292175
6.08182162317
6.09284980115
6.09691347641
6.11394230556
6.1242790341
6.1470097399
6.1545218701
6.17009049279
6.18240182746
6.47621342447
6.51911939543
6.53980034215
6.58245071905
6.62130101821
6.64888609777
6.68506936983
6.70446056904
6.75112587097
6.78380516724
6.8021275694
6.82398287968
6.8485245507
6.87284692667
6.91232068279
7.02228401124
7.06760604327
7.10506092204
7.12815051953
7.20909714442
7.2419463739
7.25863405753
7.27380041338
7.2913384257
7.30702122183
7.34352628028
7.35098743411
7.37235035863
7.38546668337
7.40937652207
7.41729351421
7.43304728621
7.47181919331
7.49240616032
7.50946653329
7.51755538069
7.54206555088
7.56024233589
7.56797827795
7.64784137947
7.65905741518
7.68918392565
7.69689598651
7.70625979863
7.72796595209
7.74372553874
7.75986305523
7.79452610307
7.81227875679
7.84207980615
7.85488848553
7.86821260507
7.89051015676
7.92512682668
8.03366613016
8.04624191152
8.10513467395
8.1156234058
8.13338600049
8.13905448211
8.17496270923
8.24915463743
8.25564056049
8.28955154789
8.40871020002
8.41950464922
8.42803405132
8.43304309476
8.44774215007
8.48218544048
8.49849355526
8.53905807895
8.54331378336
8.58342193528
8.60621100533
9.6121422194
9.62364144436
9.63728691325
9.64382990652
9.66168680673
9.67164588356
9.6816230168
9.70616757656
9.73331626885
9.7456176127
9.77049471548
9.79145787062
9.79910877932
9.80446990443
9.81251113759
9.83216680276
9.86133663333
9.87295019318
9.91785652004
9.9336799896
9.95012177734
9.98809414423
10.0130032127
10.0390601115
10.0529986723
10.0713990166
10.094014448
10.1480231909
10.1850381625
10.214232362
10.2373223778
10.2780564477
10.2927654225
10.3200425839
10.4232629945
10.4295533769
10.4337894428
10.4686272783
10.481674709
10.5045553791
10.5612479635
10.5831954567
10.6033705792
10.6243184978
10.6508528223
10.6677565039
10.7166403914
10.7557995745
10.810698887
10.8166273091
10.8239996195
10.8306753294
10.8432412029
10.8552854049
10.8658191358
10.8708360533
11.0396425601
11.0459575441
11.0799307139
11.0933919048
11.1150410757
11.1206835257
11.154099841
11.1704391141
11.2032963037
11.2247619002
11.2445506603
11.2610358808
11.2790945473
11.2918665844
11.2996648363
11.3405082063
11.3644635399
11.3740913967
11.4260977326
11.483192486
11.5140423756
11.5286781937
11.5554891235
11.5597655882
11.6395248766
11.6738603028
11.6811107278
11.6854710841
11.7021380816
11.7509969547
11.8683582826
11.8902399729
11.9480467034
11.9980759271
12.0171096962
12.0284817659
12.0556736207
12.0629436244
12.1055951488
12.1174982075
12.127054237
12.1376207404
12.1465488805
12.1603166747
12.1737377582
12.1968484342
12.2097088628
12.2173452497
12.2341738518
12.2640552333
12.2778662514
12.2922524067
12.3108613283
12.3278344252
12.3318937407
12.3575295836
12.3783692176
12.3839694318
12.3913019405
12.4185297296
12.443567586
12.5213795164
12.5430386407
12.570025273
12.5829945617
12.5872158721
12.596286391
12.6834541199
12.7612801097
12.7913840112
12.8265392864
12.9099673192
12.9411799544
12.9666013478
13.0099741117
13.0369386924
13.0526359265
13.0853485554
13.1167896393
13.1534303646
13.21627159
13.2481450536
13.2639507882
13.2732754509
13.2905452601
13.2952118927
13.321875499
13.3384009344
13.3571351608
13.3655898571
13.388732702
13.4065954356
13.5052511178
13.5227885336
13.5461545293
13.5679075263
13.6202869953
13.653566588
13.6745143789
13.6820109543
13.6901594789
13.7103105255
13.716088815
13.7628971693
13.7952655916
13.8062932303
13.8262927047
13.8693767607
13.9359385702
13.9688704678
14.0036639751
14.1202154145
14.1310347174
14.1708903397
14.2524917792
14.4166788088
14.435553768
14.4453853204
14.449013391
14.4606563325
14.4719565415
14.4919282089
14.4965062894
14.5066613272
14.5230361246
14.528102314
14.5972779554
14.6207491586
14.6263411961
14.6490099478
14.6802751321
14.6850231905
14.6947289401
14.7631150456
14.7887969293
14.7937557445
14.8029216752
14.8311695662
14.8531703654
14.8617590405
14.8892590578
14.8941620913
15.3089167066
15.338222177
15.3605562614
15.3783759391
15.4372873133
15.4579082428
15.5947878131
15.6134927464
15.6270992989
15.6349112354
15.6461564933
15.6713452578
15.6863015651
15.7173142972
15.7355102178
15.7777254889
15.7905878849
15.805939432
15.8212444781
15.8313784093
15.8509765265
15.8559627536
15.8782605773
15.8861965247
15.9103681601
15.9389437121
15.9634518576
15.9782041885
15.9858966674
15.9935499
16.0105405725
16.0296639452
16.058098281
16.0686437242
16.1018038453
16.1217797909
16.1453774016
16.1623954091
16.3383352069
16.3509456155
16.3665702632
16.3792476112
16.3985748068
16.4047936546
16.4209219456
16.4275887694
16.4412957026
16.4624695193
16.4842016499
16.5051603383
16.5608592542
16.5806781231
16.6047198732
16.6737413449
16.7216693585
16.7643212323
16.8102898474
16.9743960367
16.992147564
17.0743607574
17.0963695024
17.1333074415
17.1858426743
17.1941851426
17.200849431
17.232736652
17.2439830141
17.2549930884
17.265267018
17.2921618838
17.3091910234
17.3278477548
17.3691994918
17.4056720788
17.4149930281
17.457089703
17.4747494026
17.4940655459
17.5124552166
17.5277244144
17.5322537423
17.5422402464
17.5567708109
17.5999544199
17.6138189142
17.6693691146
17.6857182745
17.7020007123
17.7060868479
17.7305838892
17.7599029465
17.781319517
17.8063469556
17.8400299384
17.8990552024
17.9509084667
17.9794593223
18.0589015601
18.0637214112
18.0683772257
18.0719271116
18.0801062949
18.0884529508
18.0988548337
18.2128143741
18.243954348
18.2564609047
18.3071173327
18.3312139315
18.3766612722
18.4884888595
18.5246935156
18.5470308285
18.5611871256
18.607315458
18.6205199875
18.6668274443
18.6924100901
18.705482829
18.7385672313
18.7865483318
18.7942377254
18.830953106
18.8570492908
19.2068510906
19.2316291282
19.3652545252
19.3778944076
19.3918288521
19.5354396098
19.6083227977
19.6197486053
19.6318036945
19.6420424448
19.8058701076
19.8311070985
19.9696783547
19.9865439192
20.3588057886
20.386517571
20.4062875585
20.4212676666
20.6004476164
20.6440587386
20.6612688409
20.6846876812
20.690103757
20.7681215053
20.7989388387
20.8716556241
20.9096824432
20.9232461018
20.9576119699
20.9695211519
20.9954773556
21.0165500052
21.0388381218
21.1962216105
21.1996800515
21.2239952221
21.2730576825
21.292439953
21.3459233509
21.4001306735
21.4185058872
21.4659770464
21.5132692723
21.6065160795
21.6112030959
21.6448928518
21.662273184
21.6804340474
21.6860878438
21.7056189531
21.7148351001
21.7245451758
21.744136373
21.834871884
21.8431021876
21.8609945201
21.8925989169
21.9124476377
21.9262468183
21.9301683001
21.9484920085
21.954003409
21.9860576756
22.0081136443
22.0251776615
22.0590380792
22.0681216727
22.0791343714
22.0949820567
22.1068364998
22.202640176
22.2236988926
22.2313304111
22.2391850603
22.3028593694
22.3318146605
22.342080696
22.3789077731
22.4113379324
22.442840867
22.4785247977
22.5244181066
22.5465033961
22.5754592662
22.5924769963
22.6201343077
22.6532445994
22.7034998273
22.7825207472
22.8068043744
22.8220558211
22.8285785214
22.8480754621
22.85252572
22.8689001657
22.8795630708
22.8853854937
22.8897181619
22.9021800471
22.9145847334
22.9227494985
22.9406886189
22.9473182272
22.9556533572
22.9784529676
22.9920213401
22.9990032536
23.0124201642
23.0353847841
23.0400602471
23.0483841462
23.0598662415
23.0839049977
23.0996422575
23.2071204967
23.2518603988
23.275877109
23.2979304247
23.3235279462
23.3417505765
23.4008355072
23.4100174954
23.4228310903
23.4441473672
23.4669249134
23.4826779916
23.5032917142
23.5211005027
23.5502181231
23.5882765986
23.6346958426
23.6761441643
23.7147712133
23.7903552389
23.8200819471
23.829804166
23.8547379967
23.8814287471
23.9404674231
24.0234835826
24.0385705038
24.0472435686
24.0622628152
24.2043659551
24.2115437329
24.2545840393
24.2616618862
24.2706242529
24.2894664181
24.3024324644
24.3317608539
24.3582377413
24.3784928791
24.4070453291
24.455922024
24.5107665548
24.5435602191
24.5561568662
24.5713232859
24.5898626226
24.7472083198
24.7584034655
24.7877324623
24.813476035
24.8469436791
24.868095935
24.8960445112
24.9417713473
24.9946796938
25.0048264287
25.0374214051
25.0549074907
25.13653591
25.1531402729
25.1812692286
25.2051311087
25.2357333712
25.2452211089
25.2583164665
25.2643968618
25.2762603329
25.2853988013
26.4094288259
26.4286789794
26.4455038149
26.4887312573
26.5264432591
26.5597782832
26.5840095605
26.6045244067
26.6265531826
26.63346171
26.6473516963
26.8221832382
26.9158731652
26.921842558
26.949312563
26.9694097257
26.998737771
27.0296044966
27.0599553619
27.1163207166
27.1392382697
27.1526337817
27.1906054937
27.2649759881
27.2834224571
27.2993058958
27.333302096
27.3419846264
27.4513430376
27.6034436988
27.6165747515
27.6301407602
27.6504352685
27.6599462605
27.6681721314
27.6914765029
27.7652420223
27.7841457214
27.7893504564
27.8006023482
27.8048408983
27.8255559524
27.8318397501
27.8749836221
27.8805432449
27.894897874
27.9043962142
27.921014563
27.9378240808
27.9434304613
28.0051159747
28.0144518241
28.0272871674
28.0569355352
28.0817310553
28.1148965243
28.1274335034
28.1458566536
28.1767706871
28.2055763449
28.2144269833
28.260728706
28.2748836585
28.2966284408
28.3375232486
28.3642217522
28.3736264612
28.7614919487
28.8057876453
28.8196367362
28.8247444363
28.8343140956
28.852925393
28.8689180806
28.88157079
28.9058941295
28.9387339421
28.9601682933
28.9789891407
28.9966763912
29.0183641446
29.0681185891
29.0958380607
29.1070919825
29.1335424945
29.1407519846
29.2735550011
29.2932334892
29.3342826014
29.56667427
29.5863323444
29.6581456521
29.6978734295
29.7169007995
29.7292914298
29.7462883514
29.8171130004
29.8443140616
29.8889777603
29.8971566248
29.9219717391
29.9620211192
29.9778151623
29.9958191402
30.0056057579
30.0155395986
30.0298733071
30.042613824
30.0542105379
30.0655044084
30.0780934986
30.1665477927
30.1801723211
30.1981048413
30.3028837308
30.3143459935
30.3303746614
30.3531971172
30.3613832625
30.3695141853
30.4041091465
30.4104417922
30.4339831236
30.4563957011
30.4601263164
30.4904143545
30.5105834039
30.5594827516
30.6105282413
30.6272830254
30.6802264161
30.700366015
30.7250013288
30.7485661144
30.8124845081
30.8474571501
30.8939690479
30.9503346414
31.0031036151
31.024096236
31.0417516727
31.1133151727
31.1532947807
31.1812547248
31.2108551312
31.2209945271
31.2352413089
31.2516246727
31.2555181278
31.2671089913
31.2791987896
31.3008961656
31.3052880085
31.3098753599
31.3207536505
31.3305231123
31.3413683309
31.3673625687
31.3827670771
31.4078818894
31.4401796122
31.4538629842
31.4580068568
31.4761653717
31.4796982057
31.504105362
31.5424826808
31.5507824131
31.5838158589
31.6283652638
31.6391724048
31.6638913524
31.691879028
31.751014177
31.7621904649
31.77631788
31.7807049616
31.7931317248
31.8165576359
31.8311197291
31.8530131322
31.8773722003
31.9189531637
31.9351324551
31.9498665588
31.9898157008
32.0371237483
32.0863551666
32.1028470141
32.1194824163
32.1554638947
32.1943324822
32.2182459705
32.2415330989
32.2789720959
32.2830805859
32.313004132
32.3647642384
32.3726203171
32.4051809493
32.4256419247
32.4337266142
32.4441555454
32.4487353387
32.4623049235
32.4906951568
32.4997537866
32.5876329847
32.6248809546
32.6444581071
32.6641509923
32.6744211787
32.682526817
32.7396086899
32.7727001751
32.8056231
32.8199810547
32.8574180652
32.8810684614
32.9498285347
32.9647979394
32.995113812
33.0456050219
33.0874467618
33.141413558
33.196989173
33.2430084389
33.2859007373
33.3081789405
33.3560628213
33.3876913295
33.4288681495
33.455881616
33.460727532
33.4670301659
33.480693845
33.5089606083
33.5436528552
33.5818270814
33.6095623432
33.6194626375
33.6283111947
33.6437912669
33.6558630634
33.6607126192
33.6735020509
33.688187359
33.7029043014
33.8133519076
33.8239418108
33.9262340091
33.9301756748
34.160904984
34.2050417554
34.2218339144
34.2749254508
34.2890163299
34.3202789809
34.3458780299
34.3909141567
34.4229808242
34.4600365339
34.4959625962
34.5425446042
34.5690367748
34.8164593242
34.8438606226
34.8937663292
34.9020977393
34.911744711
34.9229975941
34.939782058
34.9459294719
34.9606772046
34.9957395539
35.0036784002
35.0152536773
35.0263881272
35.0369835448
35.0521249718
35.0587618834
35.0764757603
35.0863895466
35.2711958204
35.3139732883
35.3555799427
35.3833326002
35.394379101
35.4322217732
35.4409972007
35.5078865397
35.5365671667
35.5591587075
35.5797056471
35.6102100464
35.6318006492
35.6652822218
35.698073924
35.7603202777
35.8199696668
35.8724372065
35.9304059055
35.982827468
35.9981694688
36.008261067
36.0156417608
36.0332786235
36.0406956323
36.0646576111
36.1259089179
36.1372691623
36.151763433
36.1750573306
36.2029840753
36.2293160715
36.2508063877
36.2705943388
36.277446564
36.3231206051
36.3369968792
36.350612031
36.3861943363
36.4022393703
36.4186847442
36.4389355613
36.4528097662
36.4713725038
36.4810335209
36.537454515
36.5473569875
36.5633751785
36.572296991
36.5846963784
36.5885000354
37.2397019419
37.2534392263
37.2584736584
37.2683760898
37.2761616466
37.2994431806
37.3157105918
37.3529001336
37.3570545005
37.3924664933
37.4036381648
37.4141333245
37.4253618694
37.4347851313
37.4438893923
37.5173348637
37.5277394989
37.5772762221
37.5849710516
37.6082164975
37.6224089413
37.6386171641
37.649510281
37.6601891258
37.6702007015
37.6774262319
37.7073097735
37.7220507134
37.8901270809
37.8941763257
37.9367073646
37.9885606165
38.0493401003
38.1678264461
38.2325959784
38.2598893787
38.3038473521
38.3634685911
38.4157425634
38.4270219078
38.4481338528
38.4575723395
38.4813551763
38.4894390988
38.5037649117
38.5115658555
38.5162499268
38.52947824
38.5672347937
38.5795521845
38.582988433
38.5904742811
38.6063748617
38.7078929034
38.7249975798
38.7438503151
38.7499514355
38.7611380338
38.7880847207
38.8103800049
38.8260198508
38.8447974218
38.8555344622
38.8628622979
38.9013836955
38.916278615
38.944767507
38.9744626668
39.006755018
39.0171077511
39.0902787367
39.1048239124
39.1225101612
39.1826095667
39.2264959671
39.242797795
39.262792774
39.2975347597
39.3482299696
39.3722450939
39.4235787339
39.4509213389
39.5060693483
39.5385805611
39.599683927
39.6225079084
39.663201979
39.6774430561
39.7396998075
39.7434941203
39.7658520741
39.7710610854
39.7830524814
39.8233486043
39.8480410563
39.8556455936
39.8723956879
39.8840820062
39.8983645374
39.9048078685
39.9617185773
39.9674958453
39.984290234
39.9947383674
40.0214865127
40.0581421592
40.0753909864
40.0830295357
40.0980667037
40.1146588268
40.1262919134
40.1433812283
40.1602616113
40.172463586
40.1863051062
40.2114407391
40.2203102651
40.2426840297
40.255253786
40.2980263122
40.3152962537
40.3365800943
40.3604583786
40.3709857011
40.4426303161
40.5162005831
40.5681036109
40.5795747932
40.5980732777
40.6283632727
40.6565178871
40.7612640805
40.8049410609
40.811222612
40.8187786799
40.85238891
40.8701474737
40.8820666769
40.9068495139
40.9175488223
40.9449734038
40.9495489569
40.9641091187
40.9789206467
41.0470440405
41.1291448705
41.136074803
41.1546291137
41.1634844882
41.1926274521
41.2004515462
41.2339538069
41.2553256825
41.2671956559
41.2918016423
41.3185647659
41.3307430411
41.3547399591
41.3918233262
41.4407409553
41.5979215986
41.6144684825
41.6524064608
41.7017298114
41.7139261101
41.7884223393
41.8899937337
41.9161565604
41.9318105126
41.9683087519
41.9839221139
42.0416620955
42.0535983087
42.0714005946
42.1134688479
42.1335555913
42.1679140222
42.1801199153
42.2002950849
42.219745067
42.2412032403
42.290214976
42.4955090974
42.6101576312
42.6594461263
42.7092892263
42.879086857
42.8998376624
42.9064279393
42.9537977931
43.0384199269
43.1156945419
43.1422329658
43.194714862
43.209822105
43.2367410907
43.260758908
43.280287233
43.293134668
43.3136013807
43.3353483494
43.3502898134
43.3924828596
43.4067748899
43.4148007509
43.4828394574
43.4932577864
43.5790750775
43.6372577602
43.6461219878
43.695702966
43.7198776978
43.7397673206
43.7442663772
43.7870002566
43.8576859208
43.8741336964
43.9185701319
44.2906440072
44.3507750385
44.4116177638
44.4378269638
44.6659936869
44.7028840142
44.734787514
44.7980475977
44.8292408244
44.865681988
44.9304901863
45.2604322491
45.2999311169
45.3506844152
45.6238494527
45.6473796575
45.6612458824
45.6950310177
45.7285351086
45.7703296674
45.7959425199
45.9100549678
45.9187523904
46.0141673919
46.0257945094
46.0596543346
46.1329594991
46.2332388982
46.3003733763
46.3393949038
46.3947952398
46.40259905
46.4391707245
46.4849710628
46.4889967573
46.5878892475
46.6517056983
46.6829172972
46.7320973568
48.0384990294
48.0626479238
48.0772080175
48.1076869669
48.1901526074
48.2038545353
48.3224367974
48.3502956955
48.4758584428
48.5131728747
48.5370723645
48.5993640989
48.6072895622
48.6353288992
48.6391049748
48.6631683991
48.719646196
48.7427982405
48.7477532226
48.7538813638
48.7805177032
48.807245124
48.8117682639
48.9080447157
48.9851111638
49.0737621636
49.18636982
49.2099606122
49.2337117362
49.2638549189
49.2765417973
49.3797123375
49.4028005281
49.4330479007
49.4527622601
49.479219824
49.4927733211
49.5324045877
49.5641157685
49.5861507462
49.621578307
49.6327622287
49.7329434573
49.7543616335
49.8387578865
49.8679794334
49.9365532741
49.9609721622
50.0554660307
50.1335414828
50.2274645912
50.2553708807
50.2736199716
50.394140692
50.4439833202
50.4486152321
50.4657523423
50.5214268145
50.6465571934
50.6584593452
50.6910867322
50.7258854657
50.730396306
50.7745148397
50.832213115
50.8362780956
50.8944705113
50.9411154237
50.9739081808
51.036120157
51.0690773482
51.1299759374
51.25011234
51.3702330696
51.443075787
51.4493020658
51.5197345337
51.5936404444
51.6366273731
51.7296800498
51.7396464964
51.746810192
51.7559080707
51.7776441522
51.7898401089
51.8170430454
51.8578324999
51.8858349349
51.9300325685
51.963732895
51.9754312517
52.5777354396
52.6371405359
52.6709008982
52.6951168919
52.8284918025
52.8380448051
52.8583354692
52.8724154932
52.9065741572
52.913457126
52.9469199027
52.9592970451
53.003013635
53.1254189638
53.1599914166
53.1783366709
53.1836573779
53.2050151933
53.2765882836
53.2953170664
53.3854977838
53.4115640966
53.431179303
53.4364529718
53.4938497495
53.5503965372
53.6358868452
53.7047641688
53.8348875893
53.9177025517
53.9994273966
54.0080358758
54.0348461165
54.0875622458
54.1187355085
54.1639216249
54.2056502759
54.2164031648
54.2546082821
54.329282349
54.3701689144
54.3962483244
54.4410475041
54.5084801224
54.6166397163
54.6576228452
54.730501873
54.8715857074
54.932670442
54.9823115533
55.1169336163
55.2074877316
55.2196879303
55.2563149778
55.2753518743
55.3005913619
55.3160218137
55.3364098998
55.3397703653
55.4560172917
55.4737419921
55.5098785954
55.5389286522
55.5449882521
55.6015463518
55.6241061838
55.6801732314
56.0319797508
56.1605816767
56.2469318143
56.2533293896
56.6013553941
56.6102109479
56.6181381332
56.6327430777
56.651028448
56.6884520754
56.7283697316
56.7742790039
56.8032456144
56.8254808978
56.8441852148
56.9078993815
56.9762113933
57.0993745161
57.1704317664
57.1750767889
57.202439013
57.208154727
57.2765581605
57.3073844034
57.3330629465
57.3602109587
57.4439879981
57.5061564278
57.584086065
57.6334049508
57.6669064484
57.6782374
57.7251822569
57.8177905981
57.8636803843
57.9087447163
57.9572919169
57.984978298
58.0078481947
58.0877285514
58.0951326826
58.168985
58.2175954403
58.2890342836
58.3042933293
58.3434887914
58.3588768251
58.4163644674
58.4957257704
58.5511409194
58.5849940549
58.6204977475
58.6923233638
58.7181910346
58.781535213
58.8254724865
58.8451902388
58.8582374779
58.8832706839
58.8972535184
58.9370255846
58.9405784663
58.9581692862
59.0018627322
59.0162519535
59.0248626676
59.1062410332
59.1374463302
59.2341168877
59.2826455918
59.4386681377
59.4981968327
59.5792727475
59.5953136482
59.6253542639
59.6465553271
59.7393973521
59.7987526981
59.864414612
59.957278168
59.9872761673
60.0130768947
60.0284044473
60.0445166426
60.0590086057
60.0787419336
60.088556185
60.0962073908
60.1003132722
60.1070331682
60.12073337
60.1385888711
60.171083634
60.1862854324
60.2325031911
60.2580045563
60.2715590461
60.3730624605
60.3939170644
60.4367460577
60.4735407303
60.5063568018
60.6175059756
61.1337673196
61.2078724411
61.265988645
61.3028003531
61.3341345902
61.3543757069
61.3703447394
61.4052090402
61.4255993054
61.4478989221
61.4957510219
61.5152726201
61.533257314
61.5990581067
61.6210348534
61.6450869282
61.6774798142
61.7379047301
61.748478132
62.4361120868
62.8393859082
62.8975281005
63.0057795797
63.0225498597
63.0464477015
63.0778740414
63.1279884804
63.195829106
63.3291973839
63.3616870371
63.449947817
63.460141642
63.4906970428
63.5811139745
63.6231326892
63.6551564898
63.6620115765
63.6723063292
63.7049542416
63.7245122975
63.7359579955
63.7560989074
63.7784992478
63.8924439924
64.3897797264
64.4855901131
64.526385249
64.5857045847
64.633726881
64.6669332383
64.754751048
64.8151683037
64.8346672251
64.8505004607
64.8543885723
64.8792567187
64.8940712443
64.9032374962
64.9951257437
65.010474885
65.0455573024
65.0547524499
65.0589461922
65.0879270298
65.1031557735
65.1891625138
65.1962432171
65.210252015
65.3588097851
65.4533593724
65.5023472874
65.5412217292
65.6471825327
65.7059047906
65.7200094183
66.4567841793
66.4619998132
66.4900978936
66.52087935
66.5611879309
66.8009160702
66.8726139291
66.9863223667
67.0328826586
67.0446750356
67.2087372883
67.2245243534
67.2300784958
67.2521454251
67.2768168776
67.295625699
67.3423454304
67.3573115134
67.4004385963
67.4577828884
67.4985815825
67.5429563736
67.5738996195
67.6139861306
67.6293637361
67.8371510755
67.8749655734
68.0043299115
68.0247441248
68.0614085556
68.1542402327
68.1863799079
68.2690480131
68.3757176668
68.4271056917
68.4569950855
68.505521968
68.5164721934
68.5378587009
68.5498558135
68.566891766
68.6135510555
68.6460419887
68.6744104736
68.6993021778
68.705359355
68.7817407376
68.8680396066
68.9139591689
68.9928835628
69.0471618421
69.0810003145
69.1063621941
69.1287131692
69.1711826242
69.2051450367
69.236747354
69.2838654591
69.3228210401
69.3575057675
69.3902312095
69.5851740117
69.6181799635
69.6436261054
69.6572350674
69.6696501846
69.6942666257
69.726274423
69.7491464953
70.0705943312
70.140664347
70.180760724
70.5442925932
70.7303042796
70.7881040802
70.8073032872
70.8395819089
70.8506239166
70.9591828961
70.9708415836
70.9939555988
71.0008915284
71.0423833201
71.0538586762
71.1424513609
71.1744671112
71.1824612566
71.2752763731
71.3351577272
71.3865349231
71.4082159252
71.48152673
71.5371705574
71.6392805656
72.0098881374
72.0212720336
72.05657445
72.0963975627
72.121652086
72.1287025695
72.1560912605
72.1868476518
72.2168741466
72.2546665097
72.2854762301
72.3045893616
72.5440261416
72.6190279444
72.7418917325
73.1234564203
73.1565532188
73.2177823751
73.2300395817
73.2390182019
73.2606750005
73.2669375623
73.2917616348
73.318060866
73.3466502328
73.3614307322
73.3854387511
73.4294095172
73.4717142124
73.4865908758
73.4925875319
73.6100828111
73.7167883719
73.7260467823
73.7554456639
73.7936986109
73.8254584484
73.8765606194
73.9129414218
73.9754363316
74.0241193447
74.0852223193
74.214744913
74.2380919139
74.2699716846
74.3129110938
74.3666551453
74.4078392724
74.4299965085
74.5825317649
74.5963326427
74.6069746534
74.6275410688
74.6309945153
74.6547591983
74.6930871517
74.715188842
74.7760493009
74.7804016533
74.8057368349
74.8545830666
74.8664767115
74.8849911224
74.9281776876
74.9905399271
75.001406644
75.0389372855
75.0887692613
75.1337322197
75.1510189495
75.184186455
75.2545636948
75.2989194183
75.302851061
75.4008072366
75.4987407911
75.5557455968
75.6418808542
75.6627940853
75.6670160229
75.6789822519
75.700374697
76.8601681395
76.8880796357
76.9061008685
76.9293719965
76.9439591872
76.9606547883
76.9716233258
76.9879717967
77.0070957962
77.0384715446
77.0605651707
77.2949401304
77.3078124717
77.3298725799
77.3729012793
77.3853413739
77.4274117394
77.4851139738
77.5709278317
77.6430627707
77.6799481649
77.7359877553
1717
