6.01027819681
6.01600540739
6.04148455722
6.05926603651
6.07169453047
6.09020222411
6.11948744875
6.13298713921
6.14484859191
6.16235939546
6.16754868554
6.1818102454
6.57323711941
7.21187518779
7.22771793529
7.44499789034
7.45264336772
7.46012362786
7.80163732337
7.8607143851
7.86624339509
7.90196453421
8.0454351069
8.08443742808
8.23671935776
8.2707594515
8.27719344992
8.31574097119
8.3491290287
8.37131222666
8.4146354911
8.42261768335
8.42821582504
8.47870126494
8.48275999138
8.49998215177
8.53894316775
8.54564813449
8.55311210194
8.57363734865
8.62192763639
8.63107456747
8.6384631488
8.65155031728
8.67557133783
8.688140801
8.69969518421
8.71811678409
8.74546867447
8.77484594564
8.78787051463
8.80933771236
8.8548518227
8.88722742417
8.91301663271
8.9536251326
8.97225398747
9.13076395789
9.15512939036
9.19354063359
9.22375321974
9.23146023218
9.28433841273
9.29636667146
9.33932339512
9.34502968983
9.38289699254
9.46654310193
9.48353378943
9.51086918506
9.54035653099
9.59165640766
9.61210222667
9.61655515739
9.63342745333
9.65254412737
9.65879408959
9.67807280236
9.69131870816
9.69870660964
9.705286965
9.71548926823
9.72241871871
9.73078682067
9.78283857322
9.82021470427
9.83490880775
9.87044045804
9.87556673042
9.88386245925
9.96220008875
9.98499847276
9.99502888239
10.0203929499
10.0298569477
10.0581840904
10.0809889574
10.0872323243
10.1122343385
10.144673096
10.1657424686
10.2062879807
10.222530815
10.235452431
10.2536571717
10.272562812
10.2977934761
10.3129975551
10.3214245016
10.3596917424
10.5054334279
10.5287964573
10.5584129981
10.7283192132
10.7598801973
10.8089599495
10.8208342315
10.8378087468
10.8494952571
10.8621811135
10.8837723801
11.9406954992
11.977448384
12.0068828538
12.0604740675
12.0725299707
12.0857437338
12.0957549247
12.1136997544
12.1314609283
12.299192403
12.3114561713
12.3327969133
12.3577129534
12.3689271025
12.3828863422
12.3915197919
12.4080115981
12.4263445249
12.4397444079
12.4908734868
12.5140366771
12.5370633834
12.5699418767
12.6088278959
12.6466352224
12.6633821511
12.6766046337
12.7161794266
12.7499465928
12.7894343162
12.8034965338
12.8283756075
12.8529151608
12.8629068535
12.9023482502
12.9278834844
12.9606894043
12.9664092049
13.2086078436
13.2765709316
13.2814245716
13.2942573951
13.3008503584
13.3162069253
13.3241209791
13.3307117104
13.3684171023
13.4095483394
13.4319742832
13.4575572855
13.4679216214
13.4764831146
13.4964676239
13.5055048847
13.6487104684
13.6768434589
13.7070337833
13.7428035018
13.7699289826
13.8324377989
13.8725712941
13.9147650159
13.9891175705
14.0092439096
14.020750669
14.1195894117
14.1477615637
14.1989768955
14.2696015912
14.3392386384
14.3478766737
14.3544943471
14.4143437151
14.4192557454
14.4416119759
14.4488256166
14.4625515238
14.4814975803
14.4975513758
14.5063071873
14.5220721875
14.5315736018
14.5397305409
14.5461503932
14.5663916946
14.5810334253
14.5906724086
14.597372505
14.6074132068
14.6258741174
14.6382436401
14.6572223576
14.6688470585
14.6765781099
14.6838724464
14.6910194842
14.7125062674
14.7414895701
14.7567950397
14.7914148082
14.8239465452
14.8356764649
14.8506421727
14.9051016068
14.9182717592
14.9405373794
15.1448163538
15.2016463183
15.2648400847
15.310804248
15.335385737
15.3656756523
15.3751171183
15.4177517848
15.4219529898
15.4587075846
15.4704827803
15.4916865443
15.5758774406
15.6153511654
15.6213190259
15.6331447756
15.6389976672
15.765977498
15.7916709256
15.7978088341
16.8266080898
16.8544347498
16.8625389485
16.8721957242
16.8889548845
16.9480983714
16.9739726692
16.988577297
17.0353107398
17.0511611375
17.0797361592
17.1093706694
17.1148920154
17.1784366609
17.2028664199
17.218879124
17.2260121164
17.2659353608
17.2780438667
17.2939997846
17.3441865038
17.3785894503
17.4074194466
17.4372779051
17.4502929998
17.5724511727
17.6127860596
17.6596134201
17.6730954353
17.6862605164
17.7355485064
17.7753379285
17.8436945036
17.8578507835
17.9600669443
18.0181458074
18.1367988387
18.3522551159
18.36162758
18.3787062997
18.3832956839
18.3869263875
18.3968187806
18.4280992878
18.4655657938
18.5006254281
18.5291724692
18.547932291
18.5547101196
18.5803060085
18.6128488442
18.6288298748
18.6623111519
18.7177412281
18.7329926387
18.9793590778
19.0119143848
19.1854077028
19.2245132073
19.3374021951
19.3426128293
19.3588947176
19.3650464376
19.377823445
19.4514033793
19.4683515204
19.4917152355
19.512323661
19.5192152238
19.5428730166
19.5475676854
19.5699258754
19.6039327422
19.6311505277
19.6575320441
19.6729536008
19.6960241231
19.7124213102
19.739903145
19.800608794
19.8048395774
19.8398451364
19.9171575051
19.9271766478
19.9471069887
19.9709603525
20.0040579069
20.0401478038
20.0817351531
20.0984960505
20.1062646154
20.1210232838
20.260529298
20.3234703988
20.3879997851
20.4358903835
20.4454960907
20.4512126002
20.4655296212
20.4733000438
20.4921328758
20.4963488601
20.5634086928
20.5822461885
20.5920660328
20.6003679342
20.6205140855
20.6295635506
20.6377068379
20.6702953388
20.696478814
20.7045407378
20.7237785676
20.734924567
20.8960481921
20.9143970148
20.9184850297
20.9300638513
20.9725714066
20.9818704629
20.992793906
21.0195104284
21.0323854755
21.0550004328
21.131646974
21.1426258085
21.611405338
21.6317883003
21.6370012679
21.6538201677
21.6609332996
21.6714672647
21.6951165889
21.7129409757
22.2690496727
22.3090440088
22.3245054166
22.3451720394
22.3755553848
22.4139936786
22.4430248155
22.4847790367
22.5040029849
22.5373231649
22.5640317053
22.5954916835
22.6501776752
22.7104145403
22.7236736036
22.7498809171
22.7904076875
22.803934972
22.8324792433
22.8402007028
22.8454370802
22.8534560712
22.8882402977
22.9026729209
22.9331203394
22.9633382504
22.9709363568
22.9831234555
22.9987709851
23.0036792813
23.0315813452
23.0434929319
23.0677616228
23.0735983004
24.00956263
24.0562625224
24.0644347038
24.0916985083
24.1102778898
24.1270973142
24.1517213682
24.1655668393
24.2967400211
24.3072502732
24.3164340592
24.3201365153
24.3448432674
24.3619125522
24.3813106862
24.3957429376
24.4314631548
24.4568429434
24.4828608481
24.5209537416
24.5307602729
24.5415597858
24.6053931278
24.62607702
24.6428921052
24.6616271332
24.6867072899
24.6964555303
24.7420962653
24.7628359128
24.7663703741
24.772780112
24.7880692573
24.8185847775
24.8569703161
24.870684717
24.9142567852
24.9272197455
25.0137559118
25.0327484889
25.0410068469
25.066294579
25.1073985161
25.1333330149
25.1400097091
25.1703213118
25.20647515
25.2110618988
25.2157846453
25.3207636684
25.3636668966
25.3827297081
25.3935853584
25.4087836597
25.4410654176
25.4499246423
25.4722335286
25.4861641716
25.5531162586
25.7200669089
25.8444385581
25.8724221054
25.8861000849
25.9177900562
25.9821828066
25.9999321661
26.0067072162
26.0430962578
26.0570423826
26.0835841889
26.1009714144
26.1321127966
26.1948568321
26.2153772897
26.240764459
26.3868286047
26.4112624579
26.4301041932
26.4349602982
26.4508390847
26.4762489294
26.4908192666
26.5058031554
26.5263807814
26.5339221185
26.5770046412
26.5870323559
26.5967265538
26.6078783513
26.6113137963
26.6292189244
26.640418359
26.6595780301
26.683011572
26.6933209339
27.2127474887
27.2476260197
27.2874107363
27.322938514
27.3584439213
27.4045068275
27.4266902388
27.4668638273
27.5790740242
27.6058856524
27.6143275775
27.6249919029
27.636432983
27.7172891991
27.729535159
27.7751543791
27.787601146
27.7939940661
27.8143581598
27.8412184353
27.8655221747
27.8842327637
27.8936074159
27.906939901
27.9120650972
27.9275238247
27.93910496
28.02898686
28.1796970767
28.214798981
28.2761707451
28.3192001756
28.3419223531
28.3770668945
28.4153945488
28.4645432376
28.4926517095
28.518902102
28.5551021032
28.6170956286
28.6310540172
28.6612350733
28.7075085599
28.7183168746
28.8164906683
28.8927152001
28.9014460314
28.9194089226
28.9362598599
28.94863826
28.9596080552
28.9725169945
28.9864429039
28.9947722341
29.004306501
29.0100415464
29.0365945543
29.0469028161
29.0648293
29.0727442142
29.0886075572
29.097782397
29.1178293632
29.1250072704
29.1330069477
29.1525035412
29.1574695508
29.1812911491
29.1898187303
29.2141958219
29.2280867965
29.2537476389
29.2762623187
29.292003877
29.3373248356
29.3475392451
29.6378555146
29.8702497776
29.8865044576
29.921676082
30.0316369079
30.0468215179
30.0769378859
30.0875898581
30.0985540573
30.113647771
30.1201517751
30.1461638893
30.1869661257
30.2066980472
30.2155894623
30.2254866548
30.3432162711
30.3535917466
30.3616372818
30.3776873716
30.4102568377
30.4150529705
30.4323428453
30.4489169401
31.2035008388
31.2143695171
31.2217169036
31.2285828015
31.236697044
31.2614941591
31.2746909252
31.2802390136
31.28939069
31.3023177355
31.3759593756
31.3878146104
31.3959004762
31.4113030364
31.4232458979
31.4319531354
31.4460357879
31.4594396224
31.4639747354
31.4771779299
31.4955929371
31.5650724679
31.6100966235
31.6214864828
31.6344319019
31.6745594207
31.7043786921
31.7235745893
31.7401025649
31.7662225602
31.7857103238
31.7902850928
31.8127105765
31.8188491714
31.8486382183
31.9050167902
31.9332405489
31.976182656
31.9955483196
32.3882206328
32.6948526087
32.7024708112
32.7669157293
32.7898386235
32.7987099008
32.8093067508
32.9273485369
32.9780663589
33.1644557032
33.1884909748
33.2299279642
33.2740499357
33.2894045261
33.3375796215
33.3546488393
33.3805994131
33.4502644248
33.5244524309
33.5833114383
33.7461037179
33.7532408811
33.7624124994
33.7699823881
33.7888142273
33.799682938
33.8181250413
33.8253453705
33.8722021945
33.9031815796
33.9375614282
33.948001911
33.9581893413
34.1024406008
34.1309877885
34.1409619352
34.1994344712
34.2379385144
34.2563000321
34.2618883179
34.2779615702
34.2977708242
34.7856526864
34.8103532156
34.8145795281
34.825091328
34.8405973039
34.8730116698
34.8829496606
34.8965336585
34.9054486088
34.9123587252
34.9251924029
34.9296927387
34.9362542874
34.9503633676
34.9628472374
34.9713633113
34.9979210042
35.0085263773
35.0229668844
35.037961563
35.0499874341
35.1338999831
35.1443783654
35.1488646604
35.1958392769
35.2152252059
35.2305529429
35.2611926213
35.2866264841
35.311175542
35.3173703886
35.3257612059
35.344604475
35.350581483
35.3779991075
35.3826087586
35.4303164245
35.4378298388
35.4577991966
35.5315677083
35.5504118837
35.5551548398
35.5861676005
35.6523758545
35.6952228965
35.8592839644
36.0068766924
36.0185424926
36.0275741625
36.0416958337
36.0510019383
36.103564883
36.1135541119
36.1458125274
36.1645988405
36.1904120974
36.2066134443
36.2194434054
36.2292883891
36.2380828684
36.254859707
36.2636335659
36.2871125933
36.2926647905
36.3201367873
36.3966322249
36.4192950381
36.4320793089
36.4423529338
36.4645796722
36.4826057153
36.502681209
36.5197137976
36.5245646899
36.5449284803
36.5654019896
36.6014117273
36.6247092004
36.6621582141
36.6763037734
36.6915367954
36.7330271503
36.7748720012
36.7936294993
36.8258812261
36.8474462648
36.8895392067
36.9122179032
36.9428920205
36.9645354848
37.0178132004
37.0829378048
37.0986866975
37.1443405401
37.2130773442
37.2415911453
37.2549826727
37.3465069909
37.358677398
37.3694454296
37.3804920268
37.3863869875
37.3898970531
37.3950368072
37.4013356227
37.4129801838
37.424791659
37.4476482491
37.4655629398
37.4979036231
37.5070086845
37.5238349601
37.5417446495
37.5605379804
37.5890958317
37.6075463859
37.630379333
37.6463729621
37.6605288544
37.6661152689
37.6790007692
37.6896824308
37.7095504268
37.7793165688
37.7937605109
37.8048153694
37.8169604575
37.8749748523
37.8797504175
37.918061632
37.9216435221
37.9469700436
37.9942425087
38.0595681691
38.0719710484
38.1164957605
38.1212509352
38.1836347386
38.2138089819
38.3292869942
38.3922862562
38.4136681599
38.4302631238
38.4350555359
38.4518069059
38.456137055
38.4659977967
38.4779740159
38.4904095696
38.5030928216
38.5245199005
38.5386837317
38.5446336183
38.5524822428
38.5629420199
38.5771697047
38.5813154954
38.5976536556
38.6185031462
38.6311027315
38.6415468222
38.6512254739
38.6583438389
38.6675259593
38.6907636154
38.7053225096
38.7513591059
38.7791559355
38.7963692747
38.8005346234
38.8366330757
38.8575193263
38.867936976
38.8898503427
38.9229801525
38.9396949052
38.953729297
38.9614199911
38.976670186
38.9986362222
39.0178003707
39.0525068067
39.080313311
39.1231388124
39.1573838934
39.1866162566
39.2314886141
39.28185118
39.3075742321
39.327380627
39.3446701143
39.3585243604
39.3893551205
39.40010432
39.417113373
39.4680581085
39.6750705085
39.6848662855
39.6936430573
39.7043863486
39.7206088392
39.7318371301
39.7606009368
39.783808339
39.7908355793
39.7974682555
39.833683067
39.8532767286
39.8680779325
39.8952120527
39.9764202221
40.0006732775
40.0152286462
40.0394507184
40.0457083649
40.0556132308
40.1240411448
40.1295467802
40.1661888655
40.1780523998
40.2046840811
40.2179557637
40.2539911654
40.3724096061
40.3915974125
40.4239170162
40.4426168563
40.452721292
40.4580324849
40.4990500255
40.5163532803
40.5494886147
40.6169521534
40.7536841615
40.7770904141
40.8229119351
40.8292058156
40.8447641789
40.8548377528
40.8634855012
40.8829134225
40.90222624
40.9259421381
41.108531749
41.1162274594
41.2485538932
41.2565482035
41.2900382358
41.294840508
41.3075060633
41.3157208104
41.3387944506
41.3503270512
41.3792837679
41.4199660147
41.4282362391
41.4382812873
41.6217500666
41.7730812772
41.7913366578
41.8742461945
41.9399661716
42.0504980477
42.0732491571
42.0873313696
42.0918312738
42.1324080879
42.1460821117
42.1748534518
42.1873563854
42.2082593743
42.2495592543
42.2731845467
42.295076153
42.3253994959
42.3492199716
42.4294119124
42.484429658
42.494535338
42.5366856517
42.5842768565
42.5889128252
42.7121295204
42.7856560012
43.5011517665
43.5160249623
43.5741470833
43.6281558479
43.68758635
43.7237267278
43.7527200221
43.7642327748
43.7768961988
43.965249717
44.0088062842
44.0499490035
44.0664623479
44.1267349062
44.1516827608
44.2468254675
44.3059481706
44.4066604021
44.4110770925
44.4276612128
44.4322430148
44.4397279398
44.5798102886
44.6029546262
44.6366713655
44.6614578517
44.6959313682
44.7449411667
44.7691834676
44.783525571
44.8002902275
44.8445637564
44.8663914569
44.9562173919
45.1802893451
45.1884733684
45.194942401
45.2382827986
45.2998474144
45.312834155
45.378813272
45.4968035924
45.5157109026
45.5945506247
45.6163605935
45.6257581983
45.7020814283
45.7356200087
45.7830061271
45.8099688391
45.8340502199
45.8446846838
46.402577844
46.4195384383
46.4694053518
46.5127859859
46.5885894246
46.6981656074
46.7335092157
46.8714788816
46.9562287491
46.9938518339
47.0106634636
47.0516806541
47.0726021197
47.0899130586
47.1129398792
47.1469919962
47.3575371574
47.3635693159
47.3883344179
47.4383011757
47.4549924907
47.4662557024
47.4778607695
47.5359436603
47.5652221138
47.5693996168
47.6125822903
47.6299973935
47.6735785974
47.7220412729
48.0101355388
48.0501326842
48.0643797471
48.0883010223
48.1020182442
48.1216986875
48.1377530904
48.1725802764
48.201359843
48.3282204339
48.3469827678
48.3821514184
48.575313403
48.646016086
48.7303398439
48.7380688664
48.7988377753
49.0024406688
49.0129367701
49.0854311155
49.1562960982
49.4067454781
49.4442151752
49.4667515265
49.4919654528
49.5265353934
49.5610878785
49.5881309677
49.6490938179
49.743765049
49.8355909262
49.9708442332
49.9879347924
50.0684810088
50.1416538472
50.1904452268
50.1976983948
50.2724975364
50.390384724
50.4123738685
50.4474412792
50.4854850425
50.5139315193
50.5520424927
50.5557651667
50.5776054606
50.5890307914
50.648880723
50.6971923021
50.7400589999
50.7668918809
50.7907300594
50.8175666674
50.8444858845
50.8929737715
50.9053023273
50.9737087575
50.9992016187
51.0176989442
51.026240134
51.3361460656
51.3730606068
51.3875502197
51.4766754945
51.4843121462
51.5258866963
51.5666006406
51.6304237965
51.6486094618
51.6528992901
51.6655063075
51.6863206913
51.7224836566
51.7340459544
51.7535561687
51.7716810438
51.7927699842
51.8062502402
51.8235155846
51.8454709084
51.8561328595
51.8801474043
51.9131412727
52.4830587129
52.5152779988
52.5424460121
52.5984943419
52.6097161155
52.62748009
52.7205594795
52.7276667031
52.8146126409
52.8183797866
52.8539696919
52.8797549305
52.8960237323
52.9065039702
52.9145158759
52.9241687079
52.9378531124
52.9508157889
52.9917624442
52.9973155752
53.0101309428
53.0317354288
53.2379441014
53.2947674211
53.3184003888
53.3720325004
53.4370427279
53.483206595
53.555654142
53.5708398708
54.0155664614
54.0379168481
54.0530516376
54.0603528222
54.0702592293
54.109942394
54.1341545035
54.426421444
54.4640368955
54.47627082
54.5197172636
54.5740942062
54.6070094459
54.6440629907
54.7044363229
54.7290989529
54.764859631
54.8403117937
54.9487424395
54.9693067328
55.052365264
55.1836921482
55.20355442
55.2104925439
55.2518997926
55.2722749675
55.306352238
55.3241081967
55.3325139314
55.3401672866
55.3764062877
55.3834704187
55.4179323008
55.4374093811
55.4653625635
55.5079636844
55.5169159329
55.541873322
55.569689453
55.6040986884
55.6804003432
55.7618732702
55.8426792506
55.9165933097
55.9618568981
56.0852737128
56.1589059722
56.2325952176
56.3192632772
56.4179540014
56.4376112317
56.4896902311
56.5180089137
56.5422477641
56.5640597979
56.6113030672
56.6436149145
56.6657609865
56.7171031583
56.7441215057
56.7767155366
56.8206929686
56.8398577155
56.8683074595
56.8812570617
57.1750118468
57.2944420837
57.335522482
57.4922212228
57.5228203319
57.6287514883
57.6453163074
57.7170110682
57.7476142651
57.7629721694
57.858791389
57.8869033209
57.9482382534
57.9684767684
58.0525479902
58.1377877375
58.1656539146
58.1929739754
58.3659307575
58.3715632615
58.510142573
58.6453234755
58.6946320614
58.7242211245
58.7321505655
58.7684018542
58.7856743432
58.9850937387
59.0089261517
59.0278060779
59.0661793085
59.112590612
59.1490601131
59.1653153579
59.1923748044
59.2119428303
59.2277148045
59.2774821253
59.3014740216
59.3583334136
59.4574742608
59.6210792504
59.6849952369
59.869995914
59.9048402627
59.989086831
60.0935725989
60.097024833
60.1116757902
60.1464766045
60.1508017914
60.2870828219
60.3021413152
60.3361672805
60.3802943442
60.41686659
60.4334958668
60.458565935
60.4915142255
60.5159275788
60.5801241524
60.6081873704
60.6152768401
60.6614550916
60.7983096142
60.8581779675
60.9908294792
61.0673117286
61.1216579262
61.2375477879
61.2754063597
61.2840122189
61.3307983037
61.3526263655
61.3689398384
61.4075273427
61.4365416534
61.4701853715
61.493334693
61.5145356107
61.521059407
61.5532371657
61.592357261
62.1327776945
62.32527411
62.4320393396
62.4483439607
62.4843829713
62.4937955443
62.5178902266
62.5323550233
62.5400472993
62.653767681
62.6946217352
62.6993836488
62.7492120569
62.76874971
62.7965680266
62.811426379
62.8729142899
62.8961934308
62.9034877073
62.964898224
62.9972042016
63.0603981824
63.1291757497
63.2662310116
63.5298478312
63.6870816211
63.7095998791
63.7354708437
63.7542419511
63.7820043716
63.8041718511
63.8651998724
63.9330837926
63.9643374325
64.0441275281
64.0567727556
64.065595956
64.1091707992
64.1630285592
64.2672911704
64.3022830161
64.3410426854
64.4088956598
64.4840031794
64.5168960035
64.7993792422
64.8184793231
64.8376168952
64.8555731835
66.0118509988
66.0865690664
66.1110123052
66.1388430754
66.1492119056
66.1554591864
66.1848949355
66.1978102587
66.2069557826
66.2289331647
66.276435472
66.3238390596
66.3923442194
66.4063763398
66.4197064048
66.4445410318
66.4796838423
66.5126070347
66.5635986508
66.613920133
66.6725132182
66.7724351451
66.7857500323
66.8819705954
66.9109419525
66.9629011898
66.9998032165
67.0970224631
67.2558052624
67.3413250893
67.3766854635
67.5220900366
67.547106687
67.5705535223
67.8586067093
68.299305423
68.3053871661
68.3590925129
68.3700419693
68.4123067896
68.4546740127
68.4755231043
68.517898815
68.5703084125
68.5927724547
68.7576251845
68.7940428813
68.8408987534
68.937840303
68.9707945676
69.1144064991
69.2442426213
69.3722714009
69.4705088759
69.5238655871
69.585706917
69.6332778467
69.6387656443
69.7041338008
69.7173153927
69.7280791763
69.7494162755
69.7653606887
69.9682004369
70.0013724124
70.0453487867
70.0554513841
70.0715172862
70.0787994083
70.1414626533
70.1640934998
70.2757722657
70.2957665428
70.3597690985
70.4265710207
70.5948610215
70.6946534688
70.7302041596
70.9222983484
70.9592464552
71.0037783737
71.0224150547
71.1101296461
71.1565159833
71.1726830819
71.2353622098
71.2446087248
71.2764284508
71.3161480251
71.4627783683
71.503346738
71.5257473119
71.6401193573
71.7109272123
71.72270423
71.7610999831
71.8589044222
72.0037748923
72.0135342745
72.0325788793
72.0548176103
72.0653440861
72.1033797438
72.1469616406
72.1982290545
72.2271392239
72.2416697607
72.3175390876
72.3754373276
72.3858039135
72.4330959243
72.4766259741
72.5012833648
72.543740436
72.5726414854
72.6273162901
72.6335422773
72.6370538605
72.7616989828
72.8323064802
72.994477428
73.0097264146
73.073452017
73.1613054702
73.222098151
73.2392798413
73.2573635534
73.2691747354
73.2828813134
73.3203233755
73.3409422328
73.3537119727
73.3590013827
73.4013176136
73.4461409316
73.4644341255
73.5239675116
73.6089059227
73.6533854804
73.7122959944
73.7376576987
73.7828244388
73.9582630939
73.9842656531
73.9924980998
74.0637708743
74.1146279733
74.2187936016
74.2925653099
74.4033737792
74.4981370318
74.523288399
74.5837039455
74.6106397349
75.6227641652
75.6528768937
75.6691871756
75.691346093
75.714613152
75.7377662644
75.7527453308
75.7617820395
75.7798627093
75.7964036758
75.8260503495
75.9863364133
76.0188390567
76.0985014547
76.1841213374
76.189110134
76.8111828773
76.8399721198
76.9206503164
76.9792678732
77.0231583974
77.039905275
77.0914939411
77.1365865733
77.1502287026
77.184025925
77.19194662
77.255315075
77.2866063798
77.3425175779
77.3693085849
77.4038146641
77.5059151189
77.8188996542
77.8956159559
77.9685397002
1557
