6.00957153017
6.02591408093
6.03352967989
6.05857510318
6.07994940115
6.08738932992
6.10428892734
6.11277288342
6.13551056268
6.26336428153
6.27463212683
6.28078832839
6.31501987192
6.41890840531
6.43345410165
6.45249740237
6.49166564047
6.50665072687
6.53519690324
6.54176360654
6.54641180473
6.57680462612
6.62895712871
6.65618594732
6.68952156333
6.70738000247
6.74982440124
6.76154060477
6.95046975315
6.99031557701
7.03500780977
7.05145962368
7.13261208682
7.17825985669
7.210783982
7.22470417281
7.22957629479
7.25072574707
7.27593614106
7.28545728506
7.29786154868
7.35641447352
7.37598471165
7.39169333535
7.40766559546
7.42461176899
7.43928811344
7.44480708778
7.45869150205
7.46284428963
7.48704455467
7.69798021861
7.70189343993
7.7223515057
7.72893634922
7.73799696098
7.76931908689
7.79143500722
7.82055862354
7.85847970912
7.89812273936
7.91836922473
7.92432243985
7.96908743816
7.98171972411
7.99894306669
8.17038348914
8.27830578241
8.41201308255
8.42023844904
8.43182646853
8.46327522152
8.48173515921
8.54055535043
8.54762650302
8.55651060598
8.57560641755
8.58119615779
8.59408552005
8.61494198601
8.63689037587
8.65031859603
8.66194428477
8.69029651813
8.74311968931
8.76103159935
8.81585929353
8.82075133709
8.87418147597
8.93754434705
8.96547257866
9.04101847959
9.07723710364
9.1108400824
9.1356047692
9.17507132208
9.21418484634
9.24170085026
9.28400040017
9.29340304996
9.33964049067
9.37130260444
9.43494540083
9.47718465965
9.49421119849
9.54620229941
9.57731825345
9.62670941211
9.63402638579
9.63891158863
9.64657625275
9.6564108045
9.66242239473
9.66780590571
9.6729055233
9.68109472943
9.6917111374
9.69660206752
9.70104387232
9.72177542049
9.72677198447
9.73545139111
9.74228246612
9.77092123979
9.79120169868
9.81585662032
9.82905924666
9.84451157931
9.8567510178
9.87749090215
9.88211629171
9.92721567294
9.95214372159
9.98118008916
10.2266590328
10.2657721448
10.4271827913
10.4567523724
10.5186703723
10.6159867437
10.6381610603
10.6659664872
10.6697774272
10.6929447371
10.7335551187
10.8146983882
10.8260840347
10.8378061345
10.8424458299
10.8565556767
10.8693626151
10.8934376554
10.9255149623
10.9387288843
10.9473649341
10.9685920685
10.9748055755
11.0615146016
11.0931166277
11.1136173066
11.1300871716
11.4118721623
11.4155123214
11.4285053446
11.4414455081
11.4538665574
11.4860506913
11.5687611734
11.7167675151
11.7270480124
11.8098600422
11.832252585
11.8371986656
11.89592213
11.9190590089
11.9342237054
12.0129702517
12.0204547926
12.0244088207
12.0288350521
12.0471336729
12.0531639769
12.104505942
12.1157646736
12.1295754338
12.1415208972
12.1726267113
12.1914292911
12.2137489364
12.2294407091
12.2498027802
12.3406875894
12.3635660327
12.3988089029
12.4147313288
12.4267868155
12.4510281354
12.4649850113
12.4769385734
12.4907503339
12.5047621758
12.6847615868
12.7201106103
12.7452061044
12.7492320051
12.7648444716
12.876988399
12.9213855864
12.9261417097
12.9356695854
12.9417084568
12.9964062498
13.0459136226
13.1512477471
13.1569217637
13.1803935243
13.2404212867
13.2543639229
13.2604686055
13.2709604237
13.2755479832
13.2908324153
13.3471069863
13.3799218915
13.3935964288
13.3986940175
13.4195678869
13.4364477721
13.4554330813
13.4723041351
13.4915443271
13.5440612758
13.5501050378
13.57719893
13.5832913462
13.6138575363
13.6232656327
13.6697192606
13.730765419
13.7671702954
13.7985091813
13.814325644
13.8294101013
13.8517395153
13.8874815477
13.9053841895
13.9317948232
14.0406055482
14.0772797476
14.1457842106
14.1707141016
14.1993026377
14.3189653799
14.3785370228
14.4138432192
14.4277749539
14.4384884491
14.4496374426
14.4564819193
14.4884518807
14.5030870869
14.5222964985
14.526268655
14.5516400092
14.5640431144
14.5695616356
14.6026973723
14.6070094153
14.6133686474
14.6390884048
14.6433321942
14.6507419332
14.6658632829
14.6764291709
14.6976988465
14.7136202127
14.7232748583
14.7405409645
14.7600332422
14.7800112846
14.8266770475
14.8377859105
14.8412073709
14.8682132759
14.8783236114
14.88771493
14.9333891361
14.9569603795
14.9755837634
14.9985670717
15.0326866058
15.0664066126
15.0735962863
15.1372123421
15.1546915983
15.2617147228
15.2668755135
15.278943721
15.3255205994
15.3459868222
15.3502316132
15.3787858567
15.4154472017
15.4801526285
15.5156977165
15.5718059742
15.6583684667
15.6813405479
15.6932895422
15.7002055412
15.7055995144
15.7143802156
15.7260702292
15.7308680735
15.7473942478
15.7546837301
15.7699207209
15.8473598851
15.8648248487
15.8764781363
15.8945388821
15.9125783846
15.9184702619
15.9257794096
15.9490218163
15.9792614854
15.9998345729
16.0334435211
16.0919032606
16.120972113
16.1371276531
16.1405359695
16.176671722
16.1898365936
16.2266961941
16.2487946921
16.2726278147
16.2806056104
16.2971486069
16.3218586627
16.3339706956
16.3478683352
16.3856314233
16.8078284606
16.8200460179
16.8394241965
16.8559875952
16.8953157383
16.9143166411
16.9248358414
16.9339348628
16.9639947289
16.9740706353
17.1285373474
17.154942136
17.1784305933
17.195780365
17.2384096051
17.2526831337
17.2814901222
17.304551909
17.3249121385
17.3501801757
17.3613619266
17.5766617764
17.6006448929
17.6041376655
17.630477384
17.6511870265
17.6754232115
17.6961101753
17.7708269965
18.015241472
18.0288366893
18.0407138041
18.0596125492
18.067656416
18.0884815459
18.104556131
18.111973582
18.133753523
18.1576644722
18.1794278774
19.2467441023
19.2588642409
19.3199072488
19.3278582427
19.3319902259
19.4010504988
19.4166330026
19.4238701961
19.4545631323
19.478253317
19.4891549563
19.5240005181
19.5330760864
19.5727061306
19.5864980224
19.6429160056
19.6600219132
19.6911953308
19.7217510325
19.7539387594
19.7767235261
19.7925715577
19.8147087624
19.8372680068
19.8569157401
19.8635625644
19.8709433849
19.904409251
19.9512861085
19.9875727242
19.9940004884
20.0007691997
20.0124301137
20.033897009
20.0911517422
20.1098015708
20.1816716757
20.2083491367
20.2432081826
20.2748423373
20.3569311083
20.3624261764
20.3789208715
20.4125076399
20.4166326509
20.4351659854
20.4464294169
20.4509784992
20.4572223377
20.4678157537
20.4771077881
20.4867489862
20.516645828
20.5334296101
20.5385496557
20.5642039859
20.5826487907
20.5922641018
20.6060616007
20.6146472653
20.6230546754
20.6541998695
20.7073779826
20.7244105336
20.7335578334
20.7631589567
20.7756571065
20.818668279
20.8284862341
20.843067905
20.8575223497
20.8888511166
20.9349196535
20.956306974
20.9771854348
21.0985865163
21.1067846415
21.1537791398
21.1813347121
21.1990926812
21.232671864
21.2740581323
21.2986284178
21.3382203266
21.3595272498
21.4165112196
21.4574911355
21.5143491497
21.5380464634
21.5791758944
21.5952046911
21.6070972065
21.6159539727
21.7173871094
21.726374386
21.7345018449
21.7457647961
21.7548708021
21.7784870588
21.7962116902
21.8106220969
21.8146007814
21.8340872064
21.8375173362
21.8408795691
22.8066417315
22.8293647642
22.8388286667
22.8541439489
22.8727450198
22.8838287388
22.9056135406
22.9120497707
22.9809883543
23.0009526878
23.0210285097
23.0342587371
23.0438950748
23.0472840553
23.0684889224
23.0802867046
23.10273953
23.1312271003
23.1385011413
23.1511356387
23.1577717733
23.166493093
23.2083916432
23.2509431488
23.2778945738
23.3138902814
23.3678708942
23.3941350819
23.4295765742
23.4735872395
23.4884711643
23.5058881766
23.6910896123
23.72354056
23.7283482605
23.7765865428
23.7839560721
23.8606499815
23.8892725528
24.0089624785
24.0160618218
24.0257718168
24.0496271845
24.0684301315
24.0887816076
24.1009116107
24.125351961
24.1375017084
24.1587994929
24.214782406
24.2287306083
24.2352559494
24.248793331
24.2654116584
24.2750987432
24.2957081919
24.3129406593
24.3165745046
24.3295440768
24.3372132231
24.3595814399
24.3740071925
24.3829696698
24.8514303567
24.8628439824
24.8888293283
24.9679907843
24.9798654982
25.0078994336
25.0570895594
25.0870353766
25.1061635232
25.1558807917
25.1961175008
25.2122509098
25.2261473207
25.2319943078
25.2528066498
25.3858527423
25.3933450327
25.3997661801
25.4234255497
25.4372698276
25.4555919633
25.476377432
25.4899791693
25.5068212651
25.519378275
25.5322642846
25.5536791004
25.5837458145
25.61398693
25.6496160127
25.6622104783
25.6936626049
25.7184094288
25.7498227391
25.7659672293
25.7902558692
25.8217816645
25.8373833474
25.8422764181
25.8691198397
25.8819038746
25.8886439409
25.9016335873
26.1139699759
26.1872310772
26.2553865372
26.274707726
26.3205410204
26.3376928478
26.415884988
26.4283416761
26.4421648944
26.4597146224
26.4747859056
26.4844601124
26.5195778216
26.528542037
26.5346371703
26.5422685725
26.5750856919
26.7000115119
26.7276872733
26.742385988
26.8406531953
26.8857143328
26.9053007901
26.9142813225
26.9641878093
27.0000509353
27.0240991879
27.0299583969
27.0577434272
27.066429076
27.0967699431
27.1216807867
27.1357035386
27.1635218873
27.1896848315
27.2334515294
27.2658363199
27.2992733338
27.3030042054
27.3064855656
27.3811117675
27.4194546533
27.4545018565
27.4744229858
27.5190193492
27.545733883
27.5923299004
27.6114123876
27.6189904944
27.6243864079
27.6374324107
27.6432519454
27.6560270731
27.6600924554
27.6670189597
27.7209880757
27.7345896956
27.7431146487
27.7696405179
27.7867301122
27.8042276353
27.8104980736
27.8207722727
27.8332567773
27.8589026645
27.8739472746
27.9253378657
27.9383913009
27.9531444859
27.9666635862
27.9736511143
27.983591352
27.9980246509
28.0074355889
28.0264991298
28.04101814
28.0707587767
28.081105366
28.1159762954
28.1410010496
28.2134210302
28.2459206707
28.2799922528
28.3387153349
28.3687415339
28.3724039141
28.3874766194
28.4005729722
28.4101454469
28.4597571871
28.5072163305
28.5560181969
28.5811442132
28.5869782509
28.6112619493
28.6352161055
28.6801663247
28.7273120238
28.760508071
28.8150080886
28.8333988844
28.8543439882
28.8614089856
28.8826105488
28.898316532
28.9030648072
28.9178189483
28.9240031074
28.9378647003
28.9533592773
28.9604180146
28.9677549942
29.0044186712
29.0200606812
29.03786923
29.2395883611
29.253415304
29.2688451832
30.0110351378
30.0263022642
30.0309292723
30.0385388423
30.0427964516
30.46414171
30.4865498706
30.5260161072
30.5347429347
30.542349709
30.6096077627
30.6152227936
30.6410387118
30.6624191153
30.7395179365
30.7898952934
30.7978138808
30.8968407302
30.9464656172
31.0172036898
31.0826255794
31.0950401719
31.1249125169
31.187982922
31.2186603751
31.2253340792
31.2327639593
31.2436270089
31.2616118506
31.2689633706
31.2776494423
31.2972242377
31.310653377
31.3251274112
31.3418645272
31.3544679023
31.3660187094
31.3810725607
31.39317613
31.4073101751
31.4112415912
31.4304790366
31.4844293371
31.5185512495
31.5550911637
31.5660637338
31.578648775
31.6002187936
31.6315709288
31.6567073047
31.702974431
31.7375961072
31.7545585307
31.7795486427
31.8137186979
31.8424616341
31.8503596364
31.8553306792
31.9109973046
31.9433653263
31.9487925747
31.9618497854
31.9773498792
32.0119079471
32.0645776846
32.1038789673
32.1669651192
32.2280919997
32.280272568
32.2925479602
32.3190844863
32.3744220639
32.3983056701
32.4079331414
32.4328529982
32.4462198685
32.4535951253
32.4625900466
32.4820566525
32.4968808423
32.5030034068
32.5252309701
32.5311960789
32.5459957778
32.5502912892
32.5719653453
32.5835321556
32.587354888
32.6033408712
32.6114391212
32.6355941631
32.6652543125
32.6887121846
32.6974261133
32.721552548
32.7465588245
32.7597149159
32.7941133737
32.820347811
32.8255499258
32.8850831449
32.9559913495
32.9689913396
33.6334990095
33.646711769
33.6560488118
33.66247931
33.691739422
33.7072892911
33.7122688896
33.7331228029
33.751552768
33.798059264
33.832613075
33.855332377
33.9431548864
33.9665081149
33.9916704151
34.0727830819
34.1012170718
34.3292374506
34.341397
34.3675703481
34.6912682069
34.7013039362
34.7436294595
34.7949466731
34.8100775268
34.8138066458
34.8174151642
34.8295335887
34.8398623964
34.8475929768
34.8522609314
34.8696424345
34.8791342301
34.8878322789
34.8928460469
34.9014776352
34.9153372949
35.084240991
35.1126416296
35.1336353157
35.1983800242
35.2103281783
35.2374945089
35.3868001976
35.4243613109
35.4348361774
35.4452737063
35.518672266
35.5223275031
35.5589959014
35.5708517641
35.6047627764
35.6298580823
35.6384293272
35.6863442382
35.6990837264
35.7134795961
35.73829621
35.7595842254
35.8162632203
35.861482785
35.8722681997
35.9022618747
35.9369753187
35.9544108553
35.9589204484
35.9669551273
36.0155314904
36.0219087504
36.0388979464
36.053574856
36.0683858752
36.0800747035
36.0932595734
36.1134864285
36.1202100117
36.1362022833
36.1418717683
37.2137770475
37.2345521706
37.2437228968
37.2551556117
37.2618485441
37.2725988072
37.281340628
37.2852705996
37.296677416
37.308677335
37.3288427543
37.3425309621
37.3642990151
37.3822655964
37.4035491537
37.4859836143
37.5002217069
37.5320701557
37.5536376664
37.5651612661
37.5687437656
37.5942024841
37.6031855157
37.6355141705
37.6887388263
38.408672843
38.424596078
38.4435061176
38.4573783504
38.5091002007
38.5700365661
38.5903798964
38.6097643151
38.6348129173
38.6483069427
38.6575752428
38.6628621121
38.670188675
38.676571904
38.6810269962
38.6878060939
38.7336882509
38.7555114161
38.762468689
38.8692766792
39.4712718957
39.5478362347
39.6086795753
39.6333835233
39.6583324037
39.6662148027
39.6840277319
39.7050733522
39.7168549245
39.9673119754
40.0369623524
40.0472843975
40.0700748305
40.0965840632
40.1048847762
40.1083421511
40.1317531869
40.1542158484
40.1786843738
40.1932445541
40.2195838518
40.2255785634
40.247708127
40.2557572691
40.2682214556
40.305519509
40.327533984
40.3532305587
40.3807226525
40.4318450186
40.4728938158
40.4925825121
40.633190804
40.6802269143
40.6904644374
40.7250331952
40.7682930955
40.7932141589
40.8157009001
40.8194831821
40.8291555623
40.8426715306
40.8531353813
40.8565401715
40.8722848569
40.8827264156
40.8986996419
41.3747458514
41.4115374323
41.4255856898
41.4486084708
41.4662982429
41.4923138373
42.016394357
42.0247345795
42.0389391735
42.0506291924
42.0787602438
42.1172664657
42.1301209003
42.1667399736
42.2048205311
42.2282178137
42.2537046982
42.269650812
42.286670216
42.352137609
43.214633084
43.2285225429
43.2506615486
43.2733616939
43.3174172354
43.321251473
43.3462520445
43.4501204108
43.497236107
43.5132489352
43.5184421208
43.5542855214
43.5838243788
43.6443089124
43.6648122228
43.929180713
44.0575585708
44.0674660923
44.1008610932
44.1492599498
44.1826803142
44.1939447404
44.2511128224
44.3428849991
44.4034084438
44.4480861154
44.4660191511
44.4995099945
44.5166863801
44.547909759
44.5712004412
44.6017688117
44.6487882045
44.6771025009
44.6954084687
44.7026003564
44.7653335817
44.798959002
44.8308312826
44.8716174598
44.9879671477
45.0446692559
45.0783441859
45.1441750553
45.1981581714
45.2622843784
45.3425521345
45.4032973434
45.4279310417
45.4694397671
45.5232638472
45.5465093518
45.6070906706
45.6363788829
45.6649412007
45.684315974
45.6973793981
45.7214428754
45.8214950884
45.8652473455
45.8878845724
45.9123527269
45.9376923469
45.9595841065
46.1257044069
46.2126876255
46.307342816
46.3277512806
46.5852951949
46.6524015787
46.8229468707
46.8493172772
46.8671436659
46.9013048699
46.92552359
46.947750593
46.9518329765
46.9949263554
47.0285410513
47.050032334
47.0671795095
47.0976260127
47.1128016522
47.147874578
47.1736956833
47.2130721851
47.2435888543
47.3088380432
47.3862046963
47.455054644
47.9091077906
48.0302820749
48.0629764222
48.0987975064
48.1228111108
48.1422576116
48.1599760964
48.1745723834
48.1900335218
48.1938115614
48.2680110424
48.2967923732
48.3020937382
48.3106472253
48.3168809974
48.3609406945
48.3825380619
48.4290422879
48.4885623646
48.5134277288
48.5765421911
48.6244695594
48.6596294605
48.8290624504
48.9134342134
48.9553361489
49.0154560711
49.0623474054
49.2701230227
49.3341806039
49.428040943
49.4694978493
49.4885459925
49.4949525847
49.5295658963
49.5866341044
49.6120147466
49.6519714687
49.6805275419
49.7851713648
49.8267453909
49.8591528433
49.9178098123
49.9247877311
49.9736941748
50.1319099007
50.1743478675
50.2707895497
50.4665822965
50.5063876498
50.5434562543
50.5940822992
50.6238519154
50.6810905721
50.8447742959
50.8544306608
50.8826199769
50.9202133845
50.9776173276
51.0384347805
51.2263309865
51.27656253
51.2843576749
51.3453932683
51.434626874
51.6078195717
51.6252626745
51.6330591646
51.6450388464
51.8603790763
52.0267581096
52.8599271724
52.8639011814
52.9052000373
52.9361668414
52.9575391711
53.0031894823
53.0069361365
53.0261780791
53.0441193333
53.1594567537
53.1964788086
53.2112045052
53.2549379606
53.2737931796
53.3228557969
53.3740852541
53.381873251
53.4490444417
53.4681032272
53.5679222366
53.6122231744
53.6639050309
53.7142312342
53.7486043113
53.7809456178
53.8607755444
53.8987075862
53.970891185
54.0116172571
54.019660295
54.0513998361
54.1873756696
54.252608626
54.2816834297
54.3355297862
54.3876952629
54.4365566379
54.4831449693
54.6575498216
54.6677860462
54.6928881222
54.8009239469
54.9438976558
54.9808747104
55.0265928323
55.0322153929
55.0994865365
55.1976167306
55.2105455286
55.2280925397
55.2387632334
55.2494975343
55.26607478
55.3440690833
55.3518091178
55.3862986629
55.3975860293
55.4340290459
55.4529458668
55.4700118836
55.5043602339
55.5232455411
55.6977730283
55.7510074034
55.7592296004
55.8236025008
55.8551369441
55.9257081035
55.9693523727
56.0984344103
56.2326230997
56.3247904722
56.4099166066
56.4396614544
56.4733601879
56.4954756662
56.5276477923
56.681719618
56.7168621664
56.7605540198
56.8486654295
56.8779187717
56.8951074273
56.9664664446
56.9972764014
57.0281295118
57.0984192104
57.1195464545
57.2605116948
57.3023297235
57.3225602336
57.3444044741
57.3681136182
57.4044360898
57.527040684
57.5570624014
57.6258991821
57.6559361239
57.6696926388
57.9017942937
57.9384495138
57.9962442024
58.067461959
58.1005410778
58.1237450845
58.151248473
58.204431122
58.2594993747
58.3378096874
58.4126910332
58.4968329596
58.5243944321
58.5556970674
58.6137573693
58.6799474203
58.7503474186
58.7673973401
58.9011905262
58.9077378798
58.9372998076
59.0060183739
59.0451953545
59.0540622012
59.0860983404
59.1038031461
59.1385511692
59.1532455313
59.1692651904
59.2242211948
59.275439734
59.2905811492
59.3230225085
59.333668915
59.6858491735
60.0235672831
60.0363635932
60.0470165602
60.056315967
60.0813627008
60.0983837521
60.1081417315
60.1151457123
60.1344769414
60.148173528
60.1710440771
60.2076506361
60.248981231
60.2779428437
60.285255856
60.3156506927
60.3399442875
60.3505297791
60.379757327
60.4139948814
60.4588238952
60.4860252579
60.5061839438
60.5580672927
60.6088080509
60.8660712253
60.9023412759
60.9357525577
60.9673952377
61.0072938623
61.2139932956
61.3079750612
61.3974608918
61.4412353128
61.4579810778
61.4822852583
61.4932473059
61.5157022478
61.9699881505
62.0636329034
62.2080783633
62.2881126952
62.2962064971
62.4293730325
62.4530434101
62.466978575
62.4895442378
62.5049149029
62.5281453405
62.5673023533
62.5881946815
62.74632179
62.7688780448
62.7862074887
62.8532365354
62.8680667052
62.8911539452
62.8981536558
62.9366214589
62.948884759
62.992924469
63.0000753108
63.0766283346
63.116097238
63.1465651721
63.6082847402
63.6452259263
63.6831608692
63.8048371008
63.8460463871
63.8625473242
63.9062238076
63.9799574171
64.0065167532
64.0374873254
64.0635060478
64.1078114677
64.1503042578
64.1833008006
64.3438211105
64.4169989333
64.5890143443
64.6886302371
64.7565173192
64.8505844771
64.8601722304
64.8822137267
64.9023403905
64.9194198634
64.9336792994
65.880929732
65.9204186258
66.0121354843
66.018106639
66.0926871821
66.1232196241
66.1408985224
66.2111934655
66.2906875239
66.3018444607
66.3493996888
66.3639977502
66.4188179853
66.5129750138
66.5204343946
66.5706345697
66.6116032965
66.6531063316
66.6696258647
66.9889369636
67.0954779696
67.1336920163
67.2213237916
67.2259749282
67.2343397336
67.2684788903
67.3002690705
67.4689445006
67.5121498088
67.5509965025
67.5738458938
67.6121209293
67.6436519446
67.7269800013
67.8373057384
67.9068892191
67.9271514512
67.9910471168
68.076754292
68.0932716168
68.4284387463
68.4617531823
68.4738885781
68.4990486569
68.5273247278
68.5565235727
68.5765177544
68.608995002
68.6271819023
68.6777869397
68.7534055577
68.9063027593
68.9354812649
68.9448301237
68.9837285325
69.0358546245
69.0410554256
69.0809453004
69.0965256273
69.1221067876
69.1703792783
69.3669756187
69.4491601197
69.5589064445
69.5992095976
69.624154822
69.6400294599
69.662023002
69.6729203787
69.6939943978
69.7291625313
69.7714585541
69.7825927511
69.7958340005
69.8239110806
69.8391874063
69.8824517048
69.9172765201
69.98714803
70.1781438825
70.2077606924
70.2322794286
70.3459391654
70.3798002754
70.4233976879
70.5358133803
70.5660216642
70.6616799915
70.7162270334
70.7887850402
70.8116408681
70.8427837888
70.8624451907
70.8865002289
70.9009483698
71.1961887416
71.2664381461
71.2827435665
71.3250554652
71.3899136314
71.4372400804
71.4927421691
71.5666739003
71.6454024274
71.6911941589
71.710055211
71.7424816655
71.7810942487
71.8549741924
71.9201867501
71.9825240244
72.0141247675
72.042672369
72.0536619094
72.1265575695
72.1582450595
72.1750444439
72.2210116326
72.2996121469
72.6365627968
72.8125898887
72.9475797886
73.0322724608
73.3792665722
73.3964602874
73.4216160642
73.5222697264
73.5610504996
73.5881627038
73.6481050543
73.6683325698
73.6777706657
73.6905313738
73.7542580338
73.7905176377
73.8875194719
73.9480341162
74.0965066179
74.1486927889
74.2036320339
74.4048069422
74.4261019738
74.4686135996
74.499568197
74.5088299196
74.6232044925
74.66847806
74.6725146119
74.682188086
74.7334288859
74.7429406114
74.810916269
74.9194922779
75.4487237629
75.6157321753
75.7285612894
75.771683661
75.9105474703
76.2182489578
76.3189259213
76.4214797233
76.504604609
76.5092544478
76.5134859563
76.538415312
76.8067262755
76.8314055011
76.8464675394
76.8693046259
76.9031118525
76.9273032844
76.9451559242
76.9576460607
76.9658185365
77.0236168426
77.041536814
77.0832481212
77.13364138
77.2261435429
77.278873233
77.3100577616
77.334856652
77.3825061506
77.4114437106
77.6176029352
77.7070335494
77.7413311532
77.8232958086
77.8985812055
1579
