6.01658333074
6.02289810507
6.4949477238
6.51175586059
6.54599905089
6.56178164669
6.59034629157
6.60314053213
6.68432945238
6.94395543004
6.98856866871
7.06021787354
7.18451981061
7.21457665268
7.22737732494
7.2356908628
7.24585696659
7.27608301119
7.28244969618
7.2924427358
7.30701141186
7.32605136634
7.35602128882
7.39357683643
7.40494996724
7.44386658663
7.48155434059
7.53595529396
7.55325133564
7.56618144933
7.576120344
7.58494464173
7.60105301839
7.67654729509
7.69417548492
7.73684659461
7.74819542775
7.7516311546
7.76472820383
7.77566649344
7.79068451539
7.80171817396
7.8364775129
7.85047809489
7.87834778129
7.89015989805
7.90635636173
7.92721504362
7.93580342102
7.95909760323
8.01422329282
8.08431538507
8.16070215119
8.18646127107
8.2303013093
8.30389925582
8.37435116965
8.41978244208
8.45531942744
8.46363268815
8.48548397885
8.48961248063
8.50748344647
8.54680460319
8.56070686613
8.57599662731
8.58124362772
8.60124799943
8.62566281564
8.63202735329
8.64839625655
8.65506795552
8.66632134901
8.71893218515
8.74252455475
8.7470743584
8.78819298865
8.80928643309
8.81891621954
8.83181343043
8.85233352906
8.88057188679
8.88677911408
8.89895752079
8.93093384044
8.9415592025
8.95709461876
8.98510206702
9.01812474958
9.07203038602
9.09706755973
9.12865736277
9.17282524312
9.19644264173
9.22719990082
9.25532582064
9.29871066277
9.34898273286
9.37662519542
9.39704740173
9.44988486184
9.47117553151
9.5998116453
9.61013215494
9.61792870056
9.63103964885
9.64197111372
9.64599125131
9.66260845222
9.67298108569
9.67774277966
9.68792948015
9.72379778119
9.73961010735
9.75841923109
9.76704246483
9.78444003283
9.79842562159
9.81115719973
9.8290236675
9.84530949657
9.87779622349
9.89524597538
9.89910532395
10.133598758
10.1604667985
10.1995937963
10.2316462448
10.2383284148
10.251566276
10.3476941069
10.3576739093
10.4022551254
10.429957272
10.4485419657
10.5016690191
10.5077908328
10.5491894203
10.6064340352
10.6324137112
10.7411246895
10.7972443246
10.8125196058
10.8219850024
10.8407765173
10.8542543264
10.8693415879
10.873350422
10.880176323
10.8878858408
10.9311399609
10.9562332107
10.9664779858
11.0447331532
11.0525346845
11.0784947189
11.1793410334
11.1997119784
11.2179337191
11.2244372266
11.2317620012
11.2480923412
11.2597768821
11.2992467664
11.3182710826
11.3455299067
11.367352502
11.3898905413
11.444342901
11.4553770257
11.4629514783
11.527583749
11.5424813926
11.5596573401
11.5753237915
11.6050728401
11.6615963656
11.6907422915
11.7116596143
11.7354078186
11.746814134
11.7816933948
11.8405515054
11.8538045075
11.9243968868
11.9795388043
12.0049373251
12.015359416
12.029967738
12.0377356676
12.0529872341
12.0728735186
12.0856183945
12.1169435783
12.1232895994
12.1339695638
12.1427265744
12.1647042805
12.1755243552
12.1791687107
12.1862007794
12.2225868715
12.2397872741
12.2481352259
12.2526027282
12.2595861553
12.2899304484
12.2944953941
12.4327769053
12.4450335328
12.459130641
12.4756741503
12.4846439855
12.4998983577
12.5383220798
12.5811470315
12.6099307038
12.6472533158
12.6545069444
12.6705790531
12.7212439745
12.8570064102
12.8751477066
12.956699628
12.9966492716
13.009483553
13.2054446806
13.2582196751
13.2701177481
13.2843990075
13.3056395384
13.3512445089
13.3779186572
13.3890181051
13.3952933139
13.4072785533
13.4293065073
13.4381319033
13.44969893
13.4816611475
13.4933711559
13.5028303345
13.5091680353
13.5191277698
13.5328146461
13.5505757549
13.5695163783
13.6023871667
13.6180899829
13.6446236956
13.7673010791
13.9592030805
13.9818161562
13.9917356842
14.032420995
14.041605087
14.0887196725
14.2218848226
14.2273200655
14.2419520598
14.2773870486
14.2893545991
14.3173090208
14.3527725711
14.3676842961
14.4067517484
14.4181215593
14.4463106687
14.4670144875
14.4913815634
14.5076775619
14.5130997848
14.5253490763
14.5737738332
14.5972608871
14.6066028481
14.6257167709
14.6587983278
14.66715208
14.6918071067
14.7105489875
14.7281486863
14.7819833991
14.7905016049
14.8077838855
14.8428020007
14.8711695845
14.9381831363
14.9468024803
14.9519310257
14.988175799
15.0225467138
15.0433344537
15.0733699196
15.1379491881
15.193346212
15.2042022682
15.2579686555
15.2614025504
15.2976533215
15.303401825
15.3556535265
15.3700979488
15.3742127607
15.4050620114
15.5584170795
15.5649833453
15.5710097517
15.6099497393
15.6150560956
15.62527329
15.6305172051
15.6424476615
15.6504040533
15.7046976341
15.7625230846
15.7710614266
15.7976093431
15.8142857334
15.8199174776
15.920566051
15.9356872609
16.0273288328
16.0319657421
16.0557629717
16.0662210786
16.0750475882
16.094830574
16.1262996938
16.1554832535
16.1696801557
16.1833034585
16.374487879
16.4366373875
16.4416914973
16.4847506507
16.5296737559
16.5672755633
16.6008278572
16.6225810755
16.6594082519
16.8180553999
16.8309644894
16.8345364292
16.8609575676
16.865301285
16.8928188296
16.9032596516
16.9167778678
16.9427805443
16.9625414023
17.0997982078
17.1261374074
17.1437168369
17.1534565683
17.2140613829
17.2211922652
17.2476584253
17.2656594292
17.2736670349
17.2777130899
17.2913511576
17.3151546343
17.3426309381
17.3503235346
17.375792048
17.3898814184
17.4053785424
17.4179003378
17.4598081931
17.4632025006
17.6010481032
17.610701642
17.6338143896
17.6713598976
18.0045627332
18.0079182411
18.0217459462
18.0333715591
18.0645635444
18.0789489744
18.113398647
18.1194360187
18.1358140219
18.1494020951
18.2148308917
18.2410296773
18.2831766916
18.291046121
18.3007106984
18.315749485
18.3473827833
18.3642127538
18.3795825242
18.3905866764
18.3992567258
18.4329726348
18.525501163
18.5535823834
18.5866298311
18.5955387761
18.6705751346
18.7241721967
18.7360271074
18.7418349128
18.7646951462
18.7759422948
18.9262979514
18.9347444801
18.965639191
19.0096810088
19.0921275353
19.1155857823
19.151076429
19.2332723515
19.2395860229
19.2501097569
19.2551784822
19.2645298986
19.2821642495
19.2899383185
19.3007776701
19.312405325
19.7467911063
19.7990207927
19.819531423
19.8508775119
19.877185485
19.8842192848
19.9059820714
19.9389103807
19.9515408117
19.9977203172
20.0281706377
20.0648347867
20.0876366518
20.1326164149
20.1816600718
20.245905346
20.2974942059
20.3124576385
20.3486542372
20.4126138102
20.4232826144
20.4373008584
20.4411984521
20.4495927671
20.4660674775
20.4720105866
20.4769442204
20.5059187482
20.5421738719
20.5489070943
20.5697408439
20.5809847478
20.6325323221
20.63993968
20.6439553853
20.6513491193
20.6866194717
20.7108343616
20.7306280251
20.7444643684
20.7784782711
20.8036862484
20.8558530567
20.8742272328
20.8942933807
20.9655486734
20.9885697904
21.0180206765
21.0807037981
21.0927404299
21.1060831673
21.1420810858
21.1871767544
21.2258237765
21.2759542397
21.3188780918
21.3427923924
21.409072038
21.4430264021
21.6123821051
21.6462570183
21.6514945579
21.6589378527
21.6694097925
21.6893196168
21.7099370227
21.7152546015
21.7223500108
21.7337410296
21.7565641387
21.8493735181
21.8659812426
21.8845731404
21.8973346894
21.905041144
22.0358338198
22.0624681248
22.0794404838
22.0888517719
22.1072789669
22.1328953646
22.1524127372
22.1805189464
22.2257943578
22.2406070696
22.2712716627
22.2856982535
22.2920741813
22.3348489192
22.3872148202
22.4163777962
22.4265257659
22.4556910827
22.4733100064
22.4983358953
22.5480402131
22.8291798297
22.865622244
22.882826973
22.888463404
22.917136031
22.9266436753
22.9382781709
22.95518136
22.9645947389
22.9827591897
22.9981436873
23.0163973997
23.0224123692
23.0367280832
23.0680329963
23.0778223215
23.0947624472
23.2976929094
23.3390928882
23.3693141832
23.3889605686
23.4123729162
23.4408163069
23.4595230626
23.4659855437
23.5047622093
23.5186602304
23.5597676699
23.5915915998
23.5979982465
23.616406135
23.6433223532
23.681210626
23.7091983499
23.7923285637
23.9319062405
23.9380991284
23.9955537952
24.0105043796
24.0213290904
24.0271807879
24.0372746761
24.0490508433
24.0563305401
24.06679083
24.0726504001
24.0807480367
24.1086510178
24.1170109379
24.1230917464
24.1536429094
24.1573529301
24.1645446743
24.1808241432
24.1881538612
24.2128043742
24.2207690468
24.2382154484
24.2560741319
24.2628545192
24.2857008369
24.3421848505
24.3493744384
24.3716938056
24.3896534038
24.4327628186
24.4534098501
24.5166021844
24.5268392995
24.5376130687
24.5544404067
24.5754686039
24.6905008927
24.7260192825
24.7509146557
24.7655103993
24.7817239011
24.8247343933
24.8312614844
24.88287228
24.8865945478
24.9009728584
24.9170349583
24.9393657837
24.9808575922
25.0073657905
25.0620160936
25.1017634872
25.1657531108
25.1989238877
25.2047994731
25.2173088623
25.24526661
25.2732640049
25.2961361595
25.3188298768
25.3241277317
25.3415683395
25.3531136859
25.358999757
25.3646650402
25.3803300764
25.4015479127
25.4292746995
25.4433268358
25.4484700242
25.4673191783
25.4758491718
25.4813259086
25.4898619288
25.5062829102
26.4036030493
26.4198632825
26.425355868
26.4375152805
26.4553051514
26.4676708373
26.4832883127
26.4910746804
26.4958548368
26.5137359727
26.5289460697
26.539283212
26.5513434152
26.563099681
26.5802975704
26.593426815
26.6039758765
26.6233084028
26.6274145855
26.6599596828
26.6703940863
26.6827904863
26.7350192259
26.7633986905
26.7757725209
26.8348189012
26.8595625924
26.9211970085
26.9379972385
27.1793936163
27.2171650646
27.2599686094
27.2912059425
27.3255450715
27.3986543604
27.4158542697
27.4414615838
27.6098485827
27.638396434
27.6556636242
27.6724187206
27.6824117354
27.7033449326
27.7159090616
27.737329204
27.7503729277
27.7572419771
27.7776127584
27.7831842419
27.7868199401
27.8055156223
27.8138299606
27.8219024968
27.8474049794
27.8959694614
27.9046614696
27.913433755
27.9365105513
27.9540060126
27.9761526116
28.0000614053
28.0681351861
28.0860191847
28.1181287818
28.1484641152
28.1664174184
28.1720887889
28.2006604419
28.2073501481
28.2290806944
28.2661755661
28.3094160411
28.3304150747
28.3562017162
28.4186532679
28.4673557409
28.4722543867
28.5212423642
28.5468664771
28.585653426
28.5999073269
28.6337921362
28.6629462233
28.755704295
28.7884602582
28.8123254577
28.820245829
29.269557291
29.283260412
29.3190168352
29.3313508148
29.3658811761
29.3862464932
29.4196767141
29.440332675
29.4625973748
29.4772353965
29.496657199
29.5371188451
29.5643050474
29.5922722445
29.6567836061
29.7045376609
29.7235179083
29.9958310549
30.0202373494
30.0330157517
30.038119347
30.054600809
30.083274247
30.135557092
30.1658435712
30.173732507
30.2027089085
30.2152985187
30.2204001313
30.2359869921
30.2475675804
30.2527996495
30.2844648427
30.3839124981
30.4003858605
30.4696145734
30.4962347435
30.5229790494
30.5983875841
30.6102902565
30.6324929454
30.6725123095
30.7179305723
30.7370886304
30.8379135745
30.9728467081
31.0310442081
31.0635809292
31.1512903045
31.2047425069
31.2278878629
31.2503147965
31.2627203248
31.2962624376
31.3024468453
31.3117591212
31.3196624365
31.3285621936
31.334088556
31.3494103594
31.3634040153
31.3776309844
31.3844498871
31.4429111196
31.4574014188
31.4724493977
31.4783723604
31.4907724588
31.5684781458
31.5774566381
31.589528246
31.5970149267
31.6122348023
31.6291857609
31.6476136426
31.7236771374
31.7327704631
31.7579965138
31.7699442295
31.7931110077
31.8058780881
31.83150413
31.8496627126
31.8606831046
31.8682582771
31.8861235481
31.9511954578
31.9763868548
31.9858400368
32.0099474145
32.0616913181
32.1113603609
32.1693460864
32.2142667988
32.2566785504
32.3108511879
32.3368464302
32.381302339
32.417809303
32.4234668455
32.4296043843
32.4398645742
32.457135684
32.4638069413
32.4994286874
32.5036627589
32.5334254603
32.543604552
32.5808366965
32.6043935429
32.6100706138
32.62555634
32.6452411112
32.6589755965
32.6633500195
33.0210251987
33.0579143405
33.1244873275
33.148862386
33.2242628791
33.2707909494
33.292672561
33.3221314213
33.3513171831
33.4123779846
33.4505738012
33.4966673029
33.5249926064
33.53231007
33.7855351308
33.8050479069
33.8129305606
34.8283572464
34.8338003413
34.8468345547
34.8686423033
34.8867427659
34.8963930097
34.9149132452
34.9331879908
34.9457941816
34.9603893358
34.982770838
34.9888706541
35.0481603499
35.0709339141
35.0775382966
35.1786513829
35.1954205338
35.2050973059
35.2100565584
35.5260412252
35.5450416322
35.5894404164
35.6311674909
35.648816803
35.7219598684
35.757395894
35.9151508531
35.9744613731
36.0190583956
36.0548849342
36.0651278588
36.0765844529
36.0880667221
36.09600827
36.1032975214
36.1348394359
36.145150113
36.1545357422
36.2815733947
36.2977696777
36.3042800406
36.3196478004
36.3452323215
36.3783551563
36.3967637673
36.4153642107
36.4325692616
36.4820178739
36.4977357368
36.521272068
36.5370586038
36.5478484714
36.6600104177
36.6971519674
36.8163758872
36.8259307501
36.849908521
36.8566780061
36.8894656042
36.984273718
37.0154530713
37.0632756335
37.0676187734
37.1298596008
37.1705611696
37.2102357693
37.2445973106
37.258145646
37.2619054887
37.2755732094
37.2803349972
37.3058903086
37.322769633
37.3292301385
37.345207067
37.3557732551
37.3795919026
37.415028326
37.4239160144
37.4317548556
37.4381508708
37.4416850071
37.4603868492
37.4850681958
37.4924803454
37.5013665008
37.5132583899
37.5196500544
37.5522978628
37.5659695457
37.6014812673
37.6182706151
37.6464825129
37.6654607567
37.6831455183
37.6982731533
37.8792737814
37.9135714419
37.9246117257
37.9666804573
37.9920323786
38.0016957289
38.0769578207
38.1086056451
38.1120913824
38.1284855536
38.1333540116
38.1441763553
38.1681187999
38.2047986385
38.273549326
38.2783941956
38.4106514232
38.4195873322
38.4357208755
38.4472149626
38.4613851405
38.4673754117
38.4838251516
38.7096283452
38.7253554476
38.7423467105
38.8125488557
38.828960623
38.8492547136
38.8680187707
38.922157962
38.9459749275
38.9805381814
39.0051390444
39.0274287736
39.0488286903
39.0997791795
39.1261831445
39.1701539864
39.1985866192
39.241600061
39.4085954377
39.5059521021
39.5887540004
39.606271612
39.6241204143
39.6344505285
39.65240539
39.6693902409
39.9261105901
39.940541985
39.9646742742
39.977613902
39.9833714248
40.0000099786
40.0262120437
40.0753818047
40.0892045823
40.1318280094
40.158494533
40.5282175786
40.5434128549
40.5559086062
40.5945814021
40.6226694993
40.6443256582
40.6910898493
40.7235674094
40.7899527873
40.8104988011
40.8203569282
40.8445961715
40.8642669154
40.872828816
40.8820530973
40.898493146
40.9114856554
40.9400427902
40.9905269749
41.0124287482
41.0301801421
41.0383361909
41.0545739619
41.0645290666
41.1384012026
41.1823168783
41.2041822787
41.2521401364
41.2665725334
41.2755320673
41.301651554
41.3186354684
41.3449532826
41.3788453427
41.3948021915
41.4178588077
41.4264107408
41.445695863
41.4636739486
41.4998217448
41.530070547
41.5341861937
41.6249157114
41.672238537
41.6845963881
41.7495709006
41.7700009532
41.8749523793
41.8807353223
41.9415506475
41.9714560589
42.0089100508
42.0126241138
42.0552400947
42.0680488256
42.0934040269
42.1171396761
42.1392074607
42.1604881656
42.1724984046
42.2429438289
42.259856572
42.305840557
42.3376305116
42.377463534
42.4526951302
42.5009638361
42.5091135974
42.5300715492
42.5507642448
42.5976867282
42.6182150611
42.6853144316
42.7534228545
42.7872575631
42.8509193991
43.1653713154
43.2119214949
43.2295683415
43.2689134156
43.3256619326
43.3445211185
43.3978700756
43.4449445593
43.4866100308
43.7384507775
43.7421805255
43.8286159109
43.8846233164
43.8909101703
43.9065260921
43.9656033002
44.0216819623
44.1576550053
44.1814396465
44.235219971
44.2544169807
44.3501192417
44.4154358182
44.442437787
44.4593418852
44.4643610505
44.5092964155
44.6515683057
44.6717859628
44.7005465797
44.7193329001
44.7575527467
44.7720806976
44.8692758645
44.8994686527
44.9066422722
44.9436357227
45.0239667749
45.0607873436
45.0846480517
45.0888175578
45.1199501971
45.6308188555
45.6409954444
45.6731073761
45.6918679374
45.7078337492
45.7233671317
45.7477279102
45.7710619026
46.8104958298
46.8281091268
46.8675723035
46.896037604
46.9262157723
46.9544544806
47.0049938921
47.0169284995
47.0279500069
47.0452345872
47.0629465654
47.0854442433
47.0973200581
47.1884186488
47.2262547611
47.3119658094
47.4254208667
47.4880312765
47.5174228015
47.6113738444
47.6503413801
47.6970273248
47.7424995996
47.7838851554
47.8312648417
47.8922373436
48.0064683818
48.0135491809
48.0173806661
48.0332878831
48.0375144288
48.0659002934
48.0869686594
48.1366486057
48.1757093544
48.2138528798
48.2763923363
48.307762162
48.4348436592
48.4568035804
48.4909420831
48.5585788397
48.5718684562
48.6670305977
48.7223940558
48.7719344087
48.8635196305
48.9123681418
48.9751683797
49.008150037
49.0797576777
49.1536263397
49.2160029829
49.2344938543
49.2915612389
49.3394702282
49.463022883
49.5046756007
49.5582303752
49.5750608121
49.6172211369
49.7073184227
49.7423415425
49.8144483276
49.8854061585
49.9448326073
49.9899235253
50.0124951386
50.0230073241
50.4106491778
50.4223321869
50.7557070352
50.7844709707
50.8121390564
50.8305667899
50.8642405286
50.8814251963
50.8963924631
50.9168041597
50.9382319493
50.9694470508
51.0439326386
51.3459809119
51.6214584785
51.6313322058
51.6446429258
51.668527378
51.6939149404
51.7311992994
51.7730398845
51.7801509129
51.846780574
51.8855646618
51.911654592
51.9402757091
52.0000752887
52.0189303642
52.0655861336
52.1289077188
52.1357718899
52.1935729647
52.2522211544
52.342430287
52.3731304631
52.3898182272
52.4367400756
52.5122991442
52.5720147771
52.6650630558
52.8193934289
52.8284319121
52.8398555311
52.8924846724
52.9072309126
52.9442914261
52.9562796409
52.9733262196
52.9786801769
52.9985190391
53.0338206466
53.0508694443
53.1741431813
53.189964299
53.2306080051
53.2448245362
53.2503876556
53.315340819
53.352693167
54.0133052487
54.1526788157
54.1776967873
54.1952473876
54.2314282052
54.2561076401
54.2651946032
54.2870362354
54.3236401789
54.3551888001
54.3893492731
54.411747283
54.434288278
54.4623362707
54.5101208489
54.5357686528
54.5501344926
54.5865538062
54.62193199
54.6492536288
54.7012528849
54.723924324
54.7751871095
54.8197291576
54.9132993414
54.9606275139
55.0192988605
55.2131923702
55.2219881127
55.2789603615
55.2906557081
55.2994041161
55.3729756547
55.4273602559
55.576519077
55.6207551325
55.6409358164
55.8147137002
55.9912552867
56.0593089915
56.1281050016
56.3106657276
56.4185009212
56.442726017
56.4522020012
56.4614318241
56.4683898406
56.4885849206
56.5230322802
56.5353621654
56.5860983662
56.5986445983
56.620316856
56.64164171
56.6572176595
56.7019716163
56.7629807298
56.8060471231
56.8544557781
57.2690740587
57.4576601611
57.5873305706
57.6243862172
57.6430453742
57.6715995661
57.6795770803
58.815529079
58.8550834535
58.8795445724
58.9423978697
59.0157763021
59.0900599209
59.1162121792
59.1268175478
59.1586384452
59.5747398992
59.5967102436
59.6402012779
60.0363179179
60.0489283977
60.0892512893
60.1103221894
60.1350787427
60.2104017315
60.2349687421
60.2853069237
60.3007372767
60.3320125092
60.3769905186
60.4733718317
60.4779409069
60.611155316
60.6733103293
60.7570813057
60.8273706966
61.0636675049
61.1713271728
61.737381322
61.7780820557
61.8307400943
61.8478321243
61.9025841496
61.9575927392
62.0057504653
62.11017504
62.1795228212
62.2537403882
62.3139520432
62.4231864147
62.4810024952
62.4957948929
62.5167109979
62.5616215762
62.5670385365
62.6035788843
62.6181661755
62.6469404353
62.6861007716
62.7651927214
62.783341834
63.6827175982
63.6970485077
63.7469463137
64.043388225
64.0979624778
64.8098492454
64.8532433892
64.8832062383
64.8948698602
64.9171210816
64.9322167923
65.0358917462
65.0424003258
65.1285370674
65.1449093868
65.1754484709
65.2184594476
65.2577604896
65.2675875377
65.286328415
65.2908894587
65.3343159866
65.3856064387
65.4509444414
65.4962947548
65.5552695221
65.5889705289
65.7168533309
65.8888957257
65.9193213077
66.0152383448
66.0508080783
66.0621184705
66.0757062603
66.0957036301
66.1137324621
66.14135864
66.1804998311
66.2362448962
66.2667779543
66.2954276651
66.328324058
66.3480351196
66.3773401936
66.4564204723
66.5017201859
66.7633344525
66.7932658719
66.8752196767
66.9422304363
66.9980012107
67.0916739497
67.2221411688
67.2330447121
67.2454530893
67.2723184876
67.2803753374
67.298524074
67.3153231851
67.3288930947
67.3748475535
67.3961026069
67.4464613824
67.4554963247
67.464158338
67.477470534
67.9611513238
68.1685458734
68.2051251957
68.2766748247
68.3075254208
68.3564507698
68.4226456873
69.0421568378
69.0894568007
69.1642316221
69.1691502723
69.2727561245
69.3411985852
69.3935228143
69.434947325
69.4800897485
69.4993796335
69.5934673477
69.6187717611
69.6511394717
69.676186432
69.7193603931
69.7704737109
69.7856645332
69.8334005688
69.8663293335
69.8819737143
69.9181936133
69.9338811005
69.9522594751
70.0133507031
70.0714166513
70.0978090743
70.1066462599
70.1461182946
70.1849464301
70.2366528014
70.251067026
70.3014434642
70.3225198077
70.4735766218
70.5408027811
70.6160450655
70.6744969795
70.6993386051
70.7419715689
70.8243385768
70.8339568916
70.8589767013
70.9149345849
70.9778565582
70.9820531961
71.0038253817
71.0240879461
71.2576162257
71.300174027
71.3344124422
71.3808756117
71.3891566746
71.5506190744
71.6442167832
71.9640880703
72.013512491
72.0191362174
72.0251147587
72.0816459068
72.1021197649
72.1559385351
72.3842141137
72.4028884841
72.4571022123
72.4933044211
72.5300910567
72.5849396659
72.6434198394
72.6545437931
72.6607848411
72.7700757597
72.7786677818
72.7824939026
72.8709842903
72.957398538
72.9707823584
73.0105184785
73.2289120104
73.3221898515
73.3501463161
73.365657059
73.3807736857
73.4303650392
73.4520800278
74.3722970305
74.4924233963
74.5135835864
74.5548714703
74.5864073084
74.6111203748
74.6240744984
74.6398317073
74.6673181699
74.7197474937
74.7244548517
74.7442655825
74.7953579667
74.8254664384
74.84447563
74.8660025212
74.9053670548
74.9201717396
74.9601549145
75.0158947686
75.1168155913
75.1583567104
75.2137938775
75.2618733174
75.3662156873
75.4388093529
75.4572170397
75.5171524527
75.6307591739
75.6490873038
75.6574582089
75.6721614656
75.6911673836
75.7139686574
76.3180979741
76.3670791786
76.4221003644
76.4346257815
76.5416927017
76.6169915912
76.6835565626
76.83155535
76.8467146145
76.8575735285
76.8878398008
76.9562176493
76.9813949085
77.0073224728
77.071757558
77.0889043466
77.1307370496
77.1456891342
77.1617519027
77.1775673615
77.2121692966
77.2293980827
77.3079186807
77.3425302181
77.3679830925
77.3981890004
77.420500277
77.4554604175
77.5750445377
77.6364621217
77.7056512026
77.8109389468
77.904988489
77.9999156138
1604
