6.00333348385
6.01254549513
6.01662043347
6.02969704152
6.03502578315
6.04557157313
6.05310242764
6.06865711555
6.07374038192
6.11342149844
6.11919105619
6.14385501381
6.15262611048
6.17071824528
6.18027614947
6.23619004762
6.25479437537
6.27019468536
6.30893315011
6.33042600918
6.33511850356
6.34033970902
6.37696371536
6.43733335834
6.45401619224
6.46172525988
6.48508786453
6.52649889462
6.54309895371
6.58819115931
6.59777831024
6.68832742513
6.69795949036
6.71896537868
6.76984575421
7.05075039673
7.08113693141
7.10239922441
7.12649135472
7.20702777104
7.26161876191
7.27002159149
7.27659855068
7.29372044072
7.31142374806
7.33233510193
7.34932543777
7.47004488109
7.5315865719
7.54079987083
7.57150789635
8.31866786492
8.33473229523
8.37692778107
8.40995018093
8.42600630386
8.4418175986
8.46082034842
8.48599338156
8.49576141519
8.50107531762
8.50496814077
8.52144843811
8.54686567528
8.56120241295
8.56745592199
8.59312964117
8.60810796761
8.62499345255
8.63528768507
8.67447913712
8.68648410544
8.69515474913
8.7080424174
8.72663514453
8.77868667408
8.79728555772
8.85091063582
8.87043098379
8.90876896414
8.91593452551
9.7210813923
9.7332042743
9.90022496487
9.91178752868
9.96457507539
9.96980299885
10.0145404957
10.0386380572
10.0897250848
10.1404589015
10.1672572725
10.183647035
10.1882495886
10.195278992
10.2121643474
10.262580218
10.2957224083
10.3248052868
10.3663326322
10.4541587124
10.4904473212
10.5084626131
10.5258663523
10.6480761842
10.7168773575
10.7446667372
10.7631341246
10.7954760105
10.8229294044
10.834058096
10.8444586235
10.8559232528
10.8663930969
10.8734927756
10.8794177386
10.8898900882
10.9177177003
10.9550868319
10.9622058954
10.9817324138
11.0305628807
11.0750304741
11.0879478894
11.0954593656
11.1065726665
11.1269869482
11.1479588366
11.6352178724
11.6744543847
11.6905349246
11.7086508635
11.7428566798
11.7665256817
11.8045822398
11.8973672002
11.9100872481
11.9434945561
11.9790857685
12.0079025037
12.0142692593
12.0304101242
12.0481434581
12.058631655
12.0699162539
12.1098414512
12.1167739458
12.1306182405
12.1360474634
12.1567794577
12.1863749905
12.1997987429
12.2092127222
12.2171145524
12.2296776741
12.2480429169
12.2678187738
12.2970321977
12.3068121961
12.3454068281
12.3537193266
12.3745541093
12.4146600456
12.4495787604
12.4662059387
12.4727706634
12.4965077266
12.5266901279
12.5516360944
12.5705984874
12.5838217138
12.6063626794
12.6205401777
12.6490637904
12.6786485789
12.6848470881
12.704600135
12.7389575365
12.7792360633
12.8110865847
13.1774925188
13.2135796903
13.2242598373
13.2293507764
13.250523042
13.2624423271
13.2761920918
13.3206156575
13.3661586285
13.375865433
13.3963547215
13.4100255342
13.4156035931
13.4205140973
13.4535271031
13.4632936492
13.4891120025
13.5273157092
13.5494926375
13.5615769778
13.577717432
13.6129979002
13.6341585429
13.6637863997
13.6941184758
13.7106425641
13.7377133696
13.7620881367
13.7857787676
13.8299733372
13.8564104762
13.8732988871
13.8876277114
13.9267843171
13.9603755974
14.1701997571
14.1750732368
14.2262421875
14.3251325974
14.3710420049
14.3754562641
14.4062904331
14.4226563976
14.4353379027
14.4512455476
14.4698061533
14.4867309264
14.5651561842
14.6438625315
14.6583112706
14.6768554838
14.6998367946
14.7046121727
14.7137113654
14.7503186129
14.7676910448
14.7799266318
14.802147252
14.8148476792
14.8429615842
14.9193451228
15.0292677405
15.0428978713
15.0641968078
15.2050291228
15.221981722
15.243191456
15.2668088376
15.3043531728
15.3756507719
15.3997774594
15.4069675558
15.4491296796
15.4870816121
15.5293304744
15.5572556451
15.5972014189
15.6217569274
15.6379108317
15.6611072805
15.669612429
15.6822113556
15.7389643088
15.7499480396
15.7544273835
15.7821375885
15.7908095772
15.81429818
15.8341699564
15.8734889993
16.43582364
16.4414906748
16.4689896169
16.524506902
16.545161935
16.5581324197
16.622243573
16.6874656417
16.8050726687
16.8126727047
16.8283181383
16.843942592
16.8729792977
17.0418399166
17.0575919474
17.1167301178
17.1347145689
17.1562572255
17.1885695564
17.209164074
17.2224543913
17.2264494038
17.2583770349
17.2885652091
17.3142667582
17.328578311
17.3584646005
17.3658337635
17.399331965
17.4201205271
17.4605241344
17.4995549412
17.5229568986
17.5705063212
17.6145386089
17.6363886323
17.8282508292
17.85517105
17.8811126271
17.9002017717
17.9675539421
18.0155711724
18.0271496782
18.0447736786
18.0559326009
18.076011734
18.0816332214
18.0981971139
18.1222623643
18.1387574891
18.1514713586
18.1757147857
18.1799532378
18.1865118097
18.1934321643
18.2166188455
18.2424764616
18.2636773916
18.2779457681
18.2933590771
18.3470281812
18.3786742751
18.3937872002
18.4485728754
18.4797432934
18.5120237949
18.516119791
18.5415641092
18.5675388442
18.5720786408
18.5804973378
18.616368501
18.6513336851
18.7067292267
18.7307323576
18.7457251815
18.7619626833
18.8826158204
18.9061957737
18.930070449
18.9580762677
18.9835347805
19.0097787055
19.0308573628
19.0473529779
19.0850271047
19.2094087199
19.2152697416
19.2268113241
19.2326806285
19.2464942779
19.345444608
19.3595504987
19.3788301803
19.3948952429
19.4153871781
19.4293396718
19.4499709125
19.4766830115
19.4957634801
19.4995094202
19.5053497159
19.515026853
19.5232749374
19.5327436739
19.5562316512
19.5641258858
19.5800031387
19.6412487075
19.6821036061
19.7003031826
19.7133248745
19.7602727704
19.7702037136
19.8049009927
19.831188385
19.9105647255
19.9179908473
19.9547199645
19.9801154939
20.001379264
20.0279243911
20.0542799847
20.0753287177
20.0966158443
20.12450881
20.1831106968
20.2903046309
20.3287355319
20.364827926
20.39256842
20.4103417539
20.424199033
20.4345400621
20.4431463201
20.453723204
20.4756593494
20.4825336065
20.4962659885
20.5529981135
20.5718883964
20.5792537858
20.5915681972
20.6030164761
20.6264877286
20.6641080839
20.6981620851
20.7140980741
20.7282759538
20.7439598809
20.7525432491
20.7640411607
20.796330933
20.8096620667
20.8392062719
20.8691188303
21.0693041369
21.0963305237
21.1062772161
21.1350419132
21.1793808043
21.2349536604
21.262949471
21.3068836486
21.3370575384
21.3656326063
21.3797752748
21.4312017297
21.4513288279
21.4644644945
21.5531505118
21.5905102563
21.6038372631
21.6287750244
21.6522740754
21.663145043
21.679444153
21.8066451897
21.8118580308
21.8284884463
21.8453537196
21.8737389505
21.9015941036
21.9231835453
21.9357519974
21.9484002627
21.9536422415
21.996493661
22.0106499329
22.0291177865
22.0751884983
22.1145619685
22.1308997339
22.1776108802
22.1921558123
22.2177343604
22.2240590342
22.2669586708
22.2888423786
22.3215142524
22.3460893172
22.3581431169
22.3725617623
22.4248269423
22.446190483
22.4528687104
22.4760415119
22.4991403859
22.526202836
22.5674362385
22.6193033632
22.6656973914
22.8085903162
22.8267090157
22.8306508986
22.8493680241
22.877299293
22.8972652061
22.9195976183
22.9338698776
22.9529937718
22.9640301486
22.9851776481
22.9950137895
23.020982433
23.0934232032
23.1055548243
23.1276640476
23.1389415608
23.1455632382
23.1514374901
23.1800611362
23.1885188454
23.1940857802
23.3611094358
23.3938532452
23.4063963584
23.4301433926
23.4373129474
23.4702387999
23.5017857994
23.521174014
23.5539869843
23.6367624111
24.066204168
24.0714503346
24.0879128094
24.1142069759
24.1301176995
24.1380826827
24.2261007639
24.247682181
24.2641738949
24.2781151604
24.2842142752
24.2936125919
24.3045405808
24.3155559898
24.3385062345
24.4110251441
24.4207225565
24.4523268083
24.4709893757
24.5059661939
24.5240600879
24.5611622089
24.5650290944
24.5977821995
24.6143317328
24.6502043164
24.8718465939
25.0044182387
25.0411872093
25.0715389028
25.0812644146
25.1248447469
25.1564101186
25.1799906502
25.2129370016
25.2201340956
25.2370735193
25.2407177216
25.2521007516
25.2665791348
25.2857572027
25.305660311
25.3609731533
25.3842716266
25.3975955211
25.4294404501
25.4463165155
25.4582590496
25.4624235008
25.4698700293
25.4864018584
25.4973951813
25.5153076259
25.529836446
25.5501008461
25.5662454697
25.5955900438
25.6076790169
25.6212606435
25.6443955812
25.6602750731
25.6973910298
25.7288971155
26.0615386894
26.0824389567
26.1288086696
26.4145119333
26.4265156481
26.4327475825
26.441792117
26.4531533893
26.4651841302
26.4699200848
26.476661888
26.4971272125
26.5119120477
26.5262031845
26.5637132048
26.5734052209
26.5794729971
26.5851568787
26.6104970292
26.6435693088
26.6540791979
26.6619589406
26.6662727231
26.6862789575
26.6915336471
26.7051574184
26.7250406724
26.7322513976
26.7383429317
26.7684996253
26.7867034537
26.8085140027
26.8422935761
26.8560863693
26.8810805379
26.8896366682
26.9064926379
26.9796133888
27.0155048655
27.0582478956
27.0955360212
27.1691484272
27.1980277163
27.2149900475
27.613230886
27.6204804547
27.6276293321
27.6399017719
27.6627042599
27.6690975343
27.6832022895
27.6878985452
27.7030249152
27.7342486614
27.7421543476
27.8026837947
28.0604555719
28.1200157899
28.1381798972
28.1861610742
28.2185215812
28.2484918226
28.2744639519
28.2810358062
28.2958522477
28.3191185712
28.339450669
28.3617639689
28.3829973845
28.4380169406
28.4605735835
28.4811522899
28.5325276179
28.536459031
28.5770197555
28.5859363839
28.6670433938
28.7267190175
28.7549124769
28.8070706533
28.8127137418
28.8252073398
28.8395198794
28.8553101804
28.8607422267
28.8814756838
28.895803723
28.9101266525
28.9286282686
28.9344815391
28.9407896903
28.9506566548
28.9607030728
28.9680606019
28.9795599185
29.0048423413
29.0140044529
29.0288036182
29.0435564278
29.0578033626
29.0758776608
29.0994907792
29.1029848619
29.1154086585
29.1363854524
29.1509219397
29.1588915603
29.183485074
29.1915858137
29.2005273069
29.2133678699
29.3657024929
29.3790570771
29.4036130325
29.4070555576
29.6235702434
29.6275250609
29.7107940306
29.7585842339
29.7786733546
29.7841904849
29.8171840952
30.0101038666
30.0840916583
30.097407154
30.111809578
30.1168916247
30.1530037435
30.1754727956
30.1808464037
30.1872966539
30.2077405096
30.2589970758
30.2786585029
30.2844268128
30.3010189942
30.3052827847
30.381286617
30.4930198874
30.5172230734
30.5296368244
30.5683438339
30.7056250489
30.7823715936
30.7873613826
30.8063360782
30.8210790118
30.834967404
30.8875927243
30.920236904
30.9365320363
30.9772925563
31.0188263036
31.0672644834
31.0905426112
31.1326709712
31.1750146263
31.2104280869
31.2519316328
31.2589542128
31.2639904832
31.2687853729
31.2838162138
31.2890012606
31.2997451254
31.3141171953
31.3339287797
31.3403345666
31.3679787988
31.3744684617
31.3935791033
31.4109347209
31.4218967021
31.4261039592
31.4482263759
31.4655857204
31.4802194051
31.4994426646
31.5079350764
32.4091162475
32.4150395008
32.4718364579
32.479386855
32.4983346687
32.5094440454
32.5150905006
32.5254300142
32.5845270674
32.6368060272
32.6782316511
32.6903071509
32.6991933771
32.7405808868
32.7740840239
32.8106892529
32.8241038347
32.871775271
32.891485905
32.9156224077
32.961152979
32.9704727182
33.0031011444
33.0248547443
33.1062557501
33.1455051606
33.1626780951
33.1806878325
33.2146031105
33.2294160444
33.2644055213
33.2965663369
33.3256790615
33.3587161539
33.6113385141
33.6252981247
33.6444971554
33.6525536101
33.6619430165
33.6809140834
33.7660439106
33.772515712
34.1314755296
34.1431679962
34.1532924086
34.1614130684
34.1861174152
34.2162876204
34.2469807293
34.3223748269
34.3433777402
34.3637616837
34.4449208909
34.5038966281
34.509784053
34.5222204385
34.5624338973
34.5822720078
34.5942970015
34.6087030114
34.6512420739
34.6896871859
34.7823921502
34.8043644623
34.8082136915
34.8166012818
34.8301598368
34.8419344775
34.8629316392
34.8714440471
34.8850906094
34.8946277949
34.8991581098
34.9148752139
34.9192370141
34.934485531
35.0393206635
35.1520669246
35.2758702749
35.2892553048
35.2940461901
35.3108031685
35.339892919
35.3934185726
35.4316643887
35.4425700358
35.4680438293
35.5233425246
35.5446582708
35.5504001361
35.5929912805
35.6398176447
35.6576009954
35.6904886665
35.7331645357
35.7747535618
35.8274832428
35.8497468871
35.9042803943
35.9141370658
36.0268841165
36.0394970423
36.0500311545
36.0716472137
36.1340130899
36.1394665811
36.1555986319
36.3538873372
36.4784737766
36.4985959766
36.5274635074
36.5650145983
36.5736506933
36.5774095942
36.621196278
36.7183848862
36.7714886605
36.8118216752
36.8387590272
36.9487580991
36.9757311338
37.0197121099
37.0440140252
37.0808819966
37.0846964276
37.1215564715
37.1469318476
37.2078368234
37.219150086
37.230960482
37.2479309686
37.2522723545
37.2562090384
37.2899050728
37.3055403317
37.3132525816
37.3350878276
37.3451502009
37.3622966218
37.3719798088
37.3819027619
37.3990188365
37.4151212444
37.431328315
37.4427603623
37.4606836768
37.4822295632
37.5161908886
37.536893849
37.5765365242
37.5876957427
37.6187809063
37.6432249526
37.6902079903
37.7118179925
37.7256617193
37.7416867903
37.7855770442
37.8591984962
37.8750970167
37.9189083882
37.9540920301
37.9969565631
38.0874906691
38.1225926155
38.1747183924
38.2223146727
38.2466136355
38.2697882879
38.2998451205
38.3547907552
38.4343148474
38.4498427583
38.4780960686
38.4942880089
38.4988764251
38.5156566316
38.5889633189
38.6426334258
38.6654909924
38.7149425216
38.7390575321
38.7999379706
38.8060197458
38.83458974
38.8691261293
38.8775482751
38.8930202623
38.9669047196
38.9935728505
39.0169193741
39.0227481505
39.0437137025
39.0737645522
39.0919903656
39.1043123922
39.127885039
39.1503205357
39.1713462854
39.1837882892
39.191333158
39.1970812357
39.213961099
39.2414304554
39.2836714939
39.3246040044
39.3626320896
39.3851088929
39.423589912
39.4592659844
39.4875242942
39.559002388
39.5949098957
39.612593642
39.6225923771
39.6293995312
39.6441632407
39.6525693133
39.6625641869
39.6677695013
39.695970869
39.709862952
39.7286076501
39.7499126463
39.7659689385
39.7885559273
39.8043947567
39.8263899858
39.8496984407
39.882643308
39.9023663588
39.9158041988
39.9396583487
39.957127907
39.9790825527
40.0055856863
40.0162430981
40.1712773731
40.2478177347
40.2575446252
40.3066079786
40.3476493761
40.6814406687
40.7343924783
40.7793859635
40.8214211451
40.8340422182
40.8443515139
40.8553853379
40.8606837227
40.9080713563
40.9380575327
40.9479259993
40.9635852759
40.9796465694
41.0169850239
41.0563933857
41.0703163015
41.077441356
41.1052903361
41.1263989002
41.1386431351
41.1459146025
41.1688992195
41.1844940088
41.1959226131
41.213462072
41.2459848973
41.2581078384
41.2725105389
41.3013273454
41.5194066056
41.5487978785
41.5572670829
41.5848236452
41.6149910971
41.6589072766
41.6986494659
41.772947406
41.8394206059
41.8520699341
41.9013201996
41.9783004671
42.0781231039
42.0920274402
42.1003120572
42.1530704916
42.1716723328
42.2225172124
42.2558900756
42.2750475443
42.2786514306
42.3045601964
42.3325374317
42.339807583
42.3911677643
42.4259156615
42.5601637777
42.6279495874
42.7237675758
42.7313727308
42.953008994
43.0542486966
43.0841046417
43.1440267899
43.2293020171
43.246871333
43.3027421842
43.3183210179
43.3459021982
43.3747625042
43.4015683469
43.423099321
43.4606122245
43.5066527733
43.5473471939
43.592132962
43.6156787911
43.6298020665
43.6918373597
43.7108076765
43.8181037199
43.9062431533
43.9463955851
44.0214719251
44.0456212551
44.2968993934
44.3638064666
44.4148990435
45.6175081596
45.6598957732
45.6942987153
45.7120138092
45.7504343316
45.7666424993
45.8024109855
45.9305405775
45.9725954522
45.9776684045
45.9991281389
46.0518700179
46.8128110019
47.0786357489
47.1208409919
47.1481459285
47.206840974
47.2154375688
47.2574720321
47.339780524
47.3821517937
47.3930942843
47.5600032951
47.5814153147
47.5906859755
47.6610262974
47.7435473028
47.8113776134
47.8653357242
47.89189511
48.0250538743
48.0354886568
48.053127043
48.09945623
48.1159127554
48.1226915396
48.1497586597
48.1723629298
48.2100596132
48.2666986211
48.3147244819
48.3853457735
48.4098104087
48.4539331437
48.491709398
48.5453478498
48.5797973023
48.6029185627
48.6508239615
48.6784888666
48.7218918783
48.7559208271
48.7863197912
48.8460017738
48.9354610625
48.9898473702
49.1370532166
49.2072979761
49.3149799998
49.3460375255
49.37916014
49.3919041557
49.4060041403
49.4604913372
49.4801356219
49.5138864375
49.6642681981
49.730692343
49.8581435973
49.8920215126
49.9198261699
49.9314246501
49.9695855347
50.230663726
50.2935811257
50.3866927186
50.4190908477
50.4312186362
50.4713818169
50.5148939167
50.5327799151
50.5503279307
50.5773334417
50.6084077599
50.6609451932
51.2958777785
51.3786424403
51.4608349412
51.6078682528
51.6308667265
51.6480851357
51.6712171167
51.7709869005
51.7779681065
51.7831905242
51.8325275975
51.9591363577
53.1129395336
53.1289301343
53.1495424096
53.26534195
53.3658653726
53.4036373164
53.4585366617
53.6180073184
53.6399874562
53.697833578
53.7183948204
53.7695832242
53.9720500127
54.0254424647
54.0551551976
54.0695910663
54.0910276497
54.1197916981
54.2224412305
54.282954347
54.3178170458
54.3826022483
54.4053920394
54.4337417399
54.4632123887
54.4944267818
54.5471823485
54.6815546041
54.9707807698
55.0156052912
55.0367039325
55.1188319142
55.1533088528
55.2206901317
55.2620463256
55.2946856984
55.3087196174
55.3428319103
55.4399210926
55.4917889775
55.5178112376
55.5363237282
55.5534672954
55.5944036123
55.6028297709
55.6123991458
55.6578072486
55.683325792
55.7385516935
55.7861628189
55.8660340322
55.9489109324
55.9909912275
56.0694725701
56.1926432479
56.2017535881
56.2432846293
56.2674391475
56.3265273338
56.4093605087
56.4207894998
56.4674261099
56.5542629092
56.5807449031
56.641662405
56.6683786802
56.6900766787
56.7222267355
56.7375293386
56.7742083585
56.8437090593
56.900762301
56.9531603301
57.0213601828
57.0982102615
57.1338411251
57.2103816756
57.3699388697
57.4083933665
57.4218417155
57.4653726779
57.6091829343
57.709991557
57.7235821203
57.7928574863
57.8318995646
57.8795824486
57.904257363
58.018745806
58.0343388434
58.1591217046
58.2208131709
58.2965296427
58.4149890552
58.438808905
58.4988966335
58.5783332912
58.6817648973
58.7487184771
58.805904059
58.839374996
58.8503173023
58.867482545
58.8836295406
58.9133751787
58.9437777616
58.9588102642
58.9794004925
59.0090550001
59.1714897255
59.2225636803
59.3392335254
59.4254821719
59.4295312985
59.4510356743
59.5034772967
59.5692363664
59.6706147635
59.7131759863
59.7576596832
59.784923329
59.8716648872
59.8903327423
59.9288555976
60.0174957091
60.028682465
60.0608282651
60.0704757253
60.1038208421
60.1263471908
60.160185953
60.1825284517
60.1982298578
60.2303883182
60.2424837561
60.2680924772
60.2978643705
60.3199999952
60.338494106
60.3573003917
60.4038619768
60.4384666233
60.4888308337
61.0330875556
61.082891952
61.0938166865
61.1891232004
61.2484278181
61.258083607
61.3034218563
61.3371370783
61.3618171209
61.3816663287
61.3858062217
61.4293020424
61.4744294807
61.6363193638
61.6906013364
61.7661290522
61.7981840104
61.820000772
61.9166626182
62.059109462
62.1059492537
62.2961694404
62.4296871517
62.5646908698
62.6645929183
62.7621912378
62.7778396709
62.8166305204
62.916678792
62.9565377149
62.9813909718
63.0351378377
63.0717882686
63.0978921463
63.1349421862
63.232418178
63.253778879
63.5681840938
63.6044840168
63.6366696875
63.7100234654
63.7718995332
63.7817731822
63.7937757143
63.8158937905
64.1827604491
64.212931375
64.4127702511
64.490270744
64.5457216367
64.6359588967
64.6746871997
64.7662367675
65.0217970545
65.0493749503
65.0605200661
65.1544188496
65.2145257419
65.3719513284
65.4011925486
65.4447661645
65.5383262522
65.5610989483
65.5961475136
65.6260613711
65.7003924879
65.8178487793
65.8778389468
65.9878567212
66.0044884454
66.0250949015
66.1048435968
66.1516533345
66.1795366752
66.2187862556
66.2695620278
66.3011747832
66.3093586145
66.3537583839
66.3999567876
66.4093998473
66.4379988276
66.4760857568
66.5074728039
66.6473459357
66.6568958849
66.722230717
66.7558675422
66.9650442081
67.0572551735
67.2070039492
67.2245169118
67.3288095922
67.3947812491
67.438037893
67.4725001991
67.5705706396
67.6841529589
67.7281660926
67.875259796
67.8905935116
67.975351162
68.0185676177
68.1105519038
68.120764723
68.1517563812
68.1571250564
68.2174709859
68.3114238633
68.3280966946
68.382312056
68.4146260191
68.4480654786
68.5427190169
68.5595207784
68.5866731755
68.7375680838
68.7526334634
68.8001701854
68.8325629738
68.8585853962
68.876861319
68.9553150869
68.978536388
69.0090719552
69.0289757794
69.0919032172
69.1294292027
69.1637956414
69.2041485277
69.2608705308
69.268189293
69.3112995476
69.363587955
69.4845325408
69.5728210798
69.6222616202
69.6536611971
69.6919852555
69.7048941426
69.7545121615
69.784644009
69.7953664161
69.8185331514
69.8352585598
69.8648866758
69.8822666502
69.9001707259
69.953710558
69.972583399
69.9933495618
70.0379437018
70.0520020045
70.1079706748
70.1637251819
70.1686640199
70.2270169684
70.288767943
70.3289346508
70.4059898532
70.4704927571
70.5269322741
70.5685223443
70.6019299901
70.6888363457
70.7253828532
70.8425877398
70.8573206727
70.8610469384
70.8737516361
70.8853020122
70.892548334
70.9000404526
70.9195028661
70.9519883603
71.0563313511
71.0601036222
71.063967624
71.1126178255
71.1449722679
71.1755090607
71.2263286202
71.2693518106
71.3213973044
71.3257340604
71.4346732295
71.4835180747
71.5329686738
71.761603827
71.8577421159
71.937063712
72.0106975222
72.0226870094
72.1068345325
72.4540782749
72.6109039631
72.6460198311
72.6814003048
72.8194650964
72.8705004055
73.2047553747
73.2214086152
73.2307918793
73.2390948102
73.2687477874
73.2817236411
73.2910775301
73.3109114972
73.3195931035
73.3332407316
73.3462151917
73.3764133449
73.4221703378
73.4310726984
73.4504879218
73.4824782778
73.5067698244
73.53896627
73.555863719
73.6060821644
73.6809644351
73.7045968375
73.7310707423
73.7549222982
73.7902678082
73.8354186093
73.8604810701
73.8980692528
73.945811532
73.9781103633
74.0468139914
74.0976297896
74.1184773352
74.1227395594
74.4379668883
74.4545029183
74.4757102914
74.5079781234
74.5147345123
74.5186801169
74.5469884048
74.621623654
74.6290505026
74.6793069492
74.7017509941
74.7234238594
74.7403342166
74.7650126777
74.7714526136
74.8216064887
74.8630081356
74.9557568694
74.9592483194
75.0366881618
75.0539603764
75.0805232989
75.1417801144
75.1781581993
75.2589906057
75.2769580223
75.3497037952
75.4324816491
75.4575342639
75.6302001744
75.6396717243
75.6701404214
75.6857917328
75.6949042751
75.7002013581
75.7497132808
75.753468195
75.7647568118
75.771362928
75.7930257425
75.821078736
75.8534128206
75.8962693325
75.9367280455
75.9908791535
76.0516914279
76.2336128874
76.2518858288
76.3139213967
76.3516610219
76.4252055694
76.4986031806
76.6019158304
76.6122347227
76.6269958228
76.6831468561
76.8647345277
76.9019263443
76.9561049217
76.9695763165
77.0255990112
77.0727351513
77.1025495584
77.1122446532
77.1417732954
77.1524296006
77.1674014715
77.20179578
77.2463651574
77.2501849999
77.2814878159
77.4932410648
77.5779402295
77.6260759929
77.7588723422
77.7716635378
77.8518983351
1636
