6.00638111957
6.39587263191
6.4105816569
6.5744688676
6.63006784872
6.7050179046
6.72999780261
6.75851621364
6.7777485099
6.78562138461
6.80202031292
6.83391045722
6.85646763514
6.87838869884
6.91594832581
7.00630343776
7.07385173335
7.09837882749
7.24880470395
7.28631350339
7.30755188873
7.31729160161
7.3279174094
7.3630805124
7.37134545233
7.38232163458
7.38611867864
7.39686560459
7.41135832266
7.4352821628
7.44523948411
7.45593493879
7.48252342063
7.50336720376
7.51400807737
7.55281808786
7.57468715293
7.59810572031
7.61167190975
7.62464103157
7.63300672375
7.65184740225
7.68415968994
7.74606704762
7.76494128262
7.77910358658
7.78760718017
7.80756843116
7.97988440534
8.00852861399
8.03418202687
8.04218617685
8.34654525498
8.39426739502
8.40609293456
8.41323262303
8.47630024812
8.49057512477
8.50086755618
8.52674912987
8.55166018445
8.56624197623
8.58404391153
8.59813245086
8.61171112985
8.68853712663
8.7226717352
8.73177005395
8.76780112983
8.78038906494
8.78494443443
8.79046543488
8.79865741022
8.84462437693
8.8736027251
8.89218768682
8.93819742111
9.39281383642
9.47843845178
9.53566711636
9.58756306519
9.63438310889
9.6613452832
9.67406292005
9.68015777696
9.69438190445
9.70963249971
9.71952508336
9.72847627284
9.74748004691
9.75352067499
9.75951612378
9.78481518788
9.79261040668
9.81534164819
9.83009322194
9.84073242551
9.84621710577
9.86500391713
9.88621871601
9.89473563381
9.9105602628
9.93868136364
9.94628916574
9.95981552167
9.9907588485
10.0022081495
10.0292523257
10.0496477632
10.1268558471
10.154573621
10.1708412335
10.1947264658
10.2161224971
10.221603896
10.2334625028
10.2717126113
10.2927975919
10.3229515072
10.3639057376
10.3819525077
10.432921342
10.4599390771
10.4953338986
10.5159466054
10.5623449292
10.5983963501
10.6436417201
10.6512339426
10.7244597447
10.7398960359
10.7666618097
10.7852975111
10.8136490229
10.8236798734
10.8317373905
10.8677388303
10.9468258686
10.9548714506
10.9694579565
10.9760180097
10.9825544631
10.9913447837
11.0056958898
11.0248626845
11.0594400606
11.1621748164
11.1740169744
11.2284443778
11.2477393277
11.2620369297
11.28300712
11.4354538614
11.6185870852
11.7120820713
11.7640058781
11.8044162612
11.8347242887
11.8879791838
11.9413689832
11.9595099601
12.0095377134
12.0357159576
12.0395381864
12.0517383657
12.0664269858
12.0730080814
12.087754565
12.111428916
12.1170273397
12.1219621538
12.1300909637
12.1446911911
12.1581796367
12.165398342
12.1861311662
12.264066994
12.2790549388
12.2957742378
12.3072042888
12.3265149459
12.3301728945
12.3363293949
12.3548773196
12.3801388012
12.3974196895
12.4301832871
12.4418843838
12.4882895945
12.5167501317
12.5264039901
12.54774496
12.7033189691
12.7137736828
12.758301611
12.7825746286
12.812060877
12.8515411527
12.8906732746
12.9184128714
12.9925106166
13.0400112041
13.1902228963
13.2113473209
13.227028574
13.2632496136
13.2681421109
13.2888544514
13.3001307865
13.3832826874
13.5905898301
13.5944095742
13.6016254107
13.6142066146
13.6196459924
13.6293713262
13.632893475
13.6456264203
13.6956909057
13.7145594431
13.72265438
13.7302912406
13.7641703684
13.7951993512
13.8585277664
13.9023971442
13.9360685651
13.9441826205
13.9676444429
14.001475129
14.1523918588
14.4041335072
14.4126140368
14.423265665
14.4386825827
14.4852397884
14.5224437536
14.5413005421
14.5475573309
14.5730358243
14.5766639561
14.588771004
14.5937718014
14.6281759097
14.642383006
14.6537350026
14.6867640192
14.7087656851
14.7466654399
14.7680824956
14.7739127324
14.7900397252
14.7967500811
14.8090525159
14.8446316243
14.9444096924
14.9789284223
14.9970985134
15.0472978905
15.1013177275
15.1148624709
15.1294277624
15.1559994894
15.1723842622
15.6092824877
15.6209331275
15.6257952662
15.6297449713
15.6423359254
15.6713665553
15.6858936351
15.7105594737
15.7374605978
15.7467517993
15.7832075777
15.8083705519
15.8357387719
15.8573324714
15.8765445658
15.9916729433
16.1691272487
16.1902857858
16.2057764284
16.4708278762
16.8151456901
16.8318643978
16.842879116
16.862140956
16.8690305297
16.8790671075
16.8930395405
16.909033956
16.9207736749
16.9667530946
16.9758268376
17.0117003361
17.0295561793
17.0352309434
17.0573783935
17.0682178349
17.0821063349
17.1162218137
17.1303371891
17.143257317
17.1589810217
17.1782421192
17.1954073945
17.6114205779
17.6736067022
17.7675385922
17.7854194175
17.7971452863
17.8403536884
17.8834499261
17.8967143598
17.9221076909
18.0116254752
18.0208206386
18.0396543952
18.0509909354
18.0608342175
18.0720635545
18.0783788092
18.0936274596
18.1108978079
18.1513693435
18.1689667534
18.1734088608
18.1910127071
18.2361628476
18.261668252
18.274426308
18.2833892765
18.3696638567
18.4057994101
18.4573011426
18.4659056857
18.4771275357
18.4951873253
18.5167807191
18.5435083501
18.6158011634
18.6283823244
18.6448623154
18.6610390405
18.6756978735
18.728248118
18.7568063148
18.9328096141
18.9572046466
19.0597558762
19.0935039635
19.1488953765
19.1868240366
19.2104697513
19.2167329264
19.2254932593
19.2414710219
19.2451315101
19.2657936253
19.2728164532
19.3071481406
19.3148138144
19.3227714364
19.3298092697
19.3673629777
19.3719549489
19.381135143
19.3874422235
19.3956490343
19.4112852244
19.4228188155
19.4371563772
19.4929422839
19.4999494296
19.510220978
19.5346508218
19.5566908544
19.564424336
19.5767042471
19.5844749317
20.4122281897
20.4234764672
20.4272084085
20.4433234441
20.4513117207
20.4609735747
20.4765055125
20.4977437319
20.522083853
20.5299836035
20.5432951333
20.5787068874
20.6005934868
20.6093518342
20.9687808819
20.9791671127
20.9929811737
21.0262015118
21.0584352854
21.0641171403
21.0788211645
21.1109385867
21.1598950177
21.199896035
21.2402261602
21.267491058
21.2916974002
21.5003670692
21.5327723853
21.6156357985
21.6269877442
21.634804389
21.6399319504
21.6522917141
21.6750161353
21.6798249721
21.7307574495
21.7380394586
21.7490943084
21.7542419417
21.7689252019
21.7747509279
21.7876126449
21.7960141265
21.8012017031
22.234977736
22.2926529432
22.406416447
22.423168859
22.476481604
22.4992217623
22.5032154664
22.5533132295
22.6073184351
22.625403905
22.946264495
22.9639379532
22.9733633065
22.9853267326
22.9981112271
23.0077267253
23.0114774411
23.017956688
23.0789224006
23.0930851062
23.1056031353
23.1269768265
23.1383213052
23.1520046076
23.1647781778
23.1805066631
23.1961821926
23.2085635828
23.232107517
23.243168304
23.2882675011
23.3227074209
23.3728404752
23.4039378369
23.4103698056
23.4450981108
23.4779351031
23.4836642381
23.5150142093
23.5360295892
23.5833194774
23.7584712339
23.7815642319
23.7895489448
23.9014129367
24.0265650798
24.0389775296
24.0506714198
24.059944078
24.069680824
24.0796669652
24.0924707658
24.1007096071
24.1288918551
24.1338353819
24.1426644174
24.1625546536
24.1731840221
24.1952405088
24.2025222124
24.2230084976
24.2273785983
24.2334569643
24.2462818809
24.2605351619
24.2946369348
24.3355432666
24.3498653896
24.3664349598
24.383490157
24.392622831
24.4004735902
24.4317582928
24.450673086
24.4826877815
24.4926029855
24.4967692451
24.5089780321
24.5717311541
24.5810582072
24.5975421647
24.6273316557
24.6626094024
24.6672979546
24.7350172944
24.7765126655
24.7895815987
24.7957109394
24.8240638157
24.8715851244
24.8911004456
24.934881681
24.9499144102
24.9558054003
24.9885668519
25.013614387
25.0687452418
25.1227382388
25.2522299093
25.2599469072
25.2924024343
25.3029118752
25.3750476197
25.397322025
25.4132984475
25.4694467718
25.4741321843
25.5546871447
25.5845622714
25.6298081818
25.6401851619
25.6515336853
25.7116151721
25.7399836443
25.7841706268
25.8010314156
25.8311810832
25.8410898515
25.8617845678
25.8744604326
25.9014237172
25.9646034146
25.9919064891
26.0447804714
26.061763028
26.0701207318
26.1010726839
26.4079084081
26.4208836627
26.474173479
26.4853612854
26.5077014204
26.511523499
26.544299072
26.580487228
26.6036434989
26.6120531441
26.6174370406
26.6238553266
26.6358716029
26.6432215152
26.6484941499
26.6970507162
26.7192359548
26.7329215515
26.7425252439
26.7584497692
26.7672993366
26.7894137422
26.7976819054
26.8122451847
26.8343650936
26.8533878137
26.8714529017
26.9009331708
26.9190260926
26.936342822
26.955214146
26.9791832241
27.0137935978
27.0494256667
27.0677901178
27.1679603651
27.2151118898
27.2619507538
27.2657446173
27.3096804889
27.4900962534
27.5026867784
27.5257654576
27.5354810393
27.6092638844
27.6155484878
27.6262318666
27.6390299921
27.6438005339
27.6657339242
27.6746359673
27.7072828592
27.7145698224
27.7322296054
27.7569041681
27.773632017
27.7933777639
27.7975763301
27.8271168538
27.8345906674
27.8608333078
27.9115468086
27.9232732371
27.9357569785
27.9850944397
27.9963161357
28.0168472337
28.0275565851
28.073115621
28.0982819809
28.1252591346
28.1395292403
28.1549509088
28.3103169
28.3376285735
28.3660910184
28.4179003527
28.4365857287
28.8055706119
28.8172460459
28.8320167962
28.8427465062
28.8483882921
28.8869601324
28.8932239008
28.9186890571
28.9241073377
28.9347699153
28.9471731058
28.9659226438
28.9719346019
28.9846048589
28.9902003665
29.0034659588
29.0172669376
29.2724976429
29.2957472754
29.3799240604
29.3842541262
29.4260144843
29.43438936
29.4791219638
29.5138895278
29.542847812
29.5910524069
29.6012717226
29.6478866175
29.6967616898
29.7242759903
29.7518575807
29.7817972193
29.8116953236
29.8331780594
29.8454767084
29.8583289035
29.9523596533
30.1163143094
30.1298259054
30.169590099
30.1878944616
30.1975422348
30.2143396104
30.2200353259
30.281253753
30.3153528627
30.3333715349
30.343341807
30.3531855569
30.3673825256
30.414994283
30.6669817786
30.6847544113
30.7571313337
30.8060233981
30.8274378782
30.8750859111
30.8960745019
30.9144836152
31.0415568783
31.096989371
31.1148382845
31.1808754454
31.2048290928
31.2701687988
31.2758021721
31.2879159231
31.2958803621
31.3084588882
32.4054162072
32.4249186918
32.4472634436
32.4521437574
32.4630094896
32.4712750567
32.4883210292
32.5007553378
32.8400400955
32.8502627059
32.8584744661
32.8663735834
32.8724925659
32.8889988988
33.0086807577
33.6258500833
33.6469831672
33.6544765178
33.6666102445
33.6795068363
33.7083167202
33.7793864628
33.7861129109
33.8047404156
33.8081485616
33.8179077221
33.8703920823
33.8821053428
33.9045750114
33.922693403
33.9341316313
33.9884279152
34.0079415895
34.038886347
34.0634921117
34.1031045103
34.1252020722
34.1460090549
34.1634611843
34.1930290305
34.2330506835
34.3154890855
34.3676457486
34.3810015245
34.4252513315
34.4636863361
34.5131128877
34.5692211357
34.6021109222
34.6571825127
34.7886072273
34.8354890551
34.8478429635
34.8669720653
34.8807823698
34.8846262968
34.8980910732
34.9018724635
34.9269596953
34.9459674222
34.949848729
34.9686402909
34.9828830305
35.0011620057
35.0204827177
35.0436179514
35.0510416721
35.1003836957
35.3048703623
35.323124084
35.3755670134
35.3926592544
35.408612849
35.4684908219
35.5227423209
35.5722584034
35.5904500734
35.6448058393
35.6732906865
35.6959285324
35.700582866
35.7316118312
35.7503751412
35.770600509
35.7969607167
35.8580491055
35.9434926244
36.0312602264
36.0371742219
36.0526629526
36.0649914921
36.2068994379
36.2741859925
36.2894005983
36.2960560498
36.4421213294
36.4787962284
36.4923259024
36.5032214339
36.5319472907
36.5633457579
36.584122092
36.6213928527
36.636470609
36.6645219433
36.6884455415
36.6962598594
36.7314299118
38.14554902
38.2054629627
38.3816277083
38.4147951773
38.4322841397
38.4376083215
38.4536772
38.4639793379
38.4699900289
38.4871158241
38.5017840225
38.5340447023
38.5430849886
38.5727397539
38.5812059345
38.5953477885
38.608476757
38.6178077656
38.7230732378
38.7271450887
38.7516061501
38.7763658768
38.8070272562
38.9874158174
39.0084784873
39.0974545854
39.1385392841
39.1571516753
39.1761853407
39.1865982255
39.2286594328
39.2980021164
39.334459999
39.3616922933
39.4327758933
39.4510990571
39.5325035921
39.5773784042
39.6124345718
39.6214174466
39.6383717858
39.6475037247
39.658326106
39.6644254376
39.6762895369
39.6830005672
39.7645203258
39.7785499419
39.7901519393
39.8228343072
39.8637821679
39.9259839752
39.9506188314
39.9596620255
39.996699351
40.0274207826
40.0499465404
40.0626029632
40.0907347075
40.1246520777
40.1405374098
40.156757098
40.1651062599
40.1845083371
40.2117675699
40.2316707514
40.2567199813
40.2768089413
40.2892538969
40.3344088069
40.3454727625
40.3850967595
40.4332745871
40.4447505803
40.4627083016
40.5378593166
40.5711824251
40.6287338974
40.6683684492
40.6817357765
40.7276964773
40.7453114388
40.7576392012
40.7980527025
40.8068853273
40.8245619849
40.8399664267
40.8522736585
40.8581944564
40.8690792346
40.8838258669
40.9074558913
40.9214100885
40.9293994776
40.9398168072
40.9769680687
40.9929871123
41.0058869983
41.0410684826
41.0463781466
41.2936408376
41.3501931935
41.372132303
41.384444215
41.4880620992
41.5067172835
41.5314302685
41.5513653971
41.5937120194
41.6022171262
41.6351455129
41.6789277547
41.6925036645
41.7318486966
41.7366989376
41.8572814843
41.8797616188
41.9258723099
42.0035695488
42.0193197729
42.033695613
42.0392861327
42.0506895308
42.0774777048
42.0815709826
42.1008836151
42.1103258047
42.2022220081
42.2281140906
42.2398132511
42.2896496579
42.3545417915
42.3727000999
42.3795129755
42.388702538
42.4276286814
42.4324414855
42.4616244077
42.4673636164
42.4933401909
42.5995296258
42.6281088259
42.6543273844
42.7221465665
42.7753236061
42.8062404508
42.887926276
42.9854150751
43.0081983031
43.0344810379
43.0711179467
43.1816559016
43.2335666988
43.2685748761
43.2817512005
44.4302897242
44.4431672909
44.4789534185
44.4988631663
44.5173248782
44.5389390828
44.5564515773
44.5893078027
44.6097281864
44.6346395605
44.7138757047
44.8238030747
44.9074587393
44.9458504258
44.9934161286
45.4086285951
45.428298964
45.5398571284
45.6092521601
45.6620121976
45.6825492243
45.7117631874
45.7544397407
45.793647421
45.8333463622
45.837072466
45.8706409513
45.8781517836
46.0999445314
46.1513049648
46.1840824019
46.2701296227
46.3114389636
46.4638651228
46.5038721885
46.5489604441
46.5796410259
46.6031070667
46.6546110582
46.7191450771
46.8102777844
46.8196282559
46.861643645
46.9119355899
46.9310133341
46.9457590432
46.9622240875
46.9828183634
47.0664553416
48.0274014071
48.0581681256
48.0896889938
48.1272883763
48.1433535943
48.1572814804
48.1730708012
48.2507168523
48.2542156708
48.2892558045
48.306936818
48.3178319337
48.3874378574
48.4208013714
48.4513949618
48.4961537523
48.5068509184
48.6081727314
48.619670721
48.6477668327
48.6849805759
48.75406898
49.1962957839
49.2117035819
49.2559669252
49.3366386062
49.3696894283
49.400287307
49.4240810205
49.4621435836
49.4766021487
49.5187807348
49.5405335971
49.5737627482
49.5868971948
49.6404073814
49.6637127383
49.7472958905
49.7519141076
49.7964514287
49.8116654422
49.8809254891
49.9561051869
50.0171545103
50.0636669792
50.071687206
50.0933909918
50.191591307
50.3387680042
50.3904193546
50.4150599909
50.4331635889
50.4604650135
50.6569745473
50.6957146985
50.8002818241
50.9058500376
50.9160316748
50.9868130736
51.0525505015
51.0650357408
51.0937728353
51.4413784372
51.4573472252
51.4910280565
51.529900343
51.5531825608
51.6209230048
51.6242853504
51.7562418468
51.8002524441
51.8101862938
51.8419794606
51.8820330188
51.9079492077
51.9511268965
51.9608543306
51.9927683425
52.0173464701
52.0346261753
52.0540090263
52.0815997202
52.151584217
52.1981208693
52.2348602629
52.275052227
52.2843084512
52.3289360082
52.4692903523
52.5088549237
52.5292796198
52.5835182257
52.7083838205
52.754635314
52.918915003
52.9460920732
52.9842626252
53.0017727602
53.0556905923
53.0614669833
53.0803850857
53.146745561
53.2452162075
53.3252082588
53.4132147926
53.4483386562
53.4639892714
53.8855109736
53.9596060139
54.0157180421
54.0548455033
54.0974126367
54.1049814928
54.1428206571
54.1635035754
54.1986992988
54.2196178324
54.2400823474
54.2846991695
54.2902111268
54.3330084798
54.3517763411
54.3834928288
54.3995136247
54.4468321258
54.4827466481
54.5107561097
54.5198841196
54.5830760933
54.6263230792
54.7094798069
54.7772473699
54.7925174423
55.1429434753
55.1502572542
55.2139747725
55.2280506544
55.2489993331
55.2902132533
55.3242377796
55.3458236331
55.3618816376
55.4061110503
55.41879899
55.4598964328
55.4819462531
55.5265981429
55.5383659834
55.5420938112
55.5590709947
55.5799539578
55.614177196
55.6405426248
55.664702639
55.6876012257
55.7233515801
55.8178348291
55.8696263764
55.9027889887
55.9377594674
55.9687800214
56.002419497
56.0971029437
56.1777256783
56.2273260694
56.2608174745
56.3149512032
56.3643977278
56.4392284565
56.466280817
56.4984987354
56.5157889288
56.5450916302
56.5636546486
56.5927096353
56.6011808326
56.617779269
56.621255669
56.6804876474
56.7231165156
56.7424546821
56.7719785399
56.7762517112
56.8289807433
56.8378169705
56.8739841889
56.9285957547
56.9696134334
56.9942624306
57.0371538668
57.0521176833
57.0685401641
57.1218224878
57.2279876841
57.3193099654
57.32571201
57.3643868143
57.3952062804
57.4490011695
57.4553401595
57.5270302805
57.5631952894
57.6120049443
57.6234452879
57.6499889985
57.6790747376
57.6946308996
57.726576066
57.7563890386
57.7622990708
57.7707085011
57.8239607328
57.8521429111
57.8799481809
57.8943440393
57.913451943
57.9368948846
58.0028456951
58.0135211207
58.044562873
58.0952754072
58.1006905628
58.1812664663
58.2197658328
58.2856160582
58.3132825296
58.3687762102
58.4673975393
58.558328908
58.591460027
58.5962218767
58.804326383
58.8379194321
58.8574602726
58.8690694402
58.8792507911
58.9244558875
58.9486155982
58.9764188522
58.9965768325
59.0149599768
59.058333259
59.0971630967
59.1338673318
59.1407657218
59.1714456604
59.2107576825
59.2728956169
59.319234998
59.3418239065
59.354066837
59.3735145425
59.4370029782
59.5415725401
59.7152357401
59.8339580453
59.9167825639
59.9861242986
60.0091896182
60.0136294801
60.0502269409
60.0754868955
60.0795924975
60.1013740247
60.1791652467
60.1949158951
60.2187818724
60.2383131501
60.2591788373
60.2846887793
60.3188468973
60.3603317834
60.5084698802
60.5950415218
60.6146222315
60.6200923558
60.6434431155
60.6492445108
60.6904933514
60.7398539592
60.7790174159
61.0991368849
61.170380632
61.2178633969
61.2226009101
61.2541104288
61.2619014615
61.2754996141
61.2909553887
61.3100189261
61.3251798944
61.359085164
61.385146768
61.3886220153
61.3985663057
61.417013152
61.4649605518
61.5148741817
61.5391691458
61.5713020227
61.5933979568
61.6447792946
61.692386002
61.6997227193
61.712944231
61.8305870166
61.8806425444
61.9208707398
61.9397202055
62.0029725256
63.606946979
63.622743438
63.6450536614
63.6780961836
63.6916288397
63.703640509
63.7171693564
63.79377561
63.8166126657
63.8777637212
63.8943938032
63.904966128
63.9194103089
63.9604153369
64.0024822037
64.0765408289
64.0803151084
64.1386926623
64.150391743
64.1735486262
64.2190973274
64.2430005086
64.294184954
64.3376288957
64.3500339444
64.364953776
64.3945348056
64.4235186809
64.4827474251
64.5189423319
64.6237957968
64.7170710587
64.7836446166
64.8102237706
64.8168719796
64.833829387
64.8562668558
64.8674012725
64.8837075369
64.9166415511
64.943914088
64.955584285
64.9669594132
65.0185262804
65.0591138549
65.1591939888
65.1633491977
65.1932365817
65.251320291
65.2630088044
65.3698272572
65.5363298569
65.5647349652
65.5814394747
65.6299057175
65.6381179605
65.644771591
65.7127246763
65.7529095439
65.8358410073
66.0374418267
66.0790812197
66.0839362657
66.0983018397
66.1139265115
66.1336664568
66.1619312219
66.1865584091
66.2015410736
66.2529133506
66.2774600969
66.2996859849
66.3852513294
66.3905028763
66.4266046248
66.4658052823
66.537606858
66.6008362757
66.6101056099
66.6923925211
66.7850900736
66.7912393302
67.0499562329
67.0938599934
67.130192842
67.2174511907
67.2541225146
67.2601936107
67.3124998218
67.3471661017
67.3599477412
67.4038964242
67.4333439361
67.4386284986
67.4805464981
67.5108213
67.5540871525
67.5730417638
67.5943266377
67.5976652843
67.6334630436
68.4325029064
68.4733685674
69.4296373102
69.527556607
69.6195243808
69.6656350869
69.7243377289
69.7412527586
69.7947716098
69.8349569919
69.9253802605
69.975622493
69.9847644268
69.9966615093
70.0525540202
70.1254278132
70.1636291755
70.5495327843
70.5716920353
70.6374522124
70.6525498487
70.7456250247
70.7637680488
70.935075298
71.0337850868
71.0760608518
71.1419788436
72.0152886837
72.0424842536
72.0732716495
72.0965747993
72.1096383322
72.1377767064
72.1601182001
72.2038356421
72.2250660098
72.4526576131
72.4631407699
72.483465373
72.5327803713
72.5739353255
72.5918893788
72.6308443021
72.703676946
72.7210493545
72.7764928783
72.8053177951
72.9286383648
73.190581803
73.2389031974
73.2529949756
73.2584991321
73.5348433999
73.6456994662
73.7118692072
73.7252787572
73.7475523851
73.7814694501
73.8322767837
73.8590708651
73.8864129471
73.9056513585
73.9171008824
73.9440062143
74.0015510096
74.0165162897
74.4065891318
74.4169265506
74.4364102111
75.2987496878
75.3175093375
75.4008642144
75.4292661846
75.4955513283
75.542258925
75.6140319503
75.6261601578
75.6371695861
75.6775179818
75.689218315
75.7630175069
75.7761494948
75.8709106728
75.913582926
75.9618461116
75.9788812807
76.018790233
76.0488178984
76.0812404845
76.1164410827
76.1550860202
76.2266819397
76.2925082477
76.3923658256
76.4777993121
76.5340187372
76.619680223
76.6528782687
76.8338881081
76.8706018794
77.1519153092
77.1765890585
77.1833519486
77.239954187
77.2663439731
77.3697496665
77.4388179786
77.620795086
77.7536133473
77.8660637898
77.895572852
1535
