6.0149576882
6.02731322526
6.03786107086
6.17639200321
6.1842191356
6.19153242953
6.21066978001
6.23691545285
6.24239380479
6.26623320123
6.27961797083
6.29235371382
6.37547876403
6.39647479128
6.4002955751
6.41219047185
6.41927432935
6.4448076789
6.50434400385
6.60330198239
6.63689925132
6.69346363788
6.70045421451
6.76974138768
6.83213014901
7.22132724334
7.24137774383
7.25147354508
7.26313939297
7.27033547372
7.28539132713
7.29313624968
7.33191483641
7.34641817434
7.37245362227
7.37900593157
7.38666764312
7.39938253727
7.40776937275
7.42736769098
7.45341494219
7.47440375281
7.48617020104
7.50661132756
7.5268973608
7.54348897678
7.58503354231
7.60998308729
7.63126749351
7.77028300631
7.80544557252
7.85002813773
7.88015093946
7.90775459209
7.93420501986
7.94045660854
8.03331605956
8.05016801646
8.06728324082
8.14175829679
8.19242154976
8.19988202734
8.22939952056
8.25588367977
8.29149200547
8.30810614713
8.40766045316
8.41290817852
8.42828137127
8.44579586136
8.45273034468
8.45645861697
8.48969361836
8.51033306835
8.53296913179
8.54497534594
8.56965090834
8.58198126379
8.58958543838
8.61852901893
8.62371570977
8.64445109868
8.65202829392
8.66428287626
8.68852560923
8.70085273491
8.71758240654
8.73812437723
8.74542764213
8.76683784659
8.7848674679
8.815463306
8.8511274075
8.87721189011
8.90264497689
8.92013024654
9.18243097982
9.2259994055
9.25460698793
9.31227215302
9.33351275624
9.34406717307
9.42128519903
9.44490586381
9.46666430451
9.57243129078
9.60797241143
9.63210407225
9.6442404342
9.70043660645
9.72591516079
9.73389704023
10.4151920907
10.6367088749
10.6587205018
10.7351208395
10.8186949178
10.8330223075
10.8377772818
10.8580891884
10.8735961298
10.8779797208
10.8928692195
10.9085465195
10.9177707542
10.9492243402
10.9714434929
11.0058229024
11.0202058776
11.0393942881
11.0470219898
11.0654084713
11.0859339893
11.1266698689
11.1507318845
11.1680429883
11.3742198879
11.3829502286
11.4011052897
11.433145212
11.4651145078
11.5185832469
11.5263410676
11.5535140865
11.6243755611
11.6585788239
11.6755342631
11.7070672585
11.7486010344
11.7846427071
11.8252726272
11.8481461749
11.9513712761
11.9912972131
12.0108518539
12.0175221674
12.0237703618
12.0450248257
12.049984436
12.0748011698
12.1948479276
12.2017954716
12.2276666176
12.2379241466
12.2525673512
12.2661366342
12.2750948707
12.2983212466
12.3074417422
12.345862189
12.3498551732
12.3710106633
12.3766245158
12.3837000042
12.3954671942
12.4102297039
12.421347611
12.4334616109
12.4516247583
12.4768967794
12.4863899797
12.5017390351
12.526480496
12.576415501
12.5855079929
12.6073304771
12.6129543448
12.6208544496
12.6740661778
12.6796288061
12.7074943688
12.7425336618
12.7655833923
12.7755518302
12.7985694161
12.8352995106
12.8457800852
12.8572219409
13.0670399351
13.1130956589
13.1690073242
13.2211304932
13.2319808129
13.2417095281
13.2620856279
13.2747354062
13.3650571974
13.3838335795
13.4120994921
13.4231443448
13.4273053112
13.4465272088
13.451766222
13.4672080912
13.481529299
13.4937122244
13.5007204057
13.5253273034
13.532127211
13.5480528234
13.5708493979
13.5967998337
13.6083499871
13.6234797222
13.631859496
13.655462624
13.6748278594
13.7305463165
13.7507012643
13.7731876632
13.7926342246
13.8175455832
13.8505453772
13.8650691561
13.8948689518
13.9835014949
14.0331820164
14.0804130708
14.0886979715
14.1156194509
14.1288880687
14.151458145
14.184630494
14.2423031182
14.259214231
14.3184888447
14.3411803088
14.4061766253
14.4115576591
14.4488820563
14.4533692595
14.4829792772
14.4931572091
14.5053542172
14.51924769
14.5229109658
14.598691929
14.6189922943
14.6232395765
14.6477092065
14.6564985349
14.6672842214
14.6728150315
14.680402926
14.6954273967
14.7026440277
14.7345826806
14.7732850154
14.7894403491
14.8211258704
14.8471681006
15.0032105401
15.0351797922
15.0537799806
15.0757809728
15.1138895885
15.1734452474
15.1876545084
15.2037006718
15.2158902945
15.2800373752
15.2945130689
15.340876231
15.3933104315
15.4087044342
15.4435534119
15.4756190241
15.5387621262
15.5485580619
15.6072275242
15.6182420635
15.6294182451
15.6358408065
15.6518644744
15.6681560293
15.6738477718
15.6859066642
15.7022986196
15.723462851
15.741693509
15.7468203977
15.8312368731
15.9535641688
15.9815635543
16.0093317343
16.0199085354
16.0241043479
16.0482928024
16.0740565327
16.0849358712
16.1158266979
16.1814007782
16.201031211
16.2191902041
16.2442289926
16.2679575716
16.3065414385
16.3246413808
16.4240808849
16.461708711
16.5308842668
16.5634238087
16.6513754286
16.6663915663
16.7257701197
16.7430038746
16.7592343201
16.8126451197
16.8432561307
16.8733375042
16.8841759063
16.9066680198
16.9269056288
16.9395196748
16.949357008
16.9643726919
16.9815625148
16.9986313646
17.0454618534
17.0679592191
17.0886036024
17.1098143492
17.1401547752
17.1735798166
17.1832288507
17.2100527815
17.2434975538
17.2606892807
17.2823533941
17.3227175635
17.3383567864
17.3505280855
17.3594393358
17.3904131585
17.4068980488
17.4569748079
17.4840928275
17.5215112655
17.550595671
17.5555051692
17.5861638243
17.6409727943
17.659861007
17.6675814366
17.6826966587
17.7885084023
17.8212485679
17.8517047275
17.8736518894
17.9314113991
18.0226031654
18.0851251012
18.0911929734
18.1092280122
18.1167478945
18.1500280999
18.1778704881
18.2143927088
18.220266144
18.2352741836
18.2507182661
18.2640132755
18.2702812089
18.2999782772
18.3187306386
18.3262637934
18.3530675401
18.3737600543
18.4005261073
18.4255784343
18.4407145661
18.4517336331
18.4654564362
18.4949472715
18.664898093
18.6955137854
18.8725832609
18.9300615552
19.0113644137
19.072773343
19.1239049404
19.1865191807
19.2121449245
19.2198570426
19.2511727663
19.2545614767
19.2748550929
19.2835829277
19.3053293899
19.3181548511
19.3341994062
19.3570998394
19.368538025
19.3860233338
19.3966189235
19.448067638
19.4586343618
19.478918042
19.5182345612
19.54964496
19.5657778552
19.5694670414
19.5812644619
19.617364284
19.626095557
19.6848972844
19.7055534912
19.716706518
19.7474529192
19.7723419315
19.7798525424
19.7866241956
20.0382933382
20.0733461929
20.1239354904
20.4098142578
20.418575557
20.4221337301
20.4341604911
20.4397322365
20.4448890626
20.4539569596
20.4726993459
20.5052080133
20.5373222468
20.5459879884
20.5611145576
20.7549892006
20.7713103151
20.7988346091
20.8266527526
20.9001781383
21.0247606499
21.0568426222
21.0717128026
21.1129721625
21.129298247
21.1679416843
21.2028525606
21.2293066672
21.339682337
21.3482268983
21.3886904469
21.4143750267
21.4511593409
21.4564335326
21.5355207455
21.5594139468
21.597561408
21.6140089189
21.6281589296
21.6475528995
21.6699786453
21.6753826827
21.6971449863
21.7091557208
21.7268790209
21.73070321
21.7442918362
21.768453195
21.7735291381
21.7850294468
21.8026353477
21.8149782273
21.8208162394
21.841899457
21.8531380553
21.8699679159
21.9364991427
21.9681335076
21.9761643254
22.000681725
22.0251414004
22.0474236534
22.0735574829
22.0963410627
22.0999263241
22.1552947599
22.2987631738
22.3082154885
22.3187350361
22.3326202424
22.3830366766
22.4141172985
22.4552032625
22.4746710649
22.5162429254
22.5570746685
22.5683920435
22.5796543674
22.5940257572
22.6740407722
22.740574225
22.8142987359
22.8340692304
22.8484336703
22.85342734
22.8568829202
22.865971052
22.8799981758
22.9255231998
22.9335661318
23.0022357965
23.0286807627
23.0400277399
23.0506714756
23.0710848733
23.0881324762
23.1386844233
23.1517351037
23.1686620633
23.2029388968
23.2182417583
23.2431558118
23.2669569657
23.2710664701
23.292490201
23.3140290216
23.3398102971
23.355420268
23.3714382369
23.4626901593
23.5428767854
23.5541638431
23.567541926
23.5761334489
23.6127830053
23.6254954478
23.6644064561
23.7096084042
23.7337562258
24.0114591007
24.0217801944
24.0305016862
24.0639105366
24.0762492188
24.0849703064
24.1018624903
24.1071696164
24.1212863763
24.1580432758
24.1826469998
24.2430566772
24.2477351699
24.2561091991
24.2747049358
24.2830425115
24.3040637035
24.3169009583
24.3220591269
24.3340622627
24.3423192088
24.3600825345
25.0417199644
25.0498461459
25.0829962848
25.1438957266
25.1477212448
25.1829036741
25.2058544252
25.3476328017
25.3606638386
25.3841020435
25.4069202361
25.4217521014
25.4299447688
25.48246157
25.501219073
25.5212301045
25.5255846009
25.5534307546
25.5719015837
25.7256484542
25.7503922417
25.771272275
25.8111889783
25.817661844
25.8339462247
25.83763191
25.8425744209
26.2451233765
26.2774516262
26.3305857194
26.3564684439
26.3713998759
26.4045434421
26.4172775001
26.4283275018
26.4368440482
26.4500485875
26.4571916567
26.4736222505
26.4976157704
26.5063532864
26.5304533491
26.5365879419
26.5521020876
26.5563811745
27.5640054856
27.5873836684
27.6104022966
27.6241252775
27.6286196131
27.6380565522
27.6660134305
27.6820813019
27.6998279019
27.7169911749
27.7235519333
27.7361842356
27.758143081
27.7732979875
27.8434411165
27.8786368104
27.8977516213
27.9584949764
28.0127459687
28.0204588835
28.0407052109
28.0755888354
28.0833163728
28.0974832357
28.1100572245
28.1646925068
28.1746645374
28.1841051533
28.1974100591
28.2179370798
28.2454972609
28.2604100161
28.2699220185
28.2853636522
28.2950768401
28.3152983765
28.3441340896
28.3760633307
28.5405378844
28.5583838642
28.5854822905
28.7596783456
28.7867151179
28.8077921242
28.8175962245
28.8816998202
28.9033787772
28.9196693347
28.9297371
28.9447788974
28.9894392957
29.0094795841
29.0192494301
29.0380782612
29.0531857058
29.0633821365
29.0823099944
29.0974797799
29.1255047432
29.1310793008
29.1596345275
29.1639162975
29.1779148483
29.1944504134
29.2014705779
29.2109800686
29.232191603
29.2862808908
29.3044560314
29.362933497
29.3841120453
29.4343674939
29.598014376
29.641201628
29.6981775338
29.7515306472
29.7653096378
29.7860061429
29.8349659965
29.8457072744
29.9415742065
29.9942089044
30.0136378309
30.0177911331
30.0361389564
30.0474869093
30.0634376304
30.0737686029
30.0833515998
30.0872993671
30.1063636142
30.1332430089
30.141715249
30.1522257749
30.1746126723
30.1963493452
30.2039135918
30.2233616965
30.2403834267
30.2686505207
30.279996443
30.2973821447
30.3102180067
30.3187849145
30.3419710856
30.4204135422
30.4365052996
30.4745830116
30.4878856946
30.5111710085
30.5567687259
30.6111030546
30.6501009092
30.6879458604
30.6977153798
30.7830945604
30.7953127294
30.8605200463
30.8899575918
30.9342350126
30.9654843074
31.057917038
31.0735268844
31.1170623202
31.1880080476
31.2202196356
31.2397801584
31.248361316
31.2690299436
31.2943389864
31.3400690898
31.3470591888
31.3672547458
31.3825512306
31.3917791368
31.4008332427
31.4119096867
31.4358838913
31.44745711
31.4553743167
31.4902056289
31.5007807416
31.5209714615
31.5442540565
31.5593436634
31.5709393141
31.5831556511
31.5877065977
31.6559412743
31.6924145063
31.7204374149
31.7371877351
31.7413714505
31.7747078435
31.8116137997
31.8284911033
31.8336163232
31.8608524204
31.8846354118
31.9189006122
31.9433520211
32.4034830801
32.4141614644
32.4200350653
32.4472477311
32.4604010086
32.4786382981
32.4944412248
32.5018299809
32.5468084978
32.5612746137
32.572761108
32.5973131346
32.617948028
32.6346337022
32.6469145926
32.6758000408
32.7014522034
32.7091731015
32.7254426136
32.8155982722
32.9000948858
32.9854802713
33.0072242872
33.0171748207
33.0292735419
33.1021964866
33.1194488006
33.1404637763
33.1662995611
33.195907192
33.1997413639
33.3854840417
33.4126584572
33.460558998
33.4948454233
33.513557437
33.5891500265
33.6296886593
33.6379361033
33.6509267754
33.6728902264
33.6917998762
33.702916007
33.8010305044
33.8088510552
33.8340412412
33.8593209866
33.8727964428
33.8909480713
33.8989856186
33.9228253676
33.9390413715
33.9622265945
33.9674141155
33.9795966442
34.01104145
34.0476854079
34.1156593202
34.1407263058
34.1819164453
34.1879434841
34.2400793021
34.2793005113
34.3049340172
34.3442012795
34.3813826823
34.3987942382
34.4278478666
34.4454233747
34.546507347
34.5832796434
34.6405561543
34.6570745447
34.6789410744
34.7044474658
34.7412218178
34.7528869486
34.761023186
34.818269913
34.8326445664
35.0208131353
35.0309628963
35.0402883651
35.4276325692
35.4944764812
35.5567445871
35.699478497
35.7301113519
35.7498751157
35.7791789222
35.8190774792
35.8639928161
35.9456120501
35.9669132263
36.0087552087
36.0195610722
36.0394208025
36.0748370913
36.0862878385
36.1139510347
36.1402496259
36.1481906319
36.1781476694
36.1926585059
36.2014265816
36.2192874684
36.2309747012
36.2562016174
36.2642402561
36.2842449754
36.2965224938
36.3487982507
36.3900677115
36.4579176066
36.8037548668
36.8175380895
36.8525359638
36.9092710051
37.0204569439
37.046813433
37.0784397145
37.16173042
37.1813589125
37.2053661507
37.219424484
37.2279943044
37.2330050291
37.2440500334
37.2526397863
37.2857014876
37.2960271786
37.3007821066
37.3367470115
37.3771773488
37.3863126112
37.4031324748
37.4139827442
37.4197627832
37.430405795
37.4469622646
37.5320518834
37.5503076587
37.5804419939
37.5981380685
37.6068608227
37.6369700496
37.6440035415
37.675257754
37.6984871715
37.7701572264
37.7998209671
37.8269449497
38.0131690247
38.0165331245
38.0434632986
38.0913750289
38.1242625051
38.1869848976
38.2275011882
38.2609494614
38.2912586407
38.3151045018
38.3559526272
38.3828589456
38.4053657574
38.4225995528
38.4436518597
38.4571447692
38.4677788295
38.4797800844
38.4906198578
38.5101075435
38.5371676623
38.5558888007
38.5831480154
38.601320251
38.6138188559
38.6276207005
38.6324433116
38.641714039
38.6500447804
38.685853078
38.6959454836
38.7208702645
38.7367516441
38.7547378421
38.7589909551
38.7800474712
38.790329824
38.8069023649
38.8128450274
38.8368355466
38.8546128111
38.8977884971
38.9422132138
38.969331779
38.9821939607
38.9941917417
39.0363178708
39.0523428934
39.0663292021
39.110638379
39.1382247866
39.1572074567
39.1858386457
39.2255012505
39.2633060751
39.3198048994
39.3726784432
39.4383166793
39.4527419361
39.5159064404
39.5442423553
39.6184309658
39.6329191836
39.6379844289
39.6541583637
39.6584573916
39.6716094679
39.6847157004
40.8112547246
40.8279873357
40.8359192495
40.8608188202
40.8872022315
40.8997025439
40.9307434951
40.9366598473
40.9532614007
40.9612413619
40.9815465767
40.9928923243
41.019264201
41.0432365381
41.0499922841
41.0575128271
41.0741392203
41.0909046543
41.1018584284
41.1117259308
41.1225814813
41.1315204676
41.141395343
41.1617518397
41.1759794245
41.1875753484
41.1912806308
41.1994937283
41.2454264378
41.2530683553
41.2645628394
41.2703087358
41.2831811433
41.302636249
41.3064741363
41.3378559645
41.358818192
41.4557179008
41.4946542539
41.5128222852
41.5210108631
41.5569011802
41.6312068637
41.6650926643
41.6808809729
41.6876642648
41.7030149498
41.7249663678
41.7399222454
41.8130369537
41.8178152277
41.8596037304
41.8986933771
41.9190477579
41.98834903
42.0103161041
42.0193173027
42.0243699402
42.0569828264
42.8080823953
42.8894890292
42.9300536917
42.9359287543
43.2491284604
43.2747805841
43.2880269088
43.3075389067
43.351770853
43.4837693467
43.531492533
43.5572392686
43.6094873366
43.6398856197
43.6797245567
43.7931916882
43.8115924992
43.8336468817
43.8762689985
43.908081829
43.97001766
44.0298563021
44.1183498668
44.1878011606
44.428036246
44.4493140786
44.5069373516
44.5241803977
45.3583706101
45.4255190529
45.614339207
45.6445668593
45.6758118129
45.7001787332
45.7188163472
45.7882518164
45.8135976879
45.826317679
45.8451396024
46.0501049264
46.4363281048
46.6412744939
46.8320938779
46.8528554094
46.9176961866
46.9479783097
46.9728009101
47.0034082142
47.0658792293
47.0971636713
47.1144125486
47.15647229
47.2169307422
47.2508833119
47.2710554658
47.3091678418
47.3306761629
47.3730370999
47.419126021
47.4938576155
47.5436662598
47.5818684687
47.6791112514
47.7193100718
47.7683148416
47.8532827009
47.9310895378
48.1366991208
48.1685412604
48.195560541
48.2247157636
48.2375117357
48.2721823949
48.294920092
48.3370230124
48.3842909133
48.4149447242
48.4314908597
48.5164746879
48.55373059
48.6249916095
48.6291662694
48.6839075027
48.8146253604
48.8691897132
48.9567422244
49.052988439
49.1798296108
49.2188551112
49.244675735
49.2617947264
49.3368063698
49.3758508586
49.4078389563
49.4198660616
49.43546593
49.4574997882
50.4678172827
50.4950200046
50.5146030673
50.5295741059
50.5576058666
50.629925421
50.6554577491
50.68452276
50.715892772
50.730358761
50.8070545036
50.8854391375
50.9167094563
50.9221862973
50.958979108
51.0231174423
51.0677160677
51.1008271344
51.1215600719
51.1318213438
51.1354128245
51.1749565192
51.212426209
51.2514861332
51.2763381767
51.3361634658
51.6205940579
51.6340950083
51.6442289474
51.6745306952
51.6881893419
51.7121037268
51.7254507849
51.7505091264
51.7731936251
51.778610539
51.8323676644
51.859393637
51.8669046248
51.9051674818
51.9199096108
51.9249006972
51.9291617586
51.9445789062
51.9995992717
52.0559806026
52.0872392302
52.1030289638
52.1398446886
52.2025759018
52.2425151902
52.3007414337
52.3586074196
52.3980627116
52.4685813547
52.5207028767
52.5834261553
52.6462541441
52.7724877608
52.8121767577
52.8623480068
52.8902348962
52.9742649508
52.9962497027
53.0111465748
53.0607858058
53.1573469461
53.1843994784
53.2077004958
53.274453222
53.3160020501
53.4400724676
53.4918494312
53.5062330464
53.5320454396
53.5947254468
53.6159224362
53.67069687
53.7171732782
53.7792531163
53.8080294263
53.9482999648
53.9603970625
54.0216861183
54.0636313083
54.1457077268
54.1584539672
54.1655869567
54.1883892672
54.2330121258
54.3219967242
54.3723944048
54.4084462509
54.4682157444
54.4935000327
54.5296067122
54.5904625861
54.8495604009
54.8992759943
55.1501998125
55.1943392058
55.2178035102
55.2223751684
55.2512262142
55.318148486
55.4587365163
55.4829675266
55.5210617061
55.6549232575
55.8096851197
55.8290524265
55.8835075045
55.9148760928
55.9962245088
56.215696082
56.2474415845
56.2973739819
56.4393947078
56.4544222134
56.4881488342
56.498885888
56.5158731716
56.6678627421
56.6872512644
56.7847912588
56.8106308847
56.8277272991
56.8605157974
56.8952778527
56.9836940161
57.0702131488
57.6115730543
57.6625382218
57.6799270563
57.7562945622
57.7893598443
57.8055854866
57.8301444538
57.8362207901
57.8933367658
57.929769363
57.9824147937
58.0269768882
58.083360692
58.1017699885
58.2176645483
58.265348381
58.8119178521
58.8385934298
58.8711383517
59.5479929958
59.6221400062
59.7075411191
59.7643592051
59.7711713221
59.8690379096
59.8950885726
59.966590914
59.9740628681
60.0126346824
60.0186248474
60.0537555982
60.0616208681
60.1341713293
60.2639754109
60.3191950578
60.3315926608
60.3725444536
60.3944369621
60.4129982208
60.4177562977
60.4416342302
60.4981431059
60.5784962688
60.6324682835
60.6606728973
60.6973673605
60.7531592899
60.7905912367
60.8299481035
60.8631639536
60.9278501302
61.0344794016
61.1964752576
61.211736896
61.2369815553
61.397165681
61.4626867944
61.4802219387
61.490078716
61.5207443635
61.5693851895
61.6215799584
61.6510050304
61.6964485791
61.7605084789
61.8361883074
61.8803641951
61.8868766402
61.9289161396
62.225644315
62.2980856659
62.357756266
62.4233443845
62.434688001
62.4609849331
62.5021925461
62.5311260372
62.5442092121
62.5812690867
62.5861641742
63.6113057092
63.6295822667
63.6564897522
63.671153823
63.7027196482
64.8325154319
64.8549686626
64.8840515333
64.9212177591
64.9591462005
66.0149517805
66.0284530883
66.0532470849
66.063058244
66.0961943657
66.1643734131
66.280738904
66.3144221488
66.3466019541
66.3777447782
66.3886045107
66.4598049757
66.5080131251
66.5785176137
66.6483135864
66.7182624219
66.7722136319
66.8041290061
66.8652353795
66.9286095017
66.9939802535
67.0673832681
67.0954159981
67.164919115
67.215192672
67.2289873731
67.2522599885
67.2679693177
67.2832489953
67.2956798333
67.3376545556
67.3704711381
67.3894778993
67.4010336409
67.4440925072
67.4656427492
67.5187451379
67.5235944459
67.5885665254
67.6332455149
67.6575979727
67.7143681585
67.7829343027
67.8999814982
67.9547353901
68.0114514869
68.0941471275
68.1659350416
68.2391259731
68.3093304726
68.445700154
68.4724001888
68.4945798173
68.530115917
68.5819294002
68.5904802819
68.6108347386
68.628646797
68.6688793762
68.685267519
68.7354520992
68.773559543
68.7831809436
68.8127795355
68.8164195996
68.8477175766
68.9137902308
69.0320164265
69.6290504224
69.6870530465
69.7223707399
69.7564673137
69.7712379804
69.7787403281
69.7886333078
69.8118548385
69.9053833492
69.9482762699
70.0084237699
70.0125555916
70.0684474863
70.1003852931
70.1317190776
70.1694842879
70.2335492165
70.2772963428
70.2984839714
70.3270440225
70.4176005117
70.4507232818
70.4680754886
70.4789966628
70.5141049805
70.5907724614
70.6331799996
70.6534687421
70.7418943154
70.8109612095
70.8348932981
70.8832234285
70.9004224719
70.9226231263
70.9594829366
71.0024175528
71.0211510546
71.0351645833
71.083745271
71.1214608564
71.1477364754
71.1666141468
71.1733830519
71.4398263997
71.492811342
71.5066672323
71.5102568489
71.5215378084
71.5869335726
71.7719828471
71.803241656
71.8542771942
71.9274744697
71.9842034236
72.0230172904
72.0355325349
73.0444277906
73.1054787671
73.1935573171
73.2170115142
73.2327906607
73.3165075124
73.3344088364
73.4319131376
73.4631900131
73.5014826945
73.5437683922
73.6023312471
73.6249072845
73.7052378795
73.7880641219
73.8072739585
73.905497814
74.0305930709
74.0556653586
74.1590759293
74.4373590107
74.4516081169
74.4634169075
74.4832939693
74.4955278316
74.549293454
74.9322852729
75.0721987228
75.1121354268
75.1447452422
75.2238131677
75.3103962895
75.3381942814
75.423698249
75.5034038819
75.5313913087
75.8948666374
75.9300937359
75.9623408769
76.1349906357
76.1459653334
76.1840382786
76.223584362
76.2304569192
76.2437857534
76.2770603298
76.320814319
76.3553429799
76.3594307525
76.4015147834
76.4161482534
76.4457916967
76.5003297998
76.5551068014
76.6825284008
76.727642462
76.7781500008
76.8305136042
76.8366331894
76.8416242201
76.8698491993
76.9027800593
76.9090132892
76.975045248
77.0264199553
77.0315321526
77.0426258885
77.074190956
77.1059665075
77.1354296194
77.1605621899
77.2053835392
77.2963216092
77.3477611106
77.4270157589
77.4932914522
77.5740731299
77.9414189252
77.9745676136
1579
