6.00634964497
6.07669067593
6.08923715399
6.10654840872
6.11107776109
6.14191385772
6.1473310442
6.1699842261
6.4050269286
6.41261714953
6.59152999745
6.60592636932
6.6191314671
6.63103599245
6.63644943356
6.66425394489
6.68310553362
6.72966531032
6.77154264392
6.78195456348
6.79886771855
6.81285618867
6.82729306017
6.8571735234
7.20359091644
7.20925296374
7.22907676474
7.24895403814
7.29630863849
7.30955030635
7.35623570684
7.37249239423
7.37901236262
7.39572861621
7.41618020243
7.431878335
7.43959179282
7.44370684132
7.4980010833
7.6559162512
7.68042535796
7.70184633433
7.75754542767
7.76199359792
7.78788216335
7.80424357163
7.82847252039
7.84555400221
7.88470396086
7.9043350222
7.9360380763
7.94526105525
7.96648116594
7.98360955539
8.00420366901
8.01897223635
8.11562687784
8.1533285535
8.2318811213
8.25275340252
8.3617637586
8.39867912979
8.40614105057
8.41666485123
8.42269346073
8.47475133695
8.49260884383
8.49784162615
8.50769273009
8.5155350107
8.52983396236
8.5474392412
8.55787337783
8.574875582
8.58259745124
8.5907757743
8.59879097586
8.62139449386
8.63832860238
8.64890240177
8.65262008006
8.67029245948
8.68867597628
8.71703868433
8.75546949196
8.88457623487
8.94195060331
8.95126438322
8.97899280833
8.99670377275
9.04567444191
9.0537012078
9.08624630817
9.1014343006
9.12570918404
9.14207087531
9.17016418216
9.1896586404
9.281856504
9.33461867928
9.38654242441
9.44637701988
9.46457703111
9.52545255409
9.5578746748
9.60621321322
9.62325831466
9.63295104553
9.636791686
9.64449264088
9.65214913797
9.6749104825
9.68192893579
9.69701451971
9.71390185422
9.72192786856
9.76282536391
9.77646091029
9.78966810911
9.79463464046
9.80767404222
9.81567052915
9.84481921279
9.86572266949
9.87549501161
9.88017505385
9.95238023387
9.9630193046
9.99824402775
10.018897373
10.0420647297
10.0526480926
10.0606654028
10.0877708244
10.119628932
10.1406196786
10.1797763007
10.2109078188
10.2563266341
10.2730668116
10.2846613505
10.3213608729
10.3654235409
10.3920198884
10.4397258877
10.4814350221
10.619825186
10.696461271
10.771543554
10.8174534816
10.8300243685
10.8415415708
10.8542761959
10.8723174396
10.8827775204
10.8927870269
10.9142014895
10.9211288184
10.9443084864
10.9566864081
10.9667639656
10.9859489605
11.0061782706
11.0137596701
11.0188815002
11.038567402
12.0087658669
12.024270272
12.0370075006
12.0620780706
12.0754490448
12.1353657695
12.1469244904
12.1742201081
12.1882663408
12.2033902529
12.2119363982
12.2333728897
12.2595862952
12.3310363139
12.3377469784
12.3464902325
12.3547174918
12.4102382684
12.4270025694
12.4375350127
12.4575969456
12.4901932218
12.5243560349
12.5559706354
12.5809631571
12.5916864768
12.631266775
12.6370035482
12.6481710037
12.7322010454
12.753986581
12.7840516626
12.8076272338
12.8455072533
12.8594963782
12.8674627983
12.9166782523
12.9320352458
13.0116229336
13.043151432
13.0543197837
13.0650824102
13.2398830098
13.2554114232
13.2646394965
13.2840167783
13.3054141312
13.3165104962
13.3305365027
13.5488062424
13.5954481541
13.606188221
13.6182883354
13.628167684
13.633254638
13.6472007842
13.6667255544
13.6781004934
13.7112915931
13.7193802306
13.7358285688
13.7440607898
13.7727276404
13.79075233
13.8050298199
13.826012329
13.8452141018
13.9066390544
13.9556479668
14.1925543265
14.2570833177
14.2898433411
14.2980277373
14.3584796552
14.3825393903
14.4198925731
14.4293836373
14.4366266027
14.4697086042
14.4761846401
14.4961593118
14.5130241447
14.5282534508
14.5476337102
14.5613073049
14.5734396957
14.5903076467
14.6159282456
15.6149955251
15.6212054562
15.63569133
15.6416250311
15.6697549342
15.6822474119
15.6922508332
15.9283624083
15.941839787
15.9517868213
15.9624099921
15.985038848
16.0225213848
16.030667516
16.1986462325
16.2488362375
16.263804821
16.3222750016
16.3314673843
16.4302787736
16.4513798536
16.4838075347
16.501935933
16.5073198335
16.8142042833
16.9037627539
16.9083216731
16.9165721046
16.9298360896
16.9506091137
16.9573228935
17.0296510267
17.0414045672
17.129354925
17.1381377574
17.1428953108
17.1529618213
17.1807999955
17.1982910763
17.2089105481
17.2375974982
17.2610543722
17.3408885305
17.3919530295
17.4082132019
18.0077751187
18.0134441007
18.0247824401
18.0807015898
18.0923761123
18.0977988986
18.1592650073
18.170762331
18.1805622174
18.2773484445
18.2858529784
18.2963136013
18.3092861629
18.3132396031
18.3349337297
18.3728112835
18.3908934824
18.3970907699
18.4134692882
18.4220024379
18.466743831
18.5319259377
18.5414331576
18.612529521
18.6554219489
18.6886422676
18.7211357734
18.7637235478
18.7742685905
18.824192558
18.8631125065
18.8864680627
18.9216641201
18.934545237
18.9626783963
19.0005992321
19.0584856503
19.085162872
19.2079252477
19.2307018857
19.2468980242
19.252696496
19.2602272142
19.267109352
19.2734439112
19.2825579048
19.2935246205
19.339318762
19.372017678
19.3902379667
19.4221688539
19.4520261771
19.4676425412
19.5311325934
19.5567543108
19.5641198829
19.5773334484
19.5883424552
19.6032628005
19.6327284574
19.6488884794
19.6664393279
19.732061575
19.7673171622
19.7772352888
19.854372572
19.8716617447
19.9212794878
20.0097759171
20.017055709
20.0431998379
20.088611689
20.0947512916
20.303490411
20.3191318996
20.3370601636
20.3512071242
20.3803211158
20.4036480699
20.4079720721
20.838588926
20.8604086504
20.8789186495
20.8995769632
20.9160301021
20.9327790604
20.9532735216
21.0120854156
21.0405871529
21.0795677976
21.0988113562
21.1037880507
21.1263292793
21.1988870224
21.2140690447
21.238362393
21.276945627
21.3240656514
21.3651036841
21.4398097201
21.4848752826
21.5093045352
21.5248537729
21.5288863932
21.56987657
21.6284166208
21.6510115779
21.6672584331
21.7034067817
21.7217557343
21.7293653553
21.7472065945
21.7542637667
21.7665898976
21.7717695745
21.7818576713
21.7943333664
21.8053133679
21.8337620381
21.8436496611
21.8620914602
21.8872808626
21.924230447
21.9332891031
21.9466756424
21.9687064981
21.9868267635
22.0732714867
22.1182505382
22.1470118411
22.1588165487
22.1626751333
22.2035264091
22.2400980362
22.2488171778
22.3073158458
22.3937562472
22.4396858111
22.4735750225
22.5304803328
22.5623930966
22.6146698052
22.7319111771
22.7735257027
22.8192424972
22.8434116705
22.8633139688
22.8819253384
22.8973582153
22.9008970211
23.1604692922
23.2125390843
23.2234493437
23.2337181508
23.243716118
23.2559092779
23.2678904368
23.3494111405
23.3649682802
23.3770354911
23.4053707101
23.4399486656
23.4942082092
23.5152447777
23.5383349201
23.5702546753
23.5767461593
23.6516886586
23.6670121957
23.6904643111
23.7089882883
23.7134658518
23.7451440602
23.7494003814
23.7902007666
23.8067810557
23.828931893
23.8482745997
23.8872396373
23.9114072418
23.9282597839
23.9668951389
24.0330344899
24.0447989595
24.0821169624
24.0958373482
24.1016668408
24.1076737176
24.1229030515
24.1325244275
24.148103396
24.1609421916
24.2122825127
24.2370966716
24.2438380743
24.2572114273
24.2692641221
24.295657451
24.3089694759
24.3200867923
24.3523792907
24.4033231392
24.4145669582
24.4343028273
24.4451795618
24.4696153121
24.4844973214
24.5217746542
24.537580331
24.5686356165
24.5984280403
24.6164039134
24.998973902
25.0339484467
25.057948398
25.0883549919
25.1057937216
25.150448931
25.169313704
25.2084618465
25.2181281005
25.2443426982
25.2510389818
25.2551322717
25.2639437577
25.2733603745
25.2832088999
25.2957139764
25.3011210323
25.3125278125
25.3396969664
25.35586902
25.3968849929
25.4440053426
25.4657286169
25.4905678284
25.5103595411
25.5276826752
25.5444286959
25.572622365
25.5881167558
25.6012015421
25.6229204784
25.6334090662
25.7026303112
25.7467987203
25.8003200391
25.8227764016
25.8479378695
25.8726235926
25.8935808208
25.9167355188
25.9278613652
25.9995115205
26.057614343
26.1569253434
26.4156845692
26.4236078144
26.4570719395
26.4682693838
26.482114035
26.4900903257
26.4949215506
26.5014654024
26.5287849956
26.5478788664
26.5586956085
26.5734006973
26.5806209127
26.5857716365
26.595807149
26.648337472
26.6560455583
27.0040952127
27.2991486349
27.3203993226
27.37537351
27.4268776105
27.4320529828
27.5060111793
27.5285097111
27.5812014881
27.6306338816
27.640320179
27.6442676195
27.6640784845
28.8054681264
28.8105719339
28.819027742
28.8703482306
28.8841019897
28.9026904134
28.9143841916
28.9232654009
28.9707140638
28.9761375812
28.9893925749
29.0138347674
29.0192210633
29.0307354099
29.0424230185
29.0492105954
29.0602551649
29.0680542663
29.0948067928
29.1311790606
29.1419325796
29.1525209763
29.1568431966
29.1719947919
29.2840710959
29.29421968
29.3359314543
29.3466149841
29.3531930618
29.3568273455
29.367090396
29.4411088076
29.461028335
29.4838993611
29.5357570737
29.6715233619
29.7341860122
29.7414407927
29.7690508734
29.7916088288
29.8069484208
29.8103874312
29.84448974
29.9165592017
29.9243115128
29.957532691
30.0078665743
30.0153204253
30.0202302774
30.0321766083
30.0389367456
30.0707171685
30.0757953531
30.2983093468
30.3189890889
30.3316144212
30.4117804586
30.4353207383
30.4427121422
30.4550720777
30.4706436282
30.4829562549
30.5168133657
30.5659583541
30.5965316642
30.6016739342
30.6068858406
30.6105567536
30.6381408587
30.6611762719
30.7005945242
30.7067221966
30.72377162
30.7451772056
30.7572564017
30.7745455849
30.8040908713
30.8271944768
30.8464549307
30.8705520716
30.9311650427
31.0073882782
31.0167114032
31.0291680646
31.0886860518
31.1039403365
31.1695425965
31.2069894448
31.2157862692
31.227543092
31.2525275693
31.2570224654
31.270602783
31.2801992207
31.2964178767
31.3110924908
31.4381215215
31.4515412932
31.4629219798
31.4764632024
31.4854546215
31.5094678424
31.529524529
31.5656014256
31.6320388099
31.6385258422
31.6526646668
31.6685245672
31.6811992092
31.7072992802
31.7186512483
31.8956101921
31.9291456485
31.9753981565
31.9921253526
32.0236355597
32.0520904075
32.1015151811
32.1201977081
32.1658260096
32.1882841887
32.2461462961
32.2836430787
32.2877734791
32.3538016036
32.3756186463
32.7984777878
32.8313589437
32.8410284707
32.8645617058
32.9053454484
32.918635447
32.9737954662
32.9859536334
32.9958726727
33.0164502687
33.0330208231
33.0733014041
33.0970090202
33.1090314965
33.199764228
33.2420283079
33.2604499349
33.3000871735
33.319583985
33.3475098389
33.3771043504
33.4578116798
33.4914996084
33.5267214899
33.5375455593
33.5724741347
33.6115432445
33.626360643
33.6353694272
33.6436011646
33.649225214
33.6531327194
33.6695630782
33.6889027303
33.7023921128
33.7178880107
33.7478566992
33.7718466125
33.7802489963
33.7983862713
33.8092581909
33.8204178085
33.8361158161
33.8427600523
33.8637210957
33.8701114167
33.8823968815
33.9254684485
33.9374150554
33.9508778103
33.9739244222
34.0006984056
34.0288113236
34.0450480696
34.1403803188
34.1565343101
34.1845156891
34.2005320665
34.2161521893
34.2471469708
34.286964711
34.3044346529
34.3141186683
34.3700024757
34.396372588
34.4476637858
34.4554344958
34.4729673569
34.5199465618
34.6842475733
34.7508099898
34.7545895953
34.8123361562
34.8310734079
34.9469155167
35.0191649024
35.0293246418
35.0375978393
35.0456661397
35.0730944935
35.100825658
35.1361530612
35.1544155716
35.162665191
35.1697042004
35.2399822017
35.2535903216
35.2768313094
35.2908288047
35.3260296713
35.3538893645
35.4592623403
35.4690776032
35.6640330654
35.6824829191
35.710423026
35.7647807521
35.7775755105
35.8016084895
35.849241251
36.0167988044
36.0274435127
36.4719514977
36.5523356333
36.5686529664
36.5877730675
36.6012015614
36.6170118626
36.6517370591
36.6736588058
36.6848253361
36.6978195478
36.8060191673
36.8474498176
36.9815728483
37.0512367183
37.1859065686
37.2048526659
37.2111055212
37.2323459511
37.2528971675
37.3047138879
37.3089245716
37.3207763613
37.3264542531
37.3551261249
37.3907930453
37.4070655136
37.4454344595
37.4846311034
37.4950957214
37.5074606512
37.5176657078
37.5370197111
37.5408943624
37.5645664515
37.6754353806
37.6855539559
37.7285744907
37.7575568566
37.7806885632
37.8120652711
37.8414900099
37.8686403055
37.8786137094
37.9034206315
37.9175611163
37.9588854922
37.9735658455
38.0390005938
38.0588897458
38.0917537294
38.1057505762
38.1822561657
38.2087198056
38.2222793545
38.2579354848
38.2892642071
38.395688709
38.4226394461
38.4271877583
38.4343014356
39.6072937833
39.6132292086
39.6563502478
39.6691838691
39.67526581
39.686525154
39.8149794547
39.8254440299
39.8553749408
39.8691809701
39.8892336904
39.8926493869
39.9143821279
39.9713692847
39.9829893032
40.0010932331
40.104119763
40.1227730909
40.1551834122
40.8042885325
40.8111514669
40.8166093055
40.8372797003
40.8410478851
40.8471462388
40.8926953612
40.9294179473
40.9411592213
40.9524999818
40.976628093
41.0221711881
41.0447824672
41.0568584959
41.0750153675
41.1370411612
41.172072862
41.2062301526
41.2414584575
41.2460154625
41.2647459644
41.2942203612
41.3143110674
41.3233812916
41.3573280766
41.3867332281
41.4168219309
41.450753974
41.477085804
41.5040709468
41.5287297932
41.638798107
41.6689248619
42.0716121564
42.0929565518
42.1281754063
42.135909069
42.1707307959
42.3011376705
42.3726360842
42.3966924884
42.4393001262
42.587386291
42.6087633733
42.6228227074
42.643995376
42.6787933988
42.7415333955
43.2254353528
43.2292657141
43.2567949836
43.2861575525
43.2991629543
43.3173726085
43.3324044588
43.3561416422
43.430031886
43.4433374591
43.517223085
43.5523039871
43.6076211492
43.6381985742
43.6647682414
43.6873548468
43.6932229198
43.7217423185
44.0340040018
44.1148565505
44.1966697056
44.2268548767
44.3000301784
44.435046314
44.4508815469
44.4783680888
44.5087863186
44.5472511244
44.5849626062
44.6117388544
44.6212075826
44.6658649667
44.7737168189
44.8063886615
45.6153081325
45.7123171321
45.7371494832
45.7440780361
45.7765632857
45.8742407231
45.9039028969
45.9446823407
45.9752978074
46.0028539686
46.018282102
46.0523048564
46.0935519106
46.1560463058
46.3344919491
46.3477234927
46.4157838381
46.48020159
46.6461385481
46.653485616
46.706357463
46.7545089689
46.773162204
46.8140107378
46.849277393
46.9747588538
46.9922882564
47.0190726517
47.0450982902
47.0625615926
47.0856872946
47.1274206896
47.1908977626
47.2409205472
47.277612833
47.3008759364
47.3169401324
47.5724438726
47.5911833366
47.6196046922
47.6911511257
47.7737163077
47.7942466147
47.802707202
47.8072204689
47.9129584695
47.9660468437
48.0149353441
48.0398200894
48.0689645182
48.0867272043
48.0954005349
48.143977867
48.1728981107
48.2660162055
48.280351388
48.3206294529
48.3484300481
48.3592027261
48.4223002676
48.5617697654
48.670520505
48.7028259552
48.7414203336
48.7715358308
48.863569164
48.963332787
49.0365418668
49.0754543037
49.1133462414
49.1223029033
49.2241942749
49.233667368
49.2638362371
49.2726392973
49.2893858901
49.3045673392
49.3201626103
49.3796014868
49.3881243662
49.4078666939
49.4437162346
49.493563702
49.6307144445
49.6396990721
49.6649053181
49.7742377409
49.7850426205
49.8173436971
49.8624611291
49.8970391857
49.9203290133
49.9620024347
49.9672725556
50.0309009273
50.1529299581
50.1754947279
50.2703925359
50.3552037908
50.4096378226
50.4312133579
50.456299709
50.5610530132
50.589236837
50.6049175971
50.6103762839
50.6482205909
50.6757582464
50.7276129825
50.7340240332
50.7581567524
50.8193191744
50.8684846362
51.1206647067
51.2729116769
51.3543452388
51.423041773
51.480065804
51.5481619046
51.6122726033
51.7216496927
51.7400508938
51.7470747576
51.794208134
51.8561285563
51.8999901426
51.9194770554
51.9444185409
51.9869061807
52.1353066549
52.1573039738
52.1875636425
52.2372353057
52.271881329
52.2954485956
52.3482598257
52.4160112858
52.5453016222
52.5814406071
52.6773077115
52.7745371919
52.8228983603
52.8270417179
52.8911112966
52.9101359973
52.9695276608
52.9974938705
53.031339848
53.0453274512
53.071498493
53.0888695282
53.1439935677
53.1475200825
53.1721487119
53.1862937663
53.2394950037
53.3338416632
53.3744062756
53.4235259761
53.453614088
53.4830669912
53.5166090207
53.5845153544
53.591222148
53.6236707538
53.6330086877
53.6580595505
53.8341883047
53.8894273856
54.3008889866
54.3751744821
54.3798366506
54.4070770665
54.4282197419
54.4410702165
54.4502764054
54.4812393791
54.9516275054
54.9557930474
54.9641561868
55.2110468452
55.2365364434
55.2483252105
55.2584405214
55.2715281924
55.2881415521
55.3090384023
55.3565804138
55.3704711306
55.4016352467
55.4215281088
55.5346629785
55.6685597022
55.7016436849
55.7377910611
55.7697929173
55.7973851784
55.8124783821
55.8560339114
55.8921870515
55.9517522438
55.9727371637
55.9913789122
56.4199650403
56.4440463646
56.4484009692
56.4794071464
56.4905236559
56.5275584369
56.5685845184
56.5851022643
56.7580052594
57.0211250975
57.0347906014
57.0998337328
57.1501417267
57.2228268691
57.3762345141
57.5074192072
57.5336568083
57.5395306097
57.5992140382
57.6052545441
57.6114092044
57.8533259463
57.8661696718
57.9057928198
57.9321377385
57.987206179
58.0124030946
58.0589437644
58.071275356
58.0766668644
58.0992930677
58.1322595655
58.1367888655
58.1718345883
58.1777490901
58.256445279
58.2800843889
58.3904986173
58.4018375432
58.4934515959
58.5737197097
58.6334970461
58.7161620733
58.768386222
58.8578881359
58.8837736946
58.9053690785
58.9172609644
58.9438090629
58.9591352165
58.9776938167
59.0683609393
59.1505648735
59.3004617487
59.3254851419
59.3873676716
59.4748689969
59.4979466627
59.5310741338
59.5888547074
59.667197076
59.71990905
59.805476655
59.8246889582
59.9008177329
59.9552501501
60.0119930745
60.0317843422
60.0922732168
60.1205766855
60.1565603506
60.1944804702
60.2076264836
60.2567994768
60.3131575458
60.3548654305
60.3896116498
60.4089800602
60.4333012614
60.5064671778
60.5367481694
60.5538267691
60.6215450037
60.7319905619
60.7414825103
60.8434346604
60.9070908632
60.9436541798
61.0207300282
61.1000371822
61.1946480406
61.2637073034
61.2744128341
61.2822016251
61.3210583529
61.3482861377
61.3848796366
61.3962569997
61.4058736817
61.4332732803
61.4518193504
61.5372656048
61.5592452568
61.6190550057
61.6577327952
61.6788036766
61.732548844
61.7738282727
61.8187014219
61.888620155
61.9355333841
62.1803042659
62.2588177426
62.2990981097
62.4037809206
62.4281168696
62.4919775666
62.500062271
62.5037028513
62.5206871624
62.5378080737
62.5655176883
62.6292751381
62.6339103511
62.6488465977
62.6637202524
62.6718986217
62.706158685
62.7099674965
62.7635144898
62.7766371085
62.8088136157
62.8258618543
62.9100204646
62.9237067731
62.9599175136
62.9852014453
63.0270915745
63.2041075574
63.2196707257
63.3077345204
63.5497987851
63.5711954866
63.773651332
63.7811895332
63.794144984
63.9110058962
64.0398391698
64.061027473
64.070361684
64.0885266379
64.109702633
64.1204507959
64.2140312534
64.3209268567
64.4097202767
64.8105471848
64.8439847271
64.8760450112
64.8840419409
64.9282955885
64.941226779
64.9648328947
64.9938609734
65.0476101743
65.1230883152
65.2394941094
65.306784532
65.3645460614
65.371653522
65.4077629326
65.4222689748
65.4828754728
65.4889568543
65.5643226167
65.7197642924
65.7838853084
65.8676209443
65.8959733727
66.0199583847
66.0676591744
66.1173854994
66.1369026584
66.1587369016
66.1815259548
66.205752559
66.7507391262
66.7766514977
66.8727721718
66.9432751301
66.9584857841
66.9963489049
67.0394887202
67.0737463479
67.2208433561
67.2674485165
67.2783091072
67.2992554773
67.3096702739
67.5483614295
67.5895041686
67.6311237588
67.6667133774
67.6859926196
67.7279057497
68.4219358333
68.4487506064
68.4756262016
68.4932173664
68.5139284098
68.5442423648
68.5614080789
68.5923331217
68.6590314002
68.7300025887
68.8456301225
68.9562944591
68.9892545193
69.0118028318
69.0808801952
69.1139676239
69.2717431191
69.3260573518
69.3429542008
69.4091216261
69.565140871
69.597935526
69.650585229
69.6832850747
69.7260225921
69.7631854154
69.7921783959
69.8007949763
69.8606032824
69.8902219842
69.9172069408
70.0961982175
70.1513293244
70.184856124
70.2606060338
70.3043877526
70.3608773587
70.4570289527
70.544312774
70.7601785904
70.8236788145
70.8311452563
70.8556724017
70.8678999836
70.8768552514
70.9013235143
70.9493399458
70.9924151342
71.0117670784
71.030243669
71.0723503374
71.1497356214
71.16229957
71.1967238524
71.2395260051
71.4822024002
71.5595103546
71.5968926488
71.6858750588
71.7204157719
71.778993698
71.8036245151
71.9220213966
72.0169985722
72.0389358563
72.0660794897
72.0976973365
72.1163529575
72.1202657346
72.1830440768
72.200993451
72.2132953183
72.2201908276
72.2244338191
72.2470686128
72.2534083922
72.2999848264
72.3124727811
72.3481845481
72.3793785971
72.3913885868
72.4199617978
72.4716907545
72.5024228203
72.6044804371
72.6427208752
72.6836629624
72.7416714087
72.8005905761
72.8227684784
72.9428566426
72.9768303224
73.274853947
73.3367861532
73.3622476989
73.3968172344
73.4555266755
73.4803863833
73.5226719668
73.5716982922
73.6672897393
73.8632108698
73.8925105328
73.8997064524
73.9392763874
73.9693299913
74.0153426698
74.4417808534
74.4470208004
74.4644876837
74.4956413803
74.5769263542
74.9584622223
74.9858250529
75.079401943
75.1067626357
75.1336098173
75.1976460767
75.2310600392
75.2363395734
75.3006989823
75.3525980393
75.3685548612
75.6160628757
75.6505119438
75.6578310228
75.6818217272
75.8620000967
75.881197367
75.9095473107
75.9405829175
75.9579069841
76.0176801286
76.0567949996
76.0796741857
76.1350980645
76.8318234397
76.8658767695
76.8880709951
76.8985479803
76.9184996641
76.9602873651
76.9950754314
77.0044404824
77.0197186634
77.0469336349
77.057557722
77.1048676244
77.2074953225
77.2835806635
77.3459297491
77.3840881198
77.4525662267
77.5028871499
77.5092105255
77.7033275071
77.7609423655
77.8424317609
77.8783282257
77.9210704852
77.9301445297
1543
