6.01305267126
6.0175806633
6.04588008395
6.05419503668
6.0582315651
6.06835595367
6.0819972273
6.10443078277
6.13462041522
6.13964102799
6.15222438189
6.1683663183
6.18961349727
6.21725491423
6.23412497689
6.24593129204
6.2527745026
6.26496144058
6.422283058
6.4767019349
6.52360352703
6.55647169055
6.57376330426
6.58346369345
6.59166342674
6.62505475264
6.66309213456
6.68555749913
6.6993189021
6.71782049688
6.7382567307
6.7558302833
6.78109041269
6.8179950724
6.84122393591
6.89605213747
6.92394506284
6.9751958602
6.99174093111
7.04240487734
7.09168165263
7.12058248469
7.12845406947
7.15054024376
7.23733179132
7.24445259104
7.26713861287
7.28289274306
7.28974262309
7.70829751196
7.75487278675
7.77382249891
7.78962126994
7.81469800513
7.86860868585
7.89662837918
7.94903892813
7.97479600923
8.00968148646
8.0319639641
8.05333317226
8.07921659884
8.09966993881
8.40983077049
8.42737624393
8.43697655912
8.44332877002
8.44946290781
8.45381494785
8.4637773229
8.4715005288
8.47875038763
8.49533449135
8.51783987949
8.52620371269
8.53325958302
8.53878519513
8.54645741985
8.56422724807
8.58299587295
8.61270392535
8.61622842658
8.62956937948
8.64675521067
8.65557316093
8.67444046345
8.71551161321
8.72462788431
8.73329227977
8.86455287896
8.87115562998
8.89289783654
8.90243777815
8.98976884785
9.01540471419
9.03721764526
9.0524470515
9.08426545528
9.11159140377
9.22758253658
9.26613974757
9.2811076374
9.31750709567
9.35764967473
9.40045716136
9.43408537952
9.46787052745
9.52756484946
9.61067344961
9.62046730348
9.63285160658
9.6685879261
9.68351245409
9.70760491299
9.76566889359
9.77241296711
9.78028164534
9.79394201823
9.84971042306
9.88377527288
9.90921172743
9.93925297915
10.0060331631
10.0180536856
10.0525053562
10.0825197981
10.1071870719
10.1549419598
10.1885524783
10.2163669406
10.2480521886
10.2684620121
10.2816436372
10.2904791948
10.3268960551
10.3637243141
10.3677327929
10.4010558136
10.424561885
10.4531853287
10.4652355612
10.5001449627
10.8087224261
10.8284601655
10.9749894311
10.9902193086
11.0092582694
11.0196736012
11.0888297833
11.2133816887
11.2285320279
11.2562615299
11.3298620957
11.3377225113
11.3492371708
11.7237873958
11.736404374
11.7925563921
11.8323108537
11.8746003239
11.8980201395
11.912897644
11.9631331259
11.969286378
11.9790084027
12.0076858452
12.0166025436
12.0362588577
12.0414463713
12.0522464647
12.063158836
12.0745727486
12.1021244592
12.1149117275
12.1300180546
12.1464563685
12.1652676898
12.1815520329
12.1977680916
12.2016435792
12.2198539635
12.2395376797
12.2652680866
12.2841264862
12.3121298102
12.3361912548
12.3559773043
12.3664991929
12.3897151
12.404133479
12.50614071
12.5182481563
12.5311212899
12.5581420194
12.6033056853
12.6316757269
12.6773061219
12.6923838569
12.7219343704
12.7385725814
12.8044992443
12.8326291737
12.9873309237
13.0645461557
13.0876451944
13.1029417226
13.1280463279
13.2050161597
13.2161360928
13.2546181769
13.2693215834
13.2849443679
13.2971209451
13.3013823984
13.3050327684
13.3619201688
13.3727347233
13.3801126454
13.4037880366
13.4172004033
13.4289126547
13.4426753802
13.4578220505
13.6661597149
13.707905562
14.4089203704
14.4217713302
14.4301756741
14.4382065466
14.4443598557
14.4659067777
14.4914161287
14.5096605269
14.5175850414
14.5280479452
14.5342446296
14.5392010966
14.5641872779
14.5879146859
14.5989039966
14.6063121616
14.6450704274
14.6515185855
14.6710895287
14.6902547829
14.6940800466
14.7094181381
14.721853458
14.743428079
14.7720662505
14.8462012359
14.8890265439
14.9170470967
14.9380524661
14.9731571149
14.9850337056
14.9983625989
15.0146661539
15.0400491342
15.0807654615
15.1124969402
15.1443235766
15.1987100681
15.2289601936
15.268967168
15.2866213435
15.298316322
15.3457593392
15.391014773
15.497251706
15.5401163066
15.5858255783
15.6070984814
15.6154602893
15.6327690586
15.6474803416
15.6668417333
15.6745588053
15.6848585945
15.7230775551
15.7311155267
15.7527295257
15.7726025021
15.7921229741
15.8091577962
15.8365409877
15.864533098
15.8803527712
15.8870669531
15.9073213924
15.9316939687
15.9655599815
15.9816697213
15.989374962
16.0049642602
16.0214896452
16.0334335065
16.0454764909
16.1026214478
16.1131789584
16.1513305806
16.1739094437
16.1938925603
16.2247463999
16.3201739749
16.338948164
16.3890406517
16.4336721547
16.4973515312
16.6755725726
16.6790557009
16.6940177535
16.8049562114
16.8214021041
16.8250140115
16.8479912323
16.890491559
16.9006940474
16.9089562804
16.9280546123
16.9371040206
16.9529522791
16.9781832036
16.9953860398
17.0023270734
17.006432238
17.0196100408
17.0404520931
17.0614066807
17.0717798473
17.0804491777
17.1015818955
17.1955027863
17.2009970083
17.2085421106
17.2122196451
17.3120991997
17.3375737002
17.4306999288
18.0152255143
18.0402380064
18.056316417
18.0820034788
18.1036291863
18.1187350315
18.1325047793
18.2529326197
18.2730140326
18.2853501861
18.3033669545
18.3128310104
18.3239917437
18.354801338
18.479258817
18.4992576153
18.5151938421
18.5239979252
18.5338170493
18.573644686
18.5889487325
18.6630842581
18.7198015685
18.7340260928
18.772262998
18.7957649709
18.7999510514
18.8130009736
18.8359570365
18.8693241196
18.8865427687
18.9223130503
19.0097665858
19.0254807265
19.0425212077
19.1164009496
19.1382149417
19.197278935
19.2055016482
19.2193419527
19.2265675402
19.2326154417
19.2437330124
19.269314065
19.2886344474
19.301178169
19.3113207304
19.3261327169
19.3364246177
19.3441516196
19.3658116092
19.3780396923
19.3936563552
19.4138391427
19.4204369028
19.4245860672
19.4369373922
19.4708034269
19.5082503165
19.511660239
19.5182860118
19.5257136314
19.5558880719
19.5702110982
19.5819209061
19.6091054041
19.6290721936
19.6405263759
19.668190935
19.6880383089
19.7177955435
19.7332960743
19.8952519271
19.9232631871
19.9721525286
20.0103569241
20.0444178202
20.0486891506
20.0887290751
20.0991030752
20.1386747251
20.1785399041
20.1832798902
20.1948735215
20.2747397248
20.3270876703
20.3716099103
20.4145005612
20.4291354947
20.4345688607
20.4422188733
20.4478052731
20.4542026909
20.4721799311
20.4814796125
20.4850820822
20.5031977301
20.5073126981
20.5152178452
20.5233326801
20.5330162978
20.5639166075
20.5724648453
20.5838317893
20.5970593986
20.6084079885
20.6149909969
20.6245309946
20.6391622265
20.6470547241
20.7423709156
20.7521492316
20.790810269
20.8087579992
20.8270650496
20.8363123324
20.8651086815
20.8701691037
20.8845683023
20.912582692
20.9453579599
20.9622486677
21.0064201609
21.0155635543
21.0236193449
21.0563086053
21.0847916952
21.1115699109
21.1342592694
21.1428695268
21.1856296481
21.2015653021
21.225732093
21.2498625534
21.2892885377
21.2942983823
21.3571826667
21.4544435201
21.4608915637
21.6167549303
21.6213813155
21.6333971556
21.6449399461
21.6491981604
21.6529046369
21.678230646
21.7236718183
21.7499877238
21.7692191002
21.7933269828
21.8017631143
21.8227758359
21.8482209917
21.859100932
21.878192816
21.8892009643
21.9181290809
21.9268705914
21.9435649323
21.9743316458
21.9884215303
22.0430432267
22.0476518833
22.0845149881
22.0945276852
22.1068203602
22.1306571093
22.1630742536
22.2194997412
22.2463521618
22.2548857746
22.2678091753
22.2904887161
22.3097780281
22.3276994094
22.3395304678
22.3656504155
22.4302971476
22.4570812422
22.4949052092
22.5407242041
22.6014626645
22.6135479971
22.6499921143
22.7478288802
22.7991753614
22.8382286196
22.8442560652
22.8574783048
22.885690501
22.8922119626
22.9103559871
22.9214132718
22.9321087476
22.9474051414
22.9602699028
22.9690260699
22.9785833214
22.9924842608
23.0046772061
23.0216142646
23.0612465758
23.0752570165
23.1244044343
23.2794274665
23.3018261545
23.3401385128
23.3483558051
23.3801158276
23.4028505764
23.4217140286
23.4310159403
23.4535044841
23.5114674923
23.5225380125
23.5729986612
23.5835468253
23.6109174079
23.650567518
23.6951057057
23.7261687354
23.7513402973
23.8882729835
23.9464131524
23.9860666566
24.0174819951
24.0252474672
24.046954838
24.0529759729
24.0648859706
24.0720290715
24.1311377281
24.150336202
24.1632862748
24.1712969124
24.17851659
24.2037170281
24.2108966373
24.2187499161
24.2303741862
24.249962384
24.2735072041
24.2878996153
24.3184760055
24.3403551825
24.3540260026
24.3791031123
24.3912820982
24.4272733664
24.4797259728
24.4950371433
24.5206857423
24.5377853205
24.5663337119
25.0654009959
25.1058529546
25.1110438882
25.1299158906
25.1664893137
25.1959904078
25.2262129553
25.2320633479
25.2483345111
25.2516903822
25.2570998525
25.263303389
25.2723154155
25.2758757191
25.2872134375
25.3066773448
25.3116750133
25.3249909734
25.3328558387
25.3559777603
25.3777462758
25.3993512454
25.4050092203
25.4121208015
25.4226319978
25.4297975756
25.4476970762
25.4664134498
25.6897423389
25.7134075325
25.7210132789
25.7545463386
25.7727335644
25.9875884067
26.0139193001
26.0573583369
26.1030251538
26.1218062093
26.1297074781
26.1628388327
26.1792794363
26.188948661
26.2601459101
26.270142147
26.2990490728
26.3243098878
26.3288847682
26.385113969
26.4911253991
26.5027447008
26.5085766492
26.5149272635
26.5342892633
26.5439668239
26.5606383617
26.5726870443
26.5798579547
26.5884764723
26.6023307585
26.6096882513
26.8827928939
26.9480288614
26.9728587608
26.9964848252
27.0302701489
27.0658239332
27.0759004473
27.1072208596
27.1763495197
27.1890967635
27.2108995748
27.3819885164
27.5416292718
27.5512444084
27.5911862809
27.6080779272
27.6170673269
27.6383671042
27.6950838719
27.7031423871
27.7095983408
27.7217602045
27.7457518913
27.7537699484
27.7625847528
27.7760473241
27.7961945845
27.8139902156
27.8190295414
27.8763403225
27.8950601339
27.9561886965
27.9896985817
28.0092680121
28.0157678125
28.1097505593
28.1244577032
28.1515009486
28.1618046177
28.1689572623
28.2002358587
28.4603032695
28.4708245653
28.490529518
28.519319455
28.5550287773
28.5745154847
28.6146430996
28.6208535078
28.6941089807
28.711895314
28.7520843928
28.7839476562
28.8075093139
28.8185641757
28.834999932
28.8417675645
28.8513147062
28.8571716385
28.8709427445
28.879596385
28.9069360943
28.9197998908
28.9333954603
29.0636874442
29.0970786309
29.1036950805
29.1641868857
29.1873852278
29.1969970084
29.2118633073
29.2705537518
29.2805220426
29.2935653843
29.4564259217
29.6732161064
29.7173358875
29.742569745
29.777161619
29.8049920042
29.8254796989
29.8830420259
29.8911708522
29.9338033523
29.9541534516
29.9703387235
29.9897395227
30.0104740428
30.0235243486
30.0521157421
30.0633035626
30.0718762144
30.0805984735
30.0949135691
30.1426265686
30.1506614527
30.161112861
30.1701383421
30.2113406481
30.2299890378
30.2854941845
30.3098975001
30.3320059313
30.3421880738
30.3519396819
30.3872623851
30.4011884678
30.4190240869
30.4359645219
30.511190566
30.5178734764
30.5398331201
30.5596522261
30.605268881
30.6305959418
30.6565236977
30.6745588733
30.682795058
30.7172151981
30.7500844235
30.7592638999
30.8291216617
30.8786400547
30.9032390887
30.9402092033
30.982961455
31.0381614116
31.2114807781
31.218179385
31.2242244282
31.2388953915
31.246149913
31.2732704564
31.3199269201
31.3278068956
31.3335857368
31.3538358501
31.3709545832
31.4759867212
31.4920723345
31.5242477172
31.5371885863
31.5609333203
31.5735747544
31.6099078693
31.6936853234
31.7097928931
31.8081566111
31.8426846828
31.9511106793
32.0041617646
32.0417313873
32.0511902165
32.0960155803
32.112737197
32.179531249
32.2372218498
32.2651140744
32.2949894139
32.3489630623
32.3743456844
32.4098506654
32.4205961742
32.4298799631
32.4385211304
32.4454901694
32.471538981
32.5144520256
32.5255691876
32.5473517708
32.553041341
32.5569752435
32.5646903842
32.6249124044
32.633094969
32.6400177381
32.6531190971
32.6581450731
32.6675517151
32.6861318062
32.6992509147
32.7213115612
32.7486826917
32.7596446963
32.7875155883
32.8061094114
32.8237907967
32.8605417307
32.876133811
32.8918595963
32.9758881337
33.0247813417
33.0803358628
33.0996966323
33.1342260404
33.1526958932
33.4762458953
33.5078113811
33.5741817972
33.6271452924
33.63449638
33.6440347558
33.6672754957
33.6748213106
33.6786259449
33.6867371248
33.6963461828
33.7012346837
33.7057078246
33.7231561176
33.7410148181
33.7632155718
33.7952190895
33.8042377814
33.8131846578
33.8355150959
33.8436012179
33.8578107196
33.8634471775
34.5812344628
34.6316119444
34.6999671485
34.7710402971
34.8051837391
34.8191643127
34.8603410696
34.9132188994
34.9357299243
34.9477753983
34.9734940379
34.9908497876
35.0277537329
35.0389907524
35.0517481808
35.0620316896
35.0742270874
35.0798778161
35.0954468047
35.1054563833
35.1233284756
35.127538091
35.1330661221
35.170465752
35.1842959951
35.1940338525
35.2031073298
35.2260730768
35.2347651138
35.2406167168
35.2530890685
35.2622560495
35.2753401435
35.2974131399
35.3306892912
35.3344842436
35.3462365314
35.3507326893
35.4011986484
35.451446589
35.4652880508
35.4877809569
35.4928376294
35.8338959773
35.874962311
35.9359037064
35.9429685251
35.9988997111
36.024147828
36.0746117532
36.0911325952
36.1196035242
36.127200502
36.1356433437
36.1643880122
36.1808948545
36.2164366992
36.2426008038
36.2576049749
36.3084385096
36.3235599728
36.3300632191
36.352520298
36.3709914873
36.4001496073
36.4090447501
36.4278481122
36.4376256002
36.4706708284
36.5186464247
36.5251849996
36.5433051958
36.5468529926
36.6109095888
36.6961771248
36.7153312229
36.752018
36.7927798365
36.8108987964
36.8648646822
36.9067785021
36.9430510249
36.993868993
37.0265987259
37.0613710471
37.1085810561
37.1631235732
37.1981693691
37.2091618527
37.221391228
37.4223617968
37.4452069814
37.4544596411
37.4605904012
37.4848759528
37.510669704
37.5279505097
37.5710101324
37.6046381515
37.6170368663
37.6306242183
37.7904745999
37.8370852265
37.9123376476
37.9242688913
37.9389279602
37.9678452188
38.0072695383
38.0143590506
38.0587949933
38.074928205
38.169793946
38.2192650788
38.2541037614
38.3113576646
38.3263673398
38.3691725744
38.4133842008
38.4199975749
38.4360859022
38.4460068686
38.4523682864
38.4620763693
38.4688260339
38.4907603088
38.4953017321
38.5016779814
38.558301524
38.5709808856
38.5972874733
38.6271348968
38.630739101
38.6356493678
38.6433979636
38.6654815203
38.6892136143
38.7156027916
38.7386478475
38.783851864
38.7934476029
38.8073844096
38.8204305933
38.8415160424
38.8716577029
38.888967964
38.9178610795
38.9768827973
38.994515935
39.0167841397
39.0287583935
39.0768505022
39.1101323266
39.3112010629
39.3344318492
39.4015352581
39.4458755816
39.4573540911
39.4947760288
39.5071510635
39.5384466543
39.5538762549
39.6140211626
39.6219151807
39.6289383415
39.6576986852
39.6697185019
39.675481877
39.6942875445
39.7330353142
39.7742848453
39.7803729319
39.7935914782
39.8008333141
39.809173474
39.8224122188
39.8356573666
39.8545886959
39.8609933329
39.8803270734
39.9002673474
39.9469735224
39.9581138507
39.9698213927
39.992842418
40.1167045555
40.124284996
40.1376460445
40.1707167483
40.1775155838
40.2061106633
40.2124051629
40.2409717608
40.2659817552
40.305484252
40.3316833091
40.3531842075
40.3819660647
40.4192738169
40.6575287448
40.6944896134
40.7109245299
40.7462113727
40.7555846931
40.7942569058
40.8318260148
40.8442358583
40.8551494953
40.879818136
40.9098150211
40.9253378478
40.9392934853
40.9518420869
40.9714638405
40.9917891463
40.996275923
41.0132916878
41.0301430465
41.0496660023
41.0697548125
41.1025892908
41.1255137834
41.1304746222
41.2042992647
41.2518390049
41.3062264669
41.3216283099
41.3497505488
41.3602937604
41.3736159243
41.412866984
41.4471415744
41.464942513
41.536640477
41.5592246734
41.5879112613
41.6241123641
41.6627843127
41.7744778247
41.8469100028
41.8820823206
42.0065928405
42.0138809988
42.0267643616
42.039315501
42.0785155862
42.0940694332
42.1145125143
42.1463992107
42.1857434908
42.2073673262
42.2214265032
42.2388099639
42.2662042204
42.3274560908
42.3676371205
42.4265181635
42.4867668331
42.5284660586
42.544854072
42.5865084968
42.6404605032
42.6585522715
42.6920065368
42.7082774493
42.727767565
42.7881166273
42.8873578394
42.9292884558
43.011158009
43.0826721749
43.1795682896
43.253484995
43.2634609215
43.3293310035
43.3445060665
43.3544218953
43.4212881316
43.443988813
44.3103653359
44.3838025205
44.423925162
44.4472571664
44.4894353549
44.503152972
44.5097545564
44.5152781297
44.5396430276
44.5583919896
44.6061771086
44.6480810471
45.6411752194
45.661223302
45.6757621906
45.6849307697
45.9109869808
45.9448031536
46.1307267035
46.2555506667
46.2786465549
46.3987302422
46.5222061352
46.6333054587
47.0379082472
47.061717522
47.0876235334
47.121609577
47.1460975566
47.1793572567
47.2245019241
47.2617457341
47.2983310101
47.3362107588
47.374502967
47.4192966685
47.472750303
47.548680365
47.6441421111
47.7283906322
47.8295218667
47.9027616194
48.0081992104
48.2100574315
48.2406971689
48.245530426
48.2604426033
48.2809754431
48.289516653
48.3300445604
48.3740950827
48.3948189964
48.4382996806
48.4649853665
48.6115298601
48.6497202263
48.7065235855
48.7925138254
48.8528286683
48.912476954
48.9330529802
48.9834661052
49.2051633598
49.268820438
49.2731069979
49.2867848022
49.3056152781
49.3201415724
49.3376561921
49.3507000297
49.36125524
49.872818001
49.9171438374
50.0143216722
50.1026054071
50.2291722078
50.2707471066
50.3409514294
50.4231818894
50.4584001772
50.4782117053
50.5140790155
50.5423581502
50.5632579311
50.5898648381
50.6234713715
50.6407633788
50.8026548233
50.8559413522
50.8813928499
50.8985096552
50.9324686355
50.9442738624
51.0337442965
51.1195604292
51.2199686294
51.2686245779
51.3694935804
51.4142305028
51.4487876232
51.5377401461
51.5965327662
51.6341630232
51.6554615239
51.6700246115
51.6764628274
51.7053105875
51.7245284877
51.750130224
51.7854365079
51.9768045252
52.0428660152
52.1657346224
52.1847594558
52.235136005
52.3246971202
52.362675488
52.3832241969
52.4696745801
52.5403237925
52.5680831651
52.5944860527
52.6327267467
52.6513967745
52.6577612309
52.7775077651
52.8119838297
52.825088815
52.8290132916
52.8341436865
52.8443672603
52.8599740808
52.9206726055
52.9293112571
52.9594465175
52.9743635765
53.014724941
53.0342142118
53.059113908
53.0824913809
53.0914412874
53.1059155864
53.1459894853
53.2442497348
53.293070362
53.3687612207
53.3978529505
53.5744457085
53.6120734389
53.6522599711
53.6633172389
53.6849553153
53.7214887221
53.7303039839
53.7651385793
53.8349011931
53.9301169377
53.9788709088
54.0038775528
54.030585825
54.0826619427
54.4695593154
54.497830814
54.6630466796
54.7760255516
54.8082485756
54.8484019887
54.8819494241
54.9552909205
55.0018142082
55.0388376072
55.1420944002
55.1796728655
55.2099775893
55.2234546997
55.2466266901
55.3284112941
55.3486180947
55.3789064715
55.424981595
55.4852563519
55.5272108632
55.5754233452
55.5887635019
55.6525943281
55.756290741
55.8205903899
55.8620560641
55.8908479102
55.9500157247
55.9696667323
55.9734750769
56.1158997471
56.1676196859
56.2568147373
56.4278147533
56.4833336606
56.508158259
56.5407390212
56.5862056921
56.5970922497
56.626865226
56.6497064438
56.7155328926
56.7332284558
56.7370263495
56.835635708
56.8509832608
56.8584671495
56.8730928968
56.890873987
56.9495847271
56.9836083744
56.9994763143
57.056341609
57.1068931964
57.149919708
57.230515868
57.2927457922
57.3130569651
57.3762700881
57.4326062466
57.5073837715
57.5763853015
57.6374508534
57.6527469147
57.6787308156
57.6974233595
57.7085845262
57.7936252512
57.8222707096
57.8514358102
57.8691525119
57.8844650051
57.9277551694
57.9454573387
57.9774344963
57.9913776792
58.0328641308
58.1218113546
58.1256418382
58.186176627
58.2121939033
58.2931994364
58.3469523647
58.4294181643
58.5600675821
58.6483282003
58.7088462981
58.7544356354
58.8131598722
58.8909397604
58.8989172699
58.9147906623
58.9451786401
59.0873469254
59.1084874452
59.125290563
59.2579336301
59.2816307016
59.3221626783
59.3685040357
59.4090209982
59.4658979015
59.486711835
59.5600005023
59.5798916288
59.5879767711
59.6532347387
59.7132342265
59.7790969272
59.7879148329
59.8483134396
60.0311235965
60.0459695715
60.0672399561
60.0721066615
60.1362739387
60.1541418687
60.175668824
60.1831070722
60.2196972591
60.2311665341
60.2515737679
60.2731474127
60.3342148098
60.4655338173
60.4894661095
60.6231571685
60.6658007854
60.7686572965
60.814425054
61.0287024499
61.152556452
61.2619800976
61.2825182658
61.373189818
61.4211021993
61.4356185964
61.5126684393
62.0164932383
62.0209117241
62.0614487364
62.1558834552
62.2279815836
62.232315662
62.3338325
62.3617321396
62.4243535765
62.4476236316
62.4767103184
62.5006774343
62.5233867525
62.5413097683
62.5555015513
62.5794386919
62.6406597281
62.6804427771
62.7130818073
62.7554683244
62.7758682693
62.9641648574
63.0953283222
63.1411597664
63.1475933043
63.3716721137
63.4462331425
63.4825425667
63.5337735702
63.6159177222
63.6727361872
63.7041412449
63.7337674363
63.7485254774
63.7980349338
63.8672316535
63.9088249357
64.0188724672
64.0248132209
64.0463759256
64.1032481213
64.1083372027
64.2713878336
64.4496626734
64.5553253326
64.594640426
64.6357740502
64.6484739907
64.6845518755
64.7941497196
64.865734631
66.0174878832
66.0480120914
66.0733993831
66.0985744346
66.1207905802
66.1375271406
66.1952959935
66.2084932286
66.2378163636
66.2693085906
66.3568965251
66.3683299891
66.4261542685
66.4593466984
66.4774725433
66.5389541023
66.5600796468
66.606473804
66.6438752131
66.6688711697
66.7512663722
66.7725614949
66.7996835731
66.8446233286
66.8482650195
66.853356122
66.9023109725
66.9644960939
66.9844855682
67.0945623163
67.171096375
67.2236547729
67.2511495567
67.2774112706
67.3051077913
67.3108009366
67.3153929121
67.3812336086
67.4786675852
67.7875011229
67.8420271592
67.9943005165
68.0514757497
68.1971086364
68.3015448058
68.3083579268
68.3339262435
68.4070171907
68.4372384045
68.467774689
68.4924230509
68.5256569755
68.5326601261
68.5511308691
68.5665397069
68.5780878224
68.6004112051
68.6729279919
68.686107114
68.7331077222
68.7731391594
68.8175120642
68.8573236734
68.8822598587
68.9026469234
68.9112006221
68.9453729655
69.0047968178
69.0158389126
69.1499929201
69.1560938369
69.1844232154
69.1947562277
69.2595702242
69.3713684241
69.4270035591
69.4608481812
69.4839178281
69.5262113594
69.5683080501
69.6371868576
69.6543331693
69.6731393461
69.7168969741
69.7407322224
69.7649246965
69.7836656659
69.8177145681
69.8422234298
69.862074463
69.8986553387
69.9312002125
69.9683707788
69.9945214888
70.0061310222
70.0909011474
70.1025077803
70.1402472469
70.1627140709
70.2291084803
70.3119952364
70.3652487271
70.3701118536
70.4065851056
70.8356886803
70.8609116836
70.9182561156
71.0799304096
71.1033579383
71.2895378106
71.3229890392
71.3650800876
71.3906807356
71.485444437
71.5230810192
71.5282364808
71.6088420402
71.6450294593
71.8856071656
71.9077003483
71.9154499605
71.9358532962
71.9986920672
72.0128722019
72.0326823988
72.0617191004
72.0831293065
72.0967970634
72.1045274379
72.1079146661
72.1144793626
72.1447745739
72.178131131
72.196359764
72.2142366423
72.2697458871
72.2900073859
72.3055969822
72.3121706745
72.3495986362
72.3975618576
72.4258798778
72.4407130383
72.4945437947
72.5002145885
72.5286626741
73.2124374666
73.2379861746
73.2549497509
74.1890585491
74.2204282353
74.3192985598
74.3286911864
74.4106935202
74.4287773103
74.4367768139
74.4404501846
74.4450703272
74.5885773812
74.5924927718
74.8110643327
74.8169368536
74.8558335088
74.8968845821
74.93638436
74.9833521573
75.0110757991
75.0548423194
75.1193470401
75.1795879293
75.2799960191
75.3108133795
75.3872320143
75.4724532749
75.6391467473
75.6692957193
75.6794091613
75.6848957106
75.7090769403
75.7143447742
75.7335070158
75.7693555342
75.7934291446
75.8189219737
75.8222656829
75.8442278128
75.8672727224
75.8931417062
75.9230836723
75.9446076875
75.9907498059
76.0387703585
76.1077130549
76.1366881344
76.3085270433
76.326714126
76.3914819764
76.4415463288
76.4985455744
76.5937488718
76.7319964301
76.8290144572
76.8799895231
76.8957269267
76.9041632215
76.9716129657
77.0149427853
77.0194805949
77.0301849154
77.0438026714
77.0602598336
77.0762401289
77.1011006582
77.1541691817
77.1927551501
77.2794643056
77.3161080512
77.3271151743
77.3461057538
77.4245185408
77.4907037259
77.5491135658
77.7267817378
77.7734076831
77.825948588
77.8798363633
77.9106168282
77.9966131891
1729
