6.00334176078
6.01764331285
6.05479985392
6.0612017404
6.0840386671
6.09609782041
6.10469953358
6.10979779523
6.13077482834
6.50977832941
6.57347002476
6.63508101368
6.69304721287
6.86082855815
6.8843954351
6.90809262803
6.92309747725
6.98003122523
7.01107159643
7.01455916883
7.04681834579
7.08615512293
7.09885249351
7.1343993989
7.23075248289
7.23939458888
7.25363375379
7.27414671774
7.29069802192
7.29931213161
7.3062622406
7.32230510002
7.33702401616
7.35308318617
7.35670980074
7.36257467618
7.37276967498
7.40366695834
7.40884579564
7.43073610721
7.43652803368
7.46164320434
7.47036864962
7.47867137937
7.48823477845
7.50041621952
7.51470696362
7.52499863884
7.5423826628
7.55073570556
7.57733344555
7.78345576676
7.8170009384
8.00807037805
8.02028876022
8.06565686213
8.11392862693
8.12368752778
8.18702433832
8.21262264654
8.23036000079
8.28432227633
8.33840894352
8.40584690132
8.41591650387
8.42599334379
8.43996663876
8.44818259591
8.46763041595
8.49327813705
8.49874013934
8.53060174014
8.54251054492
8.55502075155
8.57133386959
8.58437211116
8.60204459052
8.61378189633
8.64775219805
8.69727193958
8.70614275906
8.7138359272
8.72607208901
8.74682948715
8.78070712234
8.83940862856
9.23733628088
9.24803531686
9.292025984
9.34583790766
9.36274370547
9.51401756387
9.56535994284
9.58744888991
9.61038306318
9.6156392133
9.63785042007
9.64574583186
9.65602901036
9.69834402584
9.72765793387
9.75375840166
9.76477678917
9.76903224294
9.77822933277
9.7946629832
9.8139177064
9.83365669582
9.85045249896
9.85717042461
9.89816828394
9.91578802734
10.7133548009
10.7374735342
10.7555594227
10.8059836427
10.8148793765
10.8205248635
10.8309623162
10.8390062001
10.8681393709
10.8726948619
10.8912455
10.8986921535
10.9130457508
11.2543018274
11.2657525337
11.2706132626
11.3169533801
11.3251368076
11.3771114007
11.4065917226
11.4159472813
11.4355633386
11.4638498798
11.4963593972
11.5011779067
11.5343666574
11.5598855972
11.5732701637
11.6508022869
11.7045940215
11.755984639
11.7660355717
11.7961531129
11.8075566396
11.8251849007
11.8736770215
11.9251156569
11.9605376667
11.9650156333
11.9727700965
11.9920794916
12.0331139838
12.0381162957
12.0512593979
12.068857355
12.0764072132
12.089500245
12.0982305211
12.16055133
12.1720110484
12.1910104798
12.2124698585
12.2228440347
12.2519496381
12.2724684862
12.3361499742
12.3871497222
12.3976688902
12.4115616544
12.5133828368
12.5345866136
12.5434190185
12.6080988894
12.6236011308
12.6596192367
12.6865834718
12.7187146331
12.7596305188
12.7943598078
12.897939438
12.9762800578
13.0366039862
13.1153040773
13.1775541994
13.185896784
13.2110164621
13.2179210212
13.2863475062
13.3007901931
13.3127671146
13.3178600509
13.5610705576
13.5801257632
13.600648376
13.6212832522
13.6720140788
13.684897556
13.6891722716
13.7203198071
13.7397439456
13.7672220285
13.7755963144
13.8011382389
13.8049884415
13.8364410174
13.8525503708
13.9407711751
14.0081595915
14.0580437871
14.0681656264
14.1044960931
14.1302443637
14.2184507515
14.2227854266
14.2535354341
14.316659326
14.3209990804
14.4115929662
14.533223995
14.5474141769
14.5548885958
14.5585193259
14.5685295845
14.5865524565
14.5909788602
14.598464439
14.6180776739
14.6418899283
14.6614971909
14.6823140656
14.6875446864
14.7331550797
14.751229117
14.7640566256
14.7718236465
14.7980010845
14.8185647433
14.8577410471
14.8810237129
14.901358848
14.9100973439
14.9307878116
14.9463815596
14.9717270746
14.9931839377
15.0164681175
15.0333835176
15.0912412622
15.1693536461
15.2044596811
15.2298263875
15.2516979163
15.2944001554
15.365585109
15.3719978882
15.3884545508
15.4101068381
15.4269457344
15.474496353
15.4895282948
15.5042772124
15.5570893283
15.6253705353
15.6433489858
15.657445681
15.6639491007
15.6817296608
15.6889029025
15.7043517764
15.7107815018
15.7204911955
15.7385730412
15.7439831431
15.7633460994
15.7763011925
15.7871483191
15.8143708126
15.8208439667
15.8266461138
15.8378014787
15.850401572
15.8763576322
15.8798559714
15.9028636114
15.9142503183
15.9274973887
15.9452779955
15.9556949519
15.9801815774
16.0414237158
16.0708981317
16.1045829593
16.1233630786
16.1321988492
16.143181119
16.1537314285
16.1713819212
16.2052533019
16.2195545912
16.2347975247
16.296501574
16.3351838848
16.3742107106
16.3995319011
16.4369066305
16.489593172
16.8061546242
16.8209408653
16.8330963415
16.8431125026
16.8530845725
16.864029897
16.8678515113
16.8732149238
16.8850780165
16.9069688087
16.9128776274
16.9261515574
16.9485617114
16.9550035493
16.9710145221
16.9977605635
17.0117799878
17.2249458406
17.2688019475
17.3019253927
17.3069189965
17.3274735076
17.3557285035
17.3733131662
17.3834169888
17.4198593765
17.4367347292
17.4909114143
17.5096581668
17.5206253464
17.5418792328
17.5522386246
17.570262959
17.5780773447
17.9391690289
17.9601567965
17.9966977223
18.0097659239
18.0163135677
18.0212843437
18.0458630093
18.0632873961
18.0804235466
18.0897996478
18.0972924385
18.3210181503
18.3313599987
18.3613518458
18.3762759767
18.4058745692
18.6799482031
18.7005760776
18.7467316719
18.7912574292
18.8165293553
18.8521373096
18.8567004219
18.8633041065
18.9517832796
19.0099802773
19.0710379231
19.1703183748
19.1780134272
19.2075460839
19.2302290707
19.2376777568
19.280710079
19.2853507586
19.2985263348
19.3060710911
19.3126839223
19.3163554202
19.3281863357
19.3484092116
19.3722840133
19.3784985742
19.3930302236
19.4186929772
19.4417974667
19.4631166901
19.4805925639
19.5172033916
19.52925768
19.5558870447
19.5755594802
19.5830145252
19.5875395368
19.5967799616
19.6061682765
19.6191250242
19.6501461892
20.1425433994
20.1588183877
20.1855165211
20.2328085513
20.2985486044
20.3093436062
20.3232859523
20.4157882391
20.4290781338
20.4447948469
20.5152143653
20.55174809
20.570594799
20.631353819
20.6508357205
21.5323728208
21.5501656391
21.6120903965
21.6210355339
21.6306306151
21.6388627358
21.6600545383
21.6810853156
21.6845925083
21.6911943698
21.7053334531
21.7189804243
21.7331923021
21.7548082465
21.7686266749
21.7910495766
21.7994449448
21.8058407198
21.8198007517
21.8356590624
21.8441600988
21.8611805474
21.8847329567
21.9012890781
21.9197538634
21.9915846481
22.1463295088
22.1564712728
22.1738790125
22.2106246851
22.2240810026
22.2523302733
22.2676772896
22.3807208703
22.4127446234
22.4302331647
22.448708227
22.4775386028
22.5724478567
22.6333658823
22.6656240736
22.6844446312
22.7151590534
22.7318353553
22.8079137131
22.8186781632
22.8692373395
22.8737976124
22.8828869043
22.8994486024
22.906440698
22.9136074997
22.9399067548
22.9585897614
22.968661796
23.0962115209
23.1156426292
23.1258686448
23.1477208763
23.1664466306
23.1871283277
23.2013767378
23.2097951721
23.2249655188
23.2433066704
23.2569713427
23.2834817063
23.3276752887
23.4552110501
23.4726407772
23.4845454313
23.5464398566
23.5584051891
23.6012436623
23.6167018982
23.6431127232
24.005793887
24.014386043
24.0187784744
24.1590775656
24.1863417142
24.23152756
24.2646488183
24.5574090515
24.5922729757
24.6394020206
24.6790829786
24.706491971
24.7329699185
24.7433327133
24.7470636441
24.7598747106
24.7702119435
24.7964634757
24.822898861
24.9677975491
25.0103742597
25.0947652155
25.1449435116
25.1934303444
25.2054058624
25.2167909383
25.225129025
25.2410757619
25.2742343755
25.2886661742
25.2946109702
25.300469403
25.3144037054
25.3355594308
25.3584029954
25.3784476898
25.3902365301
25.4065680209
25.4349370821
25.4420252572
25.4813030149
25.5001770807
25.5172302937
25.5392064247
25.5737594585
25.585029201
25.5895150169
25.6068221338
25.6375261457
25.6577787439
25.6689306239
25.6732602273
25.7037269929
25.7304057115
25.7709506883
25.8131105089
25.8222672737
25.8525596526
25.8768752702
25.8993184232
25.9148020402
25.9393234031
25.9519376934
26.0956421215
26.1750050645
26.2017151994
26.2404912983
26.3012080538
26.3401570613
26.407891497
26.4165273145
26.4327121382
26.4395041033
26.5066577608
27.2496047477
27.2937215094
27.3139222869
27.3454658389
27.3952699707
27.4506646086
27.6263383561
27.6557015897
27.6764142966
27.695945177
27.7071416196
27.72090322
27.7417096365
27.75652487
27.7731326058
27.7910939174
27.8719200692
27.8834201658
27.9058997137
27.9273215712
27.9702876184
28.0365677016
28.061982924
28.073609727
28.0903944639
28.1203893809
28.1351423842
28.1619324859
28.174077598
28.1912214388
28.2624194393
28.2999872368
28.3345091276
28.3560575477
28.4008214386
28.4344689042
28.4659671041
28.5429849763
28.5737837884
28.6102204312
28.6139983948
28.6691377739
28.7425222724
28.7722806548
28.8042737176
28.8113577251
28.8180604729
28.8318122148
28.845192625
28.8521730426
28.8668650066
28.886350743
28.9092025458
28.9161760036
28.9286853892
28.9352851363
28.9550102455
28.9638430379
28.9865776574
29.0137043503
29.0424808427
29.0523722135
29.0636104129
29.0845040075
29.0900716601
29.1012414502
29.1448886674
29.1691881044
29.1883822578
29.1947010184
29.2173810417
29.2238873315
29.2300470932
29.3660447442
29.4837271212
29.5103203912
29.5490021652
29.5730307894
29.5930230387
29.628336877
29.6510360544
29.6545975996
29.6732039744
29.6989949175
29.7506293047
29.7852047868
29.8099019967
29.8572453096
29.9221710871
29.9798059856
29.986061304
30.0062145108
30.0202631614
30.0245827752
30.0297626452
30.0412584386
30.0617395833
30.0735765824
30.0843985469
30.0969720139
30.1104988936
30.1347846471
30.1692487903
30.179320052
30.2008493392
30.2172006899
30.2326761149
30.2440015077
30.2542853311
30.2698397079
30.2788312498
30.2878943869
30.2964762945
30.3004881828
30.3080513898
30.3252480064
30.3360682063
30.3613990301
30.3748966499
30.3848623677
30.4028450794
30.4062759798
31.2161290375
31.2292133794
31.2492626399
31.2665718509
31.2774196877
31.2833337855
31.2930976198
31.2995618298
31.3234645563
31.3345206499
31.3467123811
31.3657375172
31.3919775362
31.417376415
31.4226343305
31.4344142436
31.4505610289
31.4585613166
31.465364
32.4187004384
32.4323227478
32.4574134183
32.4658451792
32.4796307796
32.4915605845
32.5084112792
32.5193311923
32.527645447
32.5411620653
32.5519561279
32.5803797302
32.6068469646
32.7124365719
32.722608612
32.7717328453
32.7906126828
32.796839217
32.8208781728
32.8437474099
32.8534630563
32.8631875926
32.8799018408
32.9192189167
32.9655464003
32.9880126126
33.6142079444
33.6208131808
33.6292755658
33.636626948
33.651563373
33.6594855201
33.681996505
33.7018402941
33.737306216
33.7493272219
33.7680107942
34.1765179912
34.1951752268
34.2426119955
34.314407214
34.3286208872
34.3613772213
34.3740205803
34.4193288582
34.4361548968
34.5395962785
34.5860389792
34.6139687428
34.639786897
34.6685437875
34.7189329013
34.7508239951
34.8481115483
34.8673736341
34.8882663137
34.9040809684
34.9332168411
34.9392322728
34.9531493732
34.9645890885
34.9796923042
34.9900186523
34.9986245028
35.0052736812
35.0172945796
35.0314618449
35.0519703753
35.0671121932
35.0985173732
35.1111959167
35.2273032248
35.2539547496
35.2613610403
35.2912695516
35.3047428768
35.3523868087
35.3821434582
35.3911701495
35.4277251991
35.4440695547
35.4620808447
35.4757855944
35.4800686909
35.4945623839
35.5163796094
35.5445223679
35.5504008438
36.0131831847
36.026274185
36.0318919484
36.0436895359
36.0539587166
36.0891412048
36.1051263818
36.1126936181
36.3410570136
36.3995991089
36.4129114813
36.4579219405
36.4756778585
36.4846262174
36.5268456445
36.563387534
36.807995935
36.8301783214
36.8723846861
36.9131181331
36.9289775867
36.9913901918
37.1101398799
37.2190401187
37.2316660597
37.2499338714
37.2717771186
37.2847901659
37.2984132087
37.3765873195
37.7827671782
37.7870205737
37.8404509511
37.8605372325
37.8728852209
37.8787780154
37.9075129098
37.9249148658
37.9564236514
37.9608438283
37.9767792215
38.0270621311
38.0387238725
38.0631531395
38.1064602837
38.1346557038
38.1926173399
38.2232412859
38.3131327624
38.3418485634
38.3801089898
38.4152104892
38.4276774266
38.4370411253
38.4679535269
38.4716685524
38.4986880173
38.5171865067
38.5290486717
38.535577649
38.5398654792
38.5709269027
38.5877449608
38.5944285185
38.6059038623
38.6243402995
38.637103906
38.6573879525
38.6819230083
38.7044452578
38.7249848277
38.7452450206
38.7686434881
38.8130016248
38.8224997316
38.8319196277
38.8525312277
38.8616073246
38.8775166894
38.8862623107
38.9121957174
38.9592281859
39.0098905306
39.0422569417
39.057478737
39.0641744959
39.0840535532
39.1053734307
39.1201905818
39.1238536675
39.1419451013
39.1669773011
39.1920141218
39.2837724745
39.3112760999
39.330655999
39.3626269505
39.4676870398
39.4713827674
39.5204336564
39.5671151071
39.6089020965
39.6170913185
39.6330766732
39.7307536948
39.7529398735
39.7671212279
39.7791436677
39.7825989256
39.7894488899
39.7996989521
39.81354852
39.828776506
39.8366071223
39.8492259622
39.8575749197
39.8731334075
39.9107937082
39.9439676955
39.9636112705
39.9775850284
39.9823918065
39.9968397877
40.0088003411
40.0132348118
40.042033634
40.063509033
40.069002415
40.1015920377
40.1103277825
40.1386644989
40.1742870102
40.1972769572
40.2160558688
40.232042434
40.2495711642
40.2649942013
40.2903363624
40.3013092537
40.326224138
40.337297678
40.3863731935
40.400039007
40.4481278401
40.5171988298
40.5577999673
40.6135247136
40.6353355204
40.6479664826
40.6817787331
40.7323764265
40.7824825434
40.7929641537
40.8081316396
40.8175302411
40.8247364414
40.8486770406
40.8545878006
40.8637064219
40.8687593472
40.8799506618
41.5115751849
41.5559122023
41.5666086625
41.5746146343
41.5980366815
41.6071594511
41.6313651669
41.7102332962
41.7552875809
41.7915697278
41.8488054826
41.8864185304
41.9159386647
41.944132285
41.9712811979
41.9930202345
42.0905130698
42.0977709156
42.1316279916
42.1707042754
42.211849673
42.2380532274
42.2481169275
42.2540838415
42.2869054338
42.4544976954
42.5078004503
42.5588616807
42.6040406804
42.6204983353
42.6609855294
42.7025395067
42.7680344464
42.778146701
42.7958339802
42.9114781564
42.9390444257
42.9437222096
43.0053020447
43.0586562034
43.143403915
43.2081062794
43.2229550536
43.3297105648
43.3632485628
43.4329235915
43.4484619773
43.500547989
43.5124400006
43.5571766632
43.8495750921
43.9714706007
44.0415600662
44.0587972301
44.1045082986
44.1329055092
44.1395969975
44.2185420453
44.2804965388
44.4138033343
44.447537524
44.4866833014
44.5161846138
44.5265778547
44.5473058852
44.5981182701
44.6146122388
44.655452319
44.6712050313
44.7319177411
44.7664196676
44.816682022
44.8803639175
44.9998290764
45.0520362223
45.1008346743
45.1560094023
45.2224644004
45.2794861047
45.2950691771
45.3648918638
45.3951562126
45.4340271059
45.5139971833
45.5681575498
45.5838756968
45.6095581118
45.6345779416
45.6636012632
45.6866731963
45.7169194843
45.7929044648
45.8036238323
45.8187804694
45.8473249524
45.8734697013
46.0238070823
46.0537992763
46.0901068446
46.2509210173
46.2808534628
46.3654523537
46.4130844942
46.4651697497
46.54568232
46.6088313128
46.8348613564
46.8921773029
46.9166549144
46.9472611652
46.9715423708
47.0314394808
47.0636873383
47.2070623822
47.2713478066
47.3008418195
47.3448143282
47.3608929974
47.3703358214
47.4034916712
47.4440294451
47.4974296879
47.6422583989
47.6764373234
47.7226931077
47.8846541185
47.94473995
47.9987681312
48.0059379891
48.0315984348
48.0502185149
48.0599714972
48.073189485
48.0984153764
48.1305933254
48.1503921777
48.1705440046
48.2139226848
48.2224748271
48.2858180254
48.3208711885
48.3469749207
48.3648611836
48.3861069029
48.4192485842
48.4378480034
48.519101732
48.522876135
48.5987326617
48.6451593993
48.7046528896
48.7815901621
48.8306149996
48.8919314689
48.9033510049
48.9096699875
48.9485764339
48.9806963616
49.0270054849
49.2069918707
49.2258911798
49.2725902993
49.2898089454
49.3003850358
49.360377031
49.4090844545
49.4751702812
49.4960918057
49.5247026868
49.5402539083
49.6078414283
49.6377997116
49.6532155143
49.7588375175
49.7806848536
49.8307262319
49.8656385888
49.8703234124
49.8747333536
49.9639908563
49.9831751746
50.0433220791
50.1253133124
50.1702747723
50.3976685407
50.4546190454
50.4801167074
50.5173163275
50.5269734458
50.6173316397
50.6389535382
50.6469256319
50.7123017865
50.7168402125
50.763098985
50.7873718723
50.8127565342
50.8484322614
50.8957966363
50.9769674685
50.9936136709
51.0547007168
51.1371476187
51.3891703594
51.5342712294
51.570277918
51.6145665621
51.628670407
51.6396811017
51.648181333
51.6533861993
51.7023309274
51.7132740478
51.7704265362
52.8373667958
52.8505869184
52.8782051081
52.9102327849
52.9243595127
52.9313055443
52.9660665763
52.9969940734
53.0158242618
53.032737689
53.05999923
53.0883365957
53.1262375164
53.1440441254
53.1676089189
53.2262364323
53.2423718297
53.2904800406
53.303109483
53.3506317969
53.4543459945
53.7754570992
53.8368768268
53.9963413401
54.1325021534
54.17856788
54.1837789721
54.2222924724
54.2609189869
54.2867794343
54.3339796924
54.5786706246
54.6338538241
54.6679878854
54.6877979061
54.7746024649
54.8332524473
54.8614463019
54.899759207
55.2224756443
55.2384641092
55.3157625316
55.3359730781
55.3643733738
55.3767436976
55.397491862
55.433296555
55.4650566508
55.4839554266
55.5090959905
55.5157251926
55.5361933286
55.5612371307
55.5780206935
55.5827700556
55.6490536868
55.6706862037
55.7010953419
55.7445831882
55.7846915269
55.8260913025
55.8339079901
55.8397440981
55.922245941
55.9598219719
56.1214692163
56.2388204792
56.2992682191
56.3567995018
56.4129325075
56.6185373202
56.6579587926
56.6859269462
56.823030656
56.8321861893
57.6142849716
57.6403641149
57.9045039069
57.9394423697
57.9763564417
58.0163649427
58.0221482889
58.0466523904
58.0814748596
58.1335226943
58.1830552065
58.2158720437
58.2713292948
58.3486056698
58.4302185429
58.4498172211
58.5250033291
58.5317099904
58.5771858555
58.6720364044
58.7097686461
58.7435773902
58.8250741865
58.8323104972
58.8775274219
58.8901124081
58.9094883446
58.9355774613
58.9420811302
58.9475682675
58.9861590268
59.0356726722
59.0544463644
59.0632524619
59.1008432519
59.1540183591
59.1909162262
59.2176756376
59.3014365709
59.84925254
59.9262862817
59.9764135987
59.9908304201
60.0230469341
60.0590675583
60.0697522243
60.1069248478
60.1364509006
60.1496002273
60.1671277838
60.2021160934
60.2236872306
60.2415653642
60.2550464056
60.4365148853
60.4942587577
61.2099204443
61.24673391
61.2578177037
61.2955069002
61.3102613487
61.5631748555
61.5711149756
61.5745675506
61.6094443366
61.6425088308
61.7169695348
61.7277437888
61.7929492779
61.8374755717
61.9048837473
61.9389637174
61.9958032174
62.0071340194
62.0612303188
62.0967788045
62.1736301638
62.1949873353
62.21815893
62.2391278705
62.3110490644
62.4215408464
62.4605573564
62.5192205381
62.5656955851
62.5824046255
62.610455579
62.620499954
62.6328834073
62.7124368125
62.7456092941
62.7837473519
62.8035698627
63.0509271014
63.0993131713
63.1514171016
63.1693063084
63.202609777
63.2106299869
63.2650353056
63.3780469604
63.4295751405
63.5116126019
63.5633424808
63.6090071389
63.6221037553
63.643422879
63.6508342935
63.7090413354
63.7251480345
64.3874425183
64.4581569392
64.5043605689
64.5121063358
64.5683731085
64.5860408336
64.6658758854
64.7036302025
64.8421492697
64.853826295
64.8934976343
64.9049026559
64.9166776095
64.9993903977
65.036349813
65.0510576969
65.0831250118
65.1417286394
65.1658509674
65.1970354629
65.2321631304
65.2697341879
65.2763154045
65.3299364042
65.3950126471
65.4391053664
65.6952236233
65.7421245054
65.8319169591
66.0098831741
66.0267663405
66.0725138915
66.0863657542
66.0930698575
66.1389555664
66.1563898513
66.1673913104
66.2154243823
66.2328004876
66.2634387971
66.3332818925
66.3584322609
66.4392956061
66.4463865819
66.4984243397
66.5344701534
66.5411956353
66.5491615921
66.5931571543
66.6062726595
66.6361506737
67.2565144781
67.2959251516
67.328560307
67.3507954382
67.391971802
67.4293394901
67.449534503
67.467213083
67.4750416396
67.5012131211
67.505923438
67.5142669928
67.527356365
67.5700048691
67.6170554296
67.645950621
67.7733744377
67.7935493521
67.7986337974
67.8891378265
67.9685497279
68.0193858495
68.0455771877
68.0959549349
68.4191044607
68.4327910039
68.490195519
68.5051303792
68.5318854477
68.5370417027
68.5470837753
68.6119060232
68.6584979455
68.6789588721
68.6861846512
68.6995555826
68.723153078
68.7485097371
68.7544508468
68.8234820652
68.8612099727
68.9221395195
68.9369203159
68.9863737731
69.0140022028
69.0320700852
69.080328464
69.1298783908
69.168802965
69.2343277931
69.3282423015
69.4175829023
69.4855325411
69.6100994636
69.6152703545
69.6332709594
69.6636879694
69.6739790192
69.7002323971
69.7038975161
69.7417032758
69.7673898305
69.7811342273
69.8015016939
69.8299962986
69.8627752225
69.9147483757
69.9513268674
69.9642439466
69.9727332217
69.9876394825
70.0477345917
70.1207349971
70.1376825734
70.230508215
70.2823870253
70.3408611568
70.8147037931
70.8488523439
70.8711398687
70.8885636576
70.8964319795
70.9143925911
71.0059410369
71.015242852
71.0251120049
71.1674154064
71.2123220622
71.2481600485
71.2757991574
71.3203565817
71.3473072793
71.3893690036
71.4739351467
71.4806934331
71.5354159349
72.0252570922
72.0798588425
72.1172016914
72.1402635161
72.1952883087
72.2126607818
72.2521908115
72.2703134359
72.2798042406
72.2832282986
72.3402430283
72.3533134774
72.4060052212
72.4185595148
73.2148154212
73.229826553
73.2768957812
73.2899011026
73.3208527081
73.3670374825
73.4148941819
73.4281296004
73.4716084364
73.4779217486
73.5016498496
73.5122605132
73.5906817406
73.618673446
73.6364765629
73.6790708547
73.6951908511
73.7148155959
73.7249004554
73.7813081329
73.8140299569
73.86330315
73.8936230044
73.8994485894
73.9725129362
74.1015297435
74.1259174823
74.1328467125
74.1387413667
74.1571008826
74.176885976
74.2110561611
74.3415232571
74.3986363887
74.4189237541
74.4252263266
74.4413354615
74.4589064201
74.500281354
74.528031826
74.5462633252
74.5650972865
74.5717038817
74.5907356365
74.6023045602
74.6432480724
74.6594446242
74.6937027497
74.6975486759
74.7309376278
74.7679918368
74.7904700215
74.8044697127
74.84949682
74.8830674421
74.9769545956
75.0449290193
75.0499818982
75.123770229
75.1731146729
75.2145469662
75.3233465694
75.3488828725
75.6131748973
75.6191271752
75.6318887483
75.6671373053
75.696095545
75.726711113
75.748580674
75.7626729522
75.7673751346
75.8099214738
75.8210402102
75.8678645506
75.8819457969
75.927265323
75.9431827146
75.9826163526
76.0384854545
76.141075659
76.2332918578
76.2786856338
76.3108705176
76.4225935308
76.4919984631
76.5627472241
76.5949759044
76.6249974902
76.8114422956
76.8497397105
76.8741461753
76.9075314121
76.921164985
76.9284256205
76.9601094625
77.0485744065
77.0707711343
77.1296982835
77.2473323497
77.26126894
77.317532014
77.3618259738
77.4105354233
77.4652164896
77.4911285934
77.5232699168
77.5770830233
77.7040343858
1623
