6.09724839747
6.13925486613
6.14869183851
6.15914223647
6.17601211933
6.18196833298
6.19527537346
6.21427981894
6.22997272185
6.24301252705
6.88960016261
6.90225005118
6.94998291193
7.00180951289
7.01772845713
7.09053402335
7.1756846859
7.19202836349
7.21232995222
7.22450390404
7.25223460168
7.2558256097
7.26978805862
7.28347835084
7.30613955841
7.32500565889
7.35163714202
7.37617692631
7.40059506248
7.40871793118
7.42281038013
7.44757588751
7.46839600224
7.47732171552
7.50208347016
7.65052202038
7.67193602489
7.68787048497
7.7226853797
7.74173405582
7.74809210659
7.79360880868
7.81548432135
7.84391410203
7.88008904182
7.89121332648
7.9161938034
7.944571191
8.40541405473
8.41107455471
8.42284810896
8.44315593529
8.45022677516
8.4558066856
8.46643482749
8.47293010621
8.50265406238
8.51314588404
8.52949607573
8.55399993607
8.7161489434
8.75844909812
8.76768537774
8.78723978576
8.79478157057
8.82438254343
8.83214633658
8.86182434559
8.86608683929
8.88345559207
8.89031226285
8.9016534225
8.96575534666
8.99730506506
9.0096843764
9.03845577644
9.05448506617
9.08733662972
9.10101183739
9.11738433784
9.15111005298
9.19050985863
9.2184338302
9.24216848884
9.27111298254
9.3184234753
9.32683603217
9.34188714174
9.36592523503
9.3931772258
9.43029418401
9.46324358054
9.51381917366
9.5835826183
9.61549521559
9.63330349578
9.65188974802
9.65560686684
9.67489395259
9.68558192983
9.6982943473
10.0599853649
10.0914524294
10.1002928258
10.1195769028
10.129470079
10.1966644187
10.2356226225
10.2426836666
10.269862475
10.2899129704
10.3336637599
10.452977194
10.6074904951
10.6519831338
10.6755815982
10.7197651522
10.731762077
10.7878525093
10.796483808
10.8081437014
10.8986521053
10.9046860931
10.9193417068
10.9243326283
10.9497175698
10.9969771182
11.0162737642
11.0274238449
11.0360150682
11.0533742715
11.0735823654
11.0929824189
11.1149279664
11.1214252724
11.1334498534
11.5053269784
11.5196524202
11.5508030687
11.6092749426
11.6531649598
11.6574657577
11.6678284688
11.6993414106
11.825794889
11.8947081701
11.9013225637
11.9352803963
11.9750836306
11.9965004981
12.0088556856
12.0265522513
12.0362414669
12.0563958758
12.0628805513
12.0722126222
12.0817425816
12.1052728988
12.1187130361
12.1323290037
12.5246535082
12.5662238254
12.5885271155
12.6302817258
12.6673367037
12.7035885633
12.7752565999
12.8055985453
12.8390297412
12.8607994682
12.8825752895
12.8894452895
12.9172969348
13.0144850412
13.0704784371
13.2585476148
13.2826327649
13.290827742
13.3344209843
14.4034481009
14.4346834235
14.4385662448
14.4477006992
14.4583352806
14.4684739117
14.4832221008
14.4872729992
14.834460255
14.8534557616
14.8823294535
14.9094055095
14.9539607069
15.0043580872
15.0287218981
15.0631263251
15.0804469542
15.0890487529
15.1598290821
15.2337193805
15.2615936038
15.3119266004
15.3557108532
15.3931538914
15.4619829038
15.5413210944
15.5503314704
15.5846306372
15.6077697141
15.6285666388
15.650169576
15.6616437531
15.6749161625
15.6782730477
15.746732089
15.7550945415
15.8220907217
15.8582495631
15.8726803133
15.8956425968
15.9234742018
15.945686951
15.9721082569
15.9865791453
16.0267831868
16.0384707999
16.0640810247
16.0923819915
16.1013093233
16.1274373539
16.1365467665
16.1514989744
16.2122171082
16.2281521456
16.2344219971
16.3205382363
16.36505409
16.3878273593
16.4069937181
16.4617064385
16.4940918413
16.5159382794
16.6851983917
16.7239608731
16.7814186357
16.8042459959
16.818937321
16.824595391
16.8338810979
16.8516620865
16.8651471532
16.8869479004
16.904126214
16.9223548037
16.9280273455
16.934466363
16.9528434325
17.0027793275
17.0072683306
17.0163592928
17.0491236795
17.0906913878
17.0996256608
17.1116447095
17.1182764457
17.1311753375
17.152645924
17.1892662072
17.2084755653
17.2451854133
17.2644228842
17.2804056423
17.3003288542
17.317822793
17.351913811
17.3818735061
17.4222244596
17.4611079536
17.4808542209
17.4967214664
17.6381852349
17.8195278335
17.8984220451
17.9425511298
17.9697152637
17.9980164953
18.0221566299
18.0319055356
18.037869106
18.0499397994
18.0599056931
18.0632998228
18.0853440151
18.1014535017
18.1143230867
18.1218339115
18.1402830198
18.1588073917
18.1724518313
18.1915188059
18.2071904692
18.211585996
18.2186972093
18.2272585073
18.2479081831
18.2536102934
18.2759139348
18.292823519
18.3230102079
18.3375622295
18.3586036813
18.4227451721
18.4425061911
18.4653763121
18.5054223814
18.5509530774
18.5920602339
18.617706903
18.6243386458
18.6689418278
18.6768944269
18.7076878673
18.7324309901
18.7673644286
18.7870332046
18.8103351214
18.8604538174
18.8863580481
18.9389148157
18.9763264499
19.0154850159
19.030331288
19.0656716712
19.0829349743
19.1059719003
19.1406989123
19.2152472293
19.2298132986
19.2415149304
19.2556962194
19.2674846782
19.2879501192
19.2961736557
19.3120653094
19.3453743286
19.3501763255
19.3814175497
19.400731446
19.4230604332
19.4395653622
19.4470568914
19.4777287915
19.4835501369
19.5001782488
19.5088497863
19.526310603
19.5422999927
19.5952158936
19.6066775972
19.6307981164
19.652380205
19.6622981116
19.7167691125
19.72571526
19.7351461783
19.8774541472
19.8949323944
19.9368081761
19.954021962
19.9674323613
20.0117316959
20.0326862368
20.095016225
20.1538614866
20.1909458125
20.2014471752
20.2683340515
20.3259116055
20.3354351206
20.3748831084
20.4657522864
20.4750523055
20.4795258518
20.4920127803
20.5034773274
20.54214672
20.5544615566
20.5831991848
20.6077114455
20.6197093106
20.6303422354
20.6519887907
20.6613330488
20.6734591672
20.6794878148
20.7042175951
20.7202302243
20.7257119408
20.7356023103
20.7494423191
20.7728767401
20.7982653014
20.8072597681
20.8389511799
20.8619385134
20.8862178101
20.9070067515
20.9362234883
20.9482762571
20.970200351
20.9882711263
21.0140528073
21.0426151477
21.0661449453
21.0851814352
21.1178886931
21.1655270574
21.200551469
21.2443554674
21.2643371638
21.3167754576
21.3491330496
21.3863944867
21.4323993279
21.4624461792
21.4992881431
21.5320001926
21.5618156951
21.5947299452
21.6177785799
21.6372356177
21.6414019987
21.6521727917
21.674499561
21.6860944726
21.7035281313
21.7249005071
21.7617559324
21.7709045444
21.7818638818
21.7980988376
21.8097624549
21.8270714767
21.8411876212
21.922855494
21.9485736669
21.955456506
22.0224770737
22.0367954147
22.0474489311
22.1357035308
22.2001543472
22.2480219502
22.2524944126
22.274966759
22.3622182481
22.3763760114
22.4210331753
22.4327727239
22.4792285379
22.4911095682
22.5252555265
22.6410055088
22.6682175884
22.7079003475
22.7139727918
22.7193769604
22.7774166468
22.8184482119
22.8312547639
22.8492106684
22.8603274443
22.877443943
22.8849546435
22.8985281823
22.9185590262
22.9239974062
22.9956433419
23.0002767399
23.0079881021
23.0241468121
23.0350461725
23.040390244
23.0492314519
23.106874939
23.1118530072
23.1242487468
23.1410023139
23.1579936568
23.1798189626
23.1841793318
23.2240453011
23.2304856283
23.2399998848
23.2530204156
23.2603211173
23.2834295063
23.3069101056
23.4362806445
23.4496005219
23.4747545523
23.5108154637
23.5259677261
23.5669322983
23.5750721627
23.7640459467
23.7931579016
23.8163533475
23.8584176486
23.8618933495
23.9129939413
23.9187250234
23.9411289104
23.9774074625
24.0069163066
24.0206514439
24.0273555236
24.0373604083
24.0457058728
24.0652737411
24.0716190664
24.0795162765
24.0900496649
24.1011470207
24.1242341093
24.1852724058
24.210215663
24.3901233791
24.4118588177
24.4474930355
24.536401888
24.5496657556
24.5893129395
24.6135663509
24.6458835003
24.6525226684
24.8541687599
24.9010537444
24.9519914818
24.9969445695
25.0261285886
25.0416642568
25.0906734699
25.1309258726
25.1559886955
25.2053576328
25.2145648196
25.2187202269
25.2349197933
25.2473349406
25.2603633514
25.2681008059
25.2869260573
25.2933071004
25.3044150505
25.3209706772
25.3533309286
25.3624468
25.3671174914
25.383147788
25.3875175738
25.3922426147
25.4028187762
25.4220542614
26.4245673925
26.436751135
26.4484276908
26.4521641729
26.4745362279
26.4931400584
26.502345885
26.5210542291
26.531905081
26.5982840037
26.6133699881
26.6233266246
26.6336122189
26.637236718
26.6525912473
26.6696287729
26.6823137299
26.720756016
26.7434861209
26.7513251269
26.7718916596
26.8570467621
27.1286742041
27.1771312188
27.217683722
27.2517407211
27.3207834584
27.3336544302
27.3879405925
27.4289320173
27.4326036087
27.4958147226
27.520795753
27.6143035745
27.6225388214
27.6354488786
27.6684021936
27.6938496082
27.698948673
27.7083705307
27.9195370592
27.9273089286
27.9398841577
27.9548578337
27.992155025
28.0261795744
28.0305976413
28.0390744141
28.0496939455
28.1378758081
28.1575368916
28.1667857474
28.1781776631
28.1902106002
28.1998501776
28.2294464509
28.2513962959
28.3093177734
28.315359197
28.3326149247
28.3532247852
28.3629574981
28.3946841563
28.4093726327
28.486785867
28.5660643547
28.5712862771
28.6794845945
28.7110032828
28.8427221061
28.8578002806
28.8671044671
28.9072265107
28.9197433633
28.9412122104
28.944757329
28.963609297
28.9719607646
28.9812887537
29.0489053357
29.0603338832
29.0838038777
29.0989546342
29.1239768844
29.155044354
29.447015731
29.4659175914
29.8866001882
29.8917260366
29.9210533621
29.9589961417
29.9955260346
29.9995480307
30.0072195536
30.01598398
30.0221134936
30.0320217805
30.0736326684
30.0986956734
30.1075636978
30.1141088783
30.1240119062
30.1399324661
30.1457147579
30.1775646435
30.1873737262
30.1926951272
30.2178796151
30.2272682334
30.2371709678
30.2553006982
30.2689749954
30.2910904914
30.3158434782
30.3585580609
30.3706770223
30.3798035448
30.393920655
30.4011559881
30.4049219322
30.518687379
30.538365142
30.578421533
30.6020445456
30.6217868878
30.6479288063
30.6625285014
30.7044783406
30.7187734965
30.7318439519
30.7486357374
30.8001232267
30.8055281286
30.8155887597
30.8521268774
30.8693843675
30.8884824033
30.9992986313
31.0339120232
31.0425523627
31.0625873905
31.1081710035
31.125077179
31.2113272736
31.2156253263
31.2204738509
31.2406696672
31.2446595587
31.2570598573
31.2752686807
31.2900114918
31.3146068702
31.3203291273
31.4253617795
31.4390516881
31.4508110111
31.4601182114
31.4671554731
31.4767400218
31.5327396999
31.539168827
31.5494476163
31.5582994006
31.5828674532
31.598999763
31.7101280649
31.7302774178
31.7497961196
31.755483493
31.8305514339
31.8555440253
31.8933425989
31.9097578305
31.9741949869
32.0031844379
32.0332327933
32.0712710758
32.09534337
32.1099421201
32.1854792739
32.198087917
32.2607630408
32.3104687747
32.3884881993
32.4169442018
32.4300520837
32.439458568
32.4477904853
32.4632768935
32.485124971
32.5110632099
32.5294289078
32.5381495308
32.5748596465
32.5876011547
32.6015461169
32.6092075413
32.6343812235
32.6398159134
32.6586193884
32.6814352777
32.7110946308
32.7359331848
32.7544598805
32.7699562238
32.7995420591
32.8098667355
32.8535515765
32.874919306
32.8908864368
32.8959008379
32.927723231
32.9501843365
32.9743076604
33.0290449589
33.0437000359
33.0668171794
33.078115753
33.1442884188
33.1865713323
33.2618225789
33.4502669468
33.5008587661
33.5408474063
33.5573531944
33.566347513
33.6084506172
33.6144732375
33.6232768376
33.63597258
33.642730482
33.6524795758
33.6642848829
33.689715989
33.6974668772
33.7196760539
33.7376116811
33.7471728326
33.7590649347
33.7659854701
33.7765672566
33.7877328103
33.8122463381
33.8300182604
33.8578583331
33.8619888066
33.8821245075
33.9055832724
33.9130709621
33.9212560444
33.9394169007
33.9622347385
34.0033800763
34.0938598492
34.1643924848
34.1736289856
34.1809605348
34.200811756
34.6624571948
34.7715855204
34.8063294206
34.8154659252
34.8306586451
34.860932237
34.8839192686
34.8925163905
34.9017626529
34.908067328
34.9190714333
34.9321273363
34.940545952
34.9459813222
34.9646839565
35.0016497063
35.0172989716
35.0316451644
35.0443253488
35.0699647206
35.0785070108
35.086824275
35.0971230169
35.1651475855
35.1730173866
35.2477224901
35.2663164626
35.2764803922
35.2823685603
35.3010060735
35.3306559585
35.5250597677
35.5698931078
35.6339321675
35.8439662188
35.8637222358
35.9021050688
35.9822608693
36.0081301672
36.0920758368
36.0978066518
36.1051696325
36.122899443
36.1334673678
36.1585341215
36.1766452218
36.1917484691
36.2038633356
36.2997023254
36.305541335
36.3751527795
36.4527153579
36.4821967867
36.5229870722
36.5289563696
36.5496464546
36.5681429452
36.617652878
36.631491224
36.6666261916
36.6925429489
36.7686758315
36.7860358847
36.8205676174
36.8508199642
36.8735901981
36.9245882698
36.9412242793
36.9801233778
36.9860914362
37.0219539039
37.0595512505
37.0980637905
37.1498576749
37.2087719708
37.2244783129
37.2349008525
37.275329884
37.2993817627
37.3295936886
37.3463685466
37.3527660479
37.3713082077
37.3854799135
37.4017347514
37.4235955992
37.459733829
37.4643771142
37.4819253107
37.5043544577
37.5165881228
37.5301357801
37.540094961
37.5459187011
37.5528215313
37.6042091229
37.6102726891
37.6201458622
37.657193529
37.6800325541
37.7536656061
37.7837152752
37.8009749154
37.8280378881
37.8626861963
37.9107221661
37.9360025109
37.9682187896
38.0505711606
38.0729295542
38.0952824474
38.1772713918
38.2356717514
38.275736532
38.3403930403
38.4115108957
38.4180367548
38.4314142095
38.4468625864
38.4563547828
38.4920260582
38.4983744949
38.5059520935
38.5122091551
38.5361142708
38.543195094
38.5972367235
38.6181314523
38.6297037775
38.6677201176
38.6975013794
38.7407089776
38.7531870046
38.8278244245
38.8387992525
38.8702534222
38.8923465582
38.9130456415
38.9444414748
38.9649026345
38.9738963679
38.983011476
39.0900244609
39.1061581498
39.1383250918
39.1560191455
39.1753623946
39.2195439927
39.2576531494
39.2807480106
39.2963431153
39.6122093289
39.6255993738
39.6348449599
39.6856157907
39.7054291485
39.7123177631
39.7363182634
39.8268188749
39.8502558218
39.8926034199
39.8971706191
39.9123399167
39.9231090001
39.9522478013
39.9573978079
39.9676139564
39.9762678074
39.9796540194
40.0071075809
40.0144972799
40.0324057988
40.0483515975
40.0720493041
40.0939792332
40.1390651028
40.1938119622
40.202566067
40.2344400468
40.2581958283
40.3023069244
40.3310107932
40.3942997154
40.4153620585
40.4508265624
40.4934331027
40.5255804258
40.5734979023
40.6287059977
40.6557542051
40.6759639989
40.6802414324
40.7199377479
40.7355916865
40.778755299
40.938850034
40.9564256826
40.9727122074
40.9868053456
40.9979701727
41.006569944
41.0291084522
41.0457783466
41.0600941516
41.0919388052
41.1004238608
41.1323340107
41.1416164188
41.1749497869
41.186458521
41.1990500794
41.210638813
41.2217893545
41.2385784395
41.3735044001
41.3888457773
41.395255299
41.427046802
41.4412676618
41.4544195545
41.4789868005
41.515563239
41.5859029494
41.6214177191
41.6614402951
41.7047299324
41.7252191536
41.7311929487
41.7364081824
41.7674484264
41.937733679
41.9505333828
42.0198639564
42.0680556802
42.1345282977
42.1669154322
42.2080690193
42.2424456323
42.2653871738
42.2772019904
42.2930988108
42.3463272225
42.3762232877
42.429433397
42.485120157
42.5220742926
42.5836200801
42.6018147049
42.6190714792
42.6702416199
42.6950557559
42.7673728199
42.8418107192
43.1147835382
43.140998057
43.1809992834
43.2217537224
43.2516468142
43.2682341655
43.3339121532
43.3542428472
43.3939953786
43.813526538
43.8913497213
43.9256773208
43.9721566037
44.043039332
44.0500147124
44.0930851475
44.176875663
44.2208120867
44.5519262008
44.5737917691
44.6004669409
44.8955576776
45.0092287537
45.0393214766
45.1915581745
45.2075869692
45.261980492
45.2866427248
45.3556575976
45.4366739571
45.4946748151
45.5369356914
45.6154973947
45.6270701129
45.6558879713
45.6675642974
45.6792631262
45.693678422
45.7045694271
45.7226427314
45.7414203881
45.7614311972
45.7916083232
46.8105085172
46.8150250201
46.837351187
46.856609695
46.8908173729
46.9439246897
46.9571361118
46.9770706895
47.0024092764
47.0120970028
47.0257190447
47.042059917
47.0583027555
47.0933418783
47.1236117875
47.1804002618
47.2078118432
47.2611155429
47.3347260529
47.3553986421
47.3781938431
47.3958967146
47.4380481737
47.4970087071
47.5658404311
47.6077816067
47.671076507
47.7430806649
47.7714281128
47.7970913492
47.8375032751
47.9819462922
48.3270564736
48.6969164314
48.8447577018
48.9431152961
48.9709005993
49.0661712979
49.1470732448
49.2036586402
49.2483913333
49.4050419491
49.4347733634
49.622706195
49.6768140866
49.7599640299
49.7703771213
49.8258329506
49.8472677392
49.8555721654
50.0595504668
50.0694602802
50.1228414679
50.2956932229
50.3349765639
50.347054631
50.3567908149
50.5046586547
50.5129621392
50.5319962632
50.5594178423
50.6138061339
50.6233437015
50.643894406
51.1252250972
51.1712714546
51.2518689697
51.3154608834
51.4712694302
51.5087310963
51.6220219437
51.6272321382
51.6321504658
51.6640422635
51.6816665266
51.7231967205
51.7698826293
51.7911833648
51.8179221431
51.8963378148
52.1144029052
52.1280700484
52.6448882695
52.728396949
53.3750468368
53.4108866674
53.4726894268
53.5541104364
53.6257068321
53.7034026494
53.7441509323
53.8065771879
53.8445092357
53.8729997429
53.9795593383
54.0413265012
54.1128601178
54.1366306027
54.1931189527
54.199473647
54.2256845652
54.2570397483
54.2862691409
54.3116413585
54.3371661577
54.3405804952
54.361947954
54.3754188189
54.4271528963
54.4627949389
54.5135357826
54.5587745789
54.5701094276
54.5767262519
54.6341854092
54.6701389057
54.6824719248
54.7056084097
54.7312390668
54.790224263
54.9037210832
54.9536485471
55.0335823463
55.0554779361
55.061033313
55.1114047811
55.1596188681
55.219313531
55.3243987053
55.3396931745
55.378265477
55.4010969377
55.4270930894
55.47885676
55.4839630048
55.4964563835
55.5144324804
55.5271850347
55.5476524353
55.5627686172
55.5743079849
55.5922154036
55.6437632193
55.680197308
55.745665539
55.8033530993
56.0383039998
56.0753132013
56.1665638046
56.2530895491
56.2820105595
56.3581145898
56.4213074027
56.4355277363
56.4584482004
56.4659822779
56.4830839896
56.524223909
56.5464585372
56.565722386
56.6052490648
56.8213852988
56.8758870552
56.9128279854
56.959959422
57.0082222333
57.0679157253
57.1174388333
57.2057086498
57.2352992532
57.5123785913
57.5499759065
57.5590945334
57.6046366557
57.6260425019
57.6556059785
57.6776506065
57.6990282718
57.7196146598
57.8314156191
57.9021289005
57.9507274812
57.975677126
58.0162864628
58.058882639
58.6563519678
58.7740393606
58.7836867435
58.838193017
58.8493785033
58.8533834469
58.884438374
58.9186769009
58.9350673579
59.058210443
59.0815119028
59.1329361481
59.2151286446
59.2327338809
59.2390676198
59.2642166937
59.2760915666
59.2837697529
59.3230093441
59.3585857668
59.3732961129
59.3994284102
59.4415856623
59.4710567964
59.5088735124
59.8219257067
59.846201186
59.8802127896
59.8878111003
60.0138404528
60.0296569547
60.0670990561
60.0733142275
60.0994904789
60.1413324211
60.1782133173
60.1818908051
60.2296835903
60.2403054749
60.295115832
60.350953519
60.408087278
60.4543097511
60.5585453735
60.6805887482
60.7795779047
60.8037888682
60.8828110532
60.8949842522
61.0248607534
61.0900766125
61.0968940904
61.2235414166
61.2535982592
61.3275958767
61.3577001079
61.3677689713
61.5415546911
61.5954583331
61.6343613756
61.6637520164
61.7359721884
61.7677628392
61.7895022847
61.8076819072
61.8525563456
61.9243429753
62.0409981147
62.0832846264
62.1704121158
62.2376498691
62.3166226406
62.3528300808
62.4522485157
62.4726615272
62.6097218796
62.6551553548
62.6687988039
62.8051619992
62.9300387728
62.9653033043
63.0110322392
63.0203576816
63.084501634
63.1564446312
63.4597675081
63.5479070253
63.5706497646
63.5835512436
63.6202403096
63.6437019045
63.6634109074
63.6945538965
63.7233564938
63.7630114521
63.7795671005
63.8041999719
63.8652441145
63.8876047053
63.9096320122
64.0128112408
64.0267147988
64.0860542057
64.0933710892
64.1592561048
64.2085766235
64.2670650454
64.3439870177
64.3997748728
64.4387448906
64.60362569
64.8157542482
65.0867768241
65.1147730309
65.1262157153
65.1652553282
65.683420905
65.7868359103
65.9043971151
66.0116625219
66.0410456235
66.0456995366
66.1680843843
66.1969344519
66.2233563155
66.2410590571
66.2578827549
66.2723466589
66.3077743441
66.3244784538
67.0841666758
67.146478327
67.2167913696
67.2272021762
67.2593180769
67.281049355
67.2927172312
67.3333368857
67.3457668525
67.3495917747
67.4181852992
67.4438314905
67.4717089349
67.5224598765
67.7358548107
67.7558664008
67.7788347387
67.8374537663
67.8901944508
67.9528430966
67.9868195656
68.0241388513
68.0924587273
68.1653340998
68.1855234055
68.2261523278
68.3137269995
68.4283633826
68.5025832475
68.5290819917
68.5650298945
68.6061264498
68.6423817951
68.8003398836
68.8450968556
68.8720896783
69.0336665155
69.2094868102
69.2363558886
69.2641456852
69.2904900451
69.3369135948
69.4635922183
69.5164073185
69.5655514436
69.6689034187
69.6821864611
69.6856548815
69.723079489
69.7849698785
69.8822456153
69.9267083974
69.9839276603
70.0276907028
70.0624593952
70.0907361975
70.1100385034
70.1820305074
70.3399656957
70.4068902485
70.4518001294
70.4791767859
70.5844948448
70.7360617758
70.8445662089
70.8617136365
70.8995107031
70.9082200111
70.9194018345
70.9342907729
70.9611510573
70.9735535658
71.0104130934
71.032647293
71.0527990026
71.0753136178
71.1229711861
71.1530225358
71.3129384185
71.3800173162
71.4543859745
71.5076537826
71.5821015539
71.5902962209
71.6424621966
71.6490946416
71.7314398383
71.7644277377
71.7890470978
71.8386666384
71.8636534132
71.9515757721
72.0073091984
72.0164300197
72.0385831409
72.0768469888
72.0930132527
72.1341302955
72.1468134628
72.1619188863
72.1849654935
72.2203919334
72.2482345911
72.3188429195
72.3433305067
72.4230528368
72.463534661
72.4974174179
72.5351001642
72.5655679548
72.6185121432
72.6793195334
72.7528188754
72.7858334234
72.8672469342
72.9272756312
72.963327629
73.0683294883
73.1987521549
73.2173665162
73.3666635293
73.3960431377
73.4100223248
73.4313020907
73.4828452454
73.5158502499
73.5335025556
73.664328
73.7305390416
73.7867887633
73.8019210086
73.8353174098
73.8476089992
73.8750560833
73.9163560839
74.0730340267
74.0945197806
74.4145934352
74.4826259991
74.5018907454
74.5125988284
74.5321178897
74.550336009
75.3719954806
75.4561959842
75.4666911892
75.5406433879
75.6267788531
75.6603193329
75.8410841373
75.8449119074
75.9231911016
75.9661409981
76.0451384227
76.814353688
76.826851574
76.852498335
76.8775212256
76.8993981816
76.9208477595
77.0281485003
77.0566356504
77.0863262054
77.1156975145
77.1410560376
77.1654265903
77.2336373204
77.2939158268
1600
