6.00656148701
6.22882379501
6.23629531036
6.24822233767
6.25899318822
6.27030830936
6.29322086857
6.32233117856
6.38077779331
6.39077607831
6.42455015876
6.45379697752
6.5719402751
6.60620065771
6.64140156466
6.67614318861
6.70510673437
6.73854911078
6.77059284572
7.21486921489
7.23065991555
7.23805702895
7.25498783122
7.29694538313
7.30885345327
7.32861690989
7.33417286658
7.33862772977
7.34544375824
7.36202420452
7.36911435558
7.40294120991
7.41655910719
7.44171357258
7.46238307297
7.48175129027
7.51337607054
7.53430870476
7.53912061288
7.57734442563
7.74040582372
7.74902090591
7.78348512532
7.79772573767
7.83945446226
8.02896150676
8.04452282735
8.04838504228
8.0945472549
8.22842695136
8.34983109372
8.37187960715
8.40994187122
8.41537679283
8.43133660621
8.44140106739
8.45167111429
8.45906998156
8.47096732486
8.48737787097
8.49272958349
8.51064179417
8.52526697477
8.59310002967
8.61321748058
8.63481286148
8.6440682011
8.65290619079
8.68124333233
8.694491598
8.7159723682
8.76302643566
8.77668563425
8.78912027262
8.81094077138
8.82423915985
8.82791979318
8.8439783026
8.86694414095
8.88602887588
8.90621517091
8.91453507273
9.0481782282
9.08305805233
9.11116890071
9.13439347531
9.16765577798
9.18658922252
9.24446683103
9.28396738867
9.2929802039
9.30443760492
9.31589352636
9.35040455695
9.37790078441
9.40398695857
9.42740460814
9.45925637594
9.53390169943
9.53997630548
9.61026707069
9.63189136725
9.64988644554
9.6630417371
9.66872586652
9.67925800155
9.68920460878
9.69529978689
9.70521299169
9.76537150589
9.77301181104
9.78755931375
9.79220280467
9.80295076148
9.8218102294
9.8588807815
9.88207007436
9.91660981068
9.93480863049
10.0041183841
10.0284982611
10.0530570951
10.0611464245
10.0849058052
10.0933430328
10.1328076723
10.2858572715
10.2977270584
10.3062843988
10.5220700618
10.6660292753
10.7039713008
10.7533911919
10.7732302716
10.8308895199
10.885919893
10.8989622112
10.929985406
10.9369417878
10.9426751227
10.9576503967
10.9659602258
10.9937980581
11.0161346332
11.0202066266
11.0412674725
11.0935622755
11.0992966916
11.1225938865
11.137317616
11.1413770145
11.1454165914
11.1670024011
11.1812554753
11.2469364234
11.2754794512
11.3039049758
11.3108986462
11.3476331787
11.3689305733
11.3847776345
11.4323393476
11.4655265886
11.4744336819
11.4909903058
11.5208529697
11.5243233562
11.5279629595
11.5545897049
11.6033907122
11.7451981028
11.8278539698
11.8539555094
12.0099858585
12.0265372173
12.0334630136
12.0422089191
12.0787899929
12.0958824143
12.1039453806
12.1353621884
12.16279779
12.21265105
12.2335154948
12.5117642167
12.5580832112
12.564879474
12.6975620062
12.7084391547
12.7193151111
12.7715419433
12.7795438737
12.8027127252
12.832672322
12.8995035223
12.9090882065
12.9492147756
12.9696188043
12.9869459519
13.0128348112
13.0611899308
13.2076780133
13.2150510463
13.2207282252
13.469915778
13.5377915662
13.543395708
13.547537046
13.5660741239
13.5698347501
13.5803170445
13.5890630204
13.6004725411
13.6331325296
13.6616139035
13.6813100367
13.6933875445
13.7085840467
13.7260805638
13.7689017588
13.8017723857
13.8364946962
13.8522841921
13.9116347226
13.9362800231
13.9714699462
14.4316439671
14.4743935271
14.4855582873
14.4963355431
14.8953930095
14.914360485
14.9675447065
14.9853738643
14.9980183753
15.0383577
15.0846932408
15.1807865569
15.218190647
15.2392104034
15.2639913726
15.2869711364
15.3308647149
15.3716680237
15.4291985315
15.4483789822
15.4806917761
15.5560627175
15.5603215018
15.6058926522
15.6149498033
15.6234110349
15.6401140529
15.6450933606
15.6590444707
15.665863815
15.6749946622
15.6832863362
15.694325719
15.7751331291
15.7802109592
15.7909813069
15.8281340955
15.8560303604
15.8852982041
15.8922697894
15.8973361301
15.960640596
15.9653000281
15.9774484108
15.9868917249
16.0440307915
16.0571025209
16.1839554533
16.1975236601
16.2177753956
16.2624365378
16.2761067944
16.3024382706
16.3785464081
16.4011370546
16.4331771432
16.5474121065
16.576052133
16.5935023407
16.6150190569
16.6491136414
16.6919900773
16.7017816403
16.7501463947
16.7620784995
16.7940705662
16.8242413187
16.8368381374
16.8594844581
16.8752217926
16.8938583254
16.900514693
16.9337476028
16.9479697376
16.9545489039
16.9774085314
16.9820649954
16.9931199463
17.0256411125
17.0409039724
17.1591233791
17.1683106865
17.263132536
17.4143868127
17.4324727768
17.464053839
17.4832148459
18.0178512066
18.0341696432
18.0494380733
18.0577815986
18.078605874
18.0869218378
18.1057943569
18.1247711366
18.1348223973
18.1475190781
18.1579819482
18.1648182746
18.1723560653
18.1842045822
18.1957108305
18.2216182899
18.2355223403
18.2434151347
18.2491472596
18.2643705695
18.290670623
18.3413888133
18.347182221
18.3680475142
18.3726131715
18.3994324424
18.4092672134
18.4242270705
18.4356475872
18.4483732911
18.519130606
18.6248134909
18.6584709095
18.704888258
18.7524827469
18.7976144091
18.8135303893
18.9985577173
19.0156520486
19.0335918012
19.0729058522
19.1050783813
19.18288566
19.2370679423
19.2806473404
19.2997837548
19.4007446319
19.4116357389
19.4295474609
19.4354087203
19.4710550177
19.4784690665
19.5000203731
19.523980441
19.5331267021
19.5537649528
19.5632596296
19.5869292904
19.6247512398
19.6556487768
19.6671155473
19.6805278496
19.691916525
19.7252718671
19.7433243579
19.7512425497
19.7751599108
19.8223790474
19.8476307967
19.8691320281
19.8916573194
19.9208602046
19.9460276491
19.9540732178
19.9665446443
20.0063428609
20.0279593221
20.1106871726
20.1535470704
20.178426104
20.2251975003
20.3510210768
20.3977351638
20.4066491429
20.4219728256
20.4348391352
20.4712002965
20.4800908038
20.4978998147
20.5085939271
20.544554322
20.5635061876
20.5701416622
20.5762809019
20.5941271924
20.6189165548
20.6240347351
20.6306592467
20.6498461942
20.6681962845
20.6976615318
20.7038560865
20.7110062719
20.733934981
20.7583405124
20.7700005109
20.7893464603
20.7947114811
20.80578363
20.8799480106
20.8840347301
20.8930312975
20.9104607206
20.9739382042
20.9827124052
20.9965034079
21.0080351194
21.0123011301
21.0204814254
21.0266130689
21.6060004609
21.6093864205
21.6271995654
21.6466262794
21.6569310323
21.6723720817
21.6803835816
21.6851216414
21.6947896728
21.7016005696
21.7136173479
21.7178858986
21.7340702114
21.7482651459
21.7612591203
21.7903478914
21.8061895668
21.8193048616
21.8905870182
21.8984651263
21.9253517558
21.947656914
21.9541837739
21.9645317816
21.988416481
22.0058614575
22.0190788995
22.0372299194
22.0471929816
22.072197007
22.0833947196
22.1070877506
22.1218015118
22.1408507873
22.1696372603
22.8484847772
22.8561238785
22.8722633669
22.8799563512
22.8886083185
22.9157273374
22.9210658705
22.9526621915
22.9609011846
22.9686262293
22.987805812
22.9944918524
23.0162266916
23.0385268621
23.0605814836
23.0643109989
23.0776561039
23.1177137197
23.5067400706
23.5234774911
23.5521176717
23.5780878716
23.6208693294
23.6426504084
23.6867468151
23.7535671905
23.8017392193
23.8104702876
23.8603668974
24.0202013294
24.0333416223
24.0414623747
24.0522946819
24.0591281356
24.0679651589
25.2115708348
25.2368511957
25.2673567295
25.283510831
25.2929069072
25.3177520264
25.3278518469
25.3417596648
25.3699102281
25.3769367797
25.3899202596
25.4878862546
25.5048124967
25.5172245015
25.5430945394
25.5726364509
25.5847138639
25.6025562293
25.629607675
25.6495167889
25.6751665409
25.9539609642
25.9651829606
26.063813664
26.0986949278
26.1034996182
26.196339703
26.2288111146
26.2734092677
26.3316473287
26.3592892749
26.3916135018
26.4034961206
26.4205476755
27.6118481273
27.6374542173
27.685485332
27.6920880501
27.7090148875
27.7218620196
27.7357359133
27.7403092931
27.7504022061
28.5372802707
28.580722681
28.6227199034
28.6909068838
28.7074713314
28.8152702957
28.8412694851
28.8533554194
28.8678153184
28.8788054603
28.8937732835
28.9129924961
28.9195695257
28.9330204129
28.938313371
28.9445763751
28.9486044236
28.9541185394
28.9688959717
28.9947975169
29.0050991857
29.0362685699
29.0413370131
29.1053626707
29.1204263166
29.1332299542
29.1519132022
29.2252273579
29.2321837767
29.2768099564
29.3103492326
29.3690233793
29.3918207141
29.4034524437
29.4268451874
29.4447301431
29.4717647266
29.5156901678
29.5806751547
29.5927707761
29.6040718829
29.7163640356
29.7612004279
29.8149769947
29.8330149977
29.8520988991
29.9176287676
29.9630743583
29.9931829861
30.0058952288
30.0157266193
30.0266875196
30.0532568352
30.0715014101
30.0893280527
30.1074927039
30.1153863112
30.1306297123
30.1369330213
30.179305201
30.1922578177
30.2060021252
30.2257186906
30.2376926629
30.2662288439
30.286920003
30.3011116081
30.3501022956
30.3762253704
30.5210634215
30.6171720748
30.6716896039
30.687917379
30.6969516387
30.7178493968
30.7346375674
30.7725545309
30.785221154
30.8835095602
30.9166481105
30.9500966792
30.9798650126
30.9874897671
31.0516545466
31.0704743688
31.1080483368
31.1212130688
31.1259263558
31.1362915987
31.1977036769
31.208741428
31.2162421422
31.2422308715
31.2483763719
31.2662321589
31.2808846049
31.2858328518
31.310962039
31.3187181305
31.3258507894
31.3329116826
31.381878373
31.3934271492
31.3979007123
31.4182691146
31.4266075821
31.4463069634
31.4533554823
31.4602447738
31.4669926979
31.4818129048
31.5021101917
31.5331294325
31.5690073619
31.6046297071
31.6104203955
31.6294543614
31.6456127631
31.6587647647
31.6667493522
31.6924811572
31.7124717093
31.7486399835
31.7880480867
31.8116019544
31.8259413699
31.8400199504
31.8615121684
31.8868391838
31.9060590631
31.9305668866
31.9785822917
32.1101936776
32.1303802601
32.223080932
32.2773204156
32.3615290256
32.4130750474
32.460944937
32.4709037781
32.4886481377
32.5504851176
32.5726683715
32.5863434897
32.6013195941
32.6227517911
32.6332163125
32.6557581495
32.6652113282
32.6777277409
32.6869498761
32.6986943918
32.7127995876
32.74895761
32.7567718769
32.7612823352
32.8089771439
32.8328016309
32.8761881367
32.8924281136
32.9426547973
32.9719524247
33.0165481625
33.0264190771
33.0578431074
33.0711758534
33.0965901247
33.126925724
33.1491776449
33.1612699092
33.1879543654
33.2183734417
33.2350329246
33.2542119769
33.2719790733
33.3103524705
33.3486993954
33.3526170935
33.5958939481
33.6063821319
33.6205508684
33.6269094751
33.6318767648
33.6438995806
33.6505240957
33.7010887936
33.72104812
33.7470291787
33.7556160046
33.7621468993
33.7711566164
33.8140178554
33.8248232914
33.8475105703
33.8572035393
33.8645069206
33.8771387767
33.8818457412
33.8938724649
33.9094334177
33.9377855996
33.9637641989
34.1841349819
34.1995124652
34.2096825476
34.2275921524
34.2511245952
34.2686598584
34.323445958
34.3373778612
34.3660213287
34.3776264299
34.4161542675
34.5267996239
34.5862906296
34.5990776975
34.6719827013
34.6947084285
34.6984060645
34.726488921
34.7660950297
34.8124264631
34.8204222291
34.8331039995
34.8479300792
34.8581097957
34.8869528764
34.8928396587
34.909476607
34.9346551887
34.9463020983
34.9589479055
35.0113492758
35.0148587919
35.0208167492
35.0397634089
35.101643009
35.2270932299
35.2457555482
35.2757052245
35.3374425091
35.3585600205
35.3759318462
35.4222855452
35.4531404997
35.4825938521
35.4874180169
35.5139410001
35.5410721043
35.5536556023
35.5728563195
35.6030217422
35.6228563612
35.6594623017
36.0311040887
36.0350267252
36.0447099275
36.0535662311
36.0713246388
36.08012354
36.0903934373
36.1042548798
36.143673001
36.1622209707
36.1937935201
36.3806190867
36.3884873304
36.3969542168
36.4176112691
36.4312561806
36.4594262005
36.4798507372
36.5135452632
36.5209733213
36.5448406525
36.6046138562
36.6182567775
36.6340035674
36.6922481859
36.7136749582
36.7412286616
36.7550165272
36.7937558046
36.8091257318
36.8406862694
36.8754177827
36.8833585623
37.0668291676
37.0994767551
37.1533877265
37.171183823
37.1793468712
37.2061507708
37.223332885
37.2422090102
37.2563708222
37.2766375691
37.2993796467
37.3145871094
37.3219566429
37.3427430519
37.3494799148
37.3552342277
37.375923438
37.4406808729
37.4519852434
37.4761383685
37.4871820472
37.5449946576
37.7961579359
37.8058533257
37.8147533293
37.8256994519
37.8313032883
37.9744106841
37.9990843997
38.0358817694
38.0934563537
38.1309980449
38.1603920703
38.2195681031
38.3898357241
38.4095745153
38.4270659356
38.4433090064
38.4576278272
38.4612218101
38.4861695898
38.4910865528
38.4998523616
38.5171527772
38.5240644887
38.5368950017
38.5556528687
38.5725283295
38.5906611276
38.6062516543
38.6320029406
38.6514711088
38.7050723133
38.7086167812
38.7312235903
38.7512065165
38.757541804
38.7810114765
38.7867448887
38.8090852882
38.8420552557
38.8729487926
38.8965156209
38.9472470343
38.9791072655
38.9875498857
39.0220991833
39.0697206117
39.1029885408
39.1360717186
39.6098506738
39.6227061792
39.633394936
39.6458543991
39.6544851842
39.6720585869
39.6797425588
39.6883175122
39.736151871
39.7484619715
39.7668914151
39.7804410122
39.7900767035
39.8077573144
39.8259900765
39.8395423505
39.865340323
39.8859984593
39.9258620204
39.9565278771
39.9776549868
40.031354881
40.0527386283
40.0569481622
40.0761614827
40.1154552307
40.127980335
40.1535167158
40.2015859209
40.2087572084
40.305334631
40.3562754909
40.3844048282
40.3974167563
40.4104116867
40.432046395
40.6352638095
40.6388799127
40.6616493813
40.6938100154
40.7586266299
40.7804409709
40.8047034865
40.8654814482
40.8798264169
40.887441701
40.9039282629
40.9113146032
40.9195607396
40.9367616175
40.9900712797
41.024417328
41.0340322154
41.0583021067
41.0814305262
41.0996467053
41.106250467
41.132543578
41.1470872605
41.1620484925
41.1881961684
41.2081495175
41.2203474694
41.2360453825
41.265716603
41.2937908319
41.3333916663
41.3551782196
41.4568802879
41.4810149127
41.5041539341
41.5465413133
41.5773151355
41.6137067483
41.6222245853
41.6893038678
41.7044119926
41.7617593356
41.76781419
41.7808196922
41.8015920318
41.8132650974
41.8181093177
41.8707964563
41.8814046354
41.9775574874
42.0345549894
42.0529414598
42.2590756441
42.2693867266
42.2803531396
42.3231261809
42.3611659704
42.3681440682
42.3969638525
42.4086992726
42.4496895085
42.5007066718
42.5353468708
42.5965515337
42.6020612125
42.8667224158
42.9633454073
43.2181988718
43.2452702017
43.2662810498
43.2974555169
43.3362270582
43.3405610335
43.3868673875
43.3996360837
43.4203897326
43.4281691368
43.4733747118
43.5183226964
43.5635102881
43.6169703544
43.641497342
43.7029509531
43.716940793
43.7665337768
43.7709851801
43.8881112391
43.8994945105
43.9257281853
43.987500637
44.066757557
44.1209378999
44.1297787807
44.1917869133
44.2886161236
44.3546416213
44.4101166186
44.4293952301
44.4500960668
44.5184655819
45.2331210365
45.242550539
45.3800067879
45.4676930506
45.4723010109
45.5204535098
45.6252206056
45.6330817798
45.7207598643
45.75129155
45.7819177731
45.7922362728
45.79938654
45.8154098111
45.8654055729
45.9011490956
45.9062425051
45.9443913351
46.0101063121
46.0314589303
46.1878863456
46.2301863711
46.2949704374
46.3200106938
46.3653811982
46.4448511249
46.5021338604
46.6358956904
46.6451152696
46.7091681216
46.7456572787
46.8069716339
46.9070081098
46.9208500014
46.9434634144
46.9767841457
46.9977900678
47.0408062078
47.0718013063
47.2324962478
47.2789424201
47.3205034497
47.3707834905
47.4436400369
47.4706107
47.5216878583
47.5394173948
47.5542746135
47.558384575
47.5714857053
47.6410714208
47.6573591031
47.8057380113
47.8507328227
47.9004599638
48.0237679754
48.0318414881
48.1030629506
48.1189705648
48.1266815897
48.1384328313
48.2086230321
48.256297447
48.3020478827
48.3498561876
48.356018257
48.390928478
48.4030654314
48.5513885431
48.6096209082
48.6838594563
48.7361435179
48.7714347006
48.778914824
48.7993312378
48.8210400959
48.8949456087
48.9448795781
48.9810642454
49.0924327507
49.1827486714
49.210188705
49.268087334
49.3208742305
49.3591775818
49.3646275646
49.400203494
49.4125428182
49.4165228044
49.4574624731
49.4965357763
49.5015553483
49.524507416
49.5441567512
49.5478418376
49.5716930372
49.5919362377
49.6172669015
49.670311519
49.7420762528
49.8110171341
49.9106404901
49.9852641314
50.0158456888
50.0869995389
50.1467049693
50.2500014414
50.2994297927
50.3193836029
50.3831226256
50.4309034434
50.440989006
50.6850562273
50.6984909309
50.7487898182
50.7619067285
50.7951210053
50.9983895541
51.0643952303
51.2365552557
51.271796914
51.3720248419
51.4170907837
51.5420812292
51.6515270646
51.6681240137
51.6922727407
51.7140671845
51.7180401087
51.7309294841
52.812973422
52.8342810656
52.8672118282
52.8766290963
52.9122267165
52.9469934487
52.9766676364
52.9887978461
53.055918142
53.098659909
53.1220713049
53.1726156706
53.1881931656
53.216689222
53.2792828289
53.379206019
53.6071972011
53.7073574692
53.7423286357
53.7696270644
53.9100546778
53.9564810402
54.0137360534
54.0246353948
54.0444702336
54.0992402462
54.1172139196
54.1430290453
54.1513863379
54.1725228145
54.2057432268
54.232353951
54.2554323308
54.2904662434
54.3302005429
54.347218247
54.3551844421
54.4289872412
54.444436266
54.4623803564
54.4957000632
54.5686908104
54.5788905413
54.6171106264
54.6743299559
54.7019337009
54.7878710667
54.8080269458
55.1402888777
55.3141433949
55.3513548642
55.3881087574
55.4056586044
55.4659518328
55.4903647683
55.5112295902
56.4316949793
56.4686516705
56.4807568188
56.5073865881
56.5347277226
56.9025541438
56.9131954859
56.9974164308
57.0402378332
57.1119054857
57.1444247157
57.2078550708
57.2558499659
57.2728936243
57.3082341128
57.5309161658
57.5674098652
57.6559201989
57.6799877308
57.706682653
57.7345773448
57.7750945905
57.8172566927
57.8239124959
58.0285619352
58.0341682619
58.1462853522
58.3734101709
58.3948477782
58.4720997155
58.4799516335
58.67764108
58.7063619522
58.8936397839
58.9924448493
59.0046620464
59.0192085814
59.0407235218
59.0661776022
59.6084696399
59.6959554753
59.8826654292
59.93395857
60.0303619927
60.0350680712
60.0513702801
60.0634636996
60.0708681029
60.1595437737
60.1738673378
60.7691605243
60.9580136202
60.9852635415
61.1074338852
61.1371661846
61.2179458751
61.2663311128
61.280411542
61.5272251125
61.5591702482
61.5779903346
61.6258774739
61.6624893417
61.691343895
61.7242586751
61.7325957479
61.7879487439
61.8165326305
61.8460681844
61.8965469196
62.0044378351
62.0858100383
62.0900290167
62.12176315
62.2688783393
62.3217121817
62.3595249712
62.4226125263
62.4585755456
62.471689873
62.4956855271
62.5062204651
62.5931827847
62.626514109
62.63565382
62.6684599493
62.702692397
62.7165554803
62.7669900115
62.8110775744
62.8171981664
62.8445506405
62.9406594
62.9651194701
63.0561799173
63.0728519744
63.1027987977
63.127956735
63.2365443444
63.5887607934
63.6277479999
63.6607455507
63.6739142778
63.6981783189
63.713830383
63.751253336
63.7938005133
63.8330265613
63.8760179913
63.9120239644
63.9475830085
63.9913121704
64.051430676
64.0655791047
64.0965915596
64.1827448134
64.323367465
64.3368310636
64.3420341073
64.4040440316
64.4084930113
64.4181126692
64.4562671956
64.5230586646
64.6211908933
64.6875900142
64.7175737544
64.8209124898
64.9017635694
64.9577397407
64.9757870527
64.9970587634
65.089824843
65.1133327787
65.131727049
65.1392995875
65.1838748986
65.2082241172
65.2669203936
65.4032141169
65.9000169168
65.9073935952
66.0300002706
66.0734595775
66.085834972
66.1059331854
66.1202524258
66.1722017154
66.1769886678
66.2064096811
66.213053254
66.2244275983
66.2407438852
66.2508848416
66.270560015
66.2765823658
66.3143627638
66.324090785
66.3451055837
66.3853609772
66.4052680822
66.4180841599
66.4525405115
66.4584133791
66.4775429675
66.4989068551
66.5433737684
66.6129200873
66.6683160869
66.6813521674
66.7199542832
66.7345719772
66.7672768638
66.9026559518
66.9419778166
66.9875659834
67.0563946437
67.0880859105
67.1038594357
67.2194325873
67.2359071188
67.2643465562
67.2823054525
67.3010308988
67.3255505863
67.353287033
67.38151935
67.3873968985
67.429795379
67.4534102691
67.488570756
67.5503510752
67.6140335283
67.652553844
67.8867956964
67.9183251282
67.9852903793
68.078348397
68.196523428
68.2830905266
68.3867123562
68.405479642
68.4324516764
68.4605540524
68.5009490096
68.5186588623
68.5328149788
68.5737948369
68.5869781839
68.5963383989
68.6359125397
68.6448435798
68.6856027854
68.7149786942
68.7254427139
68.7373351776
68.76573692
68.7869628589
69.0194561267
69.0762501577
69.1508491778
69.2197109909
69.5144859273
69.5592028618
69.7559250864
69.845679386
69.8790423925
69.933374566
69.9480739092
69.9798594605
70.0114609881
70.0409148304
70.0645077515
70.1193910866
70.1657793765
70.1896876309
70.1938112354
70.2633215629
70.2687520956
70.3525324262
70.4039144106
70.4603888085
70.5032147972
70.5166521325
70.6162190258
70.6379132772
70.7219190582
70.8299551488
70.8387880927
70.870463539
70.934920583
70.9384305445
70.9647491328
71.066919595
71.0839406533
71.1347961499
71.2119930556
71.2531228837
71.3265117811
71.3543464413
71.5949047057
72.0126617332
72.0288941373
72.0664685223
72.0836650154
72.1036453551
72.125383555
72.1604664854
72.6646065163
72.74425282
72.7677768079
72.9972058633
73.0755304264
73.2099177921
73.3436246639
73.398135052
73.4507005571
73.5289817236
73.5723528158
73.596269146
73.6460977263
73.6550490806
73.692011348
73.7002851237
73.7135393938
73.7491119255
73.7904170175
73.8634432253
73.8948142891
73.9202738523
73.9454772387
73.984152748
74.0364519761
74.0534891128
74.2085376312
74.2951212183
74.394717237
74.4457376845
74.4639164467
74.4804470217
74.486377772
74.5144888916
74.5544896292
74.5720661879
74.5840179
74.5949554963
74.6383224003
74.6552080414
74.6640800225
74.6947096828
74.7461178844
74.7719151658
74.8029279215
74.9133990653
74.9205435789
74.9582757844
74.9663070686
75.2498799268
75.2582540127
75.3248830731
75.3713922477
75.4101773426
75.4168051768
75.4647460352
75.565850677
75.6091816718
75.6237887633
75.6460674692
75.6864803998
75.6937844306
75.8588340739
75.8832215705
75.9008813361
75.9118898229
75.9158649221
76.0059940576
76.0613563357
76.1261803767
76.2305632599
76.2854346883
76.310280186
76.3177538587
76.3458018603
76.4154907503
76.4887858082
76.7117722922
76.7410076057
76.8310582617
76.8825923959
76.8959070323
76.9381436046
76.9436186391
76.957304225
76.9817780976
77.02635271
77.0503288893
77.061065757
77.1027455643
77.1479122878
77.1642940421
77.1832570894
77.2330997477
77.2380990265
77.3311386015
77.4671516775
77.8099677881
1591
