6.01163753976
6.01803185538
6.02437565907
6.03899962492
6.05987490261
6.06335603924
6.07278279023
6.09885533541
6.11576044619
6.12453071179
6.12862314677
6.13306501193
6.14567135165
6.18010131487
6.19934691516
6.21079148298
6.24553887605
6.25601462132
6.26275099123
6.27472411726
6.27848023792
6.32009172362
6.34065891003
6.39288032772
6.40249215325
6.43860288814
6.44437147316
6.45817172218
6.49509771853
6.50070422013
6.54178174666
6.5736492558
6.59677127253
6.63267699401
6.67445150536
6.72681250406
6.74859016988
6.7570795057
6.79469132015
6.80877372723
6.84250916898
6.86950195194
6.94029088062
6.99880017041
7.05115696161
7.07348137495
7.10331318463
7.13994468318
7.16823649601
7.17857234037
7.20435886191
7.21413819286
7.22369910172
7.23361199019
7.25298845763
7.27251849401
7.29720018197
7.31237825501
7.31914268242
7.32608819736
7.34371214511
7.35227127605
7.36795372531
7.39525112849
7.41522728524
7.44674483247
7.45154663784
7.46859938696
7.4789637853
7.49702762343
7.50763206769
7.52532037908
7.5383730901
7.5584874714
7.58300006306
7.72534265155
7.73893869981
7.74962758836
7.76271119033
8.21998090187
8.24513842753
8.31196369941
8.35532963633
8.50477543791
8.52579561567
8.53704176753
8.54784431776
8.56315417386
8.58849351931
8.62773512707
8.66131342846
8.69193089634
8.72414094552
8.73133608227
8.74127151633
8.76820778683
8.81056445088
8.83546615728
8.85594560679
8.87464139394
8.89149332779
8.91565404343
8.92688277563
8.9392439029
8.97011809538
9.06501823387
9.07927335943
9.13248710034
9.20030817763
9.23384677034
9.27384464147
9.29125631068
9.3318381363
9.3583868106
9.38515732924
9.42143324672
9.44477401446
9.49628723688
9.52971409642
9.56385337776
9.57334740641
9.60683856485
9.63039973285
9.64219140252
9.65181928923
9.6573631446
9.66110819109
9.75594555367
9.77439307399
9.78098360597
9.80295777598
9.83133418241
9.84329344467
9.87448733049
9.88774091129
9.91691615074
9.92041984427
9.93050140388
9.94542699091
9.95282747266
9.9739283064
9.9787931942
9.98453993555
9.99823420421
10.1725172388
10.1916847135
10.2268804634
10.2685982496
10.3054232458
10.3428061079
10.4128407895
10.4305266795
10.4428514373
10.4571076271
10.524474218
10.5521596429
10.6046018928
10.6409598119
10.6579923821
10.6616997087
10.7126038424
10.7271557592
10.774941458
10.8155046907
10.8252867452
10.8330903046
10.8881308784
10.8984703616
10.9605979619
10.9766812431
10.987984174
11.0173656531
11.0436170195
11.0551088702
11.065514505
11.0947916525
11.1034719092
11.1244200074
11.161503773
11.1752533439
11.2466762817
11.2971190058
11.5025389659
11.5066982002
11.5118149235
11.5342244658
11.5409460949
11.5627562149
11.687042251
12.0158867758
12.0394125187
12.0515249849
12.0625384214
12.0808638316
12.0855430045
12.1467207244
12.154582018
12.188442948
12.2219530392
12.2341493871
12.2501534913
12.265860108
12.2811839862
12.287891771
12.3150557934
12.3202090361
12.3324870121
12.3579251145
12.3743122858
12.3884195476
12.4031901865
12.4126038371
12.477635596
12.4924732106
12.5092366154
12.5243673399
12.5306368039
12.546221902
12.5600436931
12.6049143169
12.6292061316
12.6532733084
12.667039486
12.7220162127
12.7438934153
12.755478334
12.7918362783
12.8325108438
12.9870655554
13.1689484991
13.205150858
13.2210617795
13.2322136639
13.2419357429
13.2476525293
13.2594324155
13.2661064427
13.2755839141
13.282261335
13.2892936167
13.3026110808
13.3816044507
13.387133929
13.4020300755
13.4238126021
13.4297934043
13.4342523755
13.4530062761
13.4708820006
13.5029115442
13.5104537549
13.5287005856
13.5510564598
13.5908645683
13.6198172883
13.630347446
13.6700933316
13.6791177439
13.6946924666
13.718398938
13.7455893853
13.7672621514
13.774963523
13.7834996562
13.8113329396
13.8279011249
13.844744393
13.8790953802
13.9183306124
14.4094750357
14.4273335584
14.4463605444
14.4595081391
14.4727882785
14.483776437
14.5159669527
14.5361710346
14.5432804107
14.5572205838
14.5691533856
14.5802635676
14.5937698687
14.603497703
14.6150759512
14.6320603082
14.640243548
14.6514023974
14.6698921151
14.6981001531
14.7069847995
14.7186294483
14.8003652939
14.8203884931
14.8461964723
15.0233160278
15.0511354888
15.0886470033
15.1281413084
15.1567593417
15.1903109057
15.2717402274
15.2772918775
15.295514601
15.4193578844
15.4692943149
15.4781999033
15.4860576969
15.4904992559
15.5288610506
15.5399729017
15.6433831414
15.6768267468
15.6924668013
15.7040553575
15.7117297368
15.7230066521
15.7545678764
15.7791692246
15.7920423978
15.803060791
15.8236526569
15.8371001104
15.8487862686
15.9422986591
15.9582485067
15.9709901112
15.9957076392
16.0136090306
16.030519193
16.0400404389
16.0644355294
16.0814684
16.0934521715
16.1205927458
16.1410457596
16.1718765194
16.1826888436
16.2170472426
16.2519560999
16.2628751628
16.2929769219
16.3041777932
16.3328407084
16.3984753809
16.4206624232
16.4901834668
16.5139752881
16.537252377
16.5560784149
16.610688521
16.6282455191
16.6668465328
16.8728096614
16.8948246417
16.8999700954
16.9134050037
16.9327563958
16.937466689
17.1092329163
17.1474518167
17.1737401426
17.202571842
17.3448758188
17.3691529739
17.4177664625
17.4249439572
17.4675675422
17.4952172602
17.5081846282
17.5482607589
17.5635437873
17.5784171953
17.5927124658
17.6029425753
17.6091296275
17.6218388648
17.6580810676
17.7077548761
17.7297134299
17.737306307
17.8088103483
17.8273500997
17.8567404572
18.0119849425
18.0838854058
18.1201908239
18.1276741045
18.141902193
18.1499878545
18.1629180743
18.1748609142
18.180307529
18.185292532
18.1913210352
18.2019807624
18.2557012484
18.3107223663
18.3338223288
18.3418739198
18.3577342126
18.3750543945
18.389323479
18.3927778712
18.4102385814
18.4421480196
18.4714994283
18.4905578646
18.6011922076
18.7475872251
18.7718783144
18.7859659703
18.8163159905
18.8351524718
19.2122799954
19.215922698
19.2356723352
19.2404517281
19.2659263156
19.2751388685
19.2886713377
19.3226710452
19.3410706632
19.3474042502
19.4376531663
19.446693317
19.4547603975
19.4787822933
19.5188977176
19.5282001654
19.5362516532
19.5536654372
19.5878938368
19.6133670171
19.6331853505
19.6427075281
19.6741443803
19.6924018184
19.7354487178
19.7526451408
19.7796077866
19.9217641676
19.9714361616
19.9917930546
20.0189767959
20.0393150017
20.0600482772
20.096784311
20.1251495957
20.1366558996
20.1748038451
20.2535664765
20.2974298438
20.3248343643
20.3848774387
20.3959467992
20.4538036799
20.460049155
20.4647551909
20.4771829918
20.5161012091
20.5386529572
20.5508842988
20.5588571985
20.5664840282
20.5941967677
20.601769659
20.607904362
20.6181876953
20.6389100917
20.6566904348
20.6659572435
20.7500902349
20.7605752865
20.7803438256
20.8382012096
20.8804156118
20.9550773089
20.967888275
20.9929666968
21.0571832199
21.065544267
21.0825129439
21.0913504503
21.0947619473
21.1178300371
21.1480225814
21.1663696831
21.2248508321
21.2575771801
21.2746036751
21.3087629794
21.3257930278
21.3473082507
21.4521746012
21.4793796031
21.493294048
21.5523081486
21.5947980683
21.6334717061
21.6507237262
21.6587683359
21.6662311862
21.6766792676
21.7215928214
21.7315692312
21.738959579
21.7489082611
21.7672483086
21.7743940217
21.8219077256
21.8419046724
21.8498252643
21.8939944186
21.89999399
21.9187841434
21.9928888841
22.0093137997
22.0359090363
22.0466221008
22.0568464058
22.0767040103
22.0826249754
22.100992153
22.1370340148
22.1442652189
22.1984237784
22.2432749806
22.2799003399
22.2996795524
22.3319044566
22.3478572532
22.3784950475
22.3842569812
22.4169981687
22.5456740057
22.5538889226
22.5969550732
22.6260361604
22.670176029
22.7166619875
22.7792760723
22.8068369633
22.8123902693
22.8260453752
22.843268602
22.8528410767
22.8579537207
22.8632984363
22.8712643806
22.8812242429
22.8872079677
22.908460921
22.9216250861
22.950356069
22.9544042837
22.9722350094
22.989035294
23.0010954432
23.0195008544
23.0420049853
23.0488082339
23.0731045116
23.0852810426
23.1020170968
23.1155827112
23.1287042502
23.1880879159
23.2028380932
23.2316087992
23.2466713581
23.2771068802
23.3115584974
23.3242414366
23.3557593451
23.4191153432
23.4456883462
23.4873242942
23.5150288655
23.5183809338
23.5547311344
23.6029298396
23.6146099948
23.683463966
23.7015755563
23.7322575661
23.7766839454
23.8160739303
23.8486792682
24.0113175815
24.0430161443
24.0586000697
24.0678879638
24.0749813006
24.0901608645
24.1090232435
24.1208486921
24.1378148899
24.1706133858
24.1779608133
24.1849946572
24.198343174
24.2205138323
24.2413139185
24.2610220537
24.3146316174
24.6142610859
24.625688027
24.642793156
24.657026085
24.6761031763
24.6856396382
24.716822855
24.7283943572
24.761627113
24.7842674236
24.8356995193
24.861097265
24.9704021296
25.0250953712
25.0531825423
25.089796948
25.136908157
25.1921040264
25.2180649647
25.2287583271
25.2456757049
25.2620471371
25.2660687106
25.2748931485
25.2967539973
25.3168982446
25.3219886106
25.3257164385
25.3353988996
25.4018197626
25.4052571989
25.4205697227
25.4255601764
25.4385037635
25.4592436032
25.4820580121
25.4939564135
25.5112092474
25.5462824684
25.565440289
25.579049352
25.6478585142
25.6619977819
25.6863485758
25.6908844575
25.7125993652
25.7193771915
25.7386937531
25.775492211
25.8153233509
25.8367450167
25.8569262115
25.8792058091
26.4152359076
26.4327746531
26.4499829832
26.4620824742
26.4797200356
26.5064520283
26.5245389572
26.5389419031
26.5533973092
26.5673279549
26.5767183978
26.613328702
26.7516561464
26.7592932885
26.7640792469
26.8000970225
26.8152103966
26.8227735269
26.8485141444
26.852715429
26.8730136587
26.8945113511
26.9191680807
26.9269706416
26.9385081536
26.9516801455
26.9749822483
27.0109427318
27.0236318714
27.076610049
27.6128003796
27.6245036056
27.6671427233
27.672923071
27.7182481918
27.7573020641
27.8052050109
27.8136717282
27.8216503961
27.8427110559
27.8581878903
27.8738933392
28.1183277087
28.1555501063
28.1889912239
28.2195450162
28.24602553
28.2650344848
28.2764421882
28.2942552564
28.3314693434
28.3403812153
28.4029857581
28.5139765726
28.5277024044
28.5715169324
28.5940233086
28.6551868191
28.7068865986
28.7403471911
28.7653038158
28.805940743
28.8146563722
28.8288146919
28.862596884
28.8743733668
28.8979605308
28.9057610292
28.9219528312
28.969928564
28.9757388268
29.0240732736
29.0337568341
29.0403376971
29.0514731412
29.0601259243
29.0720776245
29.1114901642
29.1305601252
29.151377088
29.1559372019
29.164259548
29.1777433947
29.2034690973
29.2241356197
29.2322420455
29.2444329446
29.2591607662
29.2945824849
29.3069816379
29.3332475849
29.3628212483
29.3764277219
29.4364208843
29.4495546845
29.547652129
29.5801808831
29.5935405944
29.6625894817
29.7251897407
29.7563242164
29.8189454547
29.8667183491
29.8803221856
29.9498156287
30.0058995505
30.0150550134
30.0371305103
30.0531486024
30.1247856833
30.1355904272
30.1419553932
30.1555839868
30.1625350655
30.1730064473
30.2037654343
30.2356573248
30.2395282278
30.2432769776
30.2621448705
30.36710408
30.3777123451
30.3867155138
30.3987793056
31.1639685757
31.1847688439
31.2236428887
31.2338187287
31.2522570115
31.2596557986
31.3321326278
31.3511353395
31.3577398399
31.3638617836
31.3703801951
31.3967898873
31.4025603441
31.4068721791
31.4398627727
31.4677071712
31.5017229124
31.521134919
31.54691117
32.4091849522
32.4241552047
32.4497396938
32.4682994945
32.4854792586
32.5058996597
32.5157443981
32.5242264138
32.5405424126
32.5494421021
32.5558253386
32.5626190684
32.5786384986
32.585342343
32.5937891733
32.6226403136
32.6661306381
32.6718707946
32.6883688268
32.6945508547
32.7134205689
32.7863009108
32.815987377
32.838930502
32.9576599022
33.0024167699
33.0470531189
33.0606844483
33.084003793
33.1792108842
33.6104547459
33.6204738716
33.6386815813
33.6483314731
33.665137035
33.7039560338
33.7158962966
33.7348487931
33.7439815561
33.7578687257
33.7683673368
33.7732175301
33.7919075005
33.8011041523
33.8096843968
33.8156640833
33.8205198188
33.8409515571
33.8637132835
33.8720766323
33.8878282892
33.897982469
33.9351943481
34.0261473005
34.0381698264
34.1166452948
34.2582322909
34.2798041854
34.2979522296
34.3364877077
34.3893018236
34.4228123165
34.4578574736
34.4766534454
34.4813735241
34.5287224186
34.5377679481
34.5852204204
34.6327697278
34.6726168286
34.7601887983
34.7698850566
34.8180394655
34.8311669321
34.8351367055
34.8398458212
34.8498664076
34.8674384938
34.8898293694
34.9085299078
34.9601404512
34.9834100595
34.9924606184
35.0508988057
35.0720415805
35.0827169621
35.0923744404
35.1217629303
35.1382371576
35.151414567
35.157786014
35.1637318024
35.3265490615
35.3692398373
35.4090194726
35.4465431822
35.4916657213
35.5658677306
35.578834652
35.6197055034
35.6394192357
35.6724806794
35.7088115499
35.780147258
35.8248393857
35.8943206532
35.951123093
36.0140295801
36.037080634
36.0596940648
36.0689167362
36.0887986225
36.1067698418
36.1219426163
36.1302608714
36.3777989838
36.3906001075
36.4193346175
36.4647896825
36.6521501268
36.6759167408
36.7005963951
36.7170347249
36.7357680454
36.7588674013
36.773572226
36.8565048119
36.8843942306
36.8878324288
36.9274802066
36.9506170697
36.9544329478
36.9973278088
37.0203787021
37.0424626436
37.0637383661
37.1235007285
37.2117013596
37.2277274222
37.2417271739
37.2619019997
37.280494742
37.2865711224
37.3377465909
37.3441705823
37.3477006284
37.3550486757
37.3744892645
37.3871281522
37.3936005854
37.5611389337
37.5859843829
37.6024384938
37.6098272683
37.6272020257
37.6532838945
37.6607283351
37.6697417613
37.6922255642
37.7232114894
37.7335699281
37.7584486402
37.7970258117
37.8144208959
37.8362335287
37.8569556486
37.8860126203
37.915225613
37.9203938206
38.0637144251
38.1139380803
38.1201006569
38.1446782531
38.165263674
38.2147337606
38.3414970578
38.3787034596
38.4149029606
38.4350487501
38.4487162674
38.4547343349
38.4666566829
38.475027851
38.5012485096
38.5117135979
38.5763443384
38.5861210577
38.9963491128
39.00516225
39.0348388316
39.0869418672
39.1207559988
39.1533370271
39.1725524987
39.1778336271
39.2010341889
39.2412086071
39.2941300468
39.3421053358
39.40826182
39.440673574
39.496023251
39.5010027734
39.5669270549
39.588533364
39.6058945809
39.6193199295
39.6369002773
39.6461791212
39.7018013756
39.7251669211
39.7340003716
39.7469963627
39.7551891555
39.7624399837
39.7767820592
39.7815109192
39.7943217458
39.8104107627
40.1100007151
40.1366662182
40.1550673691
40.1749111269
40.2017438389
40.2215797696
40.267060035
40.2799238319
40.3734657326
40.4200458018
40.4292352901
40.4449565961
40.4534691592
40.5193085024
40.5314983196
40.5510878398
40.5957548479
40.6863677052
40.7157327098
40.7824082064
40.8172615953
40.857312749
40.8646073025
40.8716894712
40.8786215293
40.8951147292
40.907632944
40.9181205558
40.9883511389
41.0124643237
41.0204598045
41.0653146266
41.0772845257
41.0947367405
41.1018982035
41.1220771549
41.142822194
41.2064562999
41.2295525876
41.2534468892
41.2809286241
41.3006748701
41.3265986585
41.3519992232
41.4084065665
41.4576198914
41.486187381
41.5144414455
41.6786050496
41.7248555494
41.7387501865
41.7808384836
41.800035851
41.8469271829
41.951062623
41.9563162363
42.0316770127
42.0617595854
42.1405909622
42.1494160602
42.1720726586
42.2012877372
42.2456566453
42.2591720674
42.3034093621
42.3091307111
42.3371895528
42.3530652774
42.387079676
42.4069889624
42.5376629295
42.5986667057
42.7137840132
42.7816652381
42.8239186335
42.8914746767
42.9914894105
43.0620578992
43.1498363543
43.2287419148
43.3058681832
43.3416611412
43.639361753
43.6678378331
43.678037195
43.6973901212
43.7475523773
43.8104974698
43.8156264938
43.8869296696
43.9219199154
43.9926296335
44.0655249007
44.0894564121
44.1725893924
44.2446443788
44.277396058
44.3535637836
44.4067197481
44.4260839393
44.4434361206
44.477071458
44.5287979115
44.5473506524
44.5815422693
44.610513408
44.6373320575
44.649929889
44.7617818903
44.8341599052
44.8773936432
44.8842011267
44.9318142911
44.935811944
44.9732743376
45.0213018833
45.6172990292
45.6534013646
45.6921471879
45.7087677171
45.729283679
45.7515640856
45.7697007538
45.815019662
45.8355360435
45.8776805079
45.90591762
45.935198626
45.9584509508
46.0130272623
46.0606910605
46.1031155747
46.233685715
46.2897571453
46.3548437555
46.3680154697
46.4329634332
46.5424528667
46.6106260981
46.7028806577
46.7459299164
46.8239253873
46.88425771
46.9015031739
46.9206707645
47.0049638783
47.0295638508
47.0563415701
47.0770547482
47.0883362137
47.1567127356
47.2386241288
47.2675311946
47.2932650135
47.3237934713
47.3569516444
47.4277205523
47.5236250607
47.5338759022
47.5516710456
47.5879428666
47.7195263496
47.8370995536
47.9684886341
48.029898841
48.0502005102
48.0611419308
48.0829489902
48.1044083111
48.1412886217
48.2593802249
48.2676010557
48.2851263728
48.3016303472
48.310853657
48.4001825064
48.4294916574
48.4571073401
48.4841197785
48.5045778034
48.553187173
48.6186969584
48.6432585976
48.6615595723
49.241357702
49.2622814993
49.3158562281
49.3224967468
49.3537258066
49.4118176756
49.4501019904
49.4676491445
49.5520306818
49.6283989536
49.6377476114
49.6789978783
49.770631225
49.8152836867
49.9027325605
49.9865292352
50.0087986177
50.0709876033
50.0965976729
50.1476826105
50.1871720865
50.2491608547
50.5001502424
50.5303336358
50.5545813854
50.5833930548
50.6029856931
50.6079415047
50.6187543121
50.6335191688
50.7398167105
50.7813172046
50.7857494049
50.8043665997
50.8151018256
50.8312890448
50.8735742499
50.9082556211
50.9548878036
50.9774482429
50.9910320675
51.0200598067
51.1112496873
51.1919212343
51.621540679
51.631553877
51.665057199
51.6780159375
51.7081360634
51.7996598563
51.8176637636
51.8749578964
52.0716390423
52.1240542834
52.1472618006
52.1656210349
52.2079242522
52.2604536338
52.2898038527
52.3499038188
52.4237301492
52.4315242159
52.4860003439
52.4907131535
52.5601514939
52.6186792339
52.7059564769
52.822352885
52.8411368602
52.8619422331
52.8736958975
52.9006081359
52.9173148848
52.9290463251
52.9680553255
52.9814249404
52.9980016151
53.0253956209
53.2793484974
53.4822496098
54.0740781319
54.0877450676
54.1353622012
54.1454990197
54.1686037965
54.2157374988
54.2262092874
54.239962813
54.2580665734
54.3237338431
54.3285772424
54.3798619362
54.4118555655
54.4624262112
54.4850871412
54.5092661078
54.5872987356
54.7175626558
54.753348809
54.8346507405
54.899401086
54.9103473242
54.9575261999
54.9986929748
55.0634950943
55.1108825409
55.1581592164
55.2339062162
55.2409310937
55.2633420073
55.3813179944
55.4133345924
55.4316105943
55.4736029564
55.4875764596
55.5041953623
55.5269232638
55.5752103849
55.6098267755
55.706870997
55.775691803
55.8444354224
55.8890010774
55.8977603636
55.937811856
55.9903853753
56.0773951571
56.1522160166
56.3500818901
56.3875645636
56.4164766937
56.4309893115
56.4852202158
56.5149709544
56.6362487442
56.6556043403
56.6657466742
56.6930900238
56.7014438121
56.7402692003
56.7853790791
56.9245351478
56.9538049135
56.9785684988
57.0303753399
57.0482569039
57.1037219389
57.2110598701
57.2374210351
57.3233973541
57.3724188999
57.4242151875
57.6257537946
57.655731245
57.6626623586
57.6938466858
57.7222506607
57.7496284345
57.7735761226
57.8141536704
57.8476480137
57.9596144817
58.0043214138
58.0080630013
58.0852310409
58.1342328846
58.1535768197
58.2237664518
58.2869533797
58.3476397745
58.3862169683
58.480543527
58.5480137672
58.8293827735
58.9558337571
58.984356847
59.014479499
59.0256930082
59.0396177773
59.1147998666
59.1381690166
59.2120594214
59.2329082008
59.257917809
59.2940544632
59.3514003957
59.4529718614
59.4740358158
59.4978785672
59.5064270651
59.6629468874
59.7132460873
59.7552485348
59.7978546492
59.8906070121
59.9521614547
60.0345453295
60.0810638567
60.091458645
60.0996811202
60.113977321
60.1324759178
60.137093251
60.168919838
60.2109640012
60.2514366713
60.3142043168
60.3328081831
60.3672636276
60.3918041962
60.3960252059
60.4227714335
60.4597278696
60.5063287971
60.5320042683
60.5819420765
60.6160491556
60.6427565851
60.7212014737
60.7348766619
60.8575193579
60.9181295571
61.046859506
61.052564794
61.0571273193
61.0908909694
61.2250827933
61.2584019102
61.2768962992
61.3034833775
61.3308609127
61.3431632831
61.3814361712
61.4097193079
61.4360829153
61.4787364431
61.5127973152
61.552896576
61.6230003642
62.4067071744
62.4328719903
62.4515070347
62.5267385961
62.5971574677
62.6256357202
62.672805121
62.7262350524
62.749226701
62.7726584676
62.7837672524
62.847471818
62.8601831654
62.8928533886
62.9611531025
63.0388367213
63.0869709341
63.1835264111
63.2271220498
63.3129107877
63.3310739534
63.3854792871
63.4558392526
63.510107256
63.5515090278
63.6092963947
63.6230727941
63.6542043515
63.723692073
63.7334862234
63.820758712
63.8597224904
63.8654354447
63.8824879712
63.9323623399
63.9575198273
63.9836319851
64.0363154021
64.0904518418
64.1493627806
64.2015745903
64.2311913291
64.2808524912
64.3126190141
64.3355361878
64.3705364131
64.3989858936
64.5186622279
64.552657132
64.6057248486
64.6724583949
66.0195542919
66.0863173726
66.1091935835
66.1268156662
66.1499501486
66.1725462976
66.2004461195
66.2103155361
66.2412632248
66.2743367529
66.2888850124
66.4958449534
66.5491398698
66.6249157036
66.6324612907
66.8128782141
66.8911048167
66.94059342
67.1692645238
67.2210317652
67.2336964443
67.2613977922
67.3284047596
67.3568262688
67.3915192439
67.4427464839
67.5052672945
67.5216065482
67.7149113538
67.7222131191
67.8551081248
68.0660932192
68.0705404167
68.1286042468
68.209763564
68.2469602688
68.3140162115
68.3424928704
68.4230091401
68.4378656604
68.4456006456
68.4527077654
68.5589809454
68.5797641449
68.6099315002
68.6764839523
68.6966131551
68.7988290843
68.8022320344
68.8061699731
68.8336436055
68.8479175612
68.8685250989
68.9697426145
69.2092834613
69.2497792745
69.2925661881
69.3370893205
69.6408863749
69.6523230183
69.6868262132
69.7454268475
69.8573435161
69.8772685648
69.9236325753
69.9642801736
69.9737520041
70.082694331
70.1095109079
70.1664983664
70.2434415616
70.3091668964
70.3623758182
70.4209490249
70.4620475115
70.4873449073
70.5960286664
70.6233775915
70.6801404329
70.7140171823
70.8078931169
70.8538331668
70.8790390742
70.9717894044
71.1435884184
71.1585844062
71.1872313905
71.2346175151
71.2607622433
71.2973439427
71.3098613251
71.326410058
71.3513787104
71.4096866438
71.4701673079
71.5211675734
71.5739279449
71.5990025658
71.6042255298
71.6273741229
71.6966107958
71.7041638946
71.7469421483
71.9294321199
71.9832664447
72.0278911505
72.0415147073
72.062929541
72.0911265209
72.1109454804
72.1267403262
72.146368598
72.1617678944
72.1922989948
72.2421570436
72.2808407172
72.2927411697
72.5938066479
72.6317171845
72.6575123063
72.6861636841
72.7316113993
72.7463535007
72.8085991152
72.9173698346
73.0452379588
73.1246144241
73.1814737719
73.1901151826
73.2254966366
73.2336274574
73.2805123292
73.2952602643
73.3145337138
73.3410175397
73.3505972686
73.3897855024
73.4302775585
73.4981547103
73.6931142124
73.7424476122
73.7902079363
73.8255320404
73.9013533273
73.9343941355
73.974251499
73.9897898077
74.0839886872
74.1568573644
74.1880802664
74.2489705947
74.3058466133
74.3239458794
74.3322648431
74.3506543691
74.4055132158
74.4435219647
74.4511359471
74.4712970484
74.6372601739
74.6755222587
74.7285463609
74.7771118063
74.8152836252
74.8766576316
74.8914367269
74.9241214826
74.9279886859
74.9863425475
75.0323467699
75.189140846
75.1949183269
75.225946278
75.2965219168
75.3787259613
75.4177023656
75.4922664192
75.5055263797
75.571644921
75.8533047155
75.8825990373
75.8972814257
75.9237042754
75.9680341605
76.0184368712
76.0676395133
76.2590986944
76.3278621494
76.3342664099
76.4087629238
76.4327211633
76.4884587032
76.5215984675
76.5537409209
76.6087643876
76.7871635782
76.8096663299
76.8236776744
76.928219654
76.932727073
76.9863605501
77.0973773103
77.1262535016
77.1491205561
77.1632754876
77.1901459147
77.2408356403
77.2579603301
77.3465207779
77.3730290676
77.4433506485
77.5909181315
77.6048926269
77.6245008513
77.6990370563
77.7461024173
77.9103704657
77.955995799
1712
