6.00882914188
6.01967998671
6.03243123735
6.04588969195
6.06219327028
6.06977458335
6.09274976385
6.1043347309
6.11376265747
6.13141405953
6.14141613291
6.17391762204
6.1923980585
6.20592035178
6.22479139582
6.26549097515
6.27624199664
6.28945580463
6.30404276323
6.32649142611
6.34522690945
6.35393377311
6.36467845555
6.48022049092
6.49907561706
6.53076440154
6.55540800197
6.59059288163
6.63399035578
6.64056681413
6.64657836707
6.65363144322
6.81587825453
6.84409437557
6.86948661352
7.15179735072
7.15634341
7.19545636939
7.21593350379
7.23621939775
7.26162843723
7.29221528355
7.37412526183
7.46296500693
7.52199677179
7.55979270871
7.62740807186
7.66940959906
7.76527677283
7.8936399467
7.90283674848
7.9336476007
7.94350623387
7.96291176415
8.01302227209
8.02092887741
8.07891322391
8.09864262274
8.10557665553
8.2038236017
8.24091483897
8.26729615908
8.30960992766
8.3759434383
8.4730859706
8.51870459588
10.4394377067
10.6912297918
10.8515464691
10.9132614994
11.0929186147
11.1018419159
11.2889728866
11.5325508013
11.8958333239
11.9211376992
12.0840830769
12.1418154966
12.302584452
12.314507274
12.509447987
12.6976002516
12.7196799954
12.8408395551
12.9303190773
13.2763100069
13.6553214314
13.9994886343
14.2196755959
15.6164846497
90
