0.208950
0.287425
0.294550
0.483575
0.721975
1.422475
1.436100
1.442625
1.453500
1.896850
2.237625
2.540550
3.140900
3.200725
3.753525
3.801100
3.825850
3.838800
3.877925
3.929150
4.099875
4.176100
4.188950
4.523725
4.842675
4.993650
5.031075
5.141050
5.160875
5.170575
5.976550
6.237175
6.261800
6.314950
6.978225
7.339625
7.453225
7.467800
7.519900
7.779400
7.904050
7.976175
8.656475
8.704800
8.806100
9.035225
9.487300
9.868825
11.034075
11.210850
11.527675
12.239075
12.244875
12.262100
12.475650
12.521725
13.395200
13.783925
13.876550
14.072075
14.652175
14.674825
14.737675
15.655900
16.040500
17.050500
17.062300
17.097350
17.129075
17.297875
17.893025
18.231700
19.432625
19.498775
20.688325
20.707950
20.929425
21.882600
21.904200
21.909875
21.972750
21.997825
23.056950
23.314575
23.336200
24.271350
24.271450
24.466575
25.426500
25.428150
25.445475
25.457475
25.475675
25.549400
25.841125
26.122725
26.388750
26.866850
26.890500
27.775500
27.892975
27.937400
27.965775
28.219100
28.434300
28.992075
29.008075
29.044475
29.063075
29.274775
29.632400
29.952350
30.316125
30.468350
31.434475
31.467625
31.471950
31.490400
32.976750
33.127400
33.392300
33.607400
33.983250
34.003825
34.081900
34.704175
35.175125
35.238950
35.707575
129
