0.259875
0.948400
1.176875
1.352225
1.419275
1.497525
1.558275
1.676175
2.140125
2.260550
2.483650
2.707750
2.762400
3.513100
3.733425
3.861550
3.908025
3.962400
3.989775
4.509900
4.853800
5.043625
5.067150
5.080900
5.085450
5.115675
6.328200
6.356800
6.443200
6.702825
6.918650
7.272375
7.415925
7.431000
7.494450
7.601950
8.005300
8.657925
8.895000
9.058700
9.199800
9.411950
9.816650
9.846050
9.893125
9.961900
10.990300
11.062325
11.064050
11.108325
11.122750
12.354875
12.369875
12.414175
12.928825
13.888525
14.113150
14.660500
14.668275
14.993425
15.595975
15.697800
15.844525
15.915625
16.102625
17.034825
17.505675
18.272575
18.306900
18.928475
19.368300
19.432775
19.461700
19.477175
19.527700
19.826300
20.113025
20.415675
20.493150
20.542900
20.601100
20.679550
20.699425
20.701650
20.877975
20.882075
20.900275
21.762225
21.882875
21.934975
22.155375
23.044375
23.132000
23.425225
23.583350
23.654575
23.762150
24.027300
24.236500
24.251300
24.269175
25.373625
25.464500
25.473200
25.653475
26.222250
26.548600
26.723625
27.741325
27.834025
27.844200
27.845900
27.913850
30.023100
30.249750
30.253300
30.277525
30.295725
31.358800
31.502975
31.557825
32.652550
32.683225
32.706175
33.884050
35.078025
35.095575
35.111950
35.191275
35.211325
35.837025
35.988550
132
