0.237850
0.261875
0.306075
0.307775
0.547925
0.553425
0.859475
1.100725
1.447450
1.458975
1.461225
1.476525
2.601100
2.676550
2.707475
2.722325
2.774400
2.862825
3.781950
3.830025
4.230900
5.045650
5.161425
5.520700
5.718300
5.838550
5.961525
6.307175
6.327825
7.353750
7.473300
7.508900
8.654875
9.894225
9.912150
10.088925
10.205300
10.751900
10.837425
11.169025
12.021575
12.558825
12.708200
13.927500
14.012450
14.179975
14.234650
14.490725
14.563975
14.688975
14.816375
14.942100
14.962775
15.565475
15.713900
15.859150
15.863425
15.989050
16.000450
16.857875
16.892075
16.992625
17.092175
18.056150
18.305025
18.335000
18.479400
18.730275
18.764550
20.728900
20.759775
21.092150
21.949375
22.107600
22.149600
22.228275
22.936175
23.023350
23.201350
24.261975
24.395600
24.409600
24.487725
24.730700
25.497700
25.655525
25.914275
26.711925
26.719025
26.876000
26.946750
27.058400
27.159225
27.313925
27.969700
29.076025
29.245100
29.305200
29.913150
30.244500
30.252125
30.307100
31.451100
31.462700
31.531850
31.558725
31.845250
32.649475
32.925875
33.166450
33.257950
33.492375
33.801350
33.873800
34.004200
34.042225
34.217325
34.817950
35.113475
35.292050
120
