0.225350
0.257225
1.471750
1.532375
1.654000
1.845625
2.163175
2.286925
2.600600
2.659275
2.685325
2.705650
2.772225
2.842325
3.824125
3.835400
3.921600
4.435175
5.117450
5.118550
5.206050
6.206875
6.247875
6.355375
6.926225
7.509775
8.622800
8.676925
8.985625
9.416900
9.900650
10.595225
10.809525
11.493750
12.242800
12.298200
12.336925
13.077175
13.505050
13.522625
13.646325
13.757525
14.671175
15.534525
15.630250
15.849550
15.863750
15.880200
16.868725
17.060350
17.066625
17.092050
17.144175
17.883050
18.224225
18.226675
18.252025
18.299975
18.344150
18.495675
18.502375
18.552175
19.403400
19.445425
19.461975
19.478875
19.587825
19.723650
19.947825
19.957850
20.011850
20.230850
20.649775
20.694050
20.725575
21.181550
21.183250
21.832700
21.846400
21.856075
21.950650
22.034900
23.120225
23.123950
24.287550
24.313725
24.399175
24.710200
25.455900
25.531975
25.565675
25.781575
26.618550
26.630475
26.647800
26.665500
26.691725
26.918450
27.887875
28.720350
28.925525
28.981125
29.075675
29.076500
29.090525
30.232475
30.234575
30.280875
30.326850
30.335900
30.540125
32.013750
32.055100
32.071400
32.453975
32.627975
32.651100
32.653275
33.189175
33.577600
33.662500
33.878525
33.899500
34.156300
35.013075
35.047625
35.476675
35.659925
35.798125
35.911275
35.983150
131
