0.333125
0.714125
1.158100
1.434125
1.454350
1.494700
1.951275
2.038775
2.085200
2.749025
2.928050
3.488500
3.731300
3.761000
3.970350
4.159100
5.000950
5.043075
5.095700
5.191850
5.275900
5.918625
5.935875
6.030100
6.234100
6.271775
6.280675
6.355650
6.439675
7.385050
7.929450
8.625700
8.681725
9.824475
9.899900
9.949325
10.029025
10.449600
10.958500
11.056075
11.287450
11.968100
12.143200
12.194700
12.262350
12.275250
12.305250
12.343050
12.527050
13.159700
13.468175
13.480625
13.555950
14.254275
14.772050
14.779825
14.964175
15.824350
15.899000
16.121900
16.498875
17.024625
17.283750
17.404675
17.437250
18.360500
18.491250
18.574450
18.939875
19.019650
19.221050
19.568000
19.569550
20.223150
20.662925
20.689750
20.861900
21.961200
23.017025
24.262825
25.229525
25.449350
25.557625
25.615825
25.618775
25.653525
26.601925
26.663675
26.810175
27.930100
27.950200
28.006075
28.806300
28.824825
28.863525
29.048950
29.072325
29.195425
30.009750
30.167075
30.254175
30.266425
30.347600
31.242525
31.586275
31.661550
31.916125
32.162000
32.348000
32.476100
32.939175
33.413875
33.840225
33.985625
34.385900
34.602175
34.735325
34.881225
35.058175
35.090600
35.129950
35.342825
35.858600
35.969900
124
