0.229725
0.250000
0.253075
0.275725
1.012550
1.429200
1.453250
1.465625
1.518250
2.091400
2.514900
3.089700
3.799800
3.858100
3.863575
4.068225
4.650975
5.038675
5.056475
5.106250
5.162725
5.775400
6.274800
6.326200
6.663125
8.604475
8.630650
8.940725
9.880925
10.020675
11.037825
11.075025
11.088900
11.673000
11.875300
12.242750
12.311900
12.422325
12.464500
13.266850
13.475350
13.491000
14.255250
14.295025
14.684775
14.706625
14.732050
14.867350
16.377875
17.040550
17.071250
17.150925
17.217900
17.286250
17.346300
17.530450
18.262050
18.286625
18.301000
18.315575
18.366275
18.980350
19.451975
19.475875
19.493675
19.672325
19.961150
20.093950
20.118025
20.473325
20.630650
20.637800
20.658225
21.893900
21.925575
21.954525
22.515750
23.051375
23.056025
23.062925
24.293475
24.295000
24.373550
25.302825
25.448600
25.455125
25.480425
25.529625
25.610775
25.702000
25.999125
26.625750
26.648550
26.726725
26.731700
27.574825
27.843250
27.929700
27.944125
27.989575
28.829775
29.109400
29.112675
29.182500
29.797575
30.255625
30.261200
30.273900
31.154850
31.401950
31.423500
31.443700
31.469125
31.514975
31.649875
32.257850
32.359950
32.648950
32.805650
32.858550
32.872325
32.899550
33.840275
34.632825
35.149950
35.273825
126
