0.315075
0.346950
1.128700
1.465750
1.480350
2.638175
2.793800
3.855325
3.901225
3.931875
3.937800
4.050300
4.087050
4.807600
5.188275
5.272600
6.181200
6.234225
6.319725
6.341350
6.361300
6.368850
6.392775
6.508300
6.515200
6.794825
7.439675
7.568575
8.553950
8.634400
8.635300
8.640875
8.661300
9.132325
9.814925
9.829600
9.865250
9.875900
9.900050
9.950725
9.984175
10.001950
10.023475
10.203975
10.359475
10.555600
10.876050
11.018650
11.087675
11.093700
11.174050
11.428975
11.788675
12.231700
12.265700
12.318525
12.628275
13.459125
13.472200
13.507850
13.524550
14.475300
14.629500
14.646175
14.672725
14.723650
14.803525
14.910400
15.149775
15.738650
15.910225
16.112150
16.826100
17.792475
17.929600
18.121825
18.249650
18.267525
18.278375
19.053450
19.273400
19.502275
19.504625
19.522300
19.617475
19.922675
20.740000
20.838025
20.870300
20.940300
21.369450
21.868500
21.910050
22.958100
23.049700
23.437675
24.350050
24.880725
25.457050
25.461525
25.632300
26.453575
26.639550
26.655375
26.675150
26.702225
26.878175
27.084425
27.202175
27.441825
27.481650
27.847550
27.921875
27.945450
28.254625
28.640825
28.919900
29.453175
30.084000
30.256850
30.272175
30.324550
30.823375
31.472025
31.476425
31.532725
31.684550
32.740975
32.864075
33.857375
33.880725
33.895350
33.899075
33.933025
33.935650
34.012300
35.053750
35.226250
35.809375
139
