0.199650
0.216300
0.246575
0.405150
0.455275
0.876400
1.461750
1.490575
2.396125
2.526650
2.652900
2.730775
2.775650
2.815075
3.568900
3.855325
5.062500
5.114625
5.171325
5.489225
5.846850
5.994000
6.212950
6.219525
6.267150
6.315000
6.441375
6.875300
7.444775
7.454775
7.481500
7.700275
7.751375
8.243425
8.624325
8.691850
9.162150
9.838275
9.922850
9.952300
10.238375
10.734275
10.802875
10.976175
11.070625
11.182700
11.635750
11.941150
12.138525
12.223775
12.306575
12.307625
12.312500
12.339450
13.441125
13.479450
13.627325
14.658375
14.660775
14.679875
15.847825
16.461125
16.591575
17.010300
17.096200
17.105450
17.157775
17.234050
17.781800
18.281725
18.282675
19.225050
19.469800
19.489700
19.553700
19.894275
20.090900
20.399700
20.682650
21.209250
21.880225
21.992175
22.323450
22.438900
22.797475
23.034425
23.048475
23.049600
23.049700
23.065700
23.187525
23.721200
24.256850
25.517100
25.537575
25.963300
27.536075
27.848550
27.851400
28.825875
29.018950
29.036350
29.049825
29.070775
29.096400
29.284625
29.661625
29.896575
30.269600
30.298325
30.415250
30.802925
31.012200
31.410625
31.445650
31.483000
31.499225
31.571725
31.619825
31.659700
32.450100
32.612350
32.744150
32.746650
32.837500
32.981900
33.827875
33.910950
33.974450
33.977275
34.511200
34.873825
35.076650
35.079950
35.122125
35.209850
136
