0.295700
0.344650
0.396225
0.592375
0.987575
1.056450
1.463125
1.468250
1.483575
1.662375
3.707400
3.775025
4.959725
5.013350
5.092250
5.093625
5.119200
5.211600
5.525550
6.214775
6.239925
6.249425
6.409550
7.463950
7.513175
8.453275
8.579200
8.642050
8.649250
8.652225
8.709700
8.796250
8.807850
8.863675
9.794025
9.847050
9.867325
10.779100
10.975075
11.018550
11.043675
11.088925
11.743150
12.245175
12.283150
13.064725
13.494050
13.690125
14.016250
14.518750
14.645925
14.722150
14.892350
15.226925
15.521725
15.635475
15.792725
15.848150
15.876875
15.974450
16.303225
16.609650
17.069450
17.383325
18.262375
18.337425
19.260250
19.319125
19.844725
19.959525
20.783675
21.644225
21.840075
21.906600
21.910675
21.998225
23.100750
23.490250
23.539075
23.964425
23.971850
24.131575
24.259150
24.263850
24.478900
24.491200
24.812650
25.267450
25.436800
25.488225
25.692650
26.179575
26.703300
27.871800
28.832550
29.053700
29.058875
29.346125
29.596175
29.891100
30.266850
30.278400
30.325900
30.390000
30.426900
31.431900
31.501275
31.534300
31.619150
32.209450
32.683200
32.835675
33.056625
33.570725
33.812525
33.877025
33.888325
33.910025
34.145600
34.889250
35.045275
35.322775
122
