0.055925
0.128725
0.286925
0.339050
1.048625
1.486525
1.488500
2.646400
2.745450
2.768525
3.154825
5.051925
5.123275
5.178625
5.227900
5.578125
6.225525
6.241200
6.266775
6.413475
6.896450
7.081775
7.457800
7.708200
8.641250
8.649075
8.715100
8.832300
9.407925
9.793600
9.844650
9.973975
10.660200
10.766200
11.028675
11.099175
11.577700
11.677950
11.719600
11.992625
12.106925
12.269875
12.309250
12.335900
12.781075
13.173025
13.432975
13.439200
13.789150
14.255925
15.111525
15.821825
15.859825
15.888800
16.135150
17.029900
17.052400
17.077700
17.138175
17.166075
18.295700
18.575300
18.709400
19.067775
19.427350
19.495500
20.214400
20.317150
20.427700
20.655700
20.658375
20.661175
21.472225
21.808325
21.844225
21.859700
21.860400
21.883950
21.921200
22.055500
23.165275
23.451900
23.537375
23.659475
23.706425
23.752875
24.247950
24.260475
24.314925
24.484700
24.516625
25.070125
25.465850
25.897050
26.258125
26.597425
26.718325
26.766775
26.929275
27.110975
27.892375
27.972025
28.098525
29.037150
29.075775
29.141450
30.270075
30.343325
30.383875
31.268450
31.447450
31.460350
32.122675
32.448650
32.624525
32.632475
33.842625
35.091400
35.093625
35.569425
35.608000
121
