0.236850
0.265575
0.317225
0.441200
1.392500
1.599875
1.613750
2.637775
2.685325
2.703425
2.905400
3.218975
3.512875
3.892775
3.980775
4.210500
5.041225
6.224575
6.549150
6.652925
6.841500
7.705350
8.410800
8.643350
8.684600
8.687850
8.703225
10.459500
10.661425
11.090875
11.106925
11.163100
11.347800
12.225825
12.239075
12.272600
13.155225
13.417300
13.422025
13.492650
13.614850
13.962550
14.882475
14.969050
15.814175
15.831550
16.469525
16.564450
16.821750
16.998900
17.033600
17.857950
18.137175
18.184525
18.641550
18.964900
19.424675
19.472825
19.484425
19.601150
19.764025
19.842550
20.240700
20.445725
20.604500
20.685625
20.844700
21.843325
21.886950
21.897100
21.906075
21.911200
22.059450
22.082875
22.098400
23.091325
23.096225
23.289400
23.807225
24.245275
24.278025
24.759125
25.476075
25.504000
25.577500
25.638425
25.723675
26.671475
26.785050
26.922575
26.932050
27.694700
27.809025
27.838675
27.870050
27.876000
27.918775
28.243100
29.075400
29.116125
29.384800
29.572650
30.205150
30.248750
30.281250
30.362550
30.904650
30.976400
31.415175
31.469375
32.030325
32.101400
32.644625
32.660400
32.664950
32.851750
33.454950
33.974575
34.022475
34.078975
34.179000
34.342975
35.045450
35.096725
35.522250
35.781600
35.880325
127
