0.277825
0.380500
0.543275
0.549875
1.481600
1.494000
1.904100
2.172225
2.758900
3.221675
5.827000
5.969250
6.092525
6.126325
6.186575
6.232125
6.334950
6.363725
6.698025
6.955575
7.545725
8.692725
9.351425
9.855700
10.074025
10.231550
11.771500
12.044325
12.172225
12.321425
12.326850
13.472450
13.656050
13.673575
14.432025
14.721100
14.874175
14.877275
15.021325
15.079250
15.238175
15.929100
15.933050
16.079575
16.288700
16.300200
17.057175
17.074200
17.609625
18.232950
18.263025
18.271400
18.372125
19.466400
19.472175
20.218700
20.698175
20.980750
21.497600
21.835275
21.882775
21.901225
21.905275
22.389750
23.097075
24.299800
24.302800
24.538925
24.615550
25.407150
25.428975
25.487625
25.525375
25.568275
25.910350
26.715000
26.734400
27.346200
27.647125
27.846200
27.879650
27.882200
28.751350
28.900675
29.013625
29.043125
29.341150
30.255325
30.327850
30.678250
30.747050
30.840125
31.157700
31.381925
31.481600
31.524175
32.205350
32.775275
32.921125
32.927350
33.871600
35.054150
35.093425
35.149850
35.352350
35.546725
35.609375
35.777300
108
