0.276375
0.277025
0.285375
0.800450
1.452525
1.642725
1.750650
2.097425
2.291150
2.634800
2.809875
3.831900
3.853125
3.900675
3.961950
4.191875
4.389325
4.748875
4.901400
5.669300
6.228100
6.237825
6.373625
7.431175
7.449325
7.485150
7.689625
7.785225
8.083425
8.136125
8.591475
8.655000
8.769025
9.336250
9.865925
9.866000
10.127750
10.138775
10.177450
10.243075
10.969650
11.032550
11.044375
11.182350
11.187200
11.340575
11.554900
12.296850
13.452550
13.649050
13.755600
13.918925
14.080550
14.654275
15.411850
15.428225
16.039175
16.149425
16.347500
16.822450
17.055000
17.075825
17.087675
17.128825
17.897250
18.268850
18.278450
18.390550
18.763725
19.454600
19.616075
19.663225
20.637575
20.699325
20.915775
21.025250
21.154775
21.792725
21.868175
23.016475
23.063375
23.142000
23.194700
23.565500
24.207200
24.321875
24.798325
24.950325
25.448350
25.708425
26.642650
26.649375
26.667625
26.862700
26.885650
27.110975
27.390800
27.423975
27.911900
28.306275
28.425675
29.015675
29.086550
29.122150
30.236850
30.241925
30.344900
31.275025
31.495600
31.519000
32.475050
32.739375
33.207900
33.727675
34.398675
34.419075
35.027375
35.040125
35.042525
35.045275
35.062850
35.112075
35.229875
123
