0.286925
0.293150
0.396625
1.427300
1.688350
1.805375
1.997200
2.498475
2.652025
2.665550
2.672575
2.774975
2.781425
2.823500
2.892825
3.502425
3.860575
4.333825
4.648450
5.045225
5.047875
5.064475
5.096225
5.248525
5.470675
6.262275
6.336850
6.364375
7.164825
7.444225
7.604650
8.191675
8.659950
8.665950
8.792900
8.809300
9.895000
9.900275
10.044150
11.034050
11.068700
11.210150
11.861475
11.921750
12.216575
12.349750
12.493850
12.801325
13.009450
13.227100
13.489675
13.776075
14.609650
14.639525
14.687775
14.719750
14.868650
14.889675
15.859625
15.866100
15.870175
16.108600
17.047225
17.076575
17.090825
17.227250
17.616725
18.234500
18.250150
18.274575
18.326125
18.481850
18.716550
19.461475
19.510425
19.883250
20.048200
20.620475
20.651250
20.654775
20.670350
20.672025
20.705225
20.816775
20.961375
21.390750
21.963600
21.982625
22.419450
22.968125
23.050100
23.108200
23.144650
23.337000
24.044925
24.229675
24.259450
24.391550
25.439700
25.551625
25.926500
26.605350
26.719025
26.780125
26.833100
26.899975
26.956375
27.012800
27.869850
27.887575
27.952125
27.965800
28.005625
28.024700
28.038425
28.149250
29.005800
29.090950
29.202025
30.236575
30.239075
30.443400
30.483900
30.706550
31.482675
31.486525
31.571300
32.180350
32.657900
33.275500
33.704550
33.777150
33.845675
33.893225
33.908325
34.360600
35.090450
35.354925
35.893125
35.978450
140
