0.343450
0.591100
0.852100
1.206175
1.341650
1.452050
1.460350
2.684700
2.804125
2.819600
3.920000
4.670175
4.929275
5.055400
5.065250
5.069125
5.143775
5.410650
5.612400
5.976475
6.203875
6.215150
6.216850
6.223000
6.320000
6.326600
6.386850
6.522500
7.018125
7.391125
7.435800
7.594325
7.685450
8.666925
9.889300
9.941325
10.548950
11.067850
11.186400
11.947675
12.282100
12.289725
12.305675
12.358650
12.950525
13.090150
13.475650
13.724175
14.073775
14.658500
14.694075
14.702025
14.831075
14.946925
15.846400
15.853225
15.878200
15.923925
16.178350
16.501325
17.049800
17.064150
17.098350
17.113625
17.182575
17.483275
18.250225
18.250725
18.298550
18.332100
19.013225
20.625125
20.678225
21.967675
22.408450
22.427275
23.063650
23.124375
24.013625
24.126725
24.150875
24.161300
24.274675
24.279750
24.847025
25.453550
25.515225
25.831925
26.361475
26.639125
26.651925
26.665150
26.785250
26.810125
27.602125
27.834225
27.846350
27.871000
28.163975
29.051950
29.069550
29.100725
29.122350
29.696525
29.860350
30.201650
30.248025
30.277200
30.501100
30.775825
31.441400
31.468125
31.473350
31.509850
31.527200
31.743075
31.902550
32.631625
32.676625
32.719850
32.738400
32.965350
33.082575
33.173325
33.801950
33.843475
33.845725
33.929775
33.973675
34.289925
34.838025
35.020925
35.083450
35.127275
35.399975
135
