0.274225
0.287625
0.338325
0.459050
0.676775
0.734700
0.835825
1.477775
1.539075
2.660625
2.666200
2.672175
2.743100
3.723100
3.885800
3.897250
3.951975
4.025100
4.209200
5.153450
5.155850
5.503450
6.222925
6.293100
6.336900
6.352775
6.619400
6.649850
6.857675
6.867475
7.411475
7.497050
7.550025
7.583075
8.651725
8.723750
8.748725
8.769025
8.774025
8.881850
9.127475
9.842350
9.873200
9.907450
10.009400
10.985950
11.004400
11.060225
11.109650
11.110450
11.598350
11.918900
12.263925
12.293200
12.300775
12.384350
12.474400
13.472225
13.493375
13.493825
13.528500
13.554775
14.669325
15.024275
15.469925
15.832275
15.842250
15.936000
15.974475
17.473075
18.183375
18.316300
19.231875
19.295800
19.591075
20.346075
20.720775
21.600875
21.833875
21.861950
21.872375
21.891925
22.028125
22.391300
22.570725
22.981425
22.997000
23.072525
23.083075
23.161525
23.589025
24.338850
24.627375
24.637400
24.721575
26.644350
27.195025
27.576950
27.825775
27.895450
27.905975
27.924075
28.426450
28.806100
28.832850
29.066775
29.090725
29.116575
30.249050
30.269550
30.306700
30.669725
30.844775
31.369125
31.395550
31.443375
31.925950
32.183600
32.252975
32.634025
32.668200
32.799225
32.805025
33.822200
33.855375
33.859350
33.870925
34.155750
34.325850
34.541950
34.828975
131
