0.298925
0.384775
1.444550
1.539525
1.697500
1.934375
2.116075
2.664975
3.464600
3.863850
3.870525
3.943700
4.335150
5.230825
5.494550
5.716325
5.990175
6.291600
6.309525
6.335975
6.440225
7.468925
7.495875
7.767550
8.467325
8.659175
8.664375
8.702725
9.389700
9.812300
11.003475
11.043375
11.055200
12.076975
13.454075
14.492525
14.605900
14.622000
14.623325
14.633975
14.708425
15.151775
16.280450
16.995375
17.052325
17.102100
17.684825
17.870750
18.234675
18.252675
19.473625
19.532375
20.363775
20.651600
20.767450
20.791575
21.877000
21.889350
21.903025
22.259850
22.649450
23.032500
23.048825
23.072500
23.092000
23.095400
23.103025
23.225225
23.403850
24.240625
24.351600
25.427050
25.428350
25.445375
25.466225
25.477425
25.497550
25.527350
26.409700
26.539950
26.605600
26.653325
26.731375
26.749275
27.838050
27.865025
27.920275
28.333150
29.066700
29.081150
29.386925
29.509925
29.728325
30.085425
30.207025
30.287300
30.292600
30.467900
30.986400
30.993225
31.496225
31.514350
32.363200
32.438950
32.715600
32.722400
32.727625
32.765075
32.786625
33.839875
33.850825
33.856500
33.948100
33.974600
34.202275
34.248050
34.955875
35.128275
35.161350
35.235025
35.351225
121
