0.327825
0.387125
0.616100
0.635800
1.546075
1.558625
1.895600
2.189150
2.627150
2.637675
2.715850
2.726975
3.546925
3.831675
3.865000
4.095200
4.166650
4.964000
5.060400
5.077375
5.103550
5.201325
5.454375
6.150400
6.276500
6.810775
6.822750
7.221475
7.436475
7.447625
7.527050
7.613675
8.545000
8.603325
8.664400
8.672075
8.705000
8.706875
8.767375
8.889700
8.921250
9.016600
9.843400
9.863425
9.965300
10.654050
10.664975
11.044750
11.061575
11.114775
11.130100
11.136825
11.151425
11.251375
11.554500
11.814675
11.946125
12.256775
12.601550
13.417725
14.023000
14.039475
14.039725
14.186550
14.568425
14.751300
15.883275
15.901400
16.199550
16.218350
16.804325
16.919150
17.004950
17.203525
17.586425
18.271025
18.465200
19.105050
19.503000
20.667700
21.004500
21.127075
21.887700
22.874475
22.880900
23.002775
23.065450
23.082225
23.137825
23.918450
24.238200
24.240600
24.276650
25.516175
25.590875
25.756750
25.793300
26.616325
26.681575
26.710600
27.141475
27.200350
27.345850
27.883375
27.912750
27.955300
27.960325
27.991375
29.032200
29.459525
29.586250
30.237800
30.237950
30.463100
30.530275
31.386800
31.445250
31.458850
31.579400
31.586050
31.754100
32.138450
32.429400
32.430700
32.676050
32.683600
32.711025
32.758550
32.905750
33.168800
33.834900
33.884725
33.900850
33.916550
35.114050
35.149975
136
