0.125550
0.217025
0.229700
0.275950
0.363675
1.198150
1.439750
1.448575
1.473125
2.208100
2.666100
2.709300
3.311575
4.538600
5.450550
6.295775
6.515100
7.086100
7.433500
7.478325
7.511800
8.530450
9.201625
9.710625
9.823725
11.081275
11.151200
11.417200
11.480600
12.183050
12.249425
12.273650
12.311150
12.321500
12.630225
13.209575
13.451550
13.486775
13.532825
13.653125
13.920800
14.146200
14.531225
14.553775
14.634400
14.663075
14.677150
14.884300
15.107475
15.892350
15.903075
15.957525
15.974700
16.679025
16.861150
17.033950
17.046975
17.110350
17.133875
18.237200
18.330475
18.362900
18.633250
19.356350
19.440700
19.499475
19.579325
19.939125
20.965225
21.145100
21.827075
21.868575
21.897225
21.984375
22.259775
23.192100
23.264700
23.607150
24.167775
24.258850
24.258975
24.312725
24.652925
24.820025
25.655600
26.175550
26.382200
26.441475
26.646750
26.649200
26.655900
26.695400
26.969400
27.850825
27.863325
27.950025
28.008200
29.171075
29.781150
29.848775
30.028675
30.156925
30.280325
30.327100
31.462650
32.613875
32.681550
33.148725
33.851800
33.865950
33.877775
33.881450
34.209125
34.598375
35.033975
35.038925
35.084175
35.115475
35.135400
35.409125
120
