0.288475
0.311250
0.346225
0.478525
1.484800
1.508000
2.000150
2.650375
2.667925
2.703450
3.090750
3.424950
3.964500
3.965375
4.003650
4.273775
4.936600
5.057825
5.063825
5.219600
7.154050
7.233150
7.550050
8.453950
8.610250
9.304075
10.810950
11.017250
11.053750
11.092950
11.311650
11.801800
12.169950
12.246225
12.251750
12.253350
12.258800
12.582175
12.822450
12.826000
13.128875
13.482700
13.524250
13.626900
14.509200
14.607375
14.695975
14.708725
14.748500
14.789025
14.822525
15.546750
15.780700
15.829925
15.841525
15.848200
15.945925
16.295050
16.438250
16.922675
16.975100
17.085300
17.096675
17.533150
17.722250
17.967175
18.060275
18.279850
18.439475
18.579425
19.217025
19.418525
19.476075
19.514875
19.579075
20.622725
20.646275
20.661025
20.673875
20.690750
21.430575
21.866575
21.875800
21.939225
21.993500
22.039625
22.939000
22.991625
23.030375
23.062725
23.597900
24.020450
24.245725
24.403375
24.511025
25.321050
25.555525
25.717150
25.909925
26.614375
26.634275
26.663525
26.703350
26.767075
26.769200
27.203200
27.878650
27.879575
27.903200
27.937075
27.942875
28.034675
28.442250
29.023450
29.280375
29.405925
29.434700
29.463200
29.745200
30.102150
30.250650
30.370350
30.926625
31.105150
31.310875
31.433750
31.463475
31.485000
32.610950
32.641500
32.681325
32.692450
32.693025
33.806750
33.843175
33.854350
33.931000
33.933975
33.954725
35.016475
35.399125
141
