0.366275
0.370925
0.547400
1.060175
1.185050
1.319525
1.479300
1.485375
1.620950
2.678775
2.683575
3.248400
3.786100
3.830075
3.862875
3.907825
3.987075
4.514975
4.619950
4.924800
5.186950
5.838025
6.245375
6.267900
6.497500
7.472075
7.495350
7.531175
7.695150
8.006675
8.653650
9.641000
9.855650
9.889000
10.085950
10.429325
10.589550
10.590975
12.252900
12.296525
12.392500
12.550250
13.568550
14.231975
14.643175
14.679100
14.714025
15.628050
15.859925
15.883000
15.888850
15.980025
16.023500
16.089275
16.516500
17.060150
17.108625
18.197950
18.454925
19.482025
19.520350
19.545925
19.557950
19.613875
20.264775
20.381575
20.679950
21.704200
21.849300
22.018350
22.152900
23.070850
23.082200
23.928250
23.968850
24.171075
24.250575
24.251525
24.254725
25.021475
25.455000
25.501575
25.505350
25.511300
25.630275
25.761125
26.151550
26.251625
26.263550
26.654850
26.745925
27.064925
27.360900
27.779750
27.856850
28.088850
28.325925
29.210025
29.402900
29.603625
29.771475
30.293150
31.282975
31.317100
31.426725
31.427800
31.438500
31.457125
31.514775
31.685500
31.866450
32.628125
32.631675
33.007400
34.648300
34.935700
35.120025
35.133900
35.446900
119
