0.360500
0.432800
1.556675
1.591000
2.783800
3.201975
3.218450
3.864875
4.269375
4.671875
4.687300
4.865125
5.017425
5.073825
5.134475
5.173375
5.211525
5.945000
6.250525
6.255500
6.398250
6.406850
6.449450
7.248450
7.342475
7.427650
7.441650
7.591650
8.240175
8.346475
8.368825
8.541650
8.563150
8.659125
8.725050
9.870550
9.871450
9.872900
9.903925
10.253825
10.976425
10.976550
11.039350
11.080350
11.522125
11.783200
11.882950
12.215350
12.250700
12.461750
13.453400
13.513775
14.722100
15.848625
17.013150
17.106750
17.565700
19.096225
19.495750
19.549950
19.669600
19.689525
20.273800
20.546225
20.807550
21.844850
21.852775
21.852900
22.133350
22.738400
22.753125
23.149575
23.188025
23.759300
24.171975
24.361075
24.493975
25.321425
25.469175
25.483475
25.549300
25.617000
26.121375
26.284250
26.629225
26.731075
26.752650
26.792150
26.934225
26.976150
27.288800
27.845925
27.848825
27.858900
27.859475
28.045300
29.051675
29.052700
29.134000
29.220100
29.459000
29.611050
30.139800
30.229125
30.280500
30.361625
30.680875
31.111475
31.316150
31.319850
31.447950
31.490800
31.502375
32.439700
32.620400
32.639700
32.667200
32.676500
33.586375
33.706050
33.836825
33.864100
33.903025
33.989550
34.513500
34.929175
35.065450
35.123125
35.124650
35.153200
35.425325
131
