0.592850
0.803000
0.944375
1.164525
1.447475
1.780000
2.637600
2.671375
2.716450
2.751600
2.776250
2.786325
2.874825
3.447325
3.580700
3.837325
3.860225
3.955500
4.676425
4.811475
4.985875
5.018125
5.095000
5.313675
5.630100
6.339825
6.363450
6.402550
6.754000
6.851675
7.182500
7.360225
7.462875
7.653625
8.648100
8.666500
8.725350
8.738025
8.762975
8.783225
8.818325
8.886450
9.686400
9.744625
9.876725
9.885225
10.758500
11.023125
11.144625
11.152650
11.182125
11.225775
12.188550
12.253450
12.279000
12.761375
12.889550
13.167700
13.299350
13.464225
13.491350
13.751900
14.651850
14.671725
14.685125
14.700225
14.848125
15.121350
15.171850
15.848900
15.866625
16.299475
17.098875
17.577675
19.242050
19.425700
19.435325
19.454000
19.465500
19.501900
20.127300
20.264425
20.421600
20.648325
20.663275
21.507525
21.555350
21.821500
21.843875
21.865000
21.889875
22.953425
22.960400
23.051600
23.317950
23.406075
24.248475
24.251050
24.344950
24.387100
25.444200
25.478050
25.778225
26.478450
26.677750
26.707675
26.767175
27.981000
29.154300
29.275375
29.595250
29.927500
30.248100
30.304175
30.695375
30.900025
31.319725
31.377250
31.381125
31.428750
31.458400
31.476575
31.531175
31.613500
32.174350
32.668325
32.906600
33.394325
33.838075
33.838700
33.879475
34.061550
35.072000
35.094500
35.140925
35.381350
136
