0.288850
3.110550
3.631075
3.843000
4.964850
5.219225
6.138400
7.613675
8.237525
8.271150
8.387225
8.451850
8.895350
9.180050
11.036500
11.363525
12.173325
12.658100
13.310425
13.664800
14.033350
15.923950
16.200825
17.217000
17.536275
18.312900
18.627625
18.925775
19.652475
19.727075
20.536250
21.402875
22.367150
22.504900
23.306900
24.365175
24.863075
25.093175
25.330750
25.801600
25.886925
26.199125
26.592900
26.649500
26.834600
27.537150
27.796750
28.008675
28.191650
28.898275
29.087125
31.205000
32.159850
32.503150
33.333125
33.464700
35.206175
35.209600
35.285775
35.863950
60
