0.449375
1.046925
1.603325
2.238825
3.389375
3.875575
4.205675
4.658650
5.035500
5.167075
5.204050
5.788525
6.032675
6.190450
7.429475
8.009900
8.309100
8.340100
8.746275
8.799050
9.058850
9.521075
10.067000
10.121450
10.554475
10.981925
11.598825
12.577975
13.810050
14.662650
14.664475
14.833050
16.288575
17.121650
17.234400
18.746850
18.784450
19.092775
19.608900
19.959975
20.641625
20.688350
21.375325
21.608200
21.937800
22.610800
24.637350
24.937750
25.443150
25.742425
25.807575
26.518750
26.552350
28.310200
28.770650
29.075675
29.710700
30.135025
30.197025
30.301350
30.490525
31.198000
31.392475
31.542900
32.949550
34.039600
35.686600
67
