0.391250
1.276225
1.523700
1.603400
2.113825
2.588550
2.782575
3.788525
3.788575
4.038750
4.882400
5.047625
6.012950
6.259150
6.311550
7.482250
8.607975
9.941425
10.465825
10.475500
10.545825
11.584250
12.040600
12.606100
12.635000
14.114975
14.346500
14.498450
15.306225
15.410500
15.724175
16.263625
16.832050
16.943700
16.978200
17.235850
17.457125
17.509975
20.383225
21.372625
22.028675
22.826650
23.050225
24.002100
24.277625
25.909125
26.823875
27.681275
27.912325
27.924050
28.011600
28.096725
29.370450
30.356950
30.412950
30.484600
30.834925
30.891725
32.242125
32.450100
34.015900
34.877650
35.319975
35.380675
35.406725
35.587125
35.601700
67
