0.623875
1.504525
1.895525
2.142700
2.275500
3.087750
3.863650
3.932625
4.831000
5.062025
5.907750
5.913275
6.646500
7.681775
7.829550
7.903350
8.623400
8.774100
10.103725
10.511625
11.568850
11.798800
11.857625
12.246225
12.254525
14.048150
14.394375
14.576225
14.706325
15.331325
15.768700
15.858000
15.920150
16.232425
17.028600
17.426700
18.080075
18.448125
18.845550
19.119975
20.035425
20.170750
20.427675
21.954600
22.160150
22.269100
22.524750
23.111100
23.542325
23.814650
24.623750
24.745975
25.223475
25.242900
27.028850
28.045125
29.165525
29.668100
30.107150
30.254075
30.289875
31.056200
31.167800
31.461100
32.989550
33.828275
34.449225
35.218175
35.682700
35.793975
70
