0.483300
1.154950
3.130350
3.299575
3.965825
4.941550
5.206625
5.226325
6.022825
6.953300
6.984275
7.540500
8.140500
8.401575
8.598700
8.741550
10.272150
11.040950
13.975975
14.752675
16.737775
17.379900
17.595825
18.227025
18.675000
19.759075
19.832950
21.621475
21.720250
21.939925
22.816550
23.638000
23.846200
24.203250
24.241800
24.434000
25.970275
26.917850
27.029375
27.658125
28.980575
29.398925
30.526175
31.018500
31.066675
31.097825
31.447475
32.098625
33.763350
33.823775
34.805625
35.041650
35.065475
35.412225
35.780225
55
