0.567875
2.535500
2.999325
3.353100
3.391075
3.632425
4.177175
4.733175
4.997725
5.874725
6.242000
6.388550
9.082450
10.146000
10.178950
10.317425
10.523125
11.057775
11.073875
11.312675
11.960250
12.019125
12.548475
13.420525
13.734125
13.778900
14.244050
15.804500
15.932250
16.776475
17.754450
17.865875
18.029350
18.201425
18.942525
19.195075
19.288325
20.161575
20.354700
21.697350
22.578000
22.726525
22.977575
23.362225
23.421600
24.349525
24.762375
25.278850
25.423075
26.976750
27.022650
27.656750
27.950125
28.040025
28.061225
28.113450
28.137575
28.691125
28.895675
29.491525
29.571575
29.630050
30.376250
31.188250
31.700050
32.393900
32.584175
32.660575
32.845475
32.884075
33.088475
33.113400
33.609050
33.800225
34.264925
35.227300
76
