0.677000
1.198775
2.200425
2.239825
3.230025
3.783875
3.989875
4.739925
5.048350
5.135250
5.895525
6.957200
6.995750
7.449700
7.457250
8.298075
8.641775
9.008425
9.353275
9.483200
10.299925
10.338950
10.381150
12.262825
13.259575
13.389150
13.492925
14.614125
14.630350
15.514200
15.635650
16.700750
17.836350
19.040575
19.185825
19.915850
19.950800
20.369700
20.545350
21.904950
22.215875
22.716350
22.838125
23.531375
23.671350
23.693700
24.030325
24.165225
24.385175
24.907475
25.080700
25.456625
26.462475
28.155150
28.190325
28.240900
28.923900
29.300975
29.435125
30.252100
30.521400
30.661575
30.743500
31.226875
32.946650
33.040500
33.314850
33.524475
34.023400
34.716875
35.219650
35.471750
72
