0.148875
0.322725
0.587050
1.335100
1.761300
2.382525
2.873725
3.323100
3.354000
3.763025
3.851750
4.090200
4.112575
6.208425
6.513725
8.216800
8.722850
8.945750
9.069450
10.551900
11.078525
11.172900
12.004100
12.819950
14.786750
16.058625
16.444000
17.181975
17.845100
19.469625
20.585175
20.769575
20.812875
21.105275
21.717900
21.734450
21.832725
21.848600
22.662375
23.033400
23.115575
23.125500
24.263375
24.575725
24.960500
25.298875
26.115150
26.849825
27.885050
29.197225
29.632575
29.865525
29.909125
31.134000
31.694025
32.613800
32.686500
32.983450
33.041175
59
