0.393050
0.420700
0.935875
1.943575
2.669675
2.695250
3.643700
3.772575
4.031175
4.140200
4.313475
4.395625
4.497050
4.549450
5.009900
5.570425
6.061300
6.073275
6.230375
6.828325
7.466900
7.893700
8.659275
8.798350
9.584950
9.864725
10.448700
10.644975
11.411725
11.637700
12.036375
12.131600
12.276775
13.067200
13.168300
13.395250
13.615300
13.911500
14.569750
14.601825
15.709600
16.097350
16.844975
17.469250
18.013125
18.428325
20.648625
22.386225
22.418200
22.505575
23.644650
24.258925
25.095550
25.866775
26.237700
26.537800
27.578700
27.840425
28.807750
28.849025
29.464875
30.001975
31.575400
31.576500
31.594925
31.713800
31.865500
31.939575
32.203750
33.111500
33.771275
33.909650
34.084325
34.410475
34.428525
34.549500
35.134075
35.801200
78
