0.177000
1.446425
1.549575
1.715500
2.215800
2.226525
2.663675
4.562575
5.553275
5.721225
6.195300
6.324500
6.355925
7.560375
7.859975
7.986875
8.999375
11.965900
12.377850
12.424975
12.778275
13.445725
13.549800
14.052025
15.514475
15.898125
17.194525
17.236425
18.162100
18.556375
18.742725
18.829675
19.627725
19.798025
20.005200
20.446775
20.515450
20.954550
22.406125
23.036000
24.372200
24.928975
24.950275
25.123175
26.301075
27.326450
27.613275
27.800250
27.863200
27.886850
27.922050
28.354975
29.444875
29.592425
30.016675
30.620600
30.679325
32.817875
34.041600
34.566025
34.877800
35.381075
35.807125
63
