0.012800
0.107050
0.645175
0.648300
1.423350
1.498625
2.167800
2.332250
2.945625
3.616900
4.934850
5.249850
6.673475
8.039975
8.869075
8.920650
11.416775
11.811175
12.692600
13.300875
13.652450
13.926325
14.762900
15.318475
16.261400
16.842225
18.197200
18.278925
19.493125
19.736075
19.890225
20.835650
21.545325
21.790725
22.164825
22.275875
24.121700
24.588150
24.604900
25.458500
26.716675
27.580300
27.681700
27.992350
28.343325
29.330600
30.286650
30.638100
31.125800
31.374425
31.624000
32.849975
33.024125
33.405075
35.605750
55
