0.259650
0.764150
1.532800
1.804600
3.000325
3.261875
3.731975
4.242575
5.233300
6.077775
6.525825
6.931250
7.526775
7.543550
7.699725
7.803300
7.878425
8.260675
8.525225
8.790650
9.331850
10.226100
11.533200
11.543150
12.054350
12.270400
13.357700
14.282675
14.445225
15.174475
15.344625
15.572425
15.820900
15.826950
17.757075
17.787300
17.872525
18.877850
19.674900
20.011800
20.250525
20.859075
21.598100
21.634300
22.877850
23.438725
26.521525
26.575125
26.652225
26.819825
28.581350
29.236625
30.729200
32.339675
33.018775
33.603225
33.899800
34.880725
34.908475
34.964325
35.064150
35.423575
35.431700
63
