1.558775
2.008600
4.108975
4.110625
4.140825
4.194900
4.266425
4.448325
4.678250
5.119075
5.317300
5.370625
6.194425
6.211350
7.340625
8.408625
9.501900
10.008150
10.169625
10.375650
10.898425
10.980075
11.899750
12.305500
12.720450
13.938700
14.413550
15.407175
15.441150
15.513325
16.019950
16.739150
17.740275
17.742475
18.288525
19.119800
20.380975
20.571825
20.686325
20.709275
21.336925
21.852250
22.979425
24.883275
25.085875
25.328025
25.449575
26.349925
27.934225
28.290150
29.238125
29.531125
31.442700
31.555400
32.163025
32.547650
33.739600
33.839625
34.800800
35.407575
35.946750
61
