0.557175
0.711550
0.945675
1.973225
2.785700
3.330900
3.558850
3.828575
3.850150
4.365100
4.800450
5.092200
6.049575
6.179075
7.060450
7.066925
7.760375
8.182725
8.548075
8.740775
9.870600
10.062750
10.097525
10.265525
10.670775
11.182350
12.025050
12.319500
13.019775
13.539275
13.561350
13.595375
15.508225
15.533800
15.836750
16.234925
18.241350
18.944025
19.199200
19.387750
19.452975
19.748875
20.701075
20.912900
22.588350
22.889250
23.781550
24.028050
25.076350
25.316025
25.711100
25.741250
26.378925
27.133700
29.110225
29.737100
30.274025
31.822475
32.514450
33.143175
33.167400
33.877050
34.152325
34.197750
34.647400
65
