0.912250
1.273675
2.176575
3.214700
3.341550
3.399150
3.542325
3.609825
3.724975
5.037500
5.062625
5.137150
5.159525
5.488525
5.744775
6.575600
6.804650
7.650000
7.823425
8.661100
11.544125
12.200150
12.298725
12.516500
13.525625
13.538475
13.571900
13.883050
14.292275
14.339675
14.634150
14.724750
15.127800
15.322450
16.527025
18.091925
18.313025
18.410725
19.462450
20.360950
21.298725
23.705650
24.662400
26.324325
26.436700
26.799050
29.040125
29.074875
29.086225
29.421550
29.661300
31.163825
31.342175
32.440775
32.667975
33.861125
34.007425
57
