1.426450
2.775325
4.218325
4.326275
4.795850
5.290225
8.774725
8.805200
9.175325
9.502725
9.579575
9.766550
10.002100
11.395925
11.814400
11.956800
12.935175
13.582200
14.578875
15.078675
15.083400
15.858325
16.026050
16.229100
16.695200
17.042700
18.390200
19.284200
20.607875
21.438300
22.331225
22.535625
23.048325
23.103075
24.058100
24.264175
24.329550
24.915050
24.972150
25.468650
26.613150
27.054150
28.466375
28.690675
29.039000
29.841800
30.241275
30.798150
30.816425
31.364975
31.634575
31.918900
32.556625
33.261150
35.698225
35.976975
56
