0.195675
0.505450
1.163175
1.578525
1.851825
1.948500
2.123225
2.233600
2.646025
3.242800
3.550900
4.493900
4.587875
4.928325
4.990800
5.295825
5.509175
7.570700
8.985100
9.532525
9.607500
9.861300
9.965825
9.994825
10.234750
10.242300
11.027600
11.390400
11.592325
11.651025
11.837400
12.254475
12.369225
13.056275
13.067700
13.570725
13.958400
14.781450
15.139800
16.029425
16.520775
17.589750
20.869150
21.151875
21.683900
22.568025
23.120575
23.303650
23.339225
23.469275
23.524625
23.724050
25.584075
25.786675
26.476800
27.846175
27.891675
27.895800
27.908300
28.976025
29.148525
31.374900
31.482850
32.134100
32.509450
32.724850
32.822800
33.464225
33.875100
69
