0.099625
0.290650
0.368925
0.376650
0.542825
1.091925
1.433825
1.911175
3.724075
3.820775
4.093050
4.357450
4.557625
5.182675
7.018625
7.921125
8.059375
8.405400
9.168725
9.793675
9.842600
10.172650
10.443725
11.042375
12.265975
12.390975
14.642875
14.675300
14.681475
14.733575
14.768300
14.815225
15.493025
16.228075
20.517575
20.937075
21.171600
21.490300
21.984750
22.270250
23.055075
24.628750
24.835050
25.382550
25.604450
25.653000
26.020975
26.191975
28.141600
30.816375
31.315925
31.344275
32.133175
32.930675
32.948100
33.186750
34.578500
57
