0.385775
1.733000
1.996125
1.996175
2.213100
2.284325
2.798450
3.150675
3.735075
4.385425
5.080750
5.434600
5.435175
5.883150
6.449625
7.325450
8.966250
10.047525
10.130525
10.139625
11.118475
11.929275
12.910000
13.641225
14.654575
15.165575
15.216600
15.538900
16.130425
16.301250
16.806325
17.694125
19.835925
20.003525
20.177225
20.709700
21.512325
21.840950
22.069250
22.122025
22.815675
23.582750
23.880950
24.325050
24.681175
24.771975
24.888875
25.665050
26.075250
27.474700
27.874550
28.532925
28.575850
28.983925
29.562150
30.268525
30.281675
31.692325
33.385900
33.562075
34.311150
35.595875
62
