0.782350
0.913700
1.605000
7.045125
7.648900
7.763625
8.005075
8.223700
9.295250
9.952375
12.235925
12.458975
12.698150
14.009300
15.134900
16.043175
17.488700
18.830725
19.223400
19.440375
19.664975
19.718525
20.447500
21.933375
22.177575
22.300350
22.462675
22.636775
22.690975
23.067750
24.117575
24.242475
24.338700
24.987425
25.078075
25.225025
25.740125
26.393525
26.495500
27.453450
27.724425
28.325875
29.092600
29.851975
29.985225
30.640575
31.029350
31.048275
31.417475
31.566375
32.584975
33.712275
52
