0.007725
0.628800
1.412375
2.691800
3.339575
3.471950
3.981650
4.626200
5.068925
5.708425
6.569225
6.715250
8.666475
8.882200
10.196325
12.575850
12.827900
13.493625
13.916625
13.921000
14.658950
15.815150
16.520550
17.340775
17.483000
17.750650
18.194475
19.165125
19.415800
19.657775
20.074850
20.584600
21.196725
21.376150
21.958175
22.283400
22.346800
22.529100
22.804750
23.095250
23.800350
23.955925
24.101175
26.517000
28.246025
30.038450
30.615350
31.817200
31.985525
32.625175
32.700650
34.308700
34.911800
53
