0.519650
1.022600
1.285525
1.659550
1.743600
1.843650
2.651425
2.954300
3.192325
3.381650
3.715225
4.045675
5.383500
5.654700
6.352300
7.212350
8.119550
10.771525
11.030550
11.330975
13.282275
13.486925
15.256275
15.855500
15.930375
16.423925
16.875875
16.972175
17.231350
17.380275
18.006175
18.371400
18.860200
18.888325
19.040975
20.417750
21.830650
22.984575
24.195075
24.623450
26.353975
26.643200
26.839275
27.788375
28.905325
29.447075
29.879300
30.510925
31.592200
32.202000
32.549400
32.886675
33.061875
33.901925
34.368175
35.035500
35.279225
57
