0.228875
1.454075
2.251825
2.324400
2.736675
2.930050
3.033850
3.066550
3.132400
6.027600
6.321475
6.812250
7.121450
7.776925
8.041900
9.193650
9.314600
9.886275
9.898450
10.051875
10.167650
10.663400
10.840400
10.973425
10.976025
11.036650
11.645025
13.381275
13.416825
14.733375
14.939300
18.063175
19.353750
19.514725
21.078000
21.211175
22.029000
22.621075
23.095925
23.413750
23.825125
24.248850
24.294175
24.340850
24.407775
24.736475
25.156200
25.884375
25.962325
26.791775
29.130450
29.201325
29.304275
29.430775
30.099550
30.263075
30.285275
30.491900
30.829550
31.487600
31.548675
31.826350
32.585175
33.439975
34.347175
35.187700
35.640775
67
