0.165975
0.419875
0.430150
0.609025
0.649550
1.464825
1.486900
2.959625
3.370025
4.411250
6.588975
8.249650
8.849175
9.625425
9.906650
9.997825
11.289025
11.868975
12.080000
12.123025
13.090525
13.295425
13.438625
13.452825
13.609175
13.754600
14.753175
14.782625
14.846400
15.578850
15.982150
16.377850
17.284450
18.162725
18.179650
18.818550
19.013775
19.135225
19.299300
19.475975
21.738800
21.846800
22.188275
23.045650
23.331100
23.583000
23.952950
24.850200
25.824650
26.466500
26.797650
27.331500
28.851850
30.040650
30.238625
31.818850
32.616025
32.791650
32.978425
34.250875
34.386950
34.494275
34.749750
35.013700
35.511350
65
