0.277475
1.651800
1.957575
2.252800
2.393475
2.663725
3.122975
4.480900
5.005350
5.019000
5.090000
5.421000
5.508900
5.758750
6.028675
6.439225
6.628075
6.935500
7.080900
7.444800
7.781175
9.159750
10.192400
10.247400
10.296525
11.062325
11.075375
11.220175
11.607600
12.633225
12.936975
14.827875
16.131000
17.118875
18.208075
18.882825
19.477375
20.030475
20.241500
20.759050
21.676000
21.946150
22.079350
22.439275
23.660800
24.252225
24.568625
24.630700
24.630850
24.992475
25.205650
25.604850
26.617675
27.046275
27.856650
27.921975
27.966275
28.549225
28.689725
28.945400
30.117200
30.123300
30.195150
30.212075
30.429000
31.341050
33.949525
34.173150
68
