0.268100
0.276650
1.999050
2.561275
3.286750
3.537300
3.869500
3.929675
4.374550
4.489875
4.886125
6.390075
7.557975
8.833350
8.847425
9.575700
10.758025
13.437625
14.705225
14.999350
15.125750
16.637175
17.033500
17.280900
17.494500
17.683450
18.035450
18.154050
18.288875
19.727075
20.860550
24.556800
25.462100
26.415600
26.955675
27.017675
27.475350
28.186175
28.206175
28.514900
28.581950
28.587875
29.053050
29.118275
29.118425
29.584625
31.628475
31.898875
32.575150
32.715550
32.822425
32.824300
32.983375
33.670925
33.867325
33.903700
33.911975
35.197850
35.689350
59
