1.629600
1.932550
3.244850
3.545600
5.058250
5.402675
5.565375
7.413475
7.553875
7.941225
9.035500
9.791750
9.979200
12.434225
13.187525
13.442675
14.590425
14.811700
15.739825
16.024375
17.091800
17.766125
18.310325
18.727600
18.838250
19.004950
19.119450
21.886500
21.890400
22.508525
23.359000
23.777800
23.778175
24.362150
24.384500
25.120550
25.412500
25.430900
25.576850
25.736825
26.067800
26.674525
27.463375
28.547425
28.626275
31.432325
31.791975
31.826425
32.302650
33.880100
33.967725
34.575025
34.668850
34.830700
35.043925
55
