1.782225
2.457025
2.525975
3.008600
3.131275
3.463625
3.842700
4.388475
4.671400
4.697700
5.593200
6.401425
6.762225
7.832325
8.708925
8.837525
9.178025
9.197750
9.373300
9.809400
11.175525
12.998400
13.157950
13.369150
13.825425
14.256775
15.504975
15.969925
15.990425
16.005725
16.894200
17.132050
17.207675
18.742700
19.086400
19.199800
19.350400
20.819450
23.691500
23.883575
24.239150
24.294600
24.505925
25.932150
26.340275
26.672025
27.475500
28.500625
30.115725
30.753250
31.901175
31.991300
32.240425
32.528950
32.905400
33.339825
34.224025
35.369475
58
