0.249300
1.512825
2.107175
2.652875
2.714050
4.211300
4.526750
5.102350
5.270775
5.376250
5.886100
6.204475
6.720100
7.196650
7.473100
7.691075
7.935225
8.124625
8.961425
9.839250
10.104775
10.173600
10.274700
10.436000
11.074975
11.088375
11.100025
11.154100
11.862550
11.982325
12.557425
13.555925
13.739325
13.789300
14.738750
17.144575
17.153650
19.227575
19.506175
19.798850
20.668850
21.857725
23.465200
23.948675
24.205100
24.205150
24.252000
24.714925
25.493325
25.931950
26.264100
26.390575
29.842800
30.172575
30.234400
30.283050
30.790650
32.155700
32.183550
32.530000
32.659575
33.281650
33.842125
33.877325
33.877625
34.862475
35.040475
35.117300
35.138300
35.325000
70
