1.326875
1.757125
1.765925
2.683075
3.960250
4.951575
5.905100
6.080350
6.822725
6.907825
7.254550
7.892175
8.226950
9.981500
10.561150
10.737775
10.756050
11.055750
11.156725
11.394600
11.502950
12.146000
12.214350
12.394925
12.694575
12.950475
13.129225
13.172350
13.740675
13.770025
13.798300
13.983200
15.446450
15.740875
15.938100
16.324000
16.881150
19.155475
19.463325
20.125925
20.342925
20.672475
20.982975
21.707875
22.717825
23.822300
24.360800
25.621400
25.741550
26.354500
26.739325
27.629700
27.954025
28.818925
28.938475
29.444025
29.601700
31.972225
32.090425
32.236075
32.864250
33.087850
33.797800
35.229850
35.351200
35.846450
35.977925
67
