0.261675
0.295500
0.396875
0.630550
1.092975
2.690400
4.403025
4.644550
5.106475
5.226850
5.256800
6.186875
7.034525
7.276150
7.601325
8.152300
8.627675
8.879875
10.558025
10.808875
11.215375
11.351700
11.640125
12.982875
13.623275
13.947100
14.660550
14.889425
15.020350
16.026950
16.209700
16.901025
16.993600
17.088050
17.675875
18.022800
18.098100
19.202300
19.233400
19.484775
19.772525
20.007175
20.167675
20.554550
21.870475
22.270100
22.730950
23.213025
23.362075
24.251725
24.785050
25.022875
25.349300
25.853550
28.031400
28.799275
29.244775
29.265450
30.797375
31.486250
31.556050
32.131125
32.230350
32.572550
32.788500
33.058725
33.072900
33.353625
33.878100
34.026650
34.586650
34.916650
72
