6.00457513814
6.01615727978
6.02707731637
6.06476163665
6.081989886
6.09926316987
6.11206268518
6.12858608706
6.13694086373
6.14668431365
6.15670212263
6.16276855678
6.16681929064
6.17975557535
6.22245765457
6.22734507644
6.23198756304
6.31065705938
6.3200706765
6.32374392165
6.33317897343
6.34015489655
6.34567559596
6.36965792875
6.37639934891
6.39744720478
6.4217145208
6.4409179341
6.4595733427
6.47657292526
6.48328548442
6.49868328231
6.51532426186
6.52304151633
6.56458966837
6.5686475215
6.57203784712
6.84332200805
6.87447649099
6.93569376054
6.95115256593
6.98304614836
7.01582987908
7.03228009878
7.08668343839
7.10302364619
7.11376510762
7.13654073036
7.18443264722
7.22303624146
8.0275624491
8.0513547669
8.1304461234
8.13475305342
8.23922115535
8.26022380774
8.28239935246
8.34544594612
8.4355803158
8.44222399553
8.46165212643
8.65907598011
8.70881743066
9.14549859629
9.50026326842
9.8766271332
10.0058688255
10.1265655658
10.2110456189
10.356052632
10.4900250362
10.5485365121
10.6070496209
10.7154196268
10.7451947912
10.7692458293
10.7976809539
10.9543812981
10.9623476744
11.1201203645
11.1383154417
11.2731491153
11.4749888188
11.7645223688
11.8536168574
11.9419166488
12.0341002992
12.1653443711
12.2060969862
12.3211045721
15.7023391609
91
