6.01043588276
6.02683311307
6.0641196577
6.06839786721
6.0860904711
6.09077379571
6.09672466065
6.10438030917
6.14532685977
6.15015662686
6.15518275324
6.16305828084
6.17218277649
6.18563837448
6.19302030846
6.20802261641
6.21938836301
6.23803914859
6.25801073786
6.26548989323
6.28622629946
6.29526984798
6.30215885042
6.30587771578
6.32278480743
6.3517213947
6.36624663526
6.38442184248
6.38935181127
6.40346834454
6.45766444777
6.47802198749
6.49095512054
6.52386257326
6.5489711614
6.56858470422
6.58411356851
6.66318941159
6.68359136796
6.70211986143
6.80293817643
6.87030396254
6.91026329067
6.9355020167
6.96921615869
6.98907837449
7.01654732049
7.05380296911
7.06769596615
7.11198296638
7.14481818847
7.2066506103
7.22851679398
7.60181103245
7.66483326773
7.7071829576
7.74512533828
7.75816830695
7.79675325379
7.83746320494
7.84114043113
8.018941494
8.046186976
8.09839339639
8.15495947811
8.20827939471
8.22976714509
8.51875182288
8.59925402133
9.32200704794
9.58460134796
9.91113824633
9.95868743691
9.98437620804
10.0751587723
10.1892087647
10.2397712715
10.3831036174
10.4984332119
10.579051722
10.6444052649
10.7486531635
10.8156708435
10.8942873837
10.990209061
11.1334309441
11.2353857913
11.2513356417
11.4228080412
11.466106496
11.5702852421
11.5815950812
11.779027811
11.9623449932
12.077933032
12.1783797332
12.2221289747
12.3862548589
12.4078176839
12.462748412
12.6541728103
12.7601787837
13.0253533069
13.1598207008
13.2108296575
13.2570801816
13.5761123872
13.9680528444
14.0698825391
14.1610852991
14.4670705172
14.6799939063
112
