6.00452415537
6.10183410616
6.10737965029
6.12317762082
6.13732624259
6.14955781024
6.22594662872
6.24350767113
6.25239118694
6.26851800345
6.28143883273
6.29501029933
6.31946904248
6.33023933813
6.3382084013
6.34468364674
6.35696676998
6.36668203627
6.37964007611
6.39650808374
6.45305143393
6.48075365065
6.50594668956
6.52239944305
6.53074401395
6.54439066631
6.55584721538
6.58836660474
6.60855532224
6.62089750707
6.64522121252
6.66161483936
7.11908862469
7.14395347384
7.15615917789
7.16643111058
7.18289381962
7.25035946332
7.32089692627
7.35977782664
7.47221378903
7.49454435857
7.57094978723
7.64805945245
7.69811967375
7.74779697364
7.75250417617
7.7866633604
7.83371160301
7.83980557843
7.94656291125
8.01479134547
8.07602164958
8.14125097551
8.14873932367
8.18141468418
8.22744931253
8.24145281872
8.29975966422
8.33788292052
8.41201091771
8.43084604303
8.59840069031
8.665067265
8.69799031988
8.71576946989
8.77116308576
8.84825992116
9.00710282957
9.08405765816
9.19333119092
9.23973442476
9.97043222449
10.1105433211
10.1489407023
10.178801557
10.358063293
10.363770794
16.1863123217
79
