6.00718539189
6.01430829385
6.02104788184
6.02848289917
6.03965816143
6.04905708508
6.06534254467
6.06979500677
6.08034843589
6.10043932418
6.11864288082
6.14127747261
6.14578088709
6.14948594613
6.16072920778
6.18177214555
6.1956986112
6.21355832552
6.2256871161
6.23307875167
6.24123621752
6.28053292265
6.29619018268
6.32184933518
6.34168413516
6.58167855056
6.60102366833
6.68419753707
6.69576072405
6.70826260616
6.73311064481
6.76288890623
6.77827421468
6.79290719452
6.81547677285
6.85729669389
6.88983317955
6.90059973476
6.90407403311
6.91384818303
7.81392166736
7.85110982413
7.90055434456
7.95549961199
8.03228351736
8.07424262734
8.19638242377
8.21560275525
8.22562701164
8.365825883
8.65613316277
8.73057272534
8.75384390701
8.76157560714
8.83547505742
8.92872981412
9.11033384773
9.14891882084
9.21429009091
9.34642199389
9.41423600923
9.47597471211
9.64744677031
9.71395120177
9.73776951393
9.83373442156
9.8922278377
9.93679941434
10.016261628
10.0258014377
10.1350081844
10.3305119569
10.5601562312
10.6863280741
10.7664502805
10.8483251707
10.9241656406
10.9350215447
11.0279345418
11.0760073226
11.1274325655
11.1700297834
11.2832210631
11.348270776
11.3644318882
11.5106139562
11.5591776612
11.5765617967
11.6151624615
11.6471826904
11.8550144762
12.3538566652
12.4911931003
12.8121004593
12.8567226849
13.13081553
13.2078759479
13.2865240245
13.5350947938
13.6882388833
13.8558448319
13.9248733546
14.0290273779
14.3164634513
14.3908109182
14.4657435752
14.7673995208
107
