6.00518979797
6.00969619734
6.01846345781
6.0232190149
6.05820224513
6.06963611993
6.07300643539
6.07963238772
6.084082464
6.09348032406
6.13985082636
6.1854748234
6.19519869533
6.20027980921
6.21679441314
6.24458549943
6.25430210397
6.26616127151
6.27823418571
6.31945085753
6.33959087714
6.36852638419
6.3898271233
6.41722892978
6.43108805139
6.44150343406
6.46916454748
6.4739137782
6.49256015983
6.58006451466
6.58698524003
6.59177415484
6.59738276075
6.60391804714
6.61051402519
6.62718321848
6.64921926603
6.66665619337
6.69326251214
6.70508174082
6.73408117392
6.78003505514
6.81172108721
6.85101056494
6.85496469533
6.90023018024
6.91699100282
6.92698161976
6.95185845532
6.96022599047
6.98885628745
7.00549354956
7.03445519045
7.0794619574
7.09617037658
7.13242142485
7.15384334215
7.17899966772
7.19617372973
7.21378373276
7.23474878038
7.25995810111
7.27962194849
7.47045290785
7.48067621726
7.59422688627
7.63823762644
7.69232178967
7.72849152565
7.77384889856
7.80861128978
7.82882323051
7.86606906875
7.88475608014
7.91167913625
7.93649042817
7.94053029697
8.0250000894
8.05063725386
8.1089886147
8.13136620686
8.18773603716
8.25225259196
8.29152506529
8.31891087859
8.35772553006
8.36987988491
8.41631298503
8.56805208829
8.64386550562
8.70488950532
8.73513880911
8.74427294952
8.82445367877
8.88645771249
8.92365405158
8.98786939814
9.11703674183
9.21590624753
9.25768596805
9.30346307082
9.35815916525
9.63784495652
9.7212607533
9.83048243611
9.90428911928
10.0080989597
10.1369949278
10.2323501698
10.2614253606
10.3004431303
10.3815237658
10.4170146062
10.6718753162
10.8240168033
10.9151947395
11.1046903591
11.2113918099
11.4757900527
11.6016663819
11.6556441259
11.7422408692
12.0828326268
12.1727432971
12.2880413873
12.4208128298
12.708686016
12.8224718585
12.8939660648
13.9833132405
14.1623619794
14.3296577548
14.6109749019
133
