6.00968257171
6.01720618141
6.04054783178
6.04732975045
6.05595085023
6.07342081224
6.20479326509
6.21962235157
6.23513385225
6.24571159251
6.24990332702
6.26160182471
6.27367890631
6.28494880818
6.29917767302
6.30974340627
6.32605674784
6.33549002212
6.36265050629
6.37078278846
6.39557478598
6.40777834339
6.41990906275
6.4342351709
6.45689549068
6.46477787491
6.48607242809
6.49979396396
6.51527722018
6.52777885302
6.54878146436
6.57548682525
6.57952247324
6.59123159242
6.68371623225
6.70227287757
6.74823673611
6.77357633374
6.81201109752
6.81749602969
6.84739354085
6.85356434475
6.88370340635
6.93993594324
6.95340368435
6.97272910826
6.98818504955
7.12365943118
7.28071454647
7.30298657935
31.9035431367
51
