6.00922951067
6.01366020625
6.02263708405
6.03416339625
6.0453500784
6.0551065493
6.06922382365
6.07403847058
6.08050204065
6.08744311603
6.09738927602
6.11688996137
6.12752854729
6.13234320436
6.13971048109
6.16558318399
6.19098489128
6.20232556237
6.20793866362
6.22650098104
6.2565997179
6.26490168255
6.27473770233
6.29230172505
6.31178373548
6.370614113
6.3834133417
6.38750404084
6.39671815174
6.50012432652
6.52093509532
6.53226483459
6.5453056725
6.55246630215
6.56421446812
6.5772168807
6.58181428619
6.59644152386
6.65737672229
6.66113094897
6.66606767919
6.68212689574
6.69941176209
6.71284316459
6.72650796683
6.73192155295
6.74741227507
6.78313006556
6.82798529512
6.83420390039
6.83796164855
6.92403839447
6.93400637193
6.96101876298
6.96654390421
6.9831047172
7.00177794667
7.0369824347
7.0815471453
7.10569881714
7.13675663472
7.18198741154
7.19491984142
7.21135464695
7.23313028895
7.24231484009
7.271391194
7.2989630727
7.34751087978
7.36976013311
7.38516142316
7.43146780026
7.44176964322
7.48227942219
7.53810192698
7.62935600432
7.67762927803
7.72798535515
7.73243575815
7.80941573396
8.22392154236
8.28197858519
11.6615586853
11.8665764828
11.9641388418
12.0205424222
12.0516774728
12.3698095588
12.4436280201
12.4550516955
13.5804059334
13.7544601787
14.6807884415
93
