6.00341297524
6.05834910717
6.06169098447
6.07091012953
6.09182489502
6.09562665884
6.10287327823
6.11658464877
6.13431343437
6.1400745996
6.15404533233
6.16446105516
6.1737523044
6.18980389964
6.21663911704
6.22702632679
6.23391019402
6.24409903098
6.25413456974
6.25821407083
6.27309667985
6.31265442469
6.32502000721
6.3355121325
6.35035031748
6.37321010678
6.39017748934
6.39976367381
6.40762723638
6.4207998708
6.43438405288
6.44361026837
6.56748889115
6.58772169096
6.61286444794
6.63946125429
6.64967723013
6.67577060003
6.6937104786
6.71500663517
6.74046555521
6.7489556988
6.75378078068
6.76794753561
6.78089652236
6.97731138801
6.98941960613
7.0141738618
7.04318326068
7.08058315571
7.20487175927
7.26587845511
7.30599812987
7.32687262041
7.35528903277
7.38829800664
7.39374799369
7.44634311331
7.52728057702
7.54644765038
7.56024274233
7.72551139969
7.75069291465
7.79599694877
7.81322316603
7.8864730325
7.93026632408
7.98344482185
8.06488809379
8.12961695782
8.18323676166
8.22140606696
8.34869616007
8.38148589488
8.41447035044
8.67006823691
8.74255661872
8.78424417385
9.97078483273
9.99730838166
10.0841946044
10.3290085848
10.3355533159
10.440475846
10.6136757782
10.6854887188
10.8422884707
10.9793732303
11.1607341047
11.3317071685
11.4843616298
11.4954711192
11.5926201896
11.7202841785
11.8854201753
12.2275862445
12.3365305786
12.4191480841
12.4783223022
12.5413231642
12.6732171955
12.7314306576
12.9371140309
13.1750996861
13.6435010295
13.7933747722
13.9584099479
14.1089928474
14.2344759382
14.4121874856
15.3055244103
111
