6.00404420758
6.01126370458
6.03967651199
6.22031269715
6.22412873009
6.23222454722
6.23846658461
6.24464086069
6.2613506506
6.27746096273
6.2948063496
6.31340228724
6.32198647034
6.33001111898
6.34323645131
6.35673918051
6.36569911261
6.413770303
6.48114891479
6.49648015947
6.50436980455
6.51950526501
6.5492957635
6.55715429617
6.57897780127
6.58629352864
6.59423214644
6.63958816623
6.64831081218
6.66574717744
6.68242608191
6.7157417061
6.72633048384
6.75229881406
6.78200348184
6.82048957276
6.87213040445
6.90196174337
6.92709941218
6.95373282882
6.96815654536
6.9947760936
7.53655740226
7.56893189486
7.58897878489
7.63434904576
7.67786108191
7.72651540501
7.74715859594
7.75172771018
7.80158897191
7.8278387038
7.86965369102
7.92322588592
7.97298097809
7.99079163634
8.05987427508
8.09168461114
8.14695828696
8.21061077923
8.29943772549
8.80447702817
8.8689893257
8.90080628922
8.99436394331
9.07838870265
9.1095323822
9.32948383647
9.4295703066
9.48447384879
9.63677474175
9.69817147303
9.7324807772
9.79124305983
9.85152318647
11.3853431294
11.5309754948
11.5622402189
11.7488432264
11.810014482
12.0050463611
12.1550360335
12.3186524762
12.493979817
12.5267528565
12.7598635513
12.939549516
13.1417222529
13.1934880277
13.3275376764
13.5860952152
13.7023089147
13.8390771088
13.9354945586
14.4014942172
14.6616659712
96
