6.02215661502
6.03279260447
6.04204455584
6.05273873282
6.06825763402
6.11669106476
6.20082348732
6.20843347265
6.21883960755
6.22375040815
6.23892968245
6.24815056028
6.2678893469
6.27515698057
6.28017047736
6.28694926196
6.31379230404
6.338268603
6.36490939859
6.39296418258
6.41026023908
6.44858660705
6.46687679492
6.47606244171
6.49290549504
6.51547688499
6.52759697725
6.55052080364
6.56554815738
6.58648860794
6.62384108068
6.63151106968
6.64168704193
6.65308921444
6.67477411152
6.69470356354
6.699148451
6.72645424341
6.73446299034
6.74721103128
6.76866613585
6.84649893285
6.86779743742
6.91087622537
6.9286806079
6.94743551305
6.97296186174
6.98947599674
7.0003717394
7.37658781566
7.57142054322
7.68174748285
7.69052287488
7.73629061514
7.79801939762
7.8341329141
7.91800739112
7.96160305315
7.97612639626
8.03282273833
8.05257063252
8.11459673809
8.18924514268
8.25157034191
8.29246302409
8.3362281057
8.37347499006
8.43001613434
8.48781237844
8.50090056777
8.55061225208
8.63334874625
8.6683659119
8.70581694533
8.84086599786
8.86944499934
8.88953742831
8.97936461899
9.01640704088
9.12339381452
9.19703780415
9.3189214708
9.33096167368
9.35295058583
9.41288857431
9.47214568244
9.53323051607
9.57980245807
9.5982345171
9.69831428339
9.83852808298
9.84393226864
9.87057644528
9.9587625704
9.99144341546
10.0100825943
10.1676687825
10.2552305836
10.3023303672
10.3114297691
10.4945820168
10.5769350142
10.5978238854
10.7042176848
10.8140604948
10.9749790175
11.1692080746
11.2051350357
11.3345263749
11.3783703584
11.3913256298
11.5193599915
11.5859271797
11.7531063106
11.788306972
11.9995487724
12.0623932799
12.4898178303
12.5437533186
12.6370195537
12.9214759632
13.2995517084
13.4127496739
15.5089463964
124
