6.00603785581
6.01711064939
6.02109392063
6.03468283821
6.04165123474
6.04845528061
6.05270365811
6.05856171558
6.06870051576
6.08090038426
6.09158475037
6.1137363145
6.12244744358
6.14161630104
6.15604122537
6.16586456323
6.1721482175
6.20263159041
6.21109973469
6.21590716485
6.22899332415
6.23723362838
6.24273849868
6.24774124937
6.26381222442
6.27982458569
6.2863407398
6.29987224022
6.31405124521
6.33963188224
6.34411728915
6.35456277535
6.36001648981
6.36541245822
6.37098162078
6.37907207479
6.38713657002
6.40182753396
6.40752079321
6.42433770281
6.56422057122
6.60059294713
6.61938360371
6.63210386828
6.67370784935
6.7136384561
6.73239891039
6.77551072596
6.7862300129
6.80563700303
6.81367559779
7.09966069621
7.12007501364
7.15082674572
7.16220195374
7.20945003368
7.23378078695
7.27538382182
7.30077799122
7.38358778509
7.39739848487
7.43757662273
7.47288069901
7.55908885833
7.59448743129
7.60084367049
7.6658879829
7.70583179188
7.75049206698
7.81380072995
7.9478281322
7.9751182575
8.09335770691
8.19044079909
8.25864272872
8.31746485773
8.36585995605
8.37431300683
8.55031267074
8.63548814199
8.70215898248
9.0307597691
9.13928860846
9.25044842129
9.2661633779
9.31501016531
9.35878508176
9.39618997855
9.42517781345
9.5298965579
9.61056409838
9.66105859533
9.79624122716
9.87047453549
9.87860974625
9.9177000959
9.97946237688
10.017407772
10.1074192064
10.4015879192
10.4739823784
10.7766783467
11.1595197489
11.2389473682
11.3057837383
11.4259010135
11.7001023157
11.7988994877
11.9647088329
12.164373728
12.5496825431
12.740301976
13.0241397207
13.1666802674
13.3975138546
13.5879461024
13.7915517122
13.898727418
14.3434382884
14.4859459804
14.8935276
121
