6.00626528608
6.01134705362
6.02207013274
6.02742931064
6.03355808461
6.0437574792
6.05982568042
6.06837406648
6.0768722108
6.09113020403
6.10373952456
6.11512024753
6.12321020757
6.13186537306
6.13931280412
6.15696673801
6.16204462765
6.16987933019
6.18567097961
6.20911072893
7.22607224839
7.23935606573
7.25262313734
7.2842800636
7.33014775348
7.86959588568
7.90450367229
7.91785525338
7.94962300686
8.00641044703
8.12543865968
8.14731635658
8.22201497326
8.24834639867
8.36507504133
8.3981522947
8.42909169893
8.43683566399
8.46918730739
8.51116827558
8.54501494189
8.59965980945
8.63134421222
8.67022230591
8.70557781685
8.7280087136
8.73540079037
8.74121149626
8.79422347865
8.82433440737
8.89768171556
9.01414701529
9.06653822863
9.32685735479
9.44165259219
10.5624003904
10.6763407917
10.8592435668
10.8797846541
11.0569354645
11.0762661477
11.1456822157
11.1918096078
11.2462876724
11.3065987391
11.5500080802
11.6070973829
11.7242553116
11.7627525629
11.9068350282
11.9707259133
12.0017581543
12.1750250053
12.6009767698
12.7135119567
13.0039160489
13.3453927245
13.4665656912
13.7671501866
13.8732192749
14.0203421153
14.3874293502
14.5325684961
83
