6.00391870672
6.0104731671
6.0169119549
6.02384295683
6.0296005187
6.03387550837
6.04237188724
6.0506122842
6.05394992993
6.10649343784
6.1203303896
6.13467406644
6.14367907706
6.15111118349
6.15860157565
6.16381530671
6.17337536057
6.19148138306
6.2275888245
6.23162992731
6.24549383905
6.25511995976
6.28113542069
6.29664403671
6.30633191393
6.33403564479
6.36359583824
6.37979731271
6.42844247234
6.44166086779
6.45164360834
6.45863907009
6.47357129962
6.48822666694
6.50696811302
6.52605960939
6.53204523208
6.5609621624
6.78052267575
6.80964996178
6.82235762957
6.85822879028
6.88256578219
6.89730938591
6.90524455449
6.96086245284
6.9879721123
7.00100033601
7.02907599616
7.04517431448
7.10449539199
7.17043366524
7.20717299384
7.22805709116
7.36921017983
7.44660890145
7.47488952436
7.57874586063
7.61767696839
7.66268337524
7.67226724617
7.78019614405
7.80615148764
7.98567234553
7.99410292054
8.03977024982
8.08606881864
8.10118521625
8.17079031638
8.2068347791
8.26852185167
8.32740957185
8.40936078892
8.46783785084
8.50855847935
8.6334093878
9.03958660836
9.11834348856
9.25586743361
9.35536013288
9.46436534861
9.67304623082
9.72416691972
9.97245743494
10.0825753101
10.1962983236
22.6111556759
87
