6.0062726206
6.01415584939
6.01974195372
6.02350713126
6.03151926617
6.0675092362
6.07703393421
6.09341111507
6.11484624576
6.15769897109
6.16703411488
6.17972345847
6.18500791411
6.19765276268
6.20534913002
6.21446045318
6.27128423872
6.28800849983
6.29348176481
6.30533491662
6.31685544121
6.32607499043
6.73813646915
6.755940683
6.76448569989
6.78598529765
6.80120865827
6.81586824782
6.83587806599
6.84588656849
6.8585639985
6.87472552851
6.91198070076
6.93348016411
6.98214621094
7.02539470371
7.06549000594
7.07376010911
7.12534564457
7.16434648485
7.24218477947
7.26722044566
7.30947841938
7.34579417766
7.40860434056
7.42398691213
7.5234790518
7.54748346863
7.58690001863
7.61169067939
7.62689630895
7.73084780783
7.77560603329
7.90411688979
7.92423664836
7.94885858856
8.24392276291
12.4856326547
12.6198102556
12.7971314298
12.8859501837
12.9057678361
12.9208957411
13.4013312936
14.6223930873
65
