6.00520929885
6.01200670229
6.04339787149
6.05878465842
6.07125149784
6.41337058278
6.42242288374
6.43989581754
6.44912418726
6.45942728071
6.46319292344
6.5330112434
6.73850616449
6.74632598064
6.78284347468
6.7878118677
6.82693425493
6.85320256157
6.89347349274
6.90603124234
6.91471162211
6.93116586211
6.95463881719
7.01008802245
7.04485765278
7.06585470102
7.08495059916
7.10937709917
7.11665092658
7.13071103162
7.15841584789
7.16871321391
7.19312874666
7.22285644854
7.23779970537
7.24205223877
7.25600941565
7.29556782618
7.32124046889
7.41518699595
7.46390665002
7.68074804247
7.68784415569
7.84667685779
7.85494959517
7.89787336697
7.91407689642
7.91829636115
7.97959496502
8.09220612737
8.10732497925
8.40850633489
8.47269430065
8.4901487163
8.5208073864
8.61188565723
8.67213862146
8.74076496742
8.80665581392
8.92312956324
8.98908341254
9.03718927504
9.09468016653
9.24343975092
9.30149908864
9.35108906977
9.38792902899
9.50789305731
9.52367200291
9.56342089211
9.58503513934
10.1877916906
10.2316933858
10.3332372736
10.3724825869
10.5338462313
10.5565476018
10.6854077229
10.7083521199
10.8149978028
10.885689559
10.9139407994
11.0129879776
11.026332741
16.4863265398
85
