6.01049659034
6.01959130298
6.02437722209
6.03308907519
6.07312435793
6.08776827304
6.09480415215
6.1033686215
6.10923807427
6.1202875337
6.2232653458
6.28852673883
6.32938051381
6.33790899525
6.35591952287
6.37161308888
6.37948616991
6.40822162163
6.42127991607
6.43381614775
6.45226946843
6.49540916236
6.51119238173
6.51480330751
6.53267924173
6.63904671379
6.6433134235
6.6563182561
6.67940045198
6.70863684321
6.72445665851
6.74276770495
6.79912808098
6.81610090121
6.8433578063
6.85659897871
6.87955559036
6.88496754241
6.8985912967
6.92935270143
6.98177446677
7.33961696028
7.38490385176
7.42738436584
7.62489423649
7.65474824533
7.70300739687
7.75049642195
7.79665450115
7.85816929546
7.96780111479
7.99491351965
8.06381189817
8.14086105502
8.31548850868
8.37601963391
8.42151278553
8.49082405704
8.49592514703
8.74253650367
8.75933130206
8.93496353435
9.01691463429
9.03292886367
9.05274939841
9.18503550199
9.22638331474
9.27070032421
9.49887754668
9.5573131618
9.58259426163
9.67034173598
9.76158743376
9.8753578019
9.9098345193
9.94441259428
9.98122941936
10.09219945
10.1078008488
10.2131917934
10.293433968
10.3433983831
10.4457480757
10.6150990716
10.7037935666
10.7392805384
11.3203914938
11.385047681
11.4589476528
11.6476981248
11.7222148337
11.9517954955
12.0701264541
12.1535591704
12.347126194
12.576677377
12.7048636538
12.8738263657
13.191190596
13.2763002261
13.4343974731
13.5505946864
13.7702744993
14.0543054554
14.0923844451
14.2608051002
14.2928361425
14.3900736518
14.6404498615
109
