6.02173154501
6.02896579776
6.03664718769
6.04238691982
6.04974805127
6.08828866161
6.0928202703
6.14936646735
6.15899478973
6.196485298
6.20562527951
6.22520900332
6.23177344086
6.25703345917
6.26483349829
6.2797706412
6.28997652564
6.29583170773
6.30542652116
6.31258660672
6.31872480542
6.32258222036
6.32698950117
6.33187341575
6.33589241838
6.5244782742
6.53036114848
6.55620609452
6.68717416736
6.70683305479
6.71017277892
6.72202137415
6.76300239084
6.78676824435
6.80962930553
6.85042691306
6.90424140281
6.90844543439
6.94906218404
6.95800045578
6.96872127121
7.02088450485
7.0430992956
7.05556149962
7.11065094485
7.14232542913
7.17593007668
7.20532862765
7.22367713365
7.34162445504
7.3614571641
8.04380183723
8.10360556679
8.19896925822
8.21645655559
8.24316145152
8.76828668144
8.8484515513
8.91196141171
8.97549198017
8.98041297584
9.04771362889
9.14017404101
9.42397660111
11.3520247103
11.4176539831
11.4663228241
11.5499599917
11.743206873
11.9575203898
12.0588263302
12.1187433322
12.1579033592
12.1698124317
12.2396813995
12.3280637613
12.5392849243
12.5510957705
12.7765230181
12.8161523444
13.0512389224
13.2201911468
13.2319001849
14.971714205
84
