6.00333841291
6.00876908402
6.02547359657
6.0499430433
6.05803141128
6.1551496591
6.16538250002
6.17568851902
6.18157708984
6.19366549451
6.20844156475
6.2246748973
6.23648897509
6.24515695113
6.27218254825
6.28070164542
6.29141101859
6.30335625612
6.30866655051
6.34113569252
6.34655339633
6.35521932658
6.36657682246
6.3844045229
6.4011170959
6.40780993036
6.42589278475
6.44173225474
6.45020808777
6.47303784589
6.51120363641
6.53570016126
6.54777107372
6.56710830503
6.57488534538
6.58009153909
6.58993931082
6.59897052519
6.66172506033
6.68612155638
6.81837421432
6.840475212
6.98004434429
6.99249214801
7.01847211987
7.0746684517
7.09928435536
8.43540809457
8.45313584658
8.48361281209
8.50995752012
8.52048140893
8.67967119245
10.1455749541
10.2019338089
10.3335698067
10.3543341896
10.4918505826
10.5516596948
12.8105434307
12.9454639179
13.016035859
13.1049073574
13.134697184
13.4895746049
13.6363886364
13.9362666529
14.3115787873
14.607387091
69
