6.00466819119
6.01028672369
6.02893175658
6.03393517816
6.03746102519
6.04540671408
6.05998514569
6.06846569957
6.07354113602
6.07758290168
6.08851580878
6.09726930579
6.16264004067
6.18243112047
6.18833802886
6.24272179621
6.25035571572
6.29443366169
6.31144419908
6.32633828259
6.33255369556
6.38501139677
6.39622502905
6.40786073945
6.41745056582
6.45622348664
6.47259496153
6.47690939003
6.48834262522
6.50535235943
6.52515974375
6.52915821949
6.54561896657
6.58540211328
6.60019299989
6.61110444504
6.71998063691
6.75004373507
6.7836045647
6.79739335699
6.84480846163
6.86323030267
6.89221603083
6.90560415784
6.93285785167
6.95108575323
6.97066557616
6.9805701055
6.99429930331
7.01397773141
7.05562510045
7.14220377284
7.14636438556
7.19812743499
7.21829714107
7.22201493997
7.24374252826
7.27655591927
7.30188803065
7.37517125075
7.39818980417
7.45895472504
7.47674289709
7.52868598983
7.55558467102
7.57498011615
7.61009453217
7.68273248403
7.73236520885
7.78742604104
7.88068319033
7.89353396521
7.92952052723
7.9804716453
8.09057223387
8.12478550574
8.14808113245
8.20954311109
8.25740159084
8.31170658123
8.34900139215
8.37625407678
8.38135511356
8.51831416524
8.54512789058
8.56380285218
8.59132525213
9.05100136455
9.05625098163
9.14595220011
9.17161781628
14.7745897801
92
