6.02918073365
6.03830846458
6.05910464831
6.0669394706
6.07080474987
6.08386289124
6.10239209837
6.14508307303
6.16187321709
6.1798900279
6.18711416711
6.19974955819
6.21150082512
6.21784386921
6.2309778052
6.23458468194
6.2379196838
6.24667445581
6.25472381144
6.28230902876
6.28869239961
6.31499975706
6.32968119634
6.34464635901
6.38439436093
6.40849675418
6.41600592719
6.42660227144
6.43133278004
6.43657484317
6.44569148871
6.4650669161
6.47721908573
6.48972382876
6.50183638474
6.54012862718
6.55815715748
6.5761087627
6.60347004074
6.62176988087
6.63373868799
6.64138425098
6.71005840449
6.73121800516
6.75032527173
7.35775447476
20.1188378918
47
