6.01471594544
6.01960805984
6.06497242549
6.07486186947
6.15936706118
6.16420100405
6.18528572926
6.19278288318
6.20238822283
6.20710101188
6.22061455086
6.22509057819
6.23594386041
6.24122925181
6.24951738126
6.28350388687
6.29627834846
6.30784420253
6.31621269093
7.78391254276
7.88054586802
7.98769179984
8.00502909429
8.02870452456
8.07700823851
8.11143692336
8.14096605072
8.15788132208
8.18123603696
8.25346503461
8.29650824105
8.32758925425
8.64804158466
9.08621234782
9.16942196369
9.2131390255
9.25414968135
9.33612019396
9.34669934303
9.40486510539
9.46173249386
9.54520255865
9.84995452856
10.079419317
10.5090534715
10.7041645661
10.9554742391
11.0294351745
11.1498290647
11.2450439023
11.4891967818
11.6213217359
11.6324673475
11.7815938155
11.8269863203
11.8948276227
13.331487959
13.4802714226
13.7066642487
13.7243414214
13.8550505215
14.0277191696
14.2984769326
14.6271302724
64
