6.00757356773
6.01419299902
6.02479186768
6.04095309488
6.04703629391
6.05354209933
6.06347298333
6.07205727432
6.10667153297
6.11331091522
6.12210547684
6.12926570929
6.13633158746
6.1428531556
6.15220811975
6.16421049099
6.16885983566
6.18350008424
6.18896547575
6.19260634678
6.20326559122
6.21216539393
6.22748299025
6.23736531013
6.24435297476
6.25077035724
6.30271751941
6.31087671753
6.32427671251
6.32864155294
6.34369279212
6.35097043269
6.40200116761
6.40662554607
6.41173253362
6.44212346534
6.45002729269
6.46433247205
6.49358132804
6.51811456805
6.54084319542
6.56149589661
6.58385323533
6.73103942879
6.73717268272
6.78430333471
6.80238936132
6.83520830237
6.8389552267
6.86839564994
9.10321532488
9.10852819057
9.13960244465
9.30010337393
9.37285313704
9.41326082548
9.42963137812
9.50444781143
9.55406731374
9.60434510214
9.68203794929
9.7121011111
9.77708409644
9.78300995968
9.83940128149
9.86510357635
9.88609500928
9.94444844506
10.2726461849
10.2976600985
11.4787803197
11.602618851
11.6138630377
12.02235852
12.0841174703
12.0996164391
12.4718367966
12.5708940891
12.6486301163
12.9169426535
12.963941241
13.1621569308
14.106726939
14.3245687119
14.6107539688
85
