6.01352056239
6.03591421216
6.04462474862
6.05228065002
6.05678875067
6.06145371685
6.0733678637
6.08450069361
6.11212591488
6.11565293882
6.12081853678
6.14172270578
6.15018051691
6.1596266324
6.16339586953
6.17906794847
6.18396001272
6.19200173005
6.20390075544
6.22370302703
6.23345909357
6.24472966877
6.25638536023
6.26854690659
6.3237956333
6.34265532112
6.67171269829
6.68788021992
6.71614800899
6.83610344707
6.84772285601
6.85497507482
6.87218250053
6.87996623331
6.88442243189
6.89540937818
6.92337355707
6.94556706112
6.96397212718
6.98475316349
7.05300723889
7.07497261732
7.11797094982
7.13268773985
7.14852253146
7.21504581078
7.2639860932
7.30666759928
8.0128654693
8.05300705181
8.09735273883
8.12932750338
8.17350185966
8.22253749964
8.25510347603
8.30885758353
8.34987322582
8.45151654432
8.54731069167
8.55287205543
8.6646144614
8.76228282802
8.80219993035
8.97759190838
9.00274436465
9.07641930692
9.11805237347
9.18627178092
9.21722292389
9.26743675974
9.35081867729
9.44125364889
9.4774411101
9.55657584511
9.63280568642
9.63970384751
9.67862164813
9.77010471072
9.85806147774
9.88563034936
9.90047744011
10.0403629716
10.1048850972
10.2933696645
10.3935537065
10.440778487
10.5781633594
10.6606940253
10.7662500837
10.9215680933
11.0825097223
11.1584646961
11.2944879279
25.4188171313
94
