6.01078981504
6.01837396443
6.02360270551
6.04346924578
6.05191961838
6.06423053089
6.06989566695
6.07834852292
6.09239767419
6.09937380508
6.11055968913
6.16252234315
6.16791111067
6.18213263466
6.18986729057
6.20847599978
6.22122075668
6.2289381735
6.24370824315
6.2557127185
6.26279860696
6.27768580459
6.31339470071
6.35193184295
6.35835971983
6.3736900401
6.39374569745
6.40389594077
6.41155728886
6.43532230208
6.44651740315
6.47497718199
6.49059418519
6.50638039162
6.52408617386
6.5355766559
6.55626875951
6.56542100263
6.58096945351
6.60358532123
6.61611237844
6.63088496951
6.64527058686
6.65004327583
6.68186085842
6.70670627077
6.76178162365
6.7809992112
6.80969248937
6.82111925553
6.83115871023
6.84464107854
6.8588960632
6.86644859172
6.8873808193
6.89351090985
6.92874585871
6.9502995733
6.97491178218
7.06363068452
7.0845569463
7.10922962443
7.177155339
7.22343432212
7.23353200944
7.32320531782
7.33694226364
7.38268610802
7.41420970456
7.43224577502
7.44320058633
7.49090895771
7.76060830169
7.78022338005
7.81415637485
7.81916161421
7.87929959716
7.92458034339
8.00719866696
8.05519119855
8.06377264876
8.13235045388
8.13589439384
8.16758805451
8.23344102195
8.25050032216
8.34694051314
8.4542020727
8.46675704626
8.53519081159
8.55938393824
8.63010100278
8.68073857395
8.6907550405
8.69481291784
8.76233330257
8.77186321531
8.81297831356
8.91348105134
8.95499462799
9.00317193589
9.14369120607
9.23981488134
9.24927371596
11.2491184311
11.388370939
11.6315186185
12.966392749
13.1004903017
13.6621565175
13.8848818586
14.0473990526
14.2440403704
14.6487938018
114
