6.01096028015
6.01888312778
6.0234571518
6.04942875978
6.0596246615
6.06914056523
6.07965335136
6.09215248587
6.09660150822
6.14244153681
6.15096346192
6.17089740992
6.17801100297
6.18637950895
6.19026041597
6.20047723108
6.21774613935
6.22820557628
6.23440550691
6.24557393905
6.25898249376
6.28724697455
6.29700169245
6.30103627594
6.31538629686
6.35531006994
6.36228424668
6.37395877661
6.39045807831
6.40235718038
6.41266701039
6.42749786729
6.46255915102
6.47624503795
6.48547107644
6.49266312258
7.3495071789
7.36611576088
7.39818798142
7.43592072878
7.47409304934
7.50450426424
7.54176920507
7.55596624506
7.56201777747
7.6156192046
7.63239032137
7.66340051682
7.68594001797
7.71396735084
7.75734406732
7.78032082454
7.86231456238
7.88332620359
7.92161633326
7.95482810621
8.03834626774
8.10166115362
8.17906529849
8.2141301799
8.243012956
8.32941179812
9.50333898497
9.55637622251
9.60776807491
9.67278383678
9.8012145341
9.85131879985
10.341001616
10.404260208
10.4414476699
10.500120877
10.6391150908
12.2081253323
12.4218146518
27.7945985562
76
