6.00441586611
6.00827226464
6.01819384921
6.0216706525
6.04366827761
6.05752691032
6.06322300296
6.06698083871
6.07161511405
6.08972197163
6.10567635297
6.11823245578
6.12163344797
6.13685929728
6.14207286613
6.24351242787
6.2648776009
6.28797438609
6.30710665707
6.31473320734
6.32260052791
6.32631516219
6.33331655253
6.34984713905
6.35410759825
6.48647723653
6.5111461006
6.53555563087
6.55495971483
6.63009078348
6.77674712285
6.79001088395
6.79443519226
6.86372875347
6.89443112469
6.90397030954
6.91088870847
6.93714058364
6.95677376282
6.97024271912
6.9897958642
7.04629842246
7.1253677724
7.17462612331
7.25867920503
7.35716602234
7.37568925349
7.43428333812
7.44457078999
7.56456883017
7.58369647114
7.60018940205
7.62213185424
7.66196293813
7.70506229241
7.73419589671
7.79780314334
7.82861884043
7.84664262134
7.85386208095
7.90059355205
7.93513914649
7.96912893714
8.00730853317
8.02446354078
8.08376144959
8.1210502165
8.13412462635
8.17275004038
8.19865274854
8.852247002
8.90694513574
8.94317669909
9.07416901507
9.17004200548
9.23042843349
9.27940509599
9.3782728147
9.55668258891
9.62417079107
9.73009385121
9.78749475225
9.80028433132
9.80915375987
9.84535008726
9.95145605291
9.97982566044
10.2017704248
10.2492039873
10.3158501534
10.34956522
10.3971463283
10.5817352862
10.6625347388
10.7329612882
10.9068170902
11.0245180704
11.045714441
11.106102073
11.1520440212
11.3061535228
11.5833600496
11.6372519615
11.6992424189
11.7090814553
11.890036337
12.0893443805
12.215984045
12.30492217
12.3454612698
12.373241351
12.5419928743
12.6713673847
12.7506721436
12.8498530417
12.9835091481
13.0866014245
13.8488914496
13.934847045
14.6804980223
120
