$ Stimulation Interval(ms): 1200
$ Delay(ms): 0.000000
$ Number of data : 1051
$ TSTOP : 12010
$ PN stimulation current max : 0
$ LN stimulation current max : 0
6.97500
19.22500
30.80000
45.65000
56.22500
63.82500
69.17500
77.87500
83.82500
91.37500
98.32500
108.00000
115.30000
125.02500
129.57500
144.82500
152.90000
162.17500
170.72500
179.40000
186.62500
198.85000
213.20000
225.50000
234.45000
239.57500
252.20000
261.17500
266.25000
276.72500
288.42500
299.37500
310.32500
324.50000
336.57500
354.47500
362.50000
374.35000
389.67500
403.62500
410.07500
422.57500
430.47500
436.62500
441.90000
462.02500
473.62500
480.02500
491.30000
502.90000
515.20000
525.57500
534.15000
542.15000
552.20000
560.37500
574.22500
586.07500
600.92500
614.30000
623.27500
633.87500
645.12500
656.67500
670.37500
685.20000
700.80000
714.12500
722.15000
738.47500
746.92500
754.37500
760.72500
769.05000
778.07500
788.50000
797.42500
808.02500
824.05000
836.67500
855.15000
874.85000
888.17500
903.60000
918.92500
938.77500
955.85000
969.10000
984.35000
998.70000
1012.15000
1025.75000
1040.95000
1052.75000
1059.20000
1066.85000
1079.67500
1090.35000
1103.12500
1109.97500
1115.22500
1128.05000
1148.62500
1155.00000
1161.42500
1171.72500
1186.30000
1207.15000
1218.77500
1230.32500
1243.05000
1250.87500
1260.60000
1271.90000
1281.82500
1294.15000
1304.92500
1312.30000
1320.47500
1338.77500
1348.30000
1360.90000
1369.57500
1383.67500
1393.15000
1411.05000
1420.25000
1431.00000
1441.00000
1453.15000
1463.00000
1470.20000
1478.27500
1489.45000
1497.62500
1505.32500
1512.97500
1521.25000
1530.62500
1544.27500
1558.10000
1571.67500
1581.47500
1589.02500
1605.97500
1615.92500
1631.05000
1641.85000
1654.32500
1663.75000
1669.15000
1678.25000
1683.77500
1690.57500
1699.97500
1707.35000
1714.45000
1727.10000
1733.57500
1743.30000
1750.75000
1765.72500
1772.40000
1785.90000
1803.97500
1818.05000
1825.42500
1842.27500
1854.45000
1867.75000
1879.32500
1885.67500
1896.45000
1906.77500
1915.00000
1932.72500
1947.67500
1958.85000
1972.17500
1992.00000
2004.02500
2025.90000
2043.50000
2060.42500
2075.70000
2084.47500
2099.25000
2104.60000
2116.90000
2152.62500
2165.77500
2177.77500
2192.80000
2208.35000
2226.35000
2234.85000
2242.67500
2248.92500
2261.55000
2275.85000
2285.80000
2302.10000
2317.20000
2324.70000
2333.65000
2347.57500
2356.90000
2368.12500
2376.77500
2391.25000
2402.65000
2407.55000
2418.92500
2427.97500
2434.12500
2446.20000
2459.65000
2472.10000
2482.85000
2489.52500
2497.20000
2507.92500
2515.67500
2523.22500
2528.57500
2539.87500
2550.97500
2572.60000
2581.50000
2594.65000
2603.02500
2612.15000
2626.60000
2632.52500
2647.02500
2656.15000
2668.77500
2677.50000
2690.72500
2698.62500
2715.00000
2726.75000
2734.70000
2745.72500
2753.20000
2764.07500
2780.15000
2794.07500
2809.32500
2820.57500
2829.55000
2837.37500
2853.92500
2870.37500
2881.27500
2889.90000
2912.90000
2927.10000
2955.97500
2974.45000
2996.82500
3025.57500
3037.27500
3050.60000
3067.20000
3072.55000
3082.97500
3095.42500
3108.37500
3127.12500
3136.67500
3144.67500
3158.52500
3171.47500
3176.97500
3201.97500
3212.30000
3226.85000
3254.50000
3265.82500
3320.27500
3339.52500
3354.45000
3373.35000
3396.52500
3414.32500
3421.85000
3428.27500
3439.77500
3449.62500
3456.55000
3462.45000
3475.20000
3496.57500
3512.87500
3525.32500
3532.87500
3542.95000
3548.35000
3556.65000
3563.82500
3568.87500
3580.30000
3588.67500
3594.75000
3601.80000
3610.47500
3618.00000
3625.17500
3631.77500
3638.85000
3651.80000
3656.57500
3666.50000
3671.32500
3680.40000
3687.30000
3702.75000
3716.92500
3730.52500
3743.60000
3753.60000
3758.87500
3766.87500
3779.25000
3784.15000
3791.25000
3797.82500
3806.17500
3818.80000
3824.87500
3833.42500
3838.20000
3843.87500
3851.90000
3858.12500
3868.07500
3876.77500
3885.57500
3898.52500
3912.55000
3918.80000
3933.70000
3948.52500
3961.50000
3975.22500
3981.80000
3991.27500
3999.35000
4008.70000
4021.72500
4036.67500
4047.57500
4058.57500
4064.60000
4079.17500
4095.10000
4107.57500
4115.27500
4126.12500
4143.35000
4152.00000
4162.87500
4176.67500
4187.40000
4197.05000
4203.82500
4214.62500
4227.67500
4244.17500
4260.47500
4274.45000
4284.12500
4302.45000
4310.60000
4318.57500
4330.20000
4340.65000
4362.27500
4382.02500
4393.95000
4399.75000
4407.75000
4416.72500
4425.97500
4442.15000
4455.55000
4465.42500
4474.87500
4491.20000
4502.65000
4511.52500
4518.72500
4530.42500
4539.15000
4552.40000
4567.72500
4579.37500
4590.70000
4614.40000
4627.17500
4647.42500
4676.25000
4690.32500
4698.22500
4711.47500
4729.22500
4744.37500
4753.35000
4760.42500
4772.05000
4788.77500
4807.97500
4820.22500
4830.62500
4843.50000
4855.77500
4863.77500
4874.00000
4882.70000
4891.30000
4904.35000
4909.10000
4919.95000
4932.45000
4940.37500
4948.62500
4955.35000
4960.97500
4968.72500
4978.25000
4988.30000
4995.62500
5005.05000
5014.75000
5034.82500
5044.97500
5051.60000
5062.62500
5071.17500
5077.27500
5087.10000
5093.47500
5108.52500
5120.07500
5125.22500
5137.47500
5147.42500
5154.67500
5164.70000
5174.35000
5184.92500
5200.07500
5216.57500
5228.67500
5244.65000
5255.42500
5269.57500
5279.77500
5285.30000
5297.30000
5310.00000
5321.80000
5329.20000
5340.10000
5352.40000
5362.25000
5376.82500
5396.47500
5425.00000
5442.02500
5456.45000
5466.60000
5478.85000
5497.22500
5508.00000
5518.97500
5526.47500
5533.95000
5552.07500
5570.22500
5578.55000
5595.82500
5608.35000
5622.25000
5628.65000
5645.00000
5666.67500
5677.85000
5685.12500
5695.62500
5710.30000
5721.12500
5753.12500
5763.72500
5771.90000
5782.37500
5794.55000
5809.72500
5815.52500
5829.55000
5842.05000
5858.47500
5872.95000
5888.25000
5899.62500
5910.02500
5925.50000
5931.12500
5946.12500
5964.82500
5988.82500
6002.57500
6007.82500
6018.40000
6027.17500
6034.75000
6042.12500
6051.27500
6062.47500
6074.75000
6080.62500
6088.27500
6095.02500
6106.72500
6117.90000
6126.22500
6139.50000
6144.10000
6158.37500
6171.80000
6184.62500
6197.40000
6213.05000
6228.92500
6242.80000
6248.22500
6271.00000
6282.22500
6292.77500
6300.90000
6311.17500
6319.05000
6326.42500
6338.22500
6349.05000
6364.35000
6371.77500
6379.85000
6388.47500
6402.67500
6423.90000
6430.52500
6438.50000
6448.67500
6456.90000
6466.15000
6481.60000
6487.72500
6498.97500
6510.47500
6525.50000
6532.30000
6543.07500
6556.87500
6562.87500
6568.70000
6575.70000
6601.50000
6611.42500
6620.85000
6634.97500
6651.85000
6663.02500
6675.70000
6686.70000
6693.47500
6706.47500
6714.35000
6722.00000
6731.87500
6741.45000
6750.45000
6764.02500
6775.82500
6790.70000
6803.35000
6820.77500
6839.15000
6846.65000
6864.25000
6885.45000
6895.60000
6903.25000
6910.40000
6923.02500
6940.80000
6954.67500
6977.65000
6984.22500
7001.57500
7013.80000
7030.42500
7043.00000
7061.10000
7077.47500
7094.15000
7114.65000
7129.12500
7149.60000
7163.67500
7176.00000
7186.05000
7200.60000
7208.35000
7219.45000
7228.05000
7235.80000
7240.97500
7250.30000
7257.62500
7268.10000
7279.47500
7285.82500
7292.75000
7300.02500
7305.70000
7311.22500
7322.12500
7329.37500
7336.05000
7344.05000
7355.55000
7367.00000
7379.40000
7387.10000
7392.35000
7403.75000
7411.90000
7418.77500
7427.77500
7437.42500
7442.45000
7453.47500
7460.92500
7472.82500
7478.85000
7490.82500
7499.25000
7507.17500
7516.55000
7525.65000
7537.82500
7546.45000
7552.05000
7562.60000
7569.12500
7576.57500
7598.55000
7608.07500
7615.32500
7626.95000
7635.65000
7644.17500
7650.02500
7658.30000
7668.27500
7677.07500
7687.02500
7696.40000
7703.32500
7710.32500
7725.65000
7738.45000
7751.72500
7768.17500
7783.15000
7789.22500
7796.22500
7802.32500
7807.72500
7818.45000
7827.20000
7833.22500
7839.95000
7848.87500
7861.50000
7870.57500
7877.40000
7893.32500
7900.95000
7914.50000
7927.87500
7937.87500
7950.15000
7957.15000
7974.80000
7993.70000
8007.22500
8022.02500
8038.35000
8045.95000
8057.97500
8066.02500
8081.47500
8092.52500
8102.40000
8109.52500
8117.12500
8125.00000
8135.05000
8150.50000
8160.55000
8171.15000
8178.72500
8186.45000
8212.72500
8236.30000
8276.20000
8288.37500
8300.07500
8320.70000
8337.47500
8354.67500
8372.77500
8391.80000
8406.57500
8419.17500
8426.17500
8431.72500
8438.57500
8446.32500
8450.50000
8458.02500
8466.80000
8473.92500
8484.02500
8490.85000
8504.77500
8514.52500
8524.97500
8531.40000
8536.52500
8547.52500
8554.07500
8566.12500
8579.90000
8589.20000
8599.00000
8616.07500
8623.92500
8637.45000
8646.37500
8655.30000
8662.22500
8668.55000
8682.30000
8694.82500
8701.00000
8708.82500
8717.80000
8725.95000
8734.35000
8744.87500
8753.82500
8762.35000
8769.52500
8778.92500
8788.95000
8799.85000
8811.02500
8824.02500
8845.12500
8850.72500
8865.07500
8877.30000
8883.85000
8890.60000
8898.57500
8909.87500
8925.92500
8930.85000
8951.10000
8958.40000
8964.92500
8974.15000
8986.32500
9000.75000
9014.10000
9021.92500
9027.50000
9033.17500
9041.67500
9048.67500
9059.77500
9077.17500
9089.35000
9098.52500
9111.95000
9143.87500
9154.52500
9168.20000
9185.75000
9193.95000
9200.82500
9208.05000
9216.45000
9223.82500
9235.82500
9243.12500
9259.17500
9278.85000
9292.20000
9310.10000
9320.25000
9332.12500
9348.15000
9355.90000
9371.80000
9391.40000
9410.05000
9426.10000
9433.40000
9445.35000
9456.45000
9466.97500
9474.65000
9493.05000
9500.45000
9512.50000
9525.97500
9540.95000
9549.12500
9557.70000
9570.47500
9577.57500
9586.77500
9597.32500
9607.20000
9620.30000
9628.40000
9640.45000
9645.50000
9655.65000
9660.22500
9671.17500
9681.20000
9688.85000
9697.37500
9706.35000
9717.87500
9724.52500
9731.30000
9740.95000
9747.50000
9755.52500
9766.50000
9775.80000
9780.75000
9790.40000
9802.97500
9816.67500
9829.07500
9847.45000
9858.10000
9866.07500
9876.17500
9883.82500
9897.32500
9905.20000
9915.05000
9922.57500
9938.67500
9952.12500
9963.20000
9969.87500
9985.05000
9993.00000
10002.90000
10009.85000
10024.17500
10031.17500
10041.75000
10051.67500
10067.57500
10078.57500
10091.92500
10098.42500
10108.85000
10122.05000
10135.55000
10150.72500
10170.02500
10180.77500
10196.32500
10210.75000
10219.55000
10227.52500
10236.62500
10251.75000
10265.40000
10277.90000
10290.27500
10298.52500
10308.17500
10314.02500
10322.37500
10333.35000
10344.85000
10351.85000
10364.82500
10377.57500
10383.37500
10396.42500
10407.30000
10415.70000
10424.52500
10444.72500
10467.25000
10476.32500
10490.30000
10505.45000
10520.90000
10536.97500
10550.82500
10564.82500
10582.90000
10593.00000
10611.55000
10621.25000
10645.62500
10666.02500
10673.55000
10689.92500
10696.47500
10710.45000
10717.37500
10727.97500
10735.00000
10745.47500
10754.67500
10760.57500
10768.32500
10784.47500
10803.50000
10809.07500
10819.70000
10826.12500
10831.80000
10841.10000
10853.50000
10863.40000
10875.17500
10881.95000
10888.17500
10897.95000
10905.70000
10911.22500
10922.70000
10930.22500
10939.15000
10944.97500
10954.80000
10959.62500
10969.72500
10979.47500
10984.97500
10994.45000
11005.15000
11014.90000
11024.82500
11035.22500
11049.42500
11056.50000
11064.37500
11075.65000
11081.25000
11090.37500
11104.30000
11119.15000
11128.10000
11135.22500
11148.67500
11160.50000
11169.47500
11187.40000
11194.52500
11199.40000
11208.35000
11216.70000
11229.90000
11242.95000
11251.27500
11257.62500
11271.32500
11288.72500
11296.80000
11307.67500
11318.07500
11342.87500
11354.22500
11364.45000
11370.25000
11379.95000
11388.75000
11403.17500
11419.85000
11430.30000
11441.40000
11450.70000
11461.55000
11474.65000
11496.87500
11517.07500
11527.02500
11547.17500
11557.17500
11572.15000
11585.37500
11599.10000
11609.35000
11618.82500
11633.42500
11656.47500
11673.15000
11695.85000
11711.95000
11722.57500
11732.75000
11743.82500
11754.97500
11762.75000
11780.37500
11787.75000
11801.95000
11819.37500
11833.77500
11843.72500
11855.15000
11861.97500
11883.02500
11903.52500
11912.90000
11923.47500
11931.10000
11943.37500
11955.85000
11965.05000
11977.32500
11990.30000
11999.40000

