0.183425
0.233125
0.235525
0.252550
0.274100
0.274850
0.291150
0.308250
0.315000
0.350000
0.394950
0.416125
0.419125
0.475850
0.512500
0.577375
0.806825
1.080000
1.335600
1.380450
1.527750
1.584675
1.672650
1.726475
1.942825
1.958500
1.988575
2.207875
2.251350
2.373875
2.423975
2.711075
2.755050
2.786375
3.107975
3.114775
3.230650
4.126350
4.420025
4.439800
4.578500
4.966075
4.984025
5.047525
6.025700
7.045950
7.276825
7.424525
7.727150
8.201950
8.216100
8.533500
9.338525
9.341325
9.347225
9.491875
9.968625
57
