0.177300
0.224475
0.229350
0.241225
0.249325
0.269125
0.282400
0.300575
0.315425
0.341700
0.344500
0.345825
0.364550
0.471125
0.484925
0.487725
0.577300
0.577550
0.584250
0.780275
0.814025
1.054725
1.138050
1.149125
1.240725
1.352925
1.474200
1.493875
1.569775
2.167150
2.339250
2.364100
2.367350
2.576125
2.620600
2.636000
2.809925
2.895175
2.975025
3.096675
3.246575
3.505350
3.521025
3.541425
3.551625
3.832400
3.931050
4.283225
4.529625
4.606375
4.976375
5.035800
5.054025
5.061275
5.080600
5.382575
5.911150
6.108800
6.146975
6.283500
6.445275
6.563600
6.705825
6.724150
7.018825
7.057175
7.064400
7.133175
7.692925
8.362725
9.083275
9.163500
72
