0.230725
0.241450
0.244200
0.247225
0.253600
0.256125
0.277675
0.308275
0.330950
0.356575
0.358075
0.388425
0.393575
0.437650
0.474575
0.489200
0.511075
0.555525
0.665150
0.741550
0.760100
0.958725
1.076800
1.232050
1.341800
1.499075
1.504650
1.578100
1.779550
1.935200
2.031150
2.424275
2.636850
2.650375
2.697075
2.712275
2.753175
2.811700
3.433850
3.472750
3.981675
4.078600
4.224825
4.542875
4.677475
4.903900
5.224750
5.301650
5.372875
5.683150
5.822625
6.106700
6.157150
6.545600
6.678825
6.760975
7.232025
7.306400
7.474800
7.480250
7.504400
7.507675
7.819300
9.101425
9.130100
9.642100
9.936025
67
