0.187275
0.216650
0.221200
0.221275
0.243650
0.245175
0.257275
0.269575
0.275050
0.283875
0.298550
0.315000
0.400850
0.470125
0.525175
0.536900
0.650625
0.758000
0.865150
0.940600
1.120525
1.159425
1.308000
1.507525
1.669250
2.002825
2.544750
2.570675
2.619725
2.634700
2.695325
2.838325
3.054200
3.186250
3.585775
3.760575
3.899600
3.929750
3.931800
3.943300
4.006650
4.155575
4.296750
4.321225
4.452675
4.477300
4.483525
4.511450
4.539800
4.726575
4.919625
5.058800
5.229250
5.274025
5.342825
5.390900
5.427825
5.922525
6.037375
6.178750
6.186500
6.472875
6.737450
7.164150
7.534250
7.953700
8.178725
8.905025
9.074000
9.163850
9.303475
9.553600
9.637925
73
