0.244750
0.257400
0.264050
0.264125
0.269775
0.279975
0.287650
0.338000
0.380550
0.389000
0.434525
0.466400
0.499050
0.516250
0.523850
0.603125
0.611700
0.700825
0.804175
1.043550
1.166650
1.192325
1.460250
1.492100
1.535400
1.539675
1.651400
1.857100
1.961000
2.017800
2.068800
2.085050
2.247000
2.374825
2.569200
2.582225
2.751825
2.925900
3.021825
3.057875
3.076975
3.184850
3.491925
3.524225
3.627350
4.177000
4.238800
4.352250
4.398700
4.444425
5.502250
5.533800
6.142050
6.364525
6.798525
7.094800
7.332500
7.413800
7.547625
7.954975
8.538250
8.717525
8.733500
8.753650
9.565725
9.618975
66
