0.202750
0.215250
0.226575
0.227125
0.233800
0.253725
0.263050
0.276150
0.312750
0.324025
0.337525
0.351175
0.379500
0.422975
0.618350
0.649450
0.691500
0.817300
0.851700
1.014225
1.072500
1.168825
1.257825
1.352575
1.379525
1.674275
1.755000
1.889200
2.142375
2.218725
2.291550
2.342750
2.480550
2.541350
2.550125
2.745175
2.873200
2.980400
3.076350
3.083850
3.260650
3.374825
3.571225
3.871475
3.897425
4.222525
4.228950
4.866475
4.912575
4.958450
4.991475
4.993625
5.335000
5.515000
5.805200
5.835275
5.972550
6.280250
6.297000
6.514025
6.529200
6.591000
6.955875
6.999375
7.104025
7.241250
7.262100
7.638950
8.384200
9.180650
9.427850
9.438900
72
