0.175850
0.204125
0.238225
0.269175
0.275050
0.286950
0.290150
0.298450
0.330650
0.344050
0.354875
0.362275
0.424375
0.466375
0.508225
0.556925
0.623225
0.701350
0.777800
0.799550
0.963575
1.034225
1.434300
1.699250
1.721650
1.756100
1.850950
1.923000
2.004200
2.174575
2.337400
2.842875
2.864700
2.922150
3.086875
3.142025
3.240275
3.393275
3.458800
3.524525
3.532650
3.670400
4.589800
5.135875
5.173025
5.325200
5.380950
5.895400
5.981125
6.450350
6.475600
6.625025
6.948450
7.027650
8.859350
9.278500
9.598275
57
