0.167750
0.169600
0.170500
0.205725
0.222225
0.222275
0.229000
0.241475
0.246800
0.257650
0.270350
0.298275
0.298925
0.358975
0.382450
0.388400
0.400850
0.431000
0.545825
0.801075
0.952200
1.187475
1.209225
1.245600
1.343425
1.778750
1.840750
1.846000
1.854950
2.197325
2.237525
2.255900
2.399475
2.494575
2.768225
2.871800
3.148525
3.218475
3.537700
3.709600
3.878525
4.789625
4.862700
4.921925
5.094325
5.355375
5.715450
5.907900
6.086650
6.113300
6.125425
6.821425
7.915000
7.945450
7.983800
8.079075
8.351900
8.727175
9.557975
9.999650
60
