0.232150
0.233850
0.239825
0.265725
0.281825
0.307125
0.308425
0.331250
0.341575
0.357450
0.454475
0.490600
0.494875
0.550950
0.578700
0.615350
0.722600
0.872300
0.884575
0.959825
1.198100
1.524525
1.961050
2.352925
2.439500
2.645300
2.702475
2.748250
2.770550
2.871475
3.139650
3.228250
3.401900
3.415900
3.570375
3.754050
3.771450
3.865150
4.647100
5.079225
5.481625
5.580800
5.950300
6.168775
6.286575
6.441000
6.466375
6.854800
6.973325
6.978450
7.127900
7.314450
7.609450
7.889075
8.064400
8.116575
8.322950
8.397900
8.651300
8.887775
8.922150
8.998575
9.143225
9.536200
64
