0.166875
0.178850
0.198250
0.207900
0.221100
0.224875
0.279825
0.291450
0.310325
0.314325
0.323625
0.330425
0.358800
0.365375
0.410550
0.523550
0.589525
0.630500
0.730400
0.842200
0.990475
1.069700
1.189800
1.229700
1.326250
1.404225
1.433575
1.502850
1.695250
1.870900
2.060675
2.122000
2.159825
2.176675
2.517075
2.531550
2.532450
2.824350
2.899675
3.188700
3.217975
3.257625
3.599075
3.714525
3.918625
4.089400
4.186400
4.535300
4.926625
4.934925
5.135650
5.504725
6.049375
6.117625
6.427675
6.639375
6.671150
6.950775
7.224925
7.768250
8.005025
8.314000
8.876150
9.056750
9.248125
9.483550
9.823100
9.912675
68
