0.172900
0.248050
0.266700
0.275725
0.290300
0.308725
0.333250
0.344375
0.349850
0.351400
0.371075
0.404250
0.406925
0.454425
0.584825
0.625725
0.677075
0.706000
0.826825
0.827825
0.838825
0.902250
0.947650
1.089875
1.184500
1.523050
1.566750
2.155775
2.415075
2.536800
2.767125
3.144350
3.149300
3.220075
3.238250
3.311200
3.315300
3.973100
4.186050
4.198125
4.423775
4.864150
4.905325
5.147125
5.184975
5.286475
5.385500
5.561225
5.595975
6.244400
6.673525
6.855500
6.862300
7.520500
8.118275
8.118975
8.315000
8.693925
9.291550
9.394150
9.959900
9.960625
62
