0.095550
0.154950
0.182350
0.202550
0.205000
0.213050
0.225725
0.262925
0.264925
0.265825
0.266700
0.288200
0.305625
0.307175
0.307475
0.320525
0.326775
0.330875
0.356575
0.404650
0.446950
0.473075
0.547425
0.548175
0.652025
0.778425
0.805875
0.864250
0.909400
0.992775
0.997925
1.009875
1.211275
1.245950
1.388450
1.493100
1.784200
1.888200
1.971750
2.011100
2.106350
2.175725
2.206375
2.520775
2.958575
3.372800
3.464625
3.675625
3.994700
4.329125
4.384400
4.601600
4.822275
5.679375
6.511325
6.656375
6.788600
7.300825
8.028575
8.049650
8.346125
8.956300
9.096675
9.319225
64
