6.01337578122
6.01783853802
6.0236218581
6.0326732918
6.03529134435
6.03747071461
6.03920026189
6.04935853901
6.06062712018
6.08717782969
6.0970666211
6.10237038786
6.11820837348
6.12856529737
6.12979338013
6.16145736613
6.17084064551
6.18888386084
6.20320398583
6.21772448379
6.23437203769
6.23564083658
6.27541014456
6.30220452022
6.30754352001
6.31308980982
6.32464979475
6.3539429169
6.37940985941
6.42154296783
6.42361575351
6.43602396754
6.43723499746
6.45036668727
6.45911062531
6.47472198426
6.4939716722
6.50239026644
6.51171342121
6.51367727331
6.54264523383
6.57012377152
6.57666787231
6.5825445853
6.59714003924
6.63115362729
6.65233989692
6.68162092398
6.69581376362
6.71518444712
6.73628742058
6.74171348941
6.75476222232
6.76603475767
6.78710047155
6.82308437235
6.86121606914
6.86963086057
6.87882937235
6.89887803968
6.9626515444
6.99938157122
7.01405697655
7.19538823525
7.20063712379
7.20613979684
7.22080489803
7.22586892965
7.23289244136
7.24332682016
7.2466886682
7.26063285614
7.26559975563
7.27624445116
7.28656672793
7.2930993913
7.2999254065
7.31131156208
8.03318915846
8.07296272391
8.09003382032
8.26454295669
8.28599853862
8.32841178935
8.34741582932
8.37134629984
8.38712670897
8.40141679212
8.40371865515
8.40545561213
8.40923168807
8.41159688803
8.42148195737
8.42805032324
8.44914003325
8.45417238746
8.4606934857
8.46165025889
8.4747991006
8.47953894842
8.48078055845
8.48507814752
8.49653095204
8.50689367544
8.51618733038
8.52850705805
8.53865761857
8.55119696441
8.56192754872
8.56290749147
8.5656078799
8.57145181943
8.57227441683
8.58806239584
8.59737669866
8.60151357305
8.61578915082
8.65321415512
8.66299410987
8.66631346184
8.6871161054
8.70078657594
8.71365469624
8.72153555169
8.72920366268
8.73593212521
8.74787307945
8.75066763964
8.77520524848
8.78131933508
8.79254557092
8.79519243431
8.82837719019
8.84007569047
8.84112179507
8.88160961623
9.29246605756
9.3249523658
9.34059885994
9.38397416068
9.41331435553
9.43365738286
9.48503185455
9.50804305693
9.52711868277
9.54296859316
9.55776839877
9.56583267618
9.57855404219
9.58549364936
9.60486369334
9.61292092684
9.6162736206
9.62497156886
9.63524109293
9.64316257713
9.6667011762
9.67310371065
9.68058444794
9.70329256427
9.70962114555
9.71863753191
9.72318640588
9.73773055545
9.74597664317
9.76573062633
9.77309716952
9.79078586944
9.79663212576
9.80538124816
9.82113106852
9.82315936751
9.83220070312
9.84672904223
9.85460787816
9.87969714074
9.88565970321
9.89101984195
9.89955363812
9.90158953732
9.9127578064
9.91885586013
9.93531652619
9.96268380334
10.0097615597
10.0138334786
10.1680895492
10.1826566287
10.1928311402
10.2100583256
10.2312557285
10.2482390334
10.2954703578
10.3306050027
10.3603134059
10.3657152032
10.5017609666
10.5986199058
10.6004094381
10.6019299176
10.6153585692
10.6309000458
10.6842984495
10.6878733071
10.7174160061
10.7200759564
10.7569615456
10.8043816785
10.8080614259
10.8189557358
10.83403431
10.8426665198
10.8502353736
10.8600213946
10.8846288703
10.9016487644
11.0205687634
11.034221991
11.0414988939
11.0426851906
11.0472857124
11.0526845144
11.067269608
11.0696197826
11.0763669562
11.0793633559
11.0887172839
11.0951440644
11.0978558623
11.1057983235
11.1339881522
11.1602291235
11.1701945094
11.1912462586
11.2005261903
11.221478216
11.2285051068
11.2350566777
11.2560734834
11.2731658289
11.2870219492
11.2946972823
11.3047174595
11.3318063399
11.3627770629
11.3901426848
11.3994622965
11.4213181617
11.4281981956
11.4522923127
11.4678795511
11.4864674701
11.5053421439
11.532673763
11.6908615492
11.7112780205
11.7314182524
11.736869374
11.7664997304
11.802035084
11.8249061385
11.8826301228
11.919861769
11.9485222648
11.9698626555
12.0304440553
12.0383852499
12.0498895835
12.0562900626
12.0569848102
12.0606517601
12.3725119131
12.3772266377
12.5270890207
12.5843861977
12.587058759
12.5927844767
12.6043746698
12.8730469349
12.8839849597
12.8918996452
12.9182779516
12.9202247264
12.9333989843
12.9721025888
13.0031535447
13.0102714993
13.2051255129
13.2438138438
13.2485072721
13.2601224702
13.2627475853
13.2677335165
13.2711176175
13.2814830748
13.2862047094
13.2925926602
13.2948665013
13.3045281925
13.3136198721
13.3286208459
13.3341374236
13.3474005855
13.3514476344
13.3664181043
13.3669535565
13.3766119666
13.3979629641
13.407733286
13.4172676608
13.4273657279
13.4384446492
13.6156651629
13.6401144652
13.6458522251
13.6780735506
13.6855673348
13.6918998798
13.6959708379
13.6990123694
13.7099046138
13.7121201118
13.7146585372
13.7240925047
13.7482658862
13.7608278041
13.7776962648
13.79033938
13.818872794
13.8495423395
13.8563445001
13.8844980312
13.8933355288
13.8992083882
13.9204376978
13.9363391565
13.9650424749
13.9751028953
13.977365887
13.9793353135
14.001505761
14.0123249213
14.0346439084
14.0574619319
14.0712300866
14.0876465751
14.092751706
14.1068103548
14.1245690605
14.1519985637
14.1621571566
14.163790282
14.1873077235
14.2465897928
14.2873775638
14.3041825937
14.3271056808
14.3826745755
14.4006201852
14.409009883
14.4156869395
14.4277180737
14.4412618175
14.4417965898
14.4490812403
14.4559571286
14.4578859066
14.4691828706
14.4802070682
14.4918822624
14.5039296144
14.5126507581
14.520053735
14.5332757671
14.5358654042
14.5690158182
14.5787808204
14.6304088199
14.6390103053
14.6502531646
14.6543103157
14.6903628372
14.6969067018
14.7049522544
14.7111070468
14.7267781698
14.7306618752
14.7334485225
14.7477507994
14.7584999453
14.7648642935
14.8364905027
14.8649689586
14.8904326924
14.9062498684
14.9176233134
14.9187971865
14.9253838409
14.9407398219
14.948539387
14.958032367
14.9654248221
14.9811076108
14.9953413823
15.0082278622
15.1003962602
15.138228466
15.1562880214
15.1741362391
15.1789739837
15.2086771277
15.2334340052
15.6093125688
15.6246006444
15.6317866932
15.6366508612
15.6394682845
15.6528800952
15.6573547839
15.666786365
15.6770120996
15.6778179171
15.6905929308
15.6921564916
15.6979969515
15.705232635
15.7098316545
15.7139809723
15.7259248383
15.7293488726
15.7376084115
15.7449747431
15.7552288778
15.7589870863
15.7610636205
15.7752950404
15.7815304864
15.7943551847
15.805324911
15.8139426017
15.8280870933
15.9145892152
15.9189423334
15.9557623417
16.0087422765
16.0430899573
16.0681419462
16.085292681
16.0970778915
16.1133627379
16.132495363
16.1454141801
16.1580487399
16.1783070112
16.2158281228
16.8221204885
16.8302860245
16.8334413747
16.8568830209
16.8621977459
16.8661542572
16.8739775322
16.8812651985
16.886032797
16.8979167564
16.9048428262
16.906904053
16.915160935
16.921881536
16.9225396173
16.9233954215
16.9358135167
17.1378540151
17.1476835839
17.160988075
17.1973496097
17.2181430529
17.2199583798
17.2335049551
17.2385105322
17.2508699945
17.2686815191
17.2759686324
17.2852669531
17.3101879201
17.3350717426
17.3678310785
17.6092374747
17.636978579
17.6611159068
17.6810738574
17.7090386764
17.7509192203
17.763467065
17.775586331
17.7814711953
17.8273640368
17.8352751654
17.8499726151
17.8945261985
17.8964905696
17.915102863
17.9276027792
17.9331799433
17.994971438
18.0030442676
18.0076284365
18.0131076545
18.0246444484
18.0318223445
18.0391287469
18.0430905198
18.0603650559
18.0631120618
18.0800337429
18.0887331572
18.0917618434
18.0973386959
18.1022894531
18.1092597304
18.1151274809
18.1180159196
18.1265533239
18.1273067924
18.1292130307
18.1318325826
18.13744084
18.1456413462
18.1519572501
18.1564331157
18.1648314212
18.166954948
18.1854882395
18.189230924
18.2075538538
18.2175196579
18.229155887
18.2386725296
18.2404612566
18.2478045303
18.2573443666
18.2708249699
18.2833984272
18.30124283
18.3037938675
18.3237425957
18.3309964169
18.3512060914
18.3631476635
18.366214778
18.3745176734
18.3889072796
18.395002958
18.4018594766
18.4853949577
18.5006620816
18.5129056182
18.5210818647
18.5309002654
18.5347103583
18.555326676
18.5610572017
18.5748034357
18.7285733428
18.744680076
18.75724901
18.763990808
18.7815604663
18.799871605
18.8172435868
18.8194227543
18.8375853247
18.8544125365
19.1474154645
19.1670676441
19.1742988323
19.213997849
19.2235561281
19.2317816156
19.248848802
19.2549818785
19.2572403254
19.264299008
19.2655947666
19.2727424795
19.2998078122
19.3111353333
19.3120855098
19.3187505302
19.3317459649
19.3401645524
19.3437064448
19.3602725014
19.3763813449
19.3803449412
19.4028239354
19.4040327149
19.4108172373
19.4256600849
19.4870460263
19.5307923758
19.5395054442
19.5417130518
19.5664709442
19.5939539545
19.6069863363
19.6136106683
19.6242721837
19.6331402503
19.6641532804
19.6654308901
19.6742465848
19.6938518921
19.6990831652
19.7066708261
19.8565071766
19.864461868
19.870601999
19.8840812405
19.9122213746
19.9720307718
19.9917437982
20.0177974341
20.0419051398
20.0781911239
20.1064326713
20.1310652079
20.1461941857
20.1590163837
20.163797096
20.1676458243
20.2070166304
20.2134319441
20.2421581802
20.3066935047
20.3511119416
20.3906422232
20.4035659042
20.4086163281
20.4121025615
20.4199500615
20.4226425243
20.4465700735
20.5015204743
20.5061255591
20.5071560533
20.5196184714
20.5250214802
20.533318118
20.5461162529
20.5558038078
20.5608107097
20.5762382318
20.580782586
20.5919555725
20.6004158467
20.6021231357
20.6073742053
20.6209483469
20.6437188468
20.6496400867
20.669763418
20.7020728159
20.7071320345
20.7124809476
20.7319747036
20.7332886616
20.743688609
20.752886989
20.7613906017
20.7702155234
20.8092493954
20.8128219671
20.8240507853
20.8264121662
20.8558935553
20.8726722704
20.8810120271
20.9329423902
20.9393092584
20.9540539914
20.9618921232
20.9776606963
20.9985645814
21.0058418691
21.0295885462
21.110074569
21.1390586142
21.1826327842
21.1889189165
21.2226684803
21.2304105179
21.2417423532
21.2474320309
21.28729855
21.2994610644
21.306972483
21.3193568028
21.3590511063
21.6056138635
21.6255795032
21.6411441845
21.6444477512
21.6474871043
21.6590736204
21.6690745333
21.6810983871
21.6967340119
21.7037810078
21.7189414465
21.7238586622
21.729337379
21.734748311
21.7407812693
21.7564470313
21.7632803894
21.7718351433
21.8239148372
21.8247439011
21.8361350982
21.8411262123
21.8560651705
21.8757766688
21.8899183324
21.9249575279
21.9319068244
21.9388250593
22.0484971613
22.0624581361
22.2619261872
22.2700408415
22.288452151
22.3158115917
22.3213365638
22.3418631048
22.3646220358
22.3853036913
22.452199144
22.4725398613
22.5131713047
22.5521210558
22.5837027165
22.6178038187
22.6514099762
22.6924737618
22.7100273581
22.7414456223
22.7525383208
22.7607154877
22.7884082805
22.8227807385
22.8309742454
22.8463676805
22.8564986197
22.8596754952
22.8671617855
22.8958136154
22.9029917952
22.9077945438
22.9164238873
22.9271454442
22.9405291522
22.9427642866
22.945518621
22.9866921441
23.0231665821
23.0332872285
23.0429688469
23.0600622062
23.0701407537
23.0936766476
23.1052464224
23.1207841252
23.1340942688
23.1639923087
23.182628213
23.1976376046
23.335067368
23.3553163771
23.3862839949
23.5167367177
23.5382921857
23.5499746941
23.5841241557
23.6440488618
23.6847830313
23.7264560678
23.8057255512
23.8292691082
23.8760303499
23.9129059793
23.9307355211
23.9366778838
23.9562313174
23.9635350123
23.9824679348
24.0095919921
24.0128644865
24.0231355395
24.026211642
24.0528723712
24.067410866
24.1197714673
24.1233511809
24.1310515179
24.13937716
24.1498387335
24.1539360081
24.1639740212
24.1647077569
24.1750474962
24.1920054637
24.2036412815
24.2127685593
24.2321121667
24.2388708656
24.2475683567
24.2587661347
24.2905939249
24.2959838865
24.3028539064
24.3102557759
24.324378377
24.3348239096
24.3402496432
24.3499913485
24.3549909736
24.3596088667
24.3669877523
24.3885848093
24.4022576282
24.4240027158
24.4379493157
24.4391382163
24.4519482378
24.4604000526
24.4773910592
24.4851164676
24.4887882696
24.492280136
24.4968716039
24.499885686
24.5602949197
24.6354187101
24.6467109741
24.6611568635
24.6740935896
24.7070422778
24.7173569425
24.752854137
24.892481559
24.9316639681
25.0153875723
25.2006670407
26.4058282693
26.4103229349
26.4134432681
26.4347276044
26.435889226
26.4447259271
26.4510053893
26.4585362775
26.4759374705
26.4848598543
26.4868044737
26.4948238797
26.5013625953
26.5235380284
26.5394595092
26.5431747928
26.5464667052
26.5705634406
26.575787352
26.5923586426
26.5932559411
26.5985354443
26.601587116
26.6164400972
26.6223398502
26.6290791854
26.6336334688
26.6402249618
26.6452168102
26.6561341287
26.6867918142
26.6991288412
26.7050870145
26.711803781
26.7279892295
26.7455170475
26.7653457864
26.7750187088
26.7882810727
26.7933368083
26.8025257865
26.8079510395
26.8103370751
26.8180173114
26.8308734539
26.8522516531
26.8608357897
26.8741504083
26.87921449
26.8955058617
26.9068835362
26.9180537935
26.9344974373
26.9453577576
26.9650333447
26.9679886984
26.9737572194
26.9797090835
26.9966580597
27.0399695225
27.0535606294
27.0899965659
27.1453465895
27.1545851177
27.191487579
27.2282728537
27.2327749653
27.2578160812
27.2613289109
27.3058898401
27.3563299773
27.3822791313
27.3859025748
27.5308304769
27.5657494043
27.56746927
27.5736474002
27.6025364496
27.6498389662
27.6531765046
27.6540154512
27.808789197
27.8148638935
27.8183573368
27.8255135989
27.8393940522
27.8527198133
27.8582809868
27.8675793578
27.8810901315
27.9029915389
27.9085561216
27.9165057008
27.9216331042
27.9308992458
27.9393379534
27.9478974988
27.9592591069
27.9702396022
27.9779438007
27.9910767546
28.7930488286
28.8086677444
28.8192229867
28.8232312246
28.8316984281
28.8390445013
28.8522615694
28.8885345818
28.8919792996
28.894178264
28.8977558013
28.9100561723
28.9166977038
28.9271534877
28.9376719085
28.9443223742
28.9452503897
30.0057780397
30.0066302989
30.0196979122
30.0202790671
30.0245683953
30.0264105273
30.0791277721
30.0844676153
30.0853861267
30.0912157481
30.0997430273
30.1022264118
30.1071017543
30.1268637988
30.1329728554
30.1421602864
30.1489613732
30.154639137
30.729201439
30.7397867311
30.7436621998
30.7722568146
30.8108080317
31.2050685163
31.2118466275
31.2192110529
31.2334381099
31.2376236877
31.2478736274
31.2780930975
31.2799126538
31.2835021479
31.2909997565
31.3155620295
31.3200448451
31.3264601824
31.3345995261
31.3410735488
31.342966773
31.3473952706
31.3481168773
31.355818225
31.3578685932
31.3867926602
31.3963266338
31.4142475462
31.4264698268
31.4385875828
31.4463768783
31.4565708917
31.4680313733
31.4746111093
31.4775173652
31.4854370024
31.4940234721
31.5030204246
31.5184935591
31.549054328
31.55591819
31.5811037331
31.5836693115
31.5987764341
31.6164986222
32.0033873689
32.0131425011
32.0410776336
32.0448150013
32.0793800154
32.1239167848
32.1393481475
32.1527677578
32.1572500178
32.197327945
32.1999902959
32.2391795365
32.283821013
32.3023897124
32.3264247289
32.3482684889
32.3765386585
32.4105638591
32.4203695583
32.4228964256
32.4282613991
32.4321398156
32.4536944599
32.4696357811
32.4799782259
32.4908728447
32.5048509393
32.5427987561
32.5587153518
32.5642052673
32.5716839138
32.5795585716
32.7474010167
32.7593761408
32.7690071429
32.7781240555
32.7909295037
32.8006699479
32.8168301092
32.8335599544
32.8403916637
32.8564900653
32.8619567206
32.8987471703
32.90871193
32.9738975176
32.9837685942
33.1151259031
33.141869287
33.1552658444
33.1812543704
33.1958253166
33.2495262236
33.252117936
33.257192995
33.2759555244
33.3209047278
33.3318941468
33.3394802334
33.3599407593
33.3820882658
33.4108979389
33.4480388122
33.5400367325
33.5466024273
33.5625774148
33.582449718
33.6068252655
33.6142558802
33.6211337553
33.621984179
33.6453326992
33.6527369632
33.6632860918
33.6708673027
33.6773240747
33.6956850403
33.7064069175
33.713037954
33.717122111
33.7245943983
33.7284743055
33.7307570497
33.7445571278
33.751353138
33.7658917585
33.7789809097
33.7831235817
33.7945738252
33.7978156807
33.8001357584
33.8017623832
33.8089034141
33.8202008644
33.8410044107
33.9552943743
33.9671048949
33.9742647497
33.9873118358
33.9910289659
34.0028723744
34.0181786708
34.0250962357
34.1002206723
34.1446874496
34.1533293315
34.1672515249
34.1687339375
34.1786540755
34.2029322013
34.3453593051
34.3504242752
34.3812299068
34.4025596372
34.422825597
34.4519265496
34.4707317801
34.4894524703
34.5070377234
34.53802679
34.5909299894
34.6225599689
34.6652655032
34.717404467
34.7425151194
34.7725614601
34.7876089431
34.7910648775
34.8017189556
34.8386021225
34.8629290439
34.8667463688
34.8707867522
34.8713022703
34.8836873454
34.8871860184
34.8967539565
34.9022520501
34.9147778017
34.9242695705
34.9364518313
34.9452928207
34.9659079969
34.9741025169
34.982645741
35.0002793528
35.0084773946
35.014125896
35.0287499152
35.0321771342
35.0335095361
35.0344623287
35.0481800892
35.0497126146
35.0503574539
35.100283579
35.1090271352
35.1159040225
35.129645618
35.1535153631
35.1862732636
35.2119326716
35.2358830618
35.2450385287
35.275122874
35.2763809811
35.3391884679
35.3564364376
35.364689465
35.380412868
35.3930716303
35.4034489665
35.4246429725
35.4721346194
35.4931671732
35.5027397854
35.5275159025
35.5602545307
35.5676165849
35.5768568223
35.6002257178
35.6194387626
35.6225834036
35.6409064575
35.6674585593
35.7464549626
35.7760468748
35.7858870408
35.8071010688
35.8130551756
35.8340634112
35.9027831227
35.9315478895
35.9754586643
36.0038769036
36.0132793345
36.0172694788
36.0221996472
36.0262631499
36.0654375855
36.0730703228
36.0880057275
36.0901702973
36.0939371161
36.1128076075
36.1576978311
36.1620571076
36.1736881753
36.1759439759
36.1925533531
36.2047254479
36.2298970524
36.2449405578
36.2524058484
36.2536821204
36.2782386099
36.2839920726
36.287811073
36.2949821553
36.3155056212
36.3239523584
36.3259940936
36.347621848
36.356895253
36.3864502197
36.4295547915
36.468576437
36.4914700372
36.493153787
36.5074837518
36.5165218164
36.5496309842
36.5786339864
36.6201723865
36.6285968767
36.6881682479
36.7119940342
36.72759371
36.7379119937
36.7542627802
36.7903711638
36.8219641308
36.8376297037
36.8458135263
36.8718456534
36.8744012089
36.9029611468
36.9386477053
36.958293469
37.0545271656
37.0569787167
37.065321448
37.1532411633
37.1659467473
37.1866615647
37.1941743897
37.2122352559
37.2236899514
37.2324391284
37.2380140868
37.2541390319
37.2729196897
37.2847099568
37.2899234311
37.2927536741
37.3054063645
37.3327348383
37.3439937167
37.3746779967
37.3857746822
37.396337414
37.4027999359
37.4084952878
37.4174293986
37.4259771563
37.4371428054
37.4686589494
37.4769893282
37.4870806393
37.4951935485
37.4964368108
37.5201069601
37.5253024447
37.5380511525
37.5666824428
37.5824635367
37.5898300544
37.5962499434
37.6018349604
37.6041782145
37.6165496818
37.7364400417
37.7543766595
37.7824648192
37.8259461763
37.8404328098
37.8610140453
37.8734719052
37.9236321032
37.9410696516
37.9693903318
37.9976727479
38.0075339641
38.0385109691
38.054815406
38.0710741391
38.0789455933
38.0946269714
38.1234733369
38.1633240634
38.3766098292
38.4072036269
38.4147081019
38.4189861254
38.421461601
38.4249287919
38.4322583155
38.437950222
38.4443219022
38.4625228863
38.4662746517
38.4741140309
38.4845024183
38.4962303729
38.4993702656
38.5039390543
38.6111598516
38.6310045381
38.6327669431
38.6470432115
38.6508395579
38.654221935
38.6720075829
38.6846024261
38.6894624458
38.6943122118
38.7030978111
38.7224982482
38.7715373129
38.7856938134
38.7983392365
38.8233410016
38.8434310141
38.8543488441
38.8578685677
38.8632868092
38.8680657503
38.8701757768
38.9110104584
38.9204210767
38.9359536657
38.9476501029
39.0056782396
39.0167567574
39.0354123885
39.048904912
39.0780719014
39.091156297
39.1023564022
39.1097652757
39.1272574164
39.1511051311
39.1722092407
39.2107721015
39.2368271229
39.4837087557
39.4863844689
39.4888649047
39.5244777128
39.5969545548
39.604141428
39.6104279451
39.6141446044
39.6337343834
39.6365164196
39.638873806
39.6464212967
39.6539422471
39.6604125496
39.6626917624
39.6900127965
39.7008271598
39.7040897829
39.7069235967
39.7076878163
39.715246603
39.7445905365
39.754891767
39.7561404167
39.7761565896
39.7951121779
39.7964350406
39.8039232989
39.8198005312
39.8261602503
39.8365731053
39.855661026
39.9731732606
39.9887291723
40.0147093948
40.0264686184
40.0362407109
40.0418910012
40.0493956977
40.0647662308
40.076659705
40.0849526884
40.0892028912
40.0941706768
40.0976188037
40.113835757
40.1214129121
40.1445231176
40.1808209224
40.2513992417
40.3325113054
40.3541750426
40.3783578375
40.4049483589
40.4188636042
40.4837217366
40.5000535399
40.5585705424
40.5903517605
40.6172109075
40.624844721
40.6391465575
40.6551318839
40.6757690374
40.6847032915
40.6983848608
40.7179477489
40.7439403336
40.7630660198
40.7934374729
40.8069167263
40.8170723891
40.8255710848
40.8291308671
40.8302846685
40.8391842236
40.8440545476
40.8731621853
40.8828230166
40.8866469699
40.8932256212
40.9065524
40.9178050885
40.9251768326
40.9619156306
40.9726081755
40.9930030681
41.0089362668
41.0260443134
41.0384466356
41.0569941691
41.0620837646
41.0662582421
41.1169081021
41.1344196601
41.1531107933
41.162678615
41.1638308752
41.1646302243
41.1750341057
41.17911165
41.1899388331
42.0012424157
42.0078805056
42.0086800373
42.0123856187
42.0218182463
42.0226534242
42.0320396138
42.0377002496
42.0471366693
42.0607243781
42.0671043123
42.072599935
42.0776053563
42.0800781573
42.0923627786
42.1018763786
42.1091660071
42.123179879
42.1257138404
42.1489480958
42.1563986563
42.1668446495
42.1675194429
42.1800686473
42.1858558483
42.1928107585
42.2050696912
42.209396548
42.2177176029
42.2183491706
42.2300738742
42.2401990417
42.2498217806
42.256861443
42.2689997188
42.2794389024
42.3270464586
42.3423340689
42.3462388673
42.3502604976
42.4325840942
42.4616743825
42.4757556911
42.4866698939
42.4968682747
42.498748228
42.5138159088
42.5197946801
42.5395939349
42.5498478257
42.5588228566
42.5633286742
42.5708050872
42.5864877111
42.6014399852
42.6095784851
42.6286428815
42.6723727967
42.6818422742
42.714767653
42.7279006151
42.7599339378
42.7818423036
42.7892911698
42.8113923277
43.0338659484
43.1102009857
43.1131260816
43.1562605767
43.2079420307
43.2183117211
43.2278765949
43.233821537
43.237615527
43.2745922139
43.2778686282
43.2882366151
43.2908562775
43.2948334017
43.2967147297
43.3070186446
43.3263103511
43.3357351153
43.3475796717
43.3575906232
43.3676387392
43.3729630351
43.397265942
43.4196678322
43.4307470112
43.444938932
43.4575530809
43.4710178246
43.4850902533
43.4915201169
43.4973761688
43.5031769429
43.5052668207
43.5071936798
43.5116354355
43.5229637645
43.5323158505
43.5575661817
43.5628883696
43.5695926231
43.5777078502
43.5938730252
43.6203039696
43.6296911917
43.6373093293
43.6519538382
43.6754684904
43.6989863281
43.7197724806
43.7349204614
43.7485153015
43.7999784386
43.8268709806
43.8449814116
43.8579956979
43.8953655631
43.908491901
43.9135450549
43.9233535578
43.9494191452
43.9641908396
43.9935070245
43.9991732898
44.0080664042
44.0390603574
44.0572605028
44.0602872529
44.074855725
44.1006701289
44.2302801841
44.2502880577
44.2989546327
44.3094265369
44.3122087752
44.3400622435
44.3921176594
44.4181965481
44.4325821496
44.4334636066
44.434361843
44.445681752
44.4531261646
44.4600831176
44.48250163
44.4849354659
44.4907935718
44.4950600703
44.5118479403
44.5214727058
44.5421273678
44.5518633455
44.5577781261
44.5598645698
44.5765892196
44.5955310875
44.6013138092
44.6055778995
44.6206403278
44.6333586484
44.6523407619
44.6611670077
44.6670361208
44.6758477679
44.6840734488
44.6912288978
44.6999103284
44.7054128749
44.7294179929
44.7420120876
44.7670801439
44.7968578727
44.8133485594
44.8168028066
44.834734191
44.8366058043
44.8390287238
44.858413664
44.893644232
44.9392162436
44.9566707358
44.967850866
45.1974599546
45.2110733501
45.2209185465
45.2297612738
45.238179194
45.2474465281
45.3053777044
45.351068114
45.3641432105
45.3881009714
45.3971844774
45.6094668722
45.6241715635
45.628204925
45.6359148354
45.6480891153
45.6730097925
45.674005012
45.6747268672
45.6807260104
45.6864372385
45.7001530365
45.7117121761
45.7216070596
45.7360823369
45.7639030951
45.7688357798
45.7833878328
45.7956281582
45.8068610379
45.8110401929
45.8147697638
45.8207264797
45.8419648461
45.8552392296
45.8645921523
45.8705739832
45.873501084
45.8782035979
45.8889785554
45.9345154726
45.935521333
45.9566566845
45.9955771744
45.9980014403
46.0146564802
46.0256956379
46.0347814093
46.0460811991
46.0536081732
46.0566909654
46.0670435971
46.0789286215
46.1387037786
46.1642035391
46.1772350048
46.1793690155
46.2140560551
46.2306948453
46.2317210203
46.2449728527
46.2596272579
46.2621666987
46.2735581611
46.2922059535
46.3058753039
46.3431250537
46.3488819366
46.3836408187
46.4090266699
46.4413650529
46.4495874149
46.6135221724
46.6319435481
46.6334681578
46.639406204
46.6849483121
46.7322620178
46.7499582666
46.7632464083
46.7743466806
46.7950306999
46.8008923681
46.8089411553
46.819655271
46.8357062705
46.8423317779
46.8503402415
46.851908725
46.857532
46.8653062258
46.8789309774
46.8831431455
46.9061759834
46.9141039214
46.9194338197
46.9316210838
46.940869067
46.9462004563
46.9659808493
46.9778786938
46.988475061
46.9950516809
47.0015701791
47.0037752428
47.0061522308
47.0123905348
47.0472582811
47.0593728211
47.1044875302
47.1086620554
47.1205587441
47.1739984333
47.2143143855
47.2233421139
47.2369479126
47.2414057414
47.2504509611
47.2593654312
47.3732772099
47.3858561842
47.3893387192
47.4536766914
47.4770309379
47.4959149648
48.0044038687
48.0100068358
48.0133012611
48.0299343334
48.0394714419
48.049766171
48.0556369082
48.0604322577
48.069047735
48.0745539901
48.080672704
48.0899799614
48.0932770177
48.1013805158
48.1247550013
48.1258139311
48.1314847485
48.1425521578
48.1526325028
48.1596877804
48.1719445993
48.1725368176
48.1795481756
48.1826673458
48.1866232418
48.1989497666
48.2142769485
48.2251000234
48.2258911893
48.2338820001
48.2350729089
48.2488824654
48.2551443315
48.2655530303
48.2827567898
48.2982287902
48.3044019485
48.3203962918
48.3253370657
48.3515920714
48.3579285633
48.3789695115
48.3930568795
48.4027809759
48.4040336911
48.4103294439
48.4225804616
48.4241538314
48.4394384645
48.4628339431
48.4836972563
48.4926669235
48.5023192063
48.5200189403
48.5511627243
48.6011878404
48.6200407663
48.6284728623
48.6304845847
48.6539580856
48.6681055023
48.6695857027
48.6706845128
48.687918325
48.710777333
48.7779010551
48.7900848547
48.8093437929
48.8378350897
48.8553412481
48.8742643829
48.9029845152
48.911333728
48.9402646147
48.979962306
48.9836765806
49.0065144729
49.0534098786
49.2069615177
49.2082900507
49.2154457291
49.2228014608
49.2275757002
49.2349336298
49.237013839
49.2421664055
49.2636536962
49.2694104708
49.282378797
49.2923845306
49.3039298519
49.3048062639
49.3137334282
49.3214636376
49.33520389
49.3476637665
49.3518991893
49.3631573691
49.3993326307
49.4051134878
49.4121798798
49.4167093848
49.4213640792
49.4385837675
49.5800570592
49.5953263218
49.6067030654
49.6138962021
49.6460604312
49.6542670894
49.6601007672
49.6696060834
49.6844705768
49.685911906
49.6936113732
49.7207456013
49.7372975611
49.7420450008
49.7567703966
49.773729823
49.7788981827
49.7924550282
49.8120752131
49.8140953069
49.8290868435
49.8619139873
49.8841647077
49.9084794092
49.9139081399
49.9400952275
49.9602362895
49.9790414203
49.9992911115
50.039633649
50.0699560007
50.1122709233
50.3509545445
50.4116996609
50.4132625767
50.4314096712
50.4456114408
50.5616601066
50.563005135
50.5752694925
50.5771288376
50.5855507894
50.6123697613
50.6188684403
50.6488467051
50.6551858406
50.6570341753
50.705603048
50.7127561025
50.7178279263
50.7223940263
50.7269552501
50.7461442363
50.7608784305
50.7864790322
50.8039001428
50.82454942
50.8401075839
50.8518244219
50.9027512107
50.9080456207
50.9522510581
50.9601904088
50.9653976383
50.9739667847
50.9758720764
51.0567483276
51.0692942833
51.0790647499
51.1073313637
51.1669219424
51.1856148413
51.2138262438
51.2331732325
51.2500300282
51.2516096473
51.2769418931
51.2862233819
51.2923691032
51.3341866487
51.3517099593
51.3675631302
51.3787255054
51.4410408119
51.4892386696
51.5015051991
51.528328844
51.5505776209
51.5928899746
51.6387325054
51.6473271154
51.6915780954
51.7027249531
51.7184195911
51.7249269493
51.7362809703
51.7418803803
51.7564480603
51.7621319967
51.7883094279
51.7980201035
51.8031095926
51.8107946559
51.8266759866
51.8497442981
51.8604246386
51.8786340277
51.8884512516
51.9153418098
51.9209847986
51.9268699944
51.9342196282
51.941096252
51.980373203
52.0110539607
52.040661727
52.0546879105
52.0592831023
52.0757834064
52.1334968277
52.1517541135
52.1639828097
52.1780729308
52.1870581112
52.2221067494
52.2664386708
52.2849014205
52.2943001161
52.3246504157
52.3279543677
52.3367817374
52.3661871884
52.3715577996
52.4045975534
52.4239889506
52.7348183147
52.768058542
52.7997303764
52.801534632
52.8086626095
52.8172125281
52.8268147099
52.8425388076
52.8478807299
52.8519812323
52.8561367338
52.8690312796
52.8922171974
52.9397892192
52.9439099111
52.9547526846
52.9638557394
52.9655284477
52.9932253786
53.0053204731
53.0108524159
53.0168739882
53.0299441557
53.038058894
53.0452779086
53.0505882384
53.0669638519
53.0752220456
53.0811648554
53.0843880941
53.0889394255
53.0969420807
53.1026744628
53.1146961579
53.1219997201
53.134381745
53.1560831997
53.1732875528
53.1843118386
53.2134759018
53.2170064549
53.2243836659
53.2345046062
53.2446359965
53.2842638857
53.2904049697
53.2991766964
53.3254349187
53.3352806952
53.3418580266
53.3608464737
53.3782302703
53.3891160469
53.4043523615
53.4314100084
53.4377041233
53.4600181887
53.4613860566
53.4686270982
53.4744423833
53.4783450747
53.5135421995
53.5181024826
53.5738709782
53.6062830328
53.6087321437
53.6101570367
2119
