6.00750632499
6.02299661295
6.02928234931
6.03452081379
6.03868808496
6.05268493193
6.05969958221
6.0604891415
6.06108008086
6.06325543206
6.0726944184
6.07835684017
6.08316171531
6.09398374673
6.10907973321
6.11993117668
6.13768077591
6.14574771531
6.17077208431
6.17642533645
6.18640647057
6.19835373515
6.20832641872
6.44818066529
6.4817995474
6.49051557723
6.51701529904
6.53157671361
6.54780744313
6.56342112254
6.58436520591
6.60820010457
6.65215155704
6.68069508379
6.7400858364
6.74929927664
6.78045230662
6.80994243656
6.8184467237
6.82789032781
6.83044590034
6.84829586893
6.86956811321
6.89375905697
6.9136587142
6.93917138889
7.0514930992
7.05708197475
7.07014902482
7.08020893876
7.13214480394
7.14588386558
7.14897326633
7.167170148
7.20770929614
7.21596547399
7.22482053379
7.23130685291
7.24971189454
7.26601975165
7.27053494648
7.27620219942
7.28305228114
7.29307051358
7.30616003105
7.31274036757
7.31998911618
7.33535486812
7.33602572517
7.3376090233
7.36203333112
7.37187706621
7.39305786694
7.39947815319
7.43746780354
7.4600714927
7.46983892111
7.48390481797
7.50988868887
7.52022928102
7.52951144401
7.54589959717
7.55690764623
7.55772487037
7.56467989347
7.57422690964
7.58663806105
7.61032677635
7.63008943225
7.63732363156
7.65310118006
7.66070688146
7.6802239624
7.68834404346
7.71611306096
7.71855122999
7.72061668149
7.73870632853
7.75149284866
7.79786862455
7.81316104253
7.9290976783
7.95948676501
7.96824346291
7.98608120341
7.98755387941
8.00505935053
8.0448226956
8.07841663345
8.14079080112
8.1666647804
8.18032842206
8.19113385758
8.2134193052
8.2229032358
8.23573924463
8.2473787977
8.25909924095
8.3031397391
8.3371922302
8.38314791649
8.40731154745
8.41503020658
8.41970467336
8.42537510763
8.44199857055
8.44557694427
8.45829037568
8.48069915481
8.49069148905
8.50257051015
8.51885686643
8.52285544966
8.53183569647
8.53296150324
8.54266532915
8.54704378975
8.54872524197
8.55302139917
8.56116430817
8.57358654428
8.5787294434
8.59046210648
8.60922062364
8.60985829975
8.61927313748
8.63546523304
8.6407689658
8.64662453816
8.65546246413
8.68591884105
8.6997692562
8.74497900733
8.74628912993
8.74790336851
8.75289741871
8.75730266837
8.76610990595
8.77215587871
8.78080406789
8.78822860216
8.7958864875
8.84077378684
8.85974688705
8.88158076188
8.89482295894
8.90264163745
8.90910615076
8.91790287516
9.0129826987
9.03502858605
9.08381084963
9.09598329824
9.11827670762
9.13918710164
9.15088892038
9.16012926723
9.18638606201
9.20909863695
9.22901236365
9.23076551334
9.24677679908
9.26527434725
9.27858239448
9.29907645761
9.32479983774
9.40082258679
9.43333888099
9.47111411443
9.49383797568
9.52557375066
9.5947645246
9.60988803696
9.6109995695
9.61974980431
9.65763507827
9.66721115328
9.67224430985
9.68749050045
9.69391933049
9.69598553802
9.72860846224
9.73626904201
9.74877173967
9.76248158154
9.76567953943
9.79970961066
9.80241469072
9.80553985966
9.81052372493
9.81955177098
9.83024356644
9.83653729493
9.85946053651
9.86621406279
9.87254130429
9.87691434673
9.88421505003
9.93844320461
9.94753605691
9.96068187531
9.96173692336
9.99703553137
10.0056045877
10.0136420735
10.0259435069
10.0517733217
10.0587009086
10.0653080857
10.0730854512
10.0848917414
10.0950979272
10.09620578
10.1117337194
10.1164427611
10.124609561
10.1374084038
10.1747087475
10.2621544438
10.2783084118
10.3021263315
10.3497782431
10.3522597812
10.3591636515
10.3737498681
10.3974527576
10.4395004914
10.4496318377
10.4765445428
10.5165300044
10.5272569074
10.5501152631
10.605237611
10.6162292225
10.6321451256
10.6577724131
10.7006599897
10.705262513
10.7258027625
10.7512374218
10.7638299407
10.7890720472
10.8005026557
10.8017876351
10.8112481702
10.8143469979
10.8206600729
10.829469558
10.8362570605
10.8420882987
10.8515253578
10.8544255879
10.8644867783
10.8744174495
10.8866150772
10.8922648789
10.9034430455
10.908205867
10.9239404619
10.9278785928
10.9359313397
10.9364932407
10.9555385516
10.958384074
10.9958823526
11.0747496129
11.0842273005
11.0934764377
11.1073785797
11.1471675574
11.1710079532
11.1796837005
11.1841486185
11.1997906781
11.2050513656
11.2060295131
11.2227652436
11.2275549139
11.233940292
11.3752038594
11.428044078
11.4347003621
11.4441744764
11.4567735212
11.4828758773
11.4915799871
11.505325764
11.5072630268
11.5213755682
11.5264444641
11.543523407
11.5670161281
11.580599596
11.642543581
11.6590915757
11.6739299118
11.6978239144
11.7099356366
11.7226139714
11.7272112847
11.7579571005
11.7633168609
11.7921260317
11.8070263486
11.8463766104
11.8694909996
11.9043215921
11.9163000567
12.0130942755
12.0180009753
12.0263913427
12.0304558696
12.0322924078
12.0380179429
12.0482482353
12.048746785
12.0557084001
12.067349133
12.0742600834
12.0814587053
12.0942156202
12.1092697263
12.1166621132
12.1202993722
12.1225199053
12.1290830597
12.1375188485
12.1434819445
12.1610972935
12.1671280791
12.1800622112
12.1856709996
12.1891833158
12.1977354725
12.206666023
12.2171854494
12.223122393
12.2699330773
12.2754903304
12.2903160026
12.2964189489
12.3092154543
12.3175074303
12.3408700247
12.3686373799
12.3777805991
12.4121477749
12.426825184
12.4319209853
12.4391640007
12.4471454699
12.4541393603
12.494078874
12.5043580147
12.5443801154
12.5557435677
12.5582816116
12.5700383248
12.5904928142
12.6076316208
12.616517818
12.6302814268
13.0799005136
13.1007657837
13.1568027949
13.1945268493
13.2049170829
13.2148793095
13.2187205301
13.2264521571
13.2308658616
13.2403907522
13.2449969968
13.2514261152
13.2640398337
13.2698755054
13.2712753633
13.274575381
13.3022504367
13.3169606008
13.3266455537
13.3271758543
13.334145894
13.3382521644
13.3518367804
13.3540770571
13.3571741062
13.3723444391
13.3884001933
13.3929021082
13.405360748
13.4197487576
13.4327018192
13.4431418382
13.4449500328
13.4680323815
13.4824993371
13.4905627506
13.4924509424
13.5177356457
13.528157971
13.5354780079
13.540254971
13.5430176952
13.5679059597
13.5724141478
13.5734341198
13.5855061204
13.5898698798
13.6109532835
13.6155919371
13.6245847497
13.6421577979
13.6489768798
13.7456078151
13.8010741961
13.8249636188
13.8402382287
13.868085128
13.8827819048
13.8867851848
14.1901823821
14.218621913
14.2243555213
14.2435998693
14.2611376441
14.2980522428
14.3094798128
14.3175605501
14.3338038014
14.3792418138
14.397282755
14.4799393061
14.4998020108
14.5068085966
14.5155047402
14.5223397467
14.5269979805
14.5359692616
14.5484371957
14.5538858057
14.5593399397
14.5691962489
14.5704326095
14.5816671353
14.5950990894
14.6233028325
14.6239735498
14.6310495877
14.6473477188
14.6887978195
14.7021600014
14.7161438866
14.7265150563
14.7472045567
14.7510939595
14.752127337
14.7657401691
14.7676900567
14.7761269321
14.777140913
14.7925866369
14.8547283768
14.8558117299
14.87024509
14.8773490618
14.8884846908
14.9101626189
14.9452529862
14.9593322776
15.0177836887
15.0207008849
15.0474634736
15.0692048252
15.091707024
15.1025542689
15.1313600507
15.2750999725
15.2900959626
15.6048367038
15.6078654569
15.6130897467
15.625734345
15.626480457
15.6364879373
15.6391979953
15.6536074444
15.6562884948
15.6675530698
15.675730753
15.68289253
15.6921895435
15.6969340591
15.7128388102
15.7220330193
15.7403899442
15.7469962795
15.7564108942
15.7760082752
15.7817049238
15.7868909435
15.7977259753
15.8028183937
15.8051275094
15.8169135164
15.8207274444
15.8226477509
15.8300834532
15.8340494929
15.8466411569
15.8580572248
15.8720942222
15.876802314
15.8916354065
15.8976520628
15.9014079003
15.9143111244
15.9282185412
16.2216337964
16.2357819737
16.2573271843
16.26486262
16.3950556211
16.3972291061
16.4414642854
16.5273935544
16.5371372634
16.5548275897
16.5782391373
16.5963767587
16.6048620248
16.6437067032
16.7556602541
16.7834225817
16.8062262971
16.8098406911
16.813737114
16.8155946055
16.8179106264
16.8251098566
16.826102609
16.8376282815
16.8426523819
16.8526067241
16.8555536459
16.8615222409
16.8706461118
16.8799899039
16.9337175839
16.9397984275
16.9434760304
16.960955358
16.9775192691
16.9839163354
16.9926660712
16.993418404
16.9960692686
17.0084873409
17.0173972008
17.0382783137
17.0462272767
17.0615188107
17.0823778199
17.1578340057
17.2017325813
17.2167740111
17.227903372
17.2721451919
17.2827306288
17.3050221594
17.3131373011
17.3315763526
17.368788491
17.3866902978
17.3916927221
17.3943557497
17.4052744801
17.428392656
17.4571136608
17.5063881189
18.0032725309
18.0068876827
18.0229461534
18.0264060384
18.0305272868
18.0371022767
18.0427148108
18.0473547489
18.0516199727
18.0632298003
18.0725457855
18.074286146
18.0854530391
18.0867039153
18.0890675621
18.097519827
18.111851174
18.1213563457
18.1258620412
18.1342054131
18.1396375431
18.1538249938
18.1607324899
18.1655081408
18.1732747832
18.1919199433
18.1938385765
18.2039255578
18.2119057135
18.2131903512
18.2252222348
18.2341354055
18.2395343147
18.247356457
18.2542220921
18.2724795278
18.2865521769
18.2949197416
18.3169645546
18.3198227903
18.3401799206
18.3575081177
18.3619581336
18.3653283463
18.3810945747
18.3863279439
18.4351019337
18.4493787692
18.453095271
18.4836258422
18.4904519777
18.50460837
18.5273221207
18.5352473058
18.7583649223
18.779029018
18.7903408396
18.8024278594
18.8585765097
18.8741389891
18.894505351
18.9104741596
18.9232541815
18.9402920333
18.9667389958
18.9829684197
18.989298259
19.021453185
19.0590589161
19.0913397034
19.1507201417
19.1955439114
19.2114799279
19.3223688905
19.3268819275
19.3358935697
19.3443753214
19.3535037529
19.3631414657
19.3698033358
19.3795033984
19.3899857462
19.3988674298
19.4033781421
19.4105066828
19.4190783813
19.4261305414
19.434552947
19.4352299618
19.4407157079
19.4785365342
19.4853764502
19.5003372386
19.5058501275
19.5120036715
19.5207621097
19.5237894719
19.5385911206
19.544397779
19.5519216153
19.5585333183
19.5613646427
19.5777455599
19.6063684542
19.6105471999
19.6163601996
19.6349350954
19.650487408
19.684614103
19.7177139194
19.7447972309
19.7541736081
19.7879457305
19.8115266675
19.819851897
19.8682171556
19.8746640873
19.8852892746
19.9024994043
19.9239606301
19.9255547387
20.0074498084
20.0258920486
20.0531246696
20.0678865979
20.1106186913
20.129644488
20.1468590097
20.173831985
20.3082976034
20.3248356793
20.3442500995
20.3646818834
20.3826051349
20.3877598405
20.4032946908
20.4087109762
20.4162019249
20.4348592468
20.4382129252
20.4410156775
20.4456893374
20.4496599427
20.4767516949
20.4816027681
20.4964175065
20.5006715845
20.5363347141
20.6162725147
20.6325021481
20.6342428333
20.6548921928
20.668881211
20.6747446839
20.6773183535
20.685313157
20.6963557464
20.7071022068
20.7079513038
20.7102316922
20.7141552192
20.7255338892
20.7381127185
20.7686173995
20.7873860301
20.7964113824
20.8013892869
20.8027150092
20.8128379501
21.4240378879
21.4323910684
21.4380674047
21.4669953684
21.4976444052
21.5075105559
21.5805471982
21.5854540192
21.6068896077
21.6153426569
21.6495859471
21.6755938913
21.6869684138
21.7243584412
21.7377413987
21.7470361601
21.7536800856
21.7602294558
21.7653024104
21.7825812307
21.7928833412
21.7972840335
21.8109565719
21.8178158243
21.8220295826
21.8315968964
21.8654305737
21.8798431976
21.8987645013
21.9038169774
21.9069038504
21.9138363272
21.9180721435
21.9381163437
21.95913339
21.9708398436
21.9785164655
21.9805223962
22.0174745156
22.0452962037
22.0562266662
22.0677286677
22.0726836897
22.0743420676
22.0853932215
22.0989313525
22.1260343639
22.1912572759
22.2173705625
22.2363849644
22.2377043036
22.2390508447
22.2406352967
22.2501313364
22.2657225804
22.2767484128
22.2875562491
22.306289513
22.3079568403
22.3354615825
22.3678645115
22.4021618648
22.4650299189
22.4858038546
22.501529938
22.5203039424
22.5307647022
22.5598225052
22.587801201
22.6479145516
22.6964926449
22.801694786
22.8047124043
22.8088295345
22.8136539895
22.8296091627
22.8317457285
22.8357172411
22.8463075479
22.8475125157
22.8555614247
22.8560564256
22.8625672984
22.8705779644
22.8850920588
22.8911014494
22.9068341711
22.911162024
22.9257556648
22.9324165204
22.9396378525
22.9470526125
22.947828836
22.951265128
23.007000255
23.0100783632
23.0244584248
23.0364612798
23.0472832283
23.061606923
23.0847503838
23.0865608161
23.0923326347
23.1031748642
23.1148862592
23.1245349438
23.1341359601
23.1408746706
23.1618529072
23.1705125024
23.1791620904
23.1906131426
23.1978170906
23.2344121883
23.288348622
23.3065922017
23.3353273003
23.3455336533
23.3559700092
23.375933841
23.3804276825
23.3830463725
23.3958639765
23.403017848
23.4294015901
23.4334918207
23.4649164514
23.4768988558
23.5034874847
23.5144470971
23.5386542861
23.5629089494
23.5782781202
23.5896271982
23.8077503528
23.8394606692
23.8611432358
23.870859244
23.9030527479
23.919364986
23.9690388569
23.9983958913
24.0037309551
24.0122884975
24.0183825904
24.020110449
24.0889764104
24.1070994394
24.1107993697
24.2309035232
24.2692350323
24.2759509905
24.2928913337
24.2952082237
24.3034847709
24.3133041117
24.3190962709
24.3325067923
24.3377333522
24.3403364947
24.3636014544
24.4733716257
24.4850102442
24.5876975482
24.6074084921
24.622944852
24.6496090773
24.7039311825
24.708731757
24.7249000435
24.802235945
24.8467080498
24.8533329574
24.862995692
24.8986589214
24.9239838248
24.9434388135
24.9687023247
25.0046810622
25.0183895817
25.026536073
25.0372597744
25.0528519887
25.0749599705
25.0786273432
25.0890218593
25.2006444913
25.204545485
25.2114229062
25.2140535054
25.2251302375
25.2472640229
25.2525974004
25.2794009099
25.2930558974
25.2937728946
25.2982856049
25.316255545
25.3191120515
25.3254947353
25.3333201124
25.3402208207
25.3695388849
25.3706248301
25.3770867191
25.3779949969
25.3847932405
25.3892588474
25.3899184973
25.3968654554
25.4027136398
25.4089295482
25.4175139809
25.4312307829
25.4383416671
25.4431337126
25.4810260187
25.5036248012
25.5286204837
25.5448106684
25.5518518755
25.5667751641
25.5871654976
25.5943498027
25.6254494945
25.6489090865
25.6728965306
25.6920413937
25.696059126
25.706104872
25.7194947831
25.8641129633
25.8725265225
25.88926234
25.9152148637
25.9323408763
25.9373170666
25.9524660536
25.9589401239
25.9869045949
26.0037880753
26.022360756
26.0391537389
26.041065495
26.0654502236
26.0878453604
26.2477725233
26.2718777679
26.2736544939
26.2782200017
26.2807311999
26.2834277055
26.3449406309
26.353378485
26.364917173
26.3892733903
26.4079281053
26.4163140276
26.420882875
26.4237305966
26.4301204668
26.4313290949
26.446808865
26.4622635677
26.4627773693
26.4740932933
26.4771142327
26.4803796963
26.4871092153
26.4950361328
26.5057892987
26.5116500388
26.5447486987
26.5607604371
26.5646856695
26.5823695759
26.5984000359
26.6094293358
26.6195029253
26.6480753279
26.6501983019
26.6795578493
26.7054100984
26.7170214554
26.7820803546
26.79219017
26.8004640841
26.816083058
26.8231217955
26.8399950765
26.8625957734
26.8721785589
26.8825526237
26.9001212549
26.9042969708
26.9258329081
26.9466799674
26.9661121774
27.6137012748
27.6165418714
27.6208916068
27.6288941018
27.6376150786
27.6482708992
27.6542486259
27.6590822023
27.6623553467
27.669329851
27.6743913717
27.6807897707
27.6850781047
27.6937657557
27.6974690459
27.7019646867
27.7107330334
27.7211624534
27.7329659058
27.7361585918
27.7508820924
27.7596387539
27.7777509855
27.7859629385
27.800894526
27.83951033
27.8425732366
27.9173459795
27.9302566466
27.9372897372
27.94622363
27.9702728446
27.9832875143
28.0044050057
28.0375673572
28.0578963213
28.0746965771
28.1266872032
28.1684298872
28.1761266467
28.1993458781
28.2166270635
28.2197584164
28.2303452007
28.2426868631
28.253790357
28.2945911164
28.2967383942
28.319139197
28.3342424296
28.3505235869
28.359383576
28.3813973594
28.3947004329
28.4162800989
28.4285193789
28.4541705304
28.4801634041
28.4985185318
28.5008775145
28.5219173448
28.5425179157
28.5722428678
28.5802484396
28.6118781824
28.6762391333
28.7016262728
28.712888828
28.7604282598
28.7709737018
28.8072313065
28.8109205403
28.8336421222
28.8587539011
28.8710982051
28.8753219604
28.928092197
28.9360782339
28.9399670068
28.9412066443
29.0267525303
29.0352682095
29.0400830032
29.0463691588
29.0471570504
29.0539636418
29.0672373962
29.0766442404
29.0791622954
29.0883929003
29.0988618458
29.103875312
29.1128128129
29.1234625277
29.127958619
29.1386008219
29.1451527192
29.1529139925
29.1600978112
29.1900876939
29.2241492074
29.2397044635
29.2729808202
29.293156018
29.2987716086
29.3350869517
29.3452090576
29.3567000258
29.3832670722
29.4010111841
29.4126181393
29.4353640385
29.4532571501
29.4911302227
29.512785235
29.5252067316
29.5510109358
29.5605928282
29.5677472244
29.586609068
29.6027083326
29.6423141157
29.6708919616
29.697952626
29.7213641475
29.7384184154
29.7422314499
29.7711911024
29.8343235878
29.8408947259
29.8649688763
29.9441743628
29.9466058117
29.9565186469
29.973473462
30.0068388041
30.014349656
30.0215501986
30.0312531639
30.036356783
30.0481459654
30.0517511565
30.0644151789
30.0738914242
30.079117841
30.0822006155
30.0999204314
30.106304841
30.1132812142
30.1207661536
30.1758293324
30.189979944
30.1910271268
30.2024882845
30.2088557653
30.2247644571
30.2306013286
30.2312969948
30.2404143228
30.2501990013
30.260090049
30.2611216256
30.266514485
30.307920712
30.3654959735
30.3777593225
30.3810964594
30.4187871169
30.427624032
30.4306947146
30.4394894479
30.4536160291
30.4612290488
30.4769619402
30.549062743
30.5544490696
30.5623509741
30.6206875723
30.6389756873
30.6558075847
30.6981816557
30.7019676636
30.7263461159
30.7978390878
30.8563360909
30.869470143
30.888736258
30.8904498818
30.8957974446
30.9112728013
30.9521488828
30.9619972497
30.9921000665
31.0083158083
31.0143982364
31.1020830122
31.1116447918
31.1309168282
31.153172166
31.1987051575
31.2024518242
31.2107828247
31.2161725993
31.2875221194
31.3094280342
31.3152210468
31.3186927613
31.3274054293
31.4439021296
31.4551693207
31.471628092
31.481117247
31.4834377947
31.5025747321
31.5142332033
31.5256506748
31.5286470588
31.535525489
31.5567899774
31.656501288
31.6692802606
31.6959913524
31.7065428967
31.7198294844
31.7417160817
31.7658838413
31.7671885035
31.7757894378
31.8016210856
31.810848832
31.8381498791
31.8494009989
31.8514856408
31.8753483842
31.887364943
31.9308085656
31.9426687163
31.9479508672
32.2008174945
32.257579014
32.2928434594
32.2963946355
32.3052447667
32.3276631736
32.4112846199
32.4192717566
32.4198595535
32.4252477232
32.4413222997
32.4477766042
32.4580868309
32.4670686415
32.4735500414
32.4931204845
32.5044815699
32.5074249586
32.5237012911
32.5322435788
32.5443739948
32.558321503
32.562927835
32.5723854605
32.5903847111
32.5948642633
32.6108525464
32.6163683912
32.6326308092
32.6448403095
32.6482518582
32.669603227
32.6745329064
32.6832885907
32.692024399
32.7040660138
32.7549841249
32.7821838736
32.7944139715
32.822112106
32.8331457797
32.8394800762
32.8620119734
32.870950216
32.8847047605
32.8928809696
32.8989017792
32.9080907427
32.9116131722
32.9297115781
32.9543893732
32.9556251499
32.9639961517
32.9796784335
32.9812586278
32.996648974
33.0095892866
33.0261663236
33.0452959737
33.3306423978
33.3940587869
33.4049956318
33.4453095035
33.4989570728
33.5304071694
33.5467381832
33.5760697143
33.5921981523
33.6038373011
33.6072571587
33.6126181426
33.6201965678
33.6250777228
33.6378433986
33.6425446006
33.647865172
33.650333001
33.6597027297
33.6983053253
33.7233606062
33.7274016083
33.7354166326
33.752038361
33.7587322166
33.7654999893
33.7798788318
33.7866354969
33.7952045432
33.8060207607
33.8094499089
34.2346605575
34.2366954697
34.2528363908
34.2744181509
34.2912229525
34.5336472001
34.5623010076
34.5852471028
34.5950579404
34.631476459
34.6694298142
34.6961720399
34.7131696288
34.7236456866
34.7500801435
34.7842246979
34.7974592639
34.800951081
34.8071075
34.8075825085
34.8197421525
34.8262555146
34.8314896422
34.8356183075
34.845573436
36.0106689365
36.0143083902
36.0306707205
36.0508763772
36.0561508497
36.0634977347
36.0642120048
36.0961419843
36.1011939454
36.1112010666
36.1174656592
36.1181824363
36.1214206194
36.1335260411
36.1432018033
36.2053884932
36.2711283165
36.2867973183
36.3015581662
36.313001717
36.3227797192
36.3322500868
36.3411009648
36.3498576982
36.3748902763
36.3809149666
36.4231562775
36.4362665789
36.4452518636
36.4568176507
36.4726866818
36.4758530686
36.4959014154
36.5096323034
36.5198818656
36.5463176774
36.5765664434
36.5886208994
36.6037799642
36.6208393696
36.6652120854
36.7022442592
36.7321786118
36.7457453497
36.7636773572
36.777892778
36.8012631865
36.8162108151
36.8437503975
36.8646277388
36.9089638882
36.9679525829
37.025038614
37.0558120067
37.0703939192
37.0807711738
37.0828963875
37.1095336037
37.1562145389
37.1775821703
37.2061027233
37.2107153511
37.2165096613
37.2210072215
37.2380611488
37.2387861285
37.2543584627
37.3241068515
37.3348894343
37.3407850773
37.3515234791
37.3616260288
37.3660901741
37.3696681377
37.3711349206
37.4123998819
37.4191820465
37.4226047803
37.430284237
37.4425825587
37.4493843562
37.457757852
37.4617717624
37.4716921054
37.4731414001
37.5053058604
37.5162914254
37.5175504185
37.5302912031
37.5352481634
37.5423723288
37.5476546576
37.565148693
37.5759622517
37.591846857
37.6004892703
37.620639713
37.6223850107
37.6666557854
37.6744876878
37.6934118351
37.7035678896
37.7159433943
37.7291582371
37.7509556151
37.7683997614
37.774912367
37.8084501748
37.8228422126
37.8328048433
37.8442864524
37.8627506957
37.8750197471
38.0172316745
38.0642082254
38.0946105338
38.1110698354
38.1426476135
38.1559260759
38.1741921991
38.1935036809
38.2071504543
38.2096320102
38.2366764417
38.2551243293
38.266032403
38.2901874591
38.3386780058
38.3665150477
38.4108543183
38.4325030063
38.4394206115
38.4452382488
38.4552456316
38.4635166639
38.4718095347
38.4734193798
38.4741947929
38.4895626254
38.5078235666
38.5129486206
38.5253927239
38.5260091108
38.5611861363
38.5971598345
38.6060945145
38.6167934096
38.7778914625
38.7890172517
38.7922852934
38.9859405396
38.9874324938
39.0061275426
39.0153853662
39.0308031806
39.0418276307
39.0582114798
39.0674632103
39.083398229
39.0987763503
39.1136482447
39.1277590417
39.1458002661
39.1581775631
39.1791373736
39.2119450517
39.235561284
39.2729291344
39.2774517621
39.3216295022
39.3612272247
39.3988202205
39.4376787012
39.4459328921
39.454845597
39.4587141364
39.5313376458
39.559291209
39.5790488767
39.6052622664
39.6100169164
39.6135380177
39.6261306021
39.6335324223
39.6802804822
39.6922985142
39.6985459359
39.7102005832
39.714560218
39.7258967651
39.7364519168
39.7473376511
39.7570245759
39.7627604457
39.8108543648
39.8154156539
39.8190804847
39.8263723857
39.8385725099
39.8420949372
39.8457211559
39.8534121399
39.8679226271
39.8898380316
39.8912671498
39.9121868226
39.9404098525
39.9444415281
39.9577309695
39.9727339554
39.9800701064
39.9898204061
40.00389136
40.0214981148
40.0239174821
40.15040798
40.2250079319
40.7309644433
40.806450451
40.8233305786
40.992272956
40.9933137014
40.9968372821
41.0044012623
41.0073386548
41.0226420879
41.0324937951
41.038028523
41.0495851523
41.0534609638
41.0770565658
41.1116878643
41.1170974893
41.1403988438
41.1633225048
41.1728209312
41.1791339182
41.1920659884
41.2241017937
41.2320677468
41.2573654869
41.2690672353
41.2833969535
41.2911171739
41.3120143243
41.3176520104
41.3365786463
41.3498454386
41.3603809753
41.3709205946
41.3893400124
41.4089616979
41.432438954
41.4386349558
41.452171445
41.4619014571
41.4745746482
41.4922113216
41.5232568936
41.5643946606
41.5769865658
41.659140549
41.6848800233
41.6933474825
41.7067048379
41.7151955128
41.7258788653
41.7518703927
41.7680477771
41.8089048152
41.8264125675
41.851034031
41.8965430271
41.9223977374
41.963945987
41.9858603738
42.0074974806
42.0145019935
42.0184435469
42.0207740235
42.0238149646
42.0444307325
42.0476186724
42.0482143657
42.0648155359
42.1324480755
42.1381939557
42.1400317497
42.2278162817
42.2367600011
42.2477097808
42.2544922128
42.2551785646
42.2674273001
42.306258945
42.3120413605
42.324421047
42.3319297977
42.3332823421
42.3339394894
42.3450037932
42.3468180665
42.3508112623
42.4213025639
42.4394114432
42.4624522315
42.480507144
42.4947679133
42.5049836742
42.6440513107
42.6761627307
42.6927551541
42.7071356951
42.7527277024
42.770866605
42.7974435428
42.8208114858
42.8272484121
42.8454539081
42.8518582268
42.8791041112
42.8867187499
42.8886878772
42.9457254931
42.9690494081
42.9731821727
43.0186513387
43.0250748615
43.038871472
43.0616112738
43.080710604
43.0937001475
43.1033942542
43.2085273655
43.2197886537
43.2233032621
43.2461973139
43.2521225309
43.2572973617
43.2586145221
43.2608829525
43.2698135009
43.2811924164
43.2929804071
43.2991356462
43.3068393632
43.3099814326
43.3221491208
43.3315767816
43.3443683189
43.3483113826
43.3556050144
43.3602122985
43.3823597845
43.3862249788
43.398989309
43.4005834079
43.406289516
43.4162020632
43.4248140295
43.4279813097
43.430827493
43.4482876675
43.454619842
43.4557701534
43.4685947085
43.5053199257
43.5105151055
43.5400336619
43.5447289145
43.551147262
43.5691961083
43.8543677064
43.8781969516
43.9152293332
43.9426836733
43.969171396
43.9965020327
44.0316221708
44.0335869029
44.0496861619
44.0567683039
44.0685467498
44.1045678696
44.111128855
44.1386516506
44.2532173448
44.291256121
44.3122071898
44.3445614816
44.351188689
44.370554996
44.3804778792
44.4059202533
44.4222414443
44.4279853566
44.4354416424
44.4392476593
44.447670061
44.4626279334
44.4676152574
44.4719119105
44.4749689034
44.4784741513
44.488084765
44.4998222915
44.5116875297
44.5126038451
44.5199833709
44.5269883367
44.5452124928
44.557650833
44.5647927656
44.5832127947
44.5837703807
44.5854766951
44.5975125672
44.610428921
44.6212967048
44.630031189
44.6449342713
44.6651449771
44.6921539766
44.6981772286
44.7050283997
44.7129396479
44.7177456836
44.7354091363
44.742888811
44.7593391069
44.7673850072
44.7686493159
44.7762148553
44.7842021624
44.9215357657
44.9343183176
44.9565584191
44.9823196811
45.0051789208
45.0164595203
45.0384347579
45.0455331165
45.0507665117
45.0688815754
45.0755794258
45.0965692847
45.1127144714
45.1317843354
45.1380556411
45.1693072739
45.1752778361
45.1824014241
45.219862072
45.2409070576
45.2709233196
45.2834594309
45.3131247325
45.3369995729
45.3557614908
45.3619512418
45.3962409965
45.4351174364
45.4987584204
45.500449732
45.5408768228
45.5773092952
45.6148236788
45.6216112926
45.6346427531
45.6463518168
45.6492758326
45.6509025892
45.6629794806
45.6651671028
45.6711998803
45.6719272453
45.6762811187
45.6771009508
45.6902431001
45.6974499177
45.7170460458
45.722648422
45.7260875936
45.7278501964
45.7344475113
45.751213826
45.7541315249
45.7616790562
45.7722197048
45.7747680836
45.7832799188
45.8583749118
45.870272444
45.8824326729
45.9444614436
45.9505240793
45.981738404
45.9957047132
46.0020136578
46.0127565625
46.0211538114
46.0223778089
46.0302977402
46.2793555859
46.2855832722
46.2974441802
46.3050351644
46.3090977594
46.3184922364
46.32878003
46.3303785637
46.3452004187
46.3720773958
46.3924156938
46.4307278071
46.4632667428
46.5118923535
46.5619871187
46.5821774967
46.5995987272
46.6167707808
46.6322794704
46.6497502465
46.6565733545
46.7009695518
46.7409904783
46.7832112809
46.809598285
46.8154206855
46.8313801013
46.8350681266
46.8388239443
46.8396830905
46.8477472108
46.8531978019
46.8702389245
46.8746085328
46.8782405984
46.8873131535
46.8935460871
46.9023101408
46.9031720976
46.9132747793
46.9215036108
46.9341443223
46.955243661
46.9637575875
46.9918962066
46.9928365512
46.9964951913
46.9995933817
47.0200456633
47.025022809
47.0378169734
47.0831341568
47.0874184405
47.0948383787
47.1048038084
47.1153370636
47.1324817578
47.1376677729
47.1547987871
47.1604531204
47.1734181674
47.1789025231
47.1982498575
47.2012940982
47.2939985751
47.3679515456
47.391502972
47.4771061882
47.480505188
47.4921536189
47.5110186243
47.5279244507
47.5381170193
47.5692410207
47.5835601542
47.6016171938
47.6771112932
47.7387437694
47.7762112527
47.7921860747
47.8097493685
47.8315961056
47.8408055358
47.8471524229
47.8695769418
47.8794445198
47.8967729452
47.9277097844
47.9622573251
48.0065197248
48.0149243635
48.0228628871
48.053975867
48.060430791
48.0662979491
48.0784833256
48.0985056037
48.1046980874
48.1097630173
48.117171501
48.1278586104
48.2174824938
48.2219807565
48.2368249499
48.2459479745
48.2871122611
48.3005359865
48.3059753867
48.3224621158
48.3327722369
48.3381829222
48.3393473751
48.3619076182
48.3873760516
48.3882134595
48.3996990638
48.4117125423
48.4192949639
48.4336698568
48.4422076144
48.4590110563
48.4758483745
48.4860433701
48.4917175103
48.5038707861
48.5073447003
48.5172455393
48.5322113409
48.5407215849
48.5705972309
48.5907777929
48.5969614718
48.6172567233
48.6243601225
48.6346596378
48.6598333316
48.6816635214
48.7067366762
48.7206096631
48.7464672336
48.8356601131
48.8695875287
48.9008699763
48.909338328
48.9171712486
48.9550581013
48.9923774239
49.0097048377
49.0285183255
49.1752970097
49.2090267854
49.218622365
49.2241536413
49.2272983542
49.3076312384
49.3173017202
49.3242410591
49.3344223488
49.339758302
49.3459618679
49.3706346825
49.3932566682
49.3983272013
49.5103139895
49.5248922092
49.528426376
49.5343435405
49.5401013426
49.5549892486
49.5673065156
49.576273696
49.9565068055
50.0348795358
50.0411014798
50.0843377363
50.1185231198
50.3033592549
50.3154041798
50.3270421792
50.4167242191
50.4206660469
50.4295963236
50.9693628575
50.9818050888
50.9957447687
51.0152114139
51.0394493037
51.0462571142
51.0525114786
51.0813503761
51.1580612589
51.1818742062
51.2032001139
51.2162841485
51.2242854921
51.2954317306
51.3229837631
51.344996815
51.3792653927
51.4413581766
51.4527971844
51.480864697
51.501182961
51.5406522931
51.5819060358
51.73183752
51.7522599103
51.7605148044
51.7656763374
52.2412444581
52.2530327193
52.2683429914
52.2939619083
52.3150623311
52.3406477048
52.3478283451
52.3602517876
52.3867232998
52.4387977267
52.4783020347
52.4997307386
52.5421188677
52.5629274457
52.6257071148
52.6992922252
52.7330973171
52.7442622587
52.7781124335
52.785407209
52.8095206159
52.8185442886
52.8305838884
52.8384159034
52.8406535459
52.8476064944
52.8494632082
52.8537108734
52.8682594407
52.8694692194
52.8729593231
52.8738471134
52.8777287004
52.887055358
52.9338602426
52.9442962248
52.9474180914
52.9488317625
52.9530468474
52.9602673041
52.9669077641
52.9718801767
52.9756489424
53.0007309855
53.0184597481
53.0304537451
53.0436303077
53.0481305775
53.0613160818
53.1103533904
53.1301650939
53.1523477345
53.2113510495
53.218890346
53.25684374
53.2696506518
53.2898092026
53.3020784933
53.3125308523
53.3182258439
53.3350169317
53.3366756213
53.3450100859
53.3499323848
53.3668762522
53.3849512973
53.4209790706
53.4272143703
53.4440864688
53.4485659965
53.4671986483
53.4685545508
53.5016708234
53.5046219683
53.5162021097
53.536081815
53.6026005811
53.6176391475
53.6661299092
53.6746433343
53.6797919548
53.7080336527
53.7323284873
53.7445855205
53.7509427618
53.7534520826
53.7646168141
53.7847678003
53.8619859955
53.9056409949
53.9438932384
53.947837833
53.9734148826
2225
