6.00215475044
6.006419406
6.00937284183
6.02238833062
6.02557533173
6.03216907942
6.04451800331
6.05624373788
6.0610705317
6.06928291552
6.07630661254
6.08077121527
6.10352144166
6.10700412884
6.1125040277
6.1232546761
6.13508519758
6.14460180478
6.1461980332
6.14698180232
6.16444889717
6.17885071817
6.19144560527
6.1960442292
6.2016323747
6.22096195908
6.23549022916
6.24501770798
6.25610727107
6.26090654341
6.29756426762
6.31519330226
6.49854689284
6.50022076475
6.50229194842
6.52129682898
6.55124420692
6.55986212045
6.58011572679
6.58525375138
6.59696036341
6.61767850863
6.63577276919
6.68538160726
6.69764501494
6.70949662899
6.74685866429
6.75827897423
6.80606111647
6.82678041349
6.85657577827
6.92109881535
6.94859133084
6.95952567297
7.05776664831
7.08265437574
7.09237526081
7.11556195629
7.15847979161
7.20081950741
7.21242593287
7.21939835285
7.22438451542
7.2331449517
7.24105832435
7.24850407072
7.44436141459
7.44820777872
7.45584371185
7.51146015809
7.56915109296
7.57762508166
7.59196706938
7.59718842955
7.61024871218
7.62187257
7.64364602625
7.66520380854
7.68367071232
7.68878721602
7.69529764341
7.7342530245
7.74362946433
7.77136580605
7.78066244102
7.79014147655
7.80326171536
7.82887543116
7.85669580279
7.85901760303
7.99844176184
8.01741702924
8.01905963827
8.06580444927
8.09008709087
8.09172400676
8.1099384905
8.13146591419
8.20647589168
8.21099492464
8.22862894514
8.25143310481
8.40244198482
8.42051033196
8.42781475711
8.42866830785
8.44164166743
8.4495097876
8.45280216251
8.45429890389
8.46069074161
8.47006432904
8.47310831599
8.47788630549
8.48588995038
8.48888839735
8.5049477204
8.51938548771
8.58706681817
8.60119368142
8.60553911428
8.61276367297
8.62062440181
8.62899232924
8.65612304934
8.66903870784
8.68288202873
8.69462887845
8.72283741993
8.74669850544
8.75130169507
8.75401037699
8.7707924357
8.77406421201
8.91430928462
8.97231389222
8.98907006806
9.02932801623
9.0405274082
9.05648082829
9.09114745035
9.10912681627
9.11600176038
9.12540139036
9.14150273375
9.15068453382
9.21319361984
9.32028460293
9.36906793656
9.38672251157
9.41913260569
9.44616971821
9.50280098819
9.50439383795
9.5066895214
9.52582104687
9.55489568081
9.57369632686
9.60069689209
9.60807942142
9.62127988864
9.6295667103
9.63210258377
9.63855380072
9.64841340043
9.64997752755
9.65356901851
9.65751148593
9.66700364496
9.66893333084
9.6752240196
9.67887219588
9.68423089503
9.6978127847
9.70672851622
9.7116572309
9.71539857081
9.72019717067
9.72287545583
9.7431165937
9.76653851007
9.77933173761
9.78193290336
9.78292171964
9.79196546351
9.80082238923
9.80727814031
9.81041711396
9.81458759449
9.82790422213
9.84281598447
9.8540183196
9.85653693365
9.87732752139
9.87861266054
9.88607962427
9.89509154422
9.9028413375
10.0642848962
10.0967064852
10.1120986477
10.1267232399
10.1527267717
10.1721083836
10.1754329756
10.2264337661
10.2659118371
10.2722340121
10.306733975
10.3255710523
10.3420022902
10.3573067993
10.3739257024
10.3806407686
10.3881523823
10.4136946933
10.4283384026
10.4910560264
10.5556031333
10.5715859171
10.5768526217
10.588003367
10.6074864003
10.6529477814
10.7963432747
10.7999105003
10.8139951116
10.8204413703
10.8274483947
10.8391630286
10.8441470335
10.8598993661
10.8650389137
10.8690856748
10.873182788
10.87843579
10.8843780797
10.8865118184
10.8890842825
10.9896619889
11.0182427498
11.0420264947
11.0499148473
11.0647423011
11.0665622389
11.0730794135
11.0784549357
11.1104251508
11.1115199589
11.1245754633
11.1274265127
11.1524025501
11.161705331
11.2119154392
11.2277468405
11.261179776
11.3963180988
11.5235402154
11.6108422341
11.6195570155
11.6325013572
11.6691935839
11.7323269828
11.7635368338
11.7734435213
11.776831102
11.8014390105
11.8286686418
11.8518937675
11.8724585359
12.0074934332
12.0133906419
12.0284743804
12.0404311694
12.1124624475
12.1163036683
12.122603835
12.137728389
12.1591281932
12.1670379252
12.1788361097
12.2365238864
12.2539070478
12.2649937616
12.2758544618
12.2836565794
12.3095939755
12.3277510428
12.4391084385
12.4450825493
12.4514081597
12.4636870634
12.4745282679
12.4906063714
12.5129736131
12.6420093354
12.6559022412
12.6579303929
12.6913540718
12.8341042253
12.8708393522
12.8722272734
13.2062412556
13.2091994721
13.2159488331
13.2251742226
13.2373277622
13.2384875768
13.2432008493
13.2464774135
13.2583233054
13.2667531853
13.2729897987
13.2746399608
13.2788471206
13.2960562349
13.29845841
13.4361017111
13.4406716987
13.4529205361
13.4710879741
13.4749175943
13.484371176
13.4968024651
13.5081985338
13.5250207564
14.2214071519
14.2582863248
14.2684814719
14.2972999845
14.3270945547
14.3399587741
14.3528531513
14.3566462284
14.383365676
14.4023124745
14.4054484731
14.4100783679
14.4240978509
14.4331262565
14.4425466525
14.4483526991
14.5353303437
14.5389076298
14.5396913283
14.5509261035
14.5643536503
14.5707556146
14.585654156
14.6016451793
14.6136475584
14.6152768517
14.6222036424
14.6377882656
14.649695273
14.6543979759
14.6596830718
14.7155906291
14.7208707924
14.7220898455
14.7261012786
14.758895651
14.7603640281
14.8730337054
14.8863696634
14.9100046144
14.919978186
14.9448557788
14.9907351483
15.0264069071
15.03732255
15.0548881943
15.0723941108
15.1072918583
15.1127737952
15.1228572757
15.1315297514
15.1794752329
15.1928815009
15.2028190587
15.2115449245
15.2326807108
15.2354369389
15.2373823166
15.2717546386
15.2865886323
15.3122320183
15.3313454293
15.3393811487
15.3961102272
15.4054365466
15.4394394479
15.4731224895
15.4762180139
15.4912209062
15.5231875954
15.5558334787
15.5693991208
15.6057338031
15.608603851
15.614726031
15.6561717288
15.669188794
15.7006956833
15.7117748084
15.723771603
15.7290675988
15.7319340647
15.7365321921
15.7415009027
15.7684085435
15.7790896404
15.799057855
15.8217456323
15.8230652802
15.8372527869
15.8530503209
15.8586665488
15.8672892173
15.8814540951
15.9032273082
15.9093606893
15.9246527199
15.9291001579
15.9414760254
15.946256223
15.9509937626
15.9652372192
15.9674385082
15.9773159322
15.987814854
16.0001762556
16.0359949921
16.0378104965
16.0544391888
16.3875278813
16.4146203572
16.4534976522
16.4651862052
16.5286966232
16.5299679526
16.5568257963
16.5722248978
16.6012809005
16.630019758
16.6698811502
16.6917369439
16.7167438552
16.739966584
16.7592751911
16.7844689946
16.7975857609
16.8602516915
16.868907431
16.8840017834
16.886547279
16.8909726202
16.9123946883
16.9265418927
16.9351237366
16.9433912644
16.9524482266
16.9778170891
16.9947091306
16.9958389897
17.0037155521
17.0073475242
17.0108040228
17.019422037
17.0278744114
17.0369807
17.047109998
17.0589102958
17.0663462576
17.0695883512
17.0820352995
17.0876093262
17.090082527
17.0996521242
17.1085566549
17.1130818041
17.1202514069
17.1296639857
17.1607570581
17.1670162361
17.1779679438
17.1864905373
17.1918316732
17.2017464116
17.2217931848
17.2432938953
17.2531439633
17.2834366964
17.3151684517
17.3245444483
17.3282389333
17.3448757391
17.4130686169
17.4166206116
17.429657574
17.4390995872
17.45416606
17.4702946973
17.50714403
17.5264240367
17.5531827178
17.585270726
17.601256114
17.6234065378
17.655608775
17.6931349568
17.750094322
17.7865851614
17.8223758105
17.8369509478
17.8619774255
17.9510715722
17.9538437566
17.9782431513
17.9922765898
18.0103358519
18.0267730314
18.0316334842
18.0367086483
18.0406158931
18.0435319596
18.0484912412
18.0554013333
18.0636219628
18.0793050098
18.1171479323
18.1220809537
18.1238963548
18.1456577142
18.1463123442
18.1470978371
18.1527744329
18.1641258482
18.1748904999
18.1784435689
18.1859282714
18.2038097429
18.2080023696
18.2483256245
18.2571048965
18.2615174762
18.2752189427
18.2879600525
18.3321382703
18.3361021222
18.3403411936
18.3549387828
18.3705138613
18.3792942782
18.4077943903
18.418832872
18.4216941821
18.4337517565
18.4388104111
18.4437898885
18.4702173728
18.4817212185
18.4958059046
18.5143562043
18.535934972
18.5437395863
18.6641918376
18.6778550839
18.6939266925
18.7046519463
18.8092168577
18.8172668111
18.8472124448
19.0832348958
19.1977927157
19.2009996083
19.2047923097
19.2084744655
19.2126425289
19.2176396367
19.2182024316
19.2225314563
19.2276546475
19.2381559474
19.2461842373
19.2619072491
19.2698143247
19.2784377555
19.2903545667
19.3182985062
19.3288192784
19.3374643163
19.3556703888
19.3636986772
19.3689531356
19.3707021412
19.3851028363
19.3919305421
19.4163741718
19.4246525924
19.434419117
19.4834448367
19.4899484417
19.5004045546
19.5235193446
19.5359397295
19.5440011
19.548554046
19.5552109168
19.5955843436
19.6028291097
19.6071728602
19.629692171
19.6407124082
19.660802633
19.6746424187
19.6921648004
19.7039418337
19.7119033212
19.7275695227
19.7384121977
19.753591861
19.7701653091
19.7830295558
19.7904036682
19.8090067886
19.817558475
19.8482960868
19.8541713411
19.8793556868
19.8810578765
19.8938252167
19.92953471
19.9376053444
19.9631364294
19.9754893983
19.995954372
20.0269395668
20.0434289784
20.0563141109
20.0880288374
20.0895714771
20.1449689045
20.157043765
20.1666463414
20.1926778662
20.2051325025
20.2693175974
20.4037059433
20.4048507955
20.407593144
20.4105742294
20.4138436367
20.4254472039
20.4353399442
20.4446476606
20.4562449191
20.4676390778
20.4717097993
20.4805998513
20.4826173573
20.4904219027
20.4955346613
20.5141524883
20.5221159003
20.534438344
20.5444660457
20.5508936356
20.5658034482
20.5967480102
20.6141780255
20.6327920479
20.7141555373
20.7176952448
20.7194569081
20.7762285152
20.7947704499
20.8061872607
20.8112094181
20.8260595935
20.8424623595
20.8439487657
20.8528858781
20.860012915
20.8777963793
20.8991463838
20.9224541988
20.9364148511
20.9759112302
21.1126010912
21.1262063896
21.1460802328
21.1744262061
21.1985376012
21.207619409
21.2276053505
21.2374321959
21.2629630303
21.3371293808
21.339548211
21.3978668135
21.4495720899
21.4824611512
21.5069123947
21.517466636
21.5303736002
21.5419796065
21.6083766332
21.615204208
21.6208422279
21.6267582909
21.6321262241
21.6414443086
21.661403665
21.6689472233
21.6727227155
21.6756530846
21.6910635261
21.6952686706
21.7075607866
21.724025839
21.731079756
21.7410434905
21.7462957809
21.7656127338
21.7716303591
21.7730527241
21.8013320394
21.8253045424
21.8441745532
21.8476288065
21.8495136361
21.8728485855
21.8810336723
21.8847320601
21.8855844506
21.8919958011
21.8984237646
21.9054568547
21.9097061692
21.9256062475
21.9365223687
21.9555931928
21.9637493055
21.9737127525
21.9809052086
21.9996547988
22.0076646055
22.0154828744
22.0197637548
22.0348814974
22.0504182103
22.060148668
22.0786134804
22.0904725063
22.0925472561
22.1013851152
22.116535004
22.1380224703
22.1521324608
22.1666004765
22.1833871342
22.2916509696
22.298396536
22.2996284322
22.3054227816
22.3237537057
22.3384151091
22.3569754888
22.3800926158
22.3856402917
22.4210766291
22.4450880762
22.4753225637
22.5023374127
22.5119445677
22.5146643148
22.5430652731
22.6464831223
22.8071011903
22.8082184177
22.8133644227
22.8558197452
22.859808462
22.8668494106
22.8684921288
22.8815638144
22.8854236886
22.9091026267
22.9125385376
22.9222564612
22.9792976784
22.9836801341
23.0011120654
23.0309498446
23.0392565987
23.0434522053
23.0476865516
23.0562549231
23.0599408712
23.0649912326
23.0664191333
23.0809773983
23.0908054307
23.0969695642
23.1019226946
23.110113013
23.1143997053
23.121079632
23.1340701514
23.1443795979
23.1580141735
23.1644072825
23.1720835277
23.1866106177
23.1899452935
23.2087475534
23.2313943616
23.2685279518
23.3444670469
23.3566056946
23.4007278584
23.4452552061
23.4554921183
24.0033579925
24.0085753321
24.0094159162
24.0297560073
24.0380882038
24.0445456423
24.0500997634
24.0643583045
24.097152465
24.1041604005
24.1117133147
24.121734756
24.1228901011
24.1332860909
24.1364827456
24.1464379961
24.1652834358
24.2034463504
24.211912002
24.2128036601
24.2173225927
24.2225187757
24.2313791628
24.2358170316
24.2581031405
24.2604563182
24.2680527646
24.2692650901
24.3238854573
24.3312697948
24.5971633496
24.6147135808
24.6532881672
24.692901881
24.7139257128
24.918844074
24.9259205137
24.9288668929
24.945724754
24.9801976092
25.0033293098
25.0110983153
25.0228200356
25.033389986
25.0643716497
25.0755630135
25.0973338841
25.1287357262
25.1715612368
25.2280646947
25.3915668599
25.3943144139
25.3953959844
25.4046344491
25.4208726525
25.4260014377
25.4322008066
25.4539085673
25.4588914615
25.4677857384
25.4784268474
25.484598108
25.4917504677
25.498732595
25.5202282788
25.5534183932
25.5542240418
25.5666800089
25.5721053166
25.5779594468
25.6360964471
25.6621755014
25.671127113
25.6728267804
25.690035396
25.6970195523
25.6984125479
25.7474323423
25.7740812429
25.7823893495
25.8021118573
25.8124308173
26.4279256696
26.4387480829
26.5103713509
26.5170405046
26.5241526931
26.5286736899
26.5363020422
26.5469549036
26.5488308333
26.5559519037
26.5751863245
26.5944068098
26.6428571758
26.6761788457
26.685866506
26.7014569263
26.7243332197
26.7312682594
26.7451208805
26.7567075159
26.7639480024
26.7671662112
26.768363827
26.785615548
26.8020347128
26.8465253193
26.8753390531
26.8947989435
26.8992078943
26.915569443
26.9237749965
26.9389489013
26.9508241573
26.9539879214
26.9619348908
26.9746168227
26.9944016158
27.0035050592
27.0274556155
27.0494190171
27.0830901324
27.3371751424
27.359922834
27.3923360772
27.4499748099
27.6077769267
27.6155520248
27.6673225236
27.6941369557
27.6991054819
27.7072389174
27.7207160229
27.7313237818
27.7404779314
27.7494619785
27.7618337967
27.7745047995
27.7914304775
27.7993106234
27.8225215214
27.8296916899
27.8357197413
27.8478910451
27.8641607245
27.8668146496
27.87776574
27.8928393005
27.8986376802
27.9100011973
27.9113704925
27.9126195029
27.9252951243
27.9363168394
27.942294293
27.9554146311
27.9585096094
27.9610826512
27.9655488351
27.9733536187
27.9899508491
28.1218171286
28.1366255271
28.1495308573
28.1660603476
28.1884017905
28.2002676178
28.2022963544
28.2577559207
28.2813160981
28.3017020969
28.3289940678
28.3322835689
28.3404171848
28.3537013422
28.3769242683
28.4541052449
28.4580764593
28.4796548856
28.4963927239
28.5145530712
28.5229369686
28.5332432657
28.5513251527
28.5692498751
28.5761361359
28.5789367486
28.5989327075
28.650874051
28.6795438873
28.702636124
28.7147374344
28.7179912936
28.7327848315
28.7670091534
28.8219256349
28.8270474424
28.8321269062
28.84812034
28.8610201836
28.870051034
28.8797605808
28.8824621442
28.8919125256
28.8984678163
28.9313434734
28.9324696805
28.941612049
28.9514810517
28.9634069936
28.9759723292
28.9899022489
29.0083011645
29.0225690394
29.0313221049
29.046070907
29.0587074458
29.0642710262
29.0668151754
29.073812962
29.0833647856
29.0961408224
29.1060152345
29.1206172998
29.1269692231
29.1314067468
29.1570761225
29.1720110205
29.1977684929
29.211699201
29.2160789819
29.2389967768
29.2518618054
29.2581450878
29.271341521
29.2757521301
29.2940447993
29.3482642785
29.3547905883
29.3739847793
29.3793969848
29.3951576407
29.4620753868
29.479383472
29.4899559438
29.5282100191
29.5427144615
29.5492961931
29.5679779292
29.5934925967
29.6295314405
29.6785590436
29.6992755989
29.715797357
29.8360511922
29.8554042337
29.9088770624
29.9163837597
29.9233373743
29.9635457884
29.9795623957
30.0120017907
30.020091656
30.0259887499
30.0445435756
30.05280119
30.0537345686
30.0655154428
30.0760770969
30.0775907117
30.0937855287
30.1013302149
30.1037305463
30.1106342495
30.1279150582
30.1304112673
30.4198846273
30.437289719
30.4455401329
30.452556501
30.462265686
30.4737995111
30.5002729756
30.5426235645
30.5524177713
30.5590393643
30.5738195402
30.7322646219
30.7496341555
30.7871468045
30.8014614859
30.8125217814
30.8554588598
30.9185571791
30.9680102828
31.0517855357
31.1298450011
31.1412097048
31.1562899875
31.1759427113
31.2055706165
31.2082391247
31.2457007453
31.2587515224
31.2819362376
31.2864770516
31.2957720763
31.2992757055
31.3062384263
31.3097348159
31.3380633404
31.3487415984
31.3656173545
31.3791921296
31.3854751553
31.3909481644
31.4098208117
31.4156080985
31.4566360957
31.4964794935
31.5150291339
31.5314491609
31.5512858677
31.5627569724
31.5766395494
31.5825412951
31.7700607174
31.7875217876
31.8034182207
31.8137006662
31.8173774943
31.8297342139
31.8439851745
31.8467169235
31.8682631516
31.884983004
31.8991462497
31.9164169729
31.945509163
31.957162921
31.9872201839
31.9989331314
32.0430122398
32.0598419464
32.0871007666
32.1044414275
32.1292271992
32.1442653552
32.1602264504
32.1742937063
32.1859713229
32.2120934453
32.2256250232
32.2276394775
32.2721355451
32.3019767846
32.328650018
32.3637967438
32.4076439404
32.4128892985
32.4185169773
32.4246407057
32.4267901503
32.431466501
32.4391219024
32.4488744661
32.4539062909
32.4574666765
32.4715499908
32.4770530703
32.4793225022
32.4900355043
32.4954400389
32.5062763823
32.5095858872
32.5135927253
32.520389619
32.5246499795
32.5684916203
32.5769641387
32.5820701759
32.5900760174
32.5911266205
32.6048693815
32.6150949034
32.6244864085
32.6356554929
32.6507440026
32.6514241501
32.6616717088
32.6675379981
32.6850518402
32.6943281669
32.6954835658
32.7102029862
32.7443860805
32.758908027
32.7650945883
32.7712149665
32.8067717924
32.8080244404
33.1472154831
33.1639764387
33.1806406077
33.1970781766
33.2102424339
33.2203404311
33.2506076477
33.289733329
33.2979081581
33.3631728684
33.3647769609
33.3821610045
33.3916137025
33.4035426857
33.4342959478
33.5612484105
33.5722928583
33.6059484054
33.6119339699
33.6159488795
33.6454085378
33.6542137514
33.6585784223
33.6670146236
33.674366356
34.0020022774
34.0151793314
34.0199854141
34.0404223815
34.0612619297
34.0652298009
34.0674111276
34.0987881006
34.1289381324
34.1394497084
34.1465645132
34.1643933166
34.2659682775
34.2876473929
34.3147266478
34.329364938
34.34205329
34.3571485202
34.4135946408
34.4272239425
34.4417721824
34.4491881689
34.4652882375
34.4878079956
34.5293819264
34.534846122
34.5461526764
34.5643757969
34.5691191704
34.5937421049
34.6147272367
34.6373648095
34.6416210545
34.6499548668
34.6576795704
34.6754205556
34.7229271004
34.741254702
34.8039139359
34.8184817033
34.8218220189
34.8272580411
34.8383372916
34.8515821343
34.8537081675
34.8760852578
34.8819540362
34.8884223463
34.8981277652
34.9083901112
34.9141100423
34.9250613117
34.9312481696
34.9377182593
34.9419047107
34.9466985133
34.958928564
34.9735613904
34.9761987283
34.9824474437
34.9864536607
35.0038227571
35.0164633151
35.0257532789
35.0314569809
35.0372242696
35.0528417002
35.0638520664
35.0736984451
35.0811347004
35.0945621025
35.1030671784
35.1075031346
35.1163948018
35.1273709257
35.1293526002
35.134306199
35.1449630872
35.1546618602
35.1591939945
35.1636080993
35.1782482838
35.1943727454
35.2069087129
35.2082703934
35.2136028779
35.2305965458
35.2505468669
35.2597179995
35.2713879646
35.2865930961
35.3028919371
35.3103303252
35.3169534308
35.3451998289
35.3504752137
35.367170373
35.3685602451
35.3867887918
35.4148377831
35.4464670686
35.461470443
35.4929002843
35.5067533489
35.5156897901
35.5214368189
35.5286647238
35.5408566129
35.5620636443
35.585274497
35.6064655311
35.6244433195
35.6513120149
35.7064995613
35.7494185756
35.7718357421
35.8213814653
35.8449986022
35.8503461615
35.8886852399
35.9343790735
35.9591945847
35.9887866823
35.9945320791
36.000777208
36.0043147324
36.0055684697
36.0155043084
36.0196839913
36.0273625848
36.0340616907
36.0399628452
36.0506342717
36.0585980977
36.1424936383
36.1582062364
36.1660750296
36.1765297182
36.1786634892
36.1937759513
36.1985281066
36.2111168301
36.215037938
36.2221557768
36.2265324736
36.23305466
36.2583320231
36.2691963922
36.2878866771
36.2894978286
36.2921541075
36.2965551502
36.3002333286
36.3031197597
36.3756758176
36.3828640285
36.3872815738
36.3996991368
36.4071072488
36.4085975898
36.4150732493
36.4199254339
36.4238805513
36.4288686731
36.5764971183
36.5780563019
36.601114902
36.6108803924
36.6330980249
36.6600715949
36.6704287816
36.6893321204
36.6916295981
36.7648160886
36.8097928881
36.8263300038
36.8463374606
36.8639386691
36.8813677611
36.9050594784
36.9419393
36.9470811011
37.1626842278
37.1731053037
37.1935859123
37.1994613727
37.2318288944
37.2413320587
37.2527221862
37.2618456908
37.2721953157
37.290494993
37.2932362536
37.3079959466
37.3112669678
37.3240407685
37.3314991216
37.3438994274
37.3522313534
37.3613456842
37.3768819687
37.5816882387
37.5837978663
37.5997848731
37.655395286
37.6625389461
37.6816266644
37.6960919601
37.7066912253
37.7214191557
37.7507381822
37.7935458666
37.8604456101
37.8620222558
37.8781604988
37.8878492871
37.9071311138
37.9472979719
37.9588836029
37.9849233599
38.0234005809
38.0395359402
38.0510497012
38.0837035458
38.0942914876
38.1077203736
38.1293925838
38.1746810164
38.2052552615
38.2154609198
38.2483832151
38.317948328
38.3299363926
38.3553765701
38.3899720983
38.4061914561
38.4152234592
38.4197498034
38.4741955017
38.4783143714
38.4886686652
38.4949749372
38.5063522349
38.5112326382
38.5214736653
38.5311816195
38.5369694174
38.542587973
38.5503344532
38.5631588848
38.5765681073
38.5916677049
38.6088458209
38.6235696349
38.6278585156
38.6368970242
38.650277189
38.6560610928
38.6575092933
38.6730272056
38.6826088353
38.8751231014
38.8840261417
38.889612556
38.9116648453
38.9197241367
38.9298411582
38.9444981071
38.9694636604
38.9964103303
39.0969688618
39.1172103531
39.1468113098
39.1661672894
39.1714414921
39.1740433064
39.1930855813
39.3653823298
39.3987244678
39.415441908
39.42652068
39.4286561639
39.5054972246
39.5839063146
39.6112954671
39.6378908487
39.6445563952
39.6566064765
39.6642997541
39.6711495392
39.6775431829
39.6902032649
39.6935921018
39.7281325981
39.7315841115
39.7347434058
39.7379689198
39.7599608484
39.7771941735
39.7840648981
39.8041264545
39.8167174823
39.831520071
39.8354364896
39.8365977267
39.8413447923
39.8604469627
39.8710191065
39.8791009217
39.8876215361
39.9241983376
39.9400886113
39.9477243007
39.9628546572
39.9733124942
39.9750993888
39.983918534
39.9951073819
40.0070235463
40.0231652291
40.0278587467
40.036349064
40.0504240646
40.0581406346
40.0621044641
40.0832190815
40.094697995
40.1133881888
40.1173778386
40.1380570956
40.1476339429
40.1731602572
40.1780088018
40.1922518537
40.2022511355
40.2139766046
40.2199304289
40.2401949919
40.2451772916
40.2476976009
40.2552416968
40.2588305076
40.2848786701
40.2946726237
40.3045148281
40.3458880592
40.3482051852
40.3620339181
40.406464687
40.4352997386
40.4819099792
40.5006342626
40.5771931734
40.6091696724
40.620713789
40.6437837372
40.6597088237
40.6764130254
40.6783863914
40.7140395515
40.7768594731
40.7933549234
40.802682564
40.8093110352
40.8159469677
40.8165290386
40.8238721916
40.8541959441
40.8637570806
40.8749040036
40.8819482604
40.8898824697
40.9037280332
40.9090984797
40.9221216507
40.9472731837
41.0566502614
41.0637207055
41.0795462392
41.1218195055
41.1353558024
41.1441841922
41.1598381778
41.1742068532
41.195618593
41.1970751169
41.2058743006
41.2214730779
41.3126919918
41.326597028
41.3740805655
41.381756187
41.4038077583
41.4081466216
41.4409865814
41.4541857793
41.4808241294
41.5151909701
41.523127481
41.5450385095
41.5600025431
41.5855820906
41.6079280665
41.6107741022
41.625211586
41.6361644297
41.6789036443
41.7385501256
41.7759131473
41.8134074405
41.8409334875
41.8525798917
41.8728816707
41.9026125647
41.933297561
41.9422698885
41.9781331682
42.0048279629
42.0122690085
42.022607832
42.0260405558
42.0406832189
42.0501434084
42.0586111775
42.0628234667
42.0684794664
42.0853602973
42.088718003
42.0924778701
42.1000493117
42.3931432762
42.3984194972
42.4279164528
42.435245551
42.4414432086
42.4549492209
42.4625757153
42.4710931092
42.4752177615
42.5175282079
42.5184604108
42.5639000856
42.578744329
42.5921386136
42.6077467019
42.6167780382
42.6572675216
42.6661737204
42.6879223702
42.7086205277
42.7318877016
42.7341604236
42.745315108
42.7528266877
42.7576687078
42.7818493232
42.8660207162
42.8834122023
42.9173185426
42.9393317643
42.950724359
42.966238695
42.984392971
43.0043773819
43.0314914405
43.0397671993
43.0732537365
43.1101476405
43.1206415245
43.2026039284
43.2120717881
43.9485929172
43.9967275626
44.0194704732
44.0503906184
44.088295274
44.1190681864
44.1284447184
44.1713476492
44.2107230636
44.2273177897
44.2459420755
44.273646144
44.2769878677
44.3026829547
44.4066765673
44.4100986746
44.4176376128
44.4351341235
44.4488611678
44.4534479665
44.4605267632
44.4618580902
44.4682620457
44.4736212197
44.4745713296
44.4843170429
44.4993249538
44.5061551003
44.5084318225
44.52176901
44.527627509
44.5309520629
44.5325533524
44.5560651645
44.564845734
44.571660132
44.5760704898
44.5814033527
44.584932198
44.5936985539
44.6040716869
44.6167639639
44.6227968172
44.6304946996
44.6440276442
44.6468897822
44.6523702005
44.6559819564
44.6652337165
44.6739242496
44.6751780718
44.6776812655
44.6862298656
44.6889883693
44.7158805986
44.7755313893
44.7840801978
44.8154902658
44.8308600817
44.8358014927
44.9428164125
44.9685889324
45.0004677535
45.0148768358
45.130269629
45.1506825865
45.1613911648
45.1871691127
45.202285444
45.2279603366
45.2546071854
45.2677669223
45.2806557804
45.2964654628
45.2999901844
45.3071889083
45.3350626015
45.3571161539
45.3640870089
45.3717483508
45.3967531429
45.3996139136
45.4075347703
45.4155760815
45.4362610936
45.4458536988
45.4551694009
45.5075630612
45.5414604344
45.5730407297
45.6158504376
45.6285132706
45.6353225569
45.6360831945
45.641212855
45.6513442992
45.6555818294
45.6614997176
45.6723216649
45.6767785068
45.6847622266
45.6945193232
45.6993312679
45.708549127
45.7354299797
45.7384601145
45.7436551032
45.7616740523
45.776557709
45.7840777869
45.7947470939
45.8002851993
45.8036639271
45.8180416642
45.8241586122
45.8379296984
45.839864266
45.8568867211
45.8639713827
45.8766161829
45.9394628434
45.9611548295
45.9696998004
45.9932709278
45.9981776737
46.0094459385
46.0218565203
46.031257395
46.0420477235
46.0612237169
46.1436161125
46.1794409033
46.1915698435
46.1958283178
46.22192337
46.2260852235
46.2365529088
46.2547957502
46.255970017
46.3330366198
46.3487545936
46.3711775081
46.3823711299
46.3877054719
46.4124926438
46.4215594749
46.4425088601
46.4640473082
46.4835126283
46.4930286849
46.5094463651
46.5173549185
46.5244449874
46.5902521562
46.6377855033
46.6497243193
46.6533669499
46.6692901235
46.7044945761
46.7648320491
46.7852702559
46.8050907002
46.8106873914
46.8294171811
46.8388014894
46.8455764654
46.8511754542
46.8626033611
46.8706322948
46.8802007652
46.89198375
46.9018926823
46.9138003967
46.9249551805
46.9297046972
46.9438212331
46.9544610496
47.1151861332
47.1360883463
47.1460334766
47.1662289207
47.1798326031
47.2109358051
47.2334930454
47.2459681832
47.2592530628
47.2678002364
47.2921084599
47.3092020631
47.3105710953
47.330374278
47.3830459701
47.3849154447
47.395712571
47.4170202808
47.4331301586
47.4430549088
47.4534334452
47.4576453039
47.4719255806
47.4844584669
47.5288387791
47.5338149777
47.5557631579
47.5612402564
47.57618538
47.6062871152
47.6256775394
47.6664665623
47.7223633017
47.747361793
47.7691175412
47.7712904723
47.7801891574
47.7973898755
47.8195513974
47.8318563034
47.8498172308
47.8710207764
47.9723332968
48.0053936381
48.0071716801
48.0182250667
48.0328813009
48.0400119172
48.0406635081
48.0560042854
48.0838276534
48.0906991705
48.0982140362
48.1054397584
48.1085049813
48.1096064565
48.1102634974
48.1513423118
48.1662398271
48.1823360253
48.2095679945
48.2219302763
48.2296011999
48.2348441469
48.3368761762
48.3513530325
48.6757361987
48.6857568418
48.7048750708
48.7283973058
48.7718074783
48.7859589715
48.7968694634
49.2044133936
49.2256056126
49.228195691
49.2338825095
49.2344099801
49.2366815661
49.2701471192
49.2883349794
49.2954913989
49.3072028395
49.3428419302
49.3565513583
49.357205974
49.3728902079
49.3893889741
49.4032105145
49.4160100316
49.4257021193
49.4417331151
49.4487745869
49.4671560172
49.479584023
49.4860737806
49.5031864555
49.5054802224
49.5105215602
49.526746542
49.5278625959
49.5530973549
49.5869056887
49.5905945749
49.5939184428
49.6072362514
49.7104079489
49.7215443563
49.7350319131
49.7494056954
49.7602790604
49.7658950219
50.4079782012
50.4129866463
50.4284757223
50.4502052586
50.4529991537
50.4734097117
50.4882870454
50.4938889423
50.502393403
50.5119490409
50.5242447514
50.5345025063
50.5398171548
50.5425004897
50.5441829144
50.5552178725
50.5694381551
50.5763593976
50.5825113818
50.5938717933
50.614551055
50.6188797089
50.6420486321
50.6594372177
50.6633506616
50.6708799029
50.7152356248
50.7236488121
50.7346545731
50.7449027404
50.7616645497
50.7647563377
50.7663528534
50.7722225531
50.7958303009
50.8126664843
50.8781499414
51.0253692357
51.0375140873
51.0645255776
51.0797382375
51.0851691584
51.1130558299
51.1250964358
51.1364457089
51.187764979
51.2076488026
51.218600356
51.2431365982
51.2479413985
51.2845051501
51.3062703679
51.3514772826
51.3688998721
51.3857124437
51.3897914925
51.4057932897
51.4332546652
51.4655901154
51.4983354381
51.5595078173
51.607346962
51.7083875501
51.7186456017
51.7274675204
51.7424299334
51.7484055539
51.7615233153
51.7749456495
51.7791715344
51.7980124192
51.8001467026
51.8095716968
51.8203271682
51.831466696
51.8340403418
51.8444778829
51.8515463254
51.8634511588
51.8802670483
51.894342445
51.9246499361
51.9352512485
51.9412370857
51.948636434
51.9756720507
51.9879298664
52.0224000553
52.0402069392
52.0512150226
52.0609471716
52.0704234327
52.079136741
52.0909864562
52.0936784774
52.0991572843
52.101963092
52.256701241
52.2627707892
52.2706327473
52.2875050836
52.3098395217
52.3296955282
52.3434239355
52.3613016407
52.387599165
52.4048899109
52.4160010402
52.4404602918
52.4778433803
52.5553655103
52.6064263574
52.6438171951
52.6493167317
52.6639636113
52.6740675926
52.6926148447
52.7111559919
52.7610007428
52.7865983267
52.8073340886
52.8170826366
52.8267949708
52.833305288
52.8387764362
52.8432797417
52.847797993
52.8487447388
52.8606654566
52.8656017095
52.8714916369
52.8737456054
52.8902941853
52.9021107487
52.9034482398
52.9063789519
52.9118610131
52.9163102183
52.9257273522
52.93048532
52.94288708
52.9476234274
52.9504533822
52.9595357161
52.9724522208
52.9990435582
53.0146034927
53.018052897
53.0350312899
53.0398478333
53.1850475742
53.1946967328
53.1955566049
53.3219339974
53.3340026506
53.3469781952
53.4046492055
53.4242469221
53.4341369868
53.4506089069
53.4733485911
53.5146226852
53.5407382455
53.5514396109
53.5662086918
53.5978858454
53.7315235696
53.7714327439
53.7813603329
53.7875788241
53.7946522621
53.8323843144
53.8685105662
53.8720164632
53.8951772796
53.9335119352
53.9512502474
53.979774274
53.9932572922
2190
