6.00269652732
6.00411064701
6.0061588331
6.03418883142
6.04032900219
6.04548327483
6.05090014854
6.06321825474
6.06658533072
6.06858821242
6.07571986834
6.08346532947
6.09232897966
6.0957837095
6.10293625485
6.10944248617
6.11769989607
6.12920998269
6.12983101414
6.15165702021
6.16246215236
6.17483959637
6.18716117109
6.21393120086
6.31360152746
6.3291997219
6.35336067444
6.50323301564
6.50638169609
6.5156467821
6.51822963112
6.54797127625
6.54894481621
6.5546570522
6.56007351996
6.56953742833
6.57739819963
6.61188747684
6.64330307304
6.65237348326
6.65958610352
6.69397525601
6.79429452583
6.81308065942
6.83453882458
6.84687113535
6.89159539698
6.89747453043
6.91940097117
7.02581905505
7.0546648978
7.06511067376
7.0863613503
7.11991066537
7.15878303925
7.16647283151
7.17643984589
7.20325317984
7.21026214331
7.2126946645
7.22301685884
7.23530305636
7.24089139044
7.2506746399
7.25491862602
7.25555889257
7.25636190929
7.2686289468
7.28548354564
7.29574093317
7.29661521724
7.32890922246
7.33999772062
7.40937580553
7.43269363121
7.43495294553
7.44294489097
7.45749202376
7.47543229167
7.4865594072
7.50187262687
7.51581066346
7.55970977409
7.57268834163
7.57723007486
7.58861572399
7.61898250149
7.63109011979
7.6505796289
7.69592874525
7.69899725118
7.70014477789
7.70714188261
7.713795056
7.75469070236
7.7765081398
7.79892036447
8.36700610268
8.39137592625
8.40654579106
8.4144752731
8.41970016761
8.44560347653
8.45268063912
8.46011552726
8.49747654249
8.50844325178
8.51644831029
8.51727966497
8.53418444977
8.54715262672
8.54770305626
8.55422590692
8.55995488648
8.61822112775
8.61893576464
8.62582917312
8.63869892836
8.6402425887
8.64739771439
8.6567741907
8.6615350285
8.6742003646
8.67888340127
8.68263970549
8.72663340474
8.73571707137
8.74420385107
8.75722334555
8.76979501385
8.7777455865
8.79045787444
8.80790093894
8.84728816781
8.87706980688
8.90135017906
8.91036894377
8.92062994384
8.92312899456
8.92829810595
8.95510042711
8.96016214384
8.97762560518
9.00888252281
9.0137088888
9.02235621365
9.03990488275
9.04367388831
9.05380271179
9.07101445829
9.09041125305
9.10070724275
9.52125854611
9.5593069546
9.59553034894
9.60534962631
9.61243767923
9.62779144872
9.63274468241
9.63523425107
9.63912406277
9.64945821273
9.65618741901
9.66532334901
9.68513342655
9.69005781197
9.69446727609
9.70133551754
9.70725654241
9.71445308552
9.71678220208
9.72163526847
9.7348243013
9.7461289119
9.75933314199
9.76139323366
9.76735427716
9.77414404797
9.77787832589
9.78040767663
9.81312497165
9.81511114648
9.82089224144
9.84104926143
9.8627082067
9.87720953278
9.90810309775
9.92854578508
9.93399724234
9.95801333303
9.96499073054
10.3753485333
10.3902417117
10.3939714103
10.4382204081
10.4719194897
10.4849178021
10.4931103213
10.5040230694
10.5113226079
10.5318367317
10.5436113473
10.5617387487
10.7082736298
10.7755574924
10.8006631455
10.8027984028
10.8152825211
10.8189821814
10.8364744756
10.8397322294
10.849079424
10.8560538359
10.8597438092
10.8829299778
10.8882735556
10.8916386227
10.8996698315
10.9118672876
10.9207503498
10.931232464
10.9410895681
10.9481844156
10.9597343555
10.9661217594
10.9702379819
10.9750253491
10.980708324
10.9991634514
11.0043015388
11.007218088
11.0140651416
11.0162909384
11.0229572008
11.0273154406
11.0349654821
11.0496003639
11.0512315413
11.056682075
11.0673212955
11.1777088375
11.1871150002
11.1991440258
11.2151495294
11.2261892326
11.2413393012
11.2499370481
11.2695460871
11.2742970862
11.2889745933
11.2961792725
11.3076439296
11.3216737143
11.3322809318
11.3510949709
11.3671660474
11.3806964959
11.4033485503
11.4178182135
11.4788761133
11.4929823737
11.5372479129
11.5446620462
11.5459824388
11.5682996792
11.5843015865
11.613917494
11.6280144378
11.6943900076
11.7257183067
11.7404447314
11.7436943616
11.8437416393
11.8541235925
12.0012430785
12.0090978495
12.0177033328
12.0314105086
12.0427879636
12.0517997113
12.0565399817
12.067434348
12.0686973983
12.0746743054
12.0808022142
12.1064488746
12.1383911644
12.1462621298
12.2372676233
12.2506440967
12.2566541154
12.2698781811
12.2736341811
12.2811832819
12.2946581555
12.3121824003
12.3197065663
12.3687745609
12.4100218676
12.41455627
12.4350229702
12.450142037
12.5550240488
12.5882787789
12.5964341516
12.602939471
12.6249467167
12.6319908714
12.6428076305
12.6690901911
12.6881553855
12.7039551029
12.714456007
12.73484737
12.7509718642
12.7631120956
12.7841566576
12.7983445646
12.8681302589
12.890995181
12.9549312308
12.9908990402
13.0215532843
13.0260217352
13.0387803321
13.0596982411
13.0853439167
13.0944401684
13.111980491
13.1349543205
13.170879984
13.2007091089
13.2057978005
13.2088421195
13.2149105537
13.2172390368
13.227997581
13.2355148079
13.2374320629
13.245523724
13.2576076763
13.267387577
13.2820920318
13.2961184229
13.2994907916
13.3044241011
13.3222564624
13.3265220221
13.3308421833
13.3407621394
13.3458171596
13.3592960958
13.3713057643
13.3722610428
13.3773145611
13.3928793911
13.4051898862
13.4250381657
13.4468352088
13.4730494602
13.4740928841
13.4861377424
13.4946937089
13.5089033849
13.6117978694
13.6145146256
13.6375624844
13.6454966839
13.6587544824
13.8140788977
13.8291010592
13.8516146507
13.8573067783
13.8798921023
13.8810829062
13.8889691836
13.9055090716
13.9325596067
13.939116521
13.9477072012
13.9530068423
13.9734987017
13.9913803164
14.0309575302
14.4098698727
14.4158670318
14.4221208553
14.430345509
14.4375254906
14.4532393876
14.4583899976
14.4650882513
14.4841473358
14.4989330327
14.5253966674
14.5281068926
14.642722441
14.6536582371
14.6930733315
14.7052963456
14.7180494855
14.7332563622
14.7544220235
14.8504699041
14.8556584812
14.8676277422
14.8831472119
14.8896193362
14.906556711
14.9076016476
14.9161975086
14.9330195748
14.9370067183
14.9462354263
14.9476927154
14.9678491228
14.9776964632
14.9867930217
15.1265973347
15.1462126873
15.163634229
15.1747570306
15.1928345459
15.2377277292
15.2835063795
15.2936950076
15.3230254703
15.3564331739
15.3788463424
15.397235296
15.4307982936
15.4473389739
15.4559433992
15.4790959214
15.5075741169
15.5177408705
15.546712081
15.5638417498
15.5742432765
15.6078472232
15.6125234365
15.6168454108
15.6244637911
15.6533614855
15.6571106908
15.6577180288
15.6722791462
15.6761655982
15.6796383405
15.6885941586
15.717781854
15.7220160662
15.754133096
15.7594677971
15.7631437264
15.775220069
15.7878208655
15.802115954
15.8178997465
15.8247490788
15.8357230254
15.8420793747
15.8795032694
15.8865324085
15.9019532845
15.9098614693
15.9212514274
15.9268865678
15.9429304256
15.952648166
15.9680419274
15.977547206
15.9892985106
15.993907616
15.9990200186
16.0065470227
16.0193174706
16.0533484594
16.0677509143
16.0692918716
16.1645407716
16.1814095539
16.2091708753
16.804106958
16.8284130675
16.8337545355
16.8404009773
16.846006603
16.8525500577
16.8646245067
16.8673703049
16.8745223291
16.8802092415
16.888209467
16.8982545239
16.905505507
16.9114570384
16.9121802734
16.9185088013
17.0236472429
17.0340691402
17.0474987898
17.0526829994
17.061225858
17.0686937651
17.0739874631
17.0970915545
17.1050048698
17.1129020282
17.1137092504
17.1187800969
17.1305198626
17.1435166711
17.1638021321
17.1693050276
17.1707932023
17.1831379582
17.1876528738
17.1930403583
17.2162675231
17.2303697883
17.2540293819
17.2619211434
17.2862941243
17.2888930629
17.3133217107
17.3701495776
17.4069838089
17.4605926315
17.4719631663
17.4828336946
17.5011586276
17.52568631
17.5419429352
17.5608061009
17.5645867583
17.5700021422
17.5731531532
17.5955044671
17.6428293402
17.6814279214
17.6880992959
17.7471205735
17.7597236392
17.7737757013
17.7951256853
17.815318155
17.8325104374
17.8568085639
17.8601208045
17.8982801045
17.9349843427
17.9879530055
18.0105530143
18.0195086702
18.0221412645
18.0273975769
18.0420141608
18.050955389
18.0559964844
18.0782515572
18.0789416292
18.0856540262
18.0897429623
18.0958418907
18.1007768168
18.1019932466
18.1095038003
18.1197885428
18.1354200451
18.1426518867
18.1697195673
18.1755716303
18.1835150476
18.188032663
18.2021233667
18.2160677845
18.2169925372
18.226801193
18.233524962
18.2514199157
18.2841225253
18.2994356765
18.3201447571
18.3283637877
18.3417841455
18.3424981249
18.3534093348
18.3635673952
18.3803838753
18.3904483973
18.4120895768
18.4433919094
18.4506723295
18.4573150399
18.4766550224
18.4881119965
18.4902326786
18.500877293
18.5284238144
18.57309797
18.5783318438
18.7706175355
18.7992372242
18.8221752899
18.8457449854
18.8656135318
18.9356848032
18.9516822807
18.9695109539
18.9847261934
18.9947470083
19.0108676241
19.0458843466
19.069782365
19.0866728838
19.1136341306
19.1447981266
19.1697760039
19.1915843366
19.2066187174
19.2161459466
19.285339633
19.2975818106
19.318828297
19.3378316011
19.3423021951
19.3542385572
19.3619941956
19.3699971878
19.3914765249
19.4917406544
19.5044029986
19.5161035213
20.4147738089
20.4635443462
20.4695884663
20.4741668494
20.4830117511
20.4920913305
20.5008223173
20.5139166131
20.5276512275
20.5380555004
20.5483480709
20.5551727188
20.5632873928
20.5684618121
20.6588862968
20.6796820501
20.6809208468
20.6893851199
20.710943775
20.7179096801
20.7911202129
20.9086792165
20.9108008565
20.9176422151
20.9367158012
20.9585945643
20.9729427496
20.9929164169
20.9969816801
21.0083216432
21.0173843456
21.0258907037
21.0336881328
21.0806231739
21.1055597292
21.1251276648
21.1359916598
21.1610000478
21.1684874474
21.1803781371
21.2040276478
21.2328860872
21.248946208
21.2563025456
21.2771959239
21.2875396858
21.3005125095
21.3149990346
21.4404996796
21.4787522342
21.4966602294
21.5349174338
21.5608554746
21.6101774452
21.6134475937
21.6190157225
21.6367326239
21.642249897
21.655736736
21.6565881135
21.6589554705
21.6633473232
21.6748015521
21.6897344092
21.6932038899
21.7030483941
21.71422472
21.7310210362
21.7530496648
21.7586476221
21.7693126218
21.7735884897
21.7758743891
21.7797101406
21.7835062477
21.7981582855
21.8197731943
21.8204279863
21.8343743134
21.8437642219
21.8506470248
21.8513686014
21.8586561798
21.8680459429
21.8713660072
21.8840102095
21.8961788321
21.9108858715
21.9394905122
21.9533581298
21.9587725831
21.9766134605
21.989447472
22.0105445288
22.03684131
22.0454065474
22.0675510576
22.0896319884
22.1048682176
22.1252284705
22.1333844538
22.159721441
22.2120410352
22.2333407006
22.2591126618
22.2685558215
22.3062447516
22.3304177008
22.3675492583
22.3837641846
22.4447841551
22.4519185371
22.7168659329
22.7466776747
22.780013876
22.7842642219
22.8148272309
22.8212059324
22.8324435101
22.8417093572
22.8667394295
22.8846490753
22.8936301985
22.9044377285
22.9113336268
22.9155273262
22.932216703
22.9369865394
22.9489159973
22.9540882932
22.9581982938
22.9646709714
22.9723002005
22.9756033866
22.9785838215
22.9892500461
23.0300155732
23.0430145989
23.0555912588
23.0752503835
23.0761641246
23.0833787425
23.0859199721
23.0935834153
23.1067682533
23.1139322757
23.1344464838
23.1607288693
23.1804252051
23.1814028808
23.2012606498
23.2070749349
23.2579788753
23.2757741831
23.2782357828
23.3061368417
23.6460462151
23.6620584076
23.6667617549
23.6797069969
23.7204467344
23.7386819462
23.77346032
23.7892333379
23.7910209181
23.8773073207
23.9137908811
23.9525804865
23.9546166102
23.9778082817
24.0107654567
24.0230576085
24.0351325723
24.0441193866
24.0523208809
24.0569881293
24.0706550336
24.0861049899
24.0902907724
24.1027943263
24.1114768423
24.1610678609
24.1640685834
24.1817757073
24.1912791447
24.2005593264
24.2062639846
24.2109639223
24.2203114173
24.221588128
24.231107992
24.2430950404
24.2443205294
24.2488273612
24.2564101504
24.2703231352
24.2872767896
24.2905855271
24.299634013
24.3144196707
24.3185907853
24.3298027768
24.3411379485
24.3492393825
24.3579404134
24.3697959378
24.4379907892
24.519732193
24.5254497582
24.5268352015
24.531447713
24.562546449
24.5710149743
24.5856010692
24.5980600868
24.6020123942
24.6046271392
24.6292610534
24.6571242562
24.6674183011
24.691327012
24.7016760868
24.7220378561
24.7301986483
24.7726152071
24.8077237607
24.8231660841
24.8477093693
24.8739942616
24.9223411412
24.945972171
24.9563281798
24.9706712172
25.0225871492
25.0448894827
25.0611995563
25.0868397202
25.09510731
25.1170023831
25.1856028052
25.2141826921
25.2190151061
25.2197165457
25.2314773633
25.2396024682
25.2403521528
25.2596156799
25.2704212882
25.2715304814
25.2753894657
25.2764578997
25.2846906565
25.2875229704
25.2913384119
25.2937196502
25.3220120699
25.3256905564
25.3367371528
25.3375981002
25.3408583291
25.3497591374
25.3612114445
25.3622179635
25.3724063072
25.384852712
25.386478439
25.3925272629
25.3963650402
25.424715667
25.435738746
25.4451970913
25.4490754956
25.4679441172
25.4788894437
25.4883576097
25.4941886103
25.5276009992
25.570870773
25.5745046322
25.5984722721
25.6030113358
25.6133180647
25.6926516981
25.7099358928
25.7171408847
25.7299515658
25.7376221982
25.7390504137
25.746037558
25.7514711351
25.7554455039
25.7622118898
25.7709876105
25.8723603533
25.8771417507
25.9084124273
25.9551639136
25.9679266782
25.9910480376
26.0212233049
26.1080885477
26.1266878731
26.1390784169
26.1406717472
26.1687553876
26.4091470768
26.4160807251
26.419722285
26.4302291651
26.44429077
26.4519997446
26.4596133045
26.4619165396
26.4642531779
26.4679181814
26.4727352778
26.4798780444
26.4935060877
26.5020918899
26.5045890756
26.5147032774
26.5372238295
26.5413404319
26.5659417849
26.5714036733
26.580879629
26.6172035687
26.6243269299
26.6559607476
26.6767960824
26.6893568721
26.7006945621
26.7083352183
26.7225397802
26.736932718
26.8362955904
26.8862440102
26.8903649063
26.8919161139
26.901869405
26.9101371114
26.9219649195
26.9533382035
26.9702582091
26.9755498763
27.0172636165
27.0424489313
27.0436517131
27.0548964859
27.0680204515
27.0842798279
27.0977125612
27.100917012
27.1301780799
27.1373221181
27.2136062519
27.2256693432
27.2497144405
27.2797629679
27.2960640196
27.4604102378
27.4886701754
27.4918244298
27.5124326511
27.5339213444
27.5786009548
27.5824167276
27.6019175708
27.6071549227
27.6113664772
27.6121723781
27.6232998798
27.6817417833
27.6912065614
27.6958205498
27.7015841058
27.7183373863
27.7195082106
27.7265102119
27.7326735406
27.7408595933
27.7461111118
27.7597112438
27.7772264655
27.7899389583
27.8207010936
27.8317478111
27.8384415018
27.8417605453
27.8441013092
27.8508226378
27.8698563739
27.8755703749
27.9394587509
27.943395864
27.9595678121
27.9726702388
27.9829934603
27.9970473687
28.0175652528
28.0208334529
28.0361472996
28.0451666213
28.0570983428
28.0612205941
28.0775430104
28.0916835284
28.1227675285
28.1475136531
28.1625395929
28.1677676687
28.1881757943
28.1899610367
28.1956472972
28.2262921061
28.3043130556
28.3111573328
28.3350722821
28.3463335271
28.370235294
28.3801916576
28.3996469737
28.4110703133
28.4170997781
28.4456384647
28.4560946186
28.465555694
28.4690889531
28.5013838125
28.506935386
28.541022289
28.5461839431
28.5687897026
28.5937503387
28.6496687873
28.676414756
28.6835978094
28.6868124282
28.705552096
28.7276673095
28.8097349651
28.8258666131
28.8312463865
28.8365830326
28.8435577361
28.8479864789
28.8566326835
28.8614714958
28.8715737602
28.8835172225
30.005647221
30.0136670988
30.0305633428
30.0464683393
30.0528483622
30.0635745727
30.0742856372
30.0837384282
30.0934904774
30.0990515428
30.111537826
30.12083907
30.1284298745
30.131790231
30.1326732786
30.1362055361
30.1490791642
30.1499842218
30.1645318412
30.1755977965
30.1762298847
30.1893660177
30.203530815
30.2119974536
30.2193721648
30.2238372917
30.2661760184
30.268110108
30.2765228377
30.2957846618
30.3042290036
30.310336113
30.3147156575
30.3292940449
30.3334093618
30.3388740092
30.3406862075
30.3468150022
30.373223258
30.3798865502
30.3863400485
30.3874253573
30.3987795329
30.4049915841
30.4310391567
30.4445813071
30.4538003794
30.470068972
30.5325642069
30.5536238371
30.5749590968
30.5992222219
30.6075341327
30.6137613765
30.6239658172
30.6431827562
30.6815624995
30.7298906725
30.7449680043
30.7672383583
30.7719106108
30.7881537016
30.8867543566
30.9239120282
30.9390562972
30.9567714444
30.988295602
31.0184108732
31.1218898889
31.1240774559
31.1474491014
31.156923103
31.2149696439
31.2243344474
31.2294748929
31.2335175443
31.2418382124
31.2668671007
31.2710482607
31.287490387
31.3008927035
31.3035038357
31.3069940677
31.3138073252
31.3543340182
31.3554910444
31.3608834443
31.4258282411
31.4370173959
31.4467578168
32.4028252067
32.4078441248
32.4296245345
32.4335341517
32.4756179177
32.4849311027
32.4918939225
32.5017707044
32.5071933384
32.5175468203
32.5313531557
32.5538312718
32.5723228586
32.5932902903
32.6065989988
32.6574009468
32.6739411045
32.6877448618
32.6886534029
32.7003932337
32.7021875829
32.705986214
32.7179201083
32.7271390062
32.76917405
32.7811275257
32.7930646662
32.8036258389
32.8224859359
32.836103711
32.8394721639
32.8426500199
32.8562332782
32.8884193683
32.8971817625
32.8989618165
32.9164111218
32.9265462666
32.9391591317
32.9435110754
32.9844108055
33.0279729183
33.0571904278
33.0827827423
33.0939669406
33.1039791366
33.1229189251
33.1455299508
33.1748946721
33.189767898
33.1985598514
33.2200035853
33.2291546211
33.2643576047
33.2896760862
33.31427494
33.3839396361
33.3945123372
33.4685198959
33.4717938467
33.5559635181
33.6061703043
33.6124188663
33.6214047032
33.6259125322
33.6345599646
33.6437894963
33.6548016836
33.6594649109
33.661778578
33.6705103323
33.677601798
33.6814900175
33.6885239543
33.6935299478
33.7022041629
33.7137639855
33.7199607399
33.7446363619
33.7465292413
33.7646315724
33.7679099537
33.7791654297
33.7943080594
33.8040842956
33.8314045707
33.8560646099
33.8568662737
33.8875822265
33.8912644988
33.8992222084
33.9073342549
33.9108795276
33.9285291208
33.9476020891
33.9502971178
33.9514384084
33.9773331437
34.0659466338
34.0789568374
34.0992945205
34.1069156046
34.1197406915
34.1333020476
34.1388435941
34.1492415009
34.1519896258
34.163454601
34.1652646563
34.18256281
34.2217040737
34.2349882157
34.2602709453
34.2866563698
34.2969658314
34.2987906124
34.3198991505
34.3536252474
34.3882696416
34.3949976914
34.4097967817
34.4483005364
34.4678977095
34.4880711236
34.5140402033
34.5285997335
34.5604836772
34.5618521289
34.5832467985
34.5846542095
34.596005655
34.6228655644
34.7064974841
34.7183618763
34.7369390996
34.7514001445
34.7896569596
34.809985497
34.8209427049
34.8296394735
34.8368307328
34.8436347537
34.8514941202
34.8554008387
34.861221876
34.8693191674
34.8734444816
34.8768198766
34.8866494675
34.8902308429
34.89101681
34.8993624441
34.9065067376
34.9138404335
34.92528354
34.9308769698
34.9467113555
34.9545665002
34.957512547
34.9668488736
34.967670699
35.2055657244
35.2268949158
35.2311457768
35.2486267122
35.2585087079
35.2668656689
35.280819897
35.2849345426
35.2985541138
35.3089278227
35.3203678909
35.3351035107
35.3486072176
35.3614290674
35.3778144631
35.3913950301
35.3925859397
35.4011230777
35.4109492998
35.4415838305
35.4798229232
35.4965627908
35.5538057246
35.5823232705
35.5950947496
35.6076024022
35.6256418572
35.6388842332
35.660451381
35.8795403461
35.9409875751
35.981707202
36.0369413623
36.0499721842
36.05890696
36.0616945788
36.071044446
36.0769388471
36.0810412309
36.0928636818
36.0944411906
36.1090273584
36.1247330923
36.137517022
36.1459058809
36.1724845674
36.1772165079
36.190937996
36.1968469303
36.2083467561
36.2089046008
36.2179112968
36.2313188488
36.2371240622
36.2411490694
36.4483735785
36.4689601285
36.4700968189
36.4746220776
36.4772323916
36.4971255087
36.5062847095
36.5235921209
36.538661523
36.5949967478
36.6261321354
36.6281839178
36.6425757301
36.6563716005
36.6706958443
36.6771912617
36.6848777626
36.6935022099
36.7067819198
36.768071501
36.7774921546
36.8067190084
36.8212008671
36.842529609
36.853302514
36.8554821979
36.8746807111
36.904363886
36.9057393955
36.9428661259
36.9728868957
36.9887738793
37.0048733757
37.0108882389
37.0397323495
37.1130743544
37.1438466062
37.1612313966
37.1775908281
37.1950527478
37.2076702991
37.2187560048
37.2236585884
37.2252706167
37.2339365582
37.2749225265
37.2806180365
37.2951935425
37.2994885337
37.3091938091
37.3236251383
37.3396843775
37.3504571195
37.3587634988
37.3677277389
37.3807879312
37.3895704851
37.4037757024
37.4130001055
37.4217419515
37.4387988114
37.4409002783
37.4552893681
37.4598559681
37.4712335692
37.4830216328
37.5072234221
37.5146697677
37.5325459014
37.5443547498
37.550043586
37.5603156691
37.5650937114
37.5962909663
37.6337983284
37.6384388688
37.6472777216
37.6808429655
37.6821307763
37.7054210856
37.709279448
37.7237627558
37.7491811754
37.7531415633
37.7571549613
37.7792221751
37.7918258267
37.810620516
37.8179221668
37.8194069466
37.8422531308
37.874754955
37.8993277839
37.9115686932
37.914053077
37.9627346998
37.9776889501
37.9896273368
38.0596123679
38.0985191943
38.1199995566
38.1308289792
38.1500863941
38.175703711
38.2136837062
38.2156553282
38.265181816
38.2838130982
38.3310950986
38.4107567339
38.4544618119
38.4566399742
38.4727707529
38.4737960683
38.4807329337
38.4914342351
38.5033287838
38.508582847
39.2194276527
39.2553021357
39.2702782674
39.2883156332
39.3166541978
39.355652512
39.3700771457
39.4958598413
39.5727279235
39.6009745628
39.6198182231
39.6298266299
39.6316347265
39.63879362
39.6467372555
39.6566262816
39.6683258498
39.6752248874
39.6827288335
39.7720534336
39.7937724313
39.8045793266
39.8176287915
39.8303261928
39.8656808882
39.8890701033
39.8898755019
39.8934376744
39.9193074887
39.9292312564
39.9410131128
39.9431560051
39.9518311776
39.9527537289
39.9637640136
39.9690648718
39.9905942086
40.0018236351
40.0091905121
40.0240944723
40.0389554864
40.245098451
40.255047847
40.2768729045
40.282778338
40.299448928
40.3128304343
40.3746063221
40.3900587661
40.4109913258
40.4385538778
40.4535171702
40.478656261
40.4950459207
40.5152502314
40.5181389953
40.5905046832
40.5940457775
40.6072145538
40.6301050194
40.6963549668
40.727212177
40.7736399475
40.8087212671
40.8301961879
40.8362902746
40.8409424152
40.8585935547
40.862987043
40.8840568522
40.8921071516
40.9019531335
40.907654697
41.0204658172
41.0262153611
41.0406253521
41.0646199982
41.0816950444
41.083482346
41.1532339757
41.1897950976
41.2062499995
41.2262434416
41.2462970869
41.3456938176
41.3583692731
41.412522304
41.4151009808
41.459005031
41.4744644184
41.5385132054
41.5496739085
41.5593042326
41.6243211804
41.6561732253
41.6947028948
41.7063741714
41.7267853584
41.7393835127
41.8012631908
41.9181158103
41.9536244713
41.9565864104
41.9827944629
42.0009073454
42.0112323515
42.0184544564
42.0278107731
42.0345031484
42.0372836039
42.0418007211
42.0502454844
42.1323160242
42.1486727399
42.156247461
42.1617062729
42.1741276643
42.1768274034
42.1815477601
42.1887969332
42.191525418
42.205562786
42.2103735404
42.2181353141
42.2227179056
42.2320760321
42.2491652855
42.250203944
42.2655320762
42.2663680638
42.2755080161
42.2830965894
42.2905789672
42.3004718344
42.3079741734
42.3199431098
42.340615282
42.358775956
42.3599506196
42.3762450613
42.3864513721
42.3873655472
42.4078933225
42.4210386806
42.4220937008
42.4489434934
42.472663254
42.4963591145
42.5031165585
42.5463967877
42.6018815151
42.6163711476
42.6251246505
42.6275266186
42.6523675415
42.697280158
42.7169726926
42.7377190133
42.7498908714
42.7702786511
42.7876012477
42.8211627738
42.8370412315
43.0404020178
43.0495899234
43.0770943737
43.103257948
43.1558654756
43.1623416319
43.205482751
43.226264904
43.2314942011
43.2333800718
43.2520584671
43.2548153201
43.2598448292
43.2674482217
43.2766933741
43.2866900739
43.2956724365
43.2986840517
43.3015751645
43.3277516437
43.3312208737
43.3431665616
43.3558966849
43.3601937336
43.3774642599
43.4154460471
43.4240609129
43.4429517136
43.4504165613
43.4570169826
43.4585382467
43.4600162133
43.4708767888
43.4934390807
43.5055913463
43.5180832236
43.5294739554
43.5365187205
43.5425863451
43.5447675876
43.5536735889
43.560120785
43.5691269021
43.5803369502
43.5843207468
43.5958901702
43.6128864829
43.6307366331
43.6470273297
43.6500715741
43.6644741715
43.6721178078
43.6823075141
43.6988130632
43.7061624608
43.7183141619
43.7219693146
43.7535795022
43.7566878208
43.7599356035
43.7815136904
43.7845843759
43.8675781498
43.8840379764
43.9201267337
44.0126386164
44.0154768239
44.4011737297
44.4148468753
44.4189956038
44.4285832389
44.4540113044
44.4619081461
44.4887081965
44.5076235605
44.5113511275
44.5246303644
44.5452694223
44.5466196148
44.5536110511
44.559475955
44.5633679
44.5687354133
44.569422673
44.5833464827
44.595762588
44.6153076205
44.618356186
44.625285971
44.6580431207
44.6876437397
44.6937534743
44.6955452015
44.6988074979
44.7041767545
44.7105159884
44.7209689586
44.740613093
44.7621447897
44.7694574947
44.8194159462
44.8217326712
44.8434539972
44.8557143474
44.8677297914
44.8739903808
44.8857511811
44.8948310264
44.8979401431
44.9015897163
44.910194434
44.914600595
44.9192201717
44.9254150771
44.9366381924
44.9524072102
44.9544727615
44.9674354402
44.9713186898
44.9737939261
44.9872560157
44.9958051811
45.0125480867
45.0393243441
45.0685541374
45.1014398741
45.1191035998
45.1205333069
45.1345432467
45.1510457351
45.1770652451
45.1907799782
45.2143483177
45.2346464856
45.6098268304
45.6191289211
45.6927330601
45.7311594169
45.7451523506
45.7536278986
45.7820947509
45.7922212466
45.8150242906
45.8217665972
45.8328742013
45.8481504885
45.8571463868
45.9091789334
45.9193334103
45.9216044338
45.9349061579
45.9368000236
45.9460458989
45.9617724294
45.9681130248
45.978026986
45.9958446742
46.0083217297
46.0094710041
46.03652187
46.0522991432
46.0745268762
46.0926730738
46.0956827166
46.1032997916
46.1074444517
46.1280497041
46.1967328539
46.2014746805
46.2255657314
46.2374463499
46.2565096795
46.2859031345
46.3136791699
46.3348468818
46.3379805139
46.3571440421
46.3771410937
46.486034114
46.4988012848
46.5201950997
46.5373005626
46.5650136806
46.8017892539
46.8119144934
46.81555858
46.8206776119
46.827649691
46.832288503
46.8328087292
46.8354185481
46.8545034796
46.8580762999
46.8763720478
46.8860368751
46.8881885393
46.8976771913
46.9055169337
46.9193230009
46.9275709118
46.9399238636
46.9412158343
46.952814943
46.9551659505
46.9630150047
46.9876025389
46.9898196629
46.9915494853
46.9999144813
47.0054206699
47.0157949468
47.0355021577
47.299749461
47.3037029248
47.3053272258
47.3195649639
47.3223803463
47.3409033458
47.3517744563
47.3613840472
47.3879711347
47.3955808657
47.4121636987
47.4377423351
47.4629719114
47.4713373802
47.4795644416
47.5655367307
47.5937971635
47.6236544058
47.8868859287
47.8987758872
47.9156064271
47.9472472885
47.9666229344
48.0072020066
48.0157013031
48.0190069318
48.0273376498
48.0331808968
48.047803618
48.0570477498
48.0583424384
48.0622554561
48.0648648469
48.0684739216
48.0753544852
48.0783374009
48.0852789146
48.0963759894
48.100070329
48.1141042868
48.1189019249
48.1321181032
48.135425235
48.1500730557
48.1927467001
48.2067996649
48.2102003234
48.2173809904
48.2181629106
48.2227228948
48.2324326349
48.2448325502
48.2985612951
48.309104238
48.314947703
48.3248261242
48.3265700221
48.3346182926
48.3439838822
48.350814082
48.3655954371
48.3728228062
48.3819666262
48.3896109261
48.4075277607
48.4185471371
48.4316763974
48.4496394415
48.4626619517
48.4774816714
48.4863608757
48.4926119618
48.5137999322
48.5263289116
48.5292246651
48.5443649522
48.6855841331
48.7171034411
48.7237582302
48.7368727613
48.7427164681
48.7595216853
48.7784818594
48.7902235035
48.8088852537
48.8192556177
48.8552274176
48.8733633561
48.9031879998
48.9247677717
48.9542023932
49.0089879057
49.0165784845
49.0489621928
49.0569991831
49.083688384
49.1235694223
49.1500554164
49.1533423102
49.1639686812
49.1843133215
49.2021609532
49.2039501029
49.2135941681
49.22392428
49.2271347628
49.231079679
49.2366253556
49.2639486724
49.2775213788
49.2783407327
49.289987279
49.3031594001
49.3039166575
49.3216103387
49.322513795
49.3348727654
49.3439556429
49.3884956151
49.3902454554
49.3947085106
49.396076932
49.4080074925
49.4137817678
49.4300888545
49.4376233285
49.5122637026
49.5353309485
49.5828120545
49.592502262
49.6001371612
49.6117762185
49.8102143174
49.812486868
49.8217317567
49.8266422527
49.8351000815
49.8625147338
49.8728630546
49.9023636961
49.92908544
49.964475129
49.9816960289
49.9917066202
50.0348105692
50.1073159174
50.1423618609
50.1945853622
50.2668574532
50.281290639
50.2904018713
50.3042329779
50.3088134156
50.4077132928
50.4101803156
50.4298331012
50.4352567054
50.4402757461
50.4474872919
50.455533727
50.4565335875
50.4629266781
50.4641765534
50.4718748896
50.4833379312
50.4855329349
50.4933719893
50.5098610676
50.5167694126
50.5279321648
50.538841956
50.5427915328
50.5458732125
50.5650112076
50.5685012148
50.5862131634
50.5952410199
50.6060823429
50.6093243193
50.6138851383
50.6250064212
50.6638292395
50.6774632629
50.6889016392
50.6925216313
50.6993050909
50.7003943808
50.7095022262
50.7163174722
50.7370332863
50.7610894742
50.779931507
50.7835828426
50.8095223915
50.8117564902
50.8243561727
50.8253493287
50.82630207
50.8417914753
51.6041673538
51.6089583502
51.6159282969
51.6236446701
51.6273031745
51.6328273906
51.6455246024
51.6463860521
51.6585211519
51.6651612244
51.6724247349
51.6784635632
51.681452228
51.6869762696
51.6914335492
51.693172324
51.703148768
51.7167624134
51.7199612404
51.7268928446
51.7300530557
51.7338224622
51.7414998353
51.7490962967
51.7504180651
51.755899567
51.7581714934
51.7693476495
51.779579957
51.7950594599
51.8065394315
52.1546066851
52.1899554226
52.2097598567
52.3034347939
52.323768206
52.3508471037
52.3574340377
52.3695739246
52.3723186523
52.3916197761
52.3961212798
52.4025403257
52.4165263288
52.4567083205
52.4879295773
52.5024489388
52.5446236209
52.6456553818
52.6667247264
52.6854117603
52.7410631883
52.772196815
52.8018161428
52.8097338511
52.820657535
52.8270268171
52.8368683167
52.8491387867
52.8609674763
52.8692881292
52.8699676148
52.8719606312
52.8778473496
52.8990642767
52.9052944835
52.91067277
52.9191830302
52.9247098531
52.9338371776
52.9398557008
52.9520927646
52.9574077309
52.9697100176
52.9828669606
52.9880673989
52.9980080109
53.0396366476
53.0576539833
53.0674317464
53.0754549175
53.0841836068
53.1168716676
53.1285466598
53.1389647294
53.1402115951
53.1466585021
53.1630224388
53.16382623
53.169359775
53.1787995932
53.1828555562
53.2020054531
53.2278749419
53.2302065064
53.2440968961
53.2530398221
53.2848156468
53.3022561131
53.3184863283
53.3400628856
53.3451619546
53.3523363711
53.3865429599
53.4020557028
53.426315453
53.4720729263
53.5020685167
2190
