6.00377294891
6.00886119442
6.01679502594
6.01911024429
6.02379151381
6.04125029658
6.04999110861
6.06515168357
6.09226340652
6.11942754483
6.12558403855
6.12891183774
6.14629136656
6.28603918334
6.30569020284
6.33322047175
6.39173606231
6.39909783199
6.41566768491
6.4302829468
6.43122024716
6.48515434312
6.50560793018
6.5217345187
6.53707302376
6.53816961523
6.54844128628
6.596538288
6.65376102022
6.65571778107
6.66394624107
6.68130415304
6.69735400538
6.70681308169
6.73377978828
6.76243930839
6.78409018258
6.81824991082
6.82821801775
6.85169241844
6.85510398795
6.87140395636
6.91717736303
6.92874868769
7.18650499857
7.20532571227
7.55692314461
7.56404870118
7.57131695383
7.57354232909
7.58107670612
7.59994871279
7.61074315996
7.61747740565
7.63407694456
7.65078931867
7.65986317556
7.66382494385
7.67317500132
7.68927063013
7.69092970462
7.70107382429
7.72336078805
7.73149050199
7.73467629205
8.44336158683
8.44535992695
8.44943449963
8.45186673788
8.46267355913
8.47673358255
8.47863643505
8.49109179994
8.4965540284
8.50137349369
8.51179677548
8.52419028219
8.53818772617
8.56256078981
8.56971444532
8.5846101447
8.58567760971
8.59675744241
8.59791811099
8.60839941286
8.61437957017
8.61816090054
8.61920439821
8.62475770926
8.63605701127
8.6429914131
8.64912121915
8.6549017122
8.72120239269
8.73241665224
8.74182678121
8.76030712062
8.76680175054
8.77296870996
8.78252927473
8.81133964669
8.8351122287
8.84300345497
8.84895955774
8.86569585531
8.89157342059
8.9074158288
8.92902985541
8.93217333287
8.94344908668
8.95056279879
8.95292034914
8.96059615347
8.96808593883
8.97782497062
9.040700625
9.04569267399
9.06068396965
9.06545261087
9.06670619293
9.08810935416
9.11343256657
9.12640414483
9.1369188504
9.15853387038
9.16832067201
9.18736596724
9.20107620915
9.22194346471
9.27483967382
9.29750834736
9.29901179144
9.32739612136
9.6062046232
9.60997305466
9.61170445304
9.6222956523
9.63150343159
9.63281584352
9.63863389249
9.64279161275
9.65084234569
9.66090346438
9.67056221703
9.6770292988
9.68402735976
10.3760236207
10.385621148
10.3872546243
10.393937633
10.3967868861
10.412638156
10.5502333995
10.5520112923
10.5830957846
10.6625572509
10.6775168485
10.6903199249
10.6992301868
10.7597783254
10.7839445492
10.8059432083
10.8095636349
10.8107571657
10.8450764529
10.8522891429
10.866803109
10.8749757148
10.8800112428
10.8955640776
10.9022054989
10.9142218775
10.9199354597
10.9292934525
10.9654715582
10.9888348139
10.9949571942
10.9986589093
11.0150541845
11.0213514983
11.0318069567
11.0420471322
11.0461595296
11.0860481429
11.0882124243
11.1224343184
11.1283517721
11.135551678
11.1391652768
11.1640737117
11.175171599
11.1954483786
11.196628351
11.206640807
11.2197150459
12.0055474928
12.0127442727
12.0232419975
12.0296820595
12.0349453599
12.0748126038
12.0830209105
12.0897456989
12.1133172258
12.1311244063
12.1363506103
12.1456423286
12.1588485975
12.1674029658
12.1681702607
12.1927384206
12.1975488041
12.2128286028
12.2250035
12.2418361493
12.2524204665
12.2554277212
12.31004581
12.3219266302
12.3305704443
12.333146901
12.3400699554
12.3469506574
12.3564797869
12.3790071798
12.3868366456
12.3928065524
12.4077907428
12.4449505916
12.4533990105
12.4712293983
12.492377488
12.501564894
12.5113213291
12.5245416979
12.5478035039
12.5767744109
12.5831384924
12.602608917
12.6181555261
12.6505364957
12.6833882043
12.7365526595
12.75443364
12.7771460575
12.8020551571
12.8315764914
12.8501165822
12.8611824137
12.8760940114
12.8859221131
12.9073871583
12.9231462267
12.9757364538
13.2027689441
13.2058105534
13.2967592741
13.3146387913
13.3171178879
13.3246282569
13.3283949428
13.3368336062
13.3436464998
13.3728252271
13.3892891406
13.4211809538
13.4221941603
13.4294256053
13.4450416066
13.4545284171
13.466782492
13.4755135986
13.4761440157
13.477869297
13.4824868046
13.4963405637
13.5140985552
13.523993498
13.5552875378
13.5692192042
13.5768140098
13.5871400386
13.5973442964
13.6048423702
13.6076693551
13.6243801286
13.6310159356
13.645874786
13.6566324397
13.6588651963
13.6687209198
13.6801004222
13.7312267885
13.7440156683
13.8382236913
13.8517923247
13.8772415638
13.8951553482
13.8979402421
13.9197082803
13.9288831995
13.9348079904
14.0065157414
14.0535931693
14.0599744478
14.077969891
14.0887728199
14.1058660559
14.1113460635
14.1251712358
14.165553083
14.217025968
14.2539551849
14.2791790602
14.307282013
14.3149564867
14.3436449879
14.3739265988
14.3891046052
14.4153203169
14.4234141286
14.4307619511
14.438258099
14.4587131711
14.4600180524
14.4710638466
14.4917626981
14.4971314192
14.5052598331
14.5173686094
14.5202723711
14.5241117652
14.5250859198
14.5281129744
14.5469555554
14.5586510456
14.5684067951
14.5695677441
14.5834408352
14.6003450321
14.6449210957
14.6540378859
14.666850266
14.7128536351
14.7172634212
14.7318854641
14.735872937
14.8805311011
14.8989700356
14.9006698917
14.9118059283
14.9534642924
14.9657668083
14.9837018087
14.9936195286
15.0234481983
15.0980299122
15.1197950855
15.1346794177
15.156526545
15.1674172859
15.1820379233
15.1841685387
15.2020110124
15.2087469046
15.250653911
15.263546344
15.2986509245
15.3340688279
15.3548668456
15.3859252059
15.3965568999
15.4257428919
15.4730847901
15.5153916039
15.542203304
15.5773424679
15.5951205702
15.6029241124
15.606346302
15.6109850855
15.6217629257
15.6241065206
15.6310986014
15.6648406165
15.6746360943
15.682640632
15.6851189429
15.6863442369
15.6877827406
15.6923683382
15.7039332114
15.7148161619
15.7265358475
15.7420106211
15.7560497764
15.7570698492
15.7603117016
15.7659951996
15.7715041258
15.7753881107
15.7793172051
15.7917007769
15.8101889676
15.8117056098
15.820627699
15.8289201494
15.8410731142
15.8534549548
15.8659428126
15.8767407493
15.8830570995
15.8978250892
15.9337582914
15.938153554
15.9521563715
15.9950118566
15.9960149025
15.9979371242
16.4086115315
16.5778985171
16.5992220448
16.6195496523
16.6449295481
16.6586988806
16.6745178855
16.6961575051
16.8087601247
16.819543591
16.828655751
16.8322659165
16.8345975987
17.0521157083
17.0638758633
17.0784716069
17.0971983547
17.102204816
17.1193658986
17.1313084763
17.1468329096
17.1565804045
17.1688174081
17.1732340217
17.1746287153
17.1804231137
17.1882193821
17.1968685762
17.2043845704
17.2143002121
17.2320210324
17.2473079809
17.2612358706
17.7294447592
17.7683011951
17.7908041801
17.8059583946
17.8281259537
17.8492808794
17.8523219576
17.924486808
17.9326740869
17.9631652216
17.9885105116
18.0034717894
18.0175138384
18.0232188276
18.0289185609
18.0322160661
18.0398609544
18.2343168135
18.2392674277
18.2422269619
18.2498791178
18.2550719985
18.2607432657
18.2681107206
18.2702634485
18.27918729
18.2913931289
18.3069284805
18.3186112825
18.4014447789
18.4168150708
18.4308410441
18.4335309517
18.4487986497
18.4668275413
18.4805662942
18.4873677468
18.5044318512
18.511582199
18.5230373266
18.5467778654
18.5664314708
18.5848818834
18.5966527208
18.6131715421
18.6282387181
18.646834233
18.6609931936
18.780328461
18.8177302507
18.8488379698
18.8626971052
18.8775184408
18.9468634585
18.9696114983
18.9726988413
18.9958071965
19.0272597111
19.0299133881
19.0440877494
19.0516748541
19.0538480784
19.0974570562
19.1180187795
19.1848842311
19.2040480376
19.2052575828
19.2484534334
19.2492617152
19.2855554396
19.2861455732
19.2941515571
19.2999038459
19.3339189876
19.342108774
19.3444894982
19.3473140494
19.3557404072
19.3616650768
19.3650251246
19.3731149232
19.3821649587
19.3924874133
19.4137486312
19.4243472835
19.4326660947
19.4467874905
19.4494721536
19.4663795308
19.4910109056
19.6187924192
19.6354921395
19.6559732623
19.6651114513
19.6704863352
19.6852281689
19.6870247918
19.704829117
19.7108294485
19.7158710498
19.7572552211
19.7698425997
19.7769016328
19.782646773
19.8674878538
19.9084464214
19.9204146851
19.9506120704
20.0001178524
20.0182237912
20.0363128952
20.0522112938
20.0648295761
20.0888288518
20.099914129
20.1271314149
20.1969822106
20.2121193593
20.2162209339
20.2373533024
20.2818649656
20.2933670122
20.3077822252
20.3323023407
20.4078072627
20.4153044953
20.4217556172
20.4370787839
20.4461755561
20.4517659121
20.465958474
20.4684558497
20.5015319287
20.5174210169
20.5313507377
20.5414772145
20.5740262475
20.5853605111
20.5969212005
20.6001360447
20.6083938476
20.6091509867
20.6262152327
20.6430866317
20.6497017223
20.6581994715
20.6676528254
20.6705728314
20.6780707438
20.6870697333
20.6987504587
20.7062916387
20.7230642984
20.7402663496
20.7464610402
20.8028699426
20.8238566461
20.9176785901
20.9379682021
20.9486733579
20.9528315313
20.9742122648
20.9797262708
20.9853346369
20.9993430584
21.0234189345
21.6148093796
21.615344032
21.6183411355
21.6378933061
21.6472826777
21.7025869525
21.7210270438
21.7402240622
21.7466784943
21.7526907483
21.7561788644
21.7730395546
21.7839763764
21.7895612211
21.8056227209
21.8081268071
21.8244749169
21.8340386464
21.8404112497
21.8427594001
21.8494257145
21.8635193963
21.8902912942
21.9066982775
21.9108232149
21.9160019708
21.9322070513
21.9399185144
21.9609130682
22.0005840731
22.0087635784
22.009748999
22.0507754374
22.065916832
22.0929604025
22.0968495503
22.1075386031
22.1310358597
22.1522767059
22.1693045067
22.1853513584
22.806489615
22.8105065205
22.818491204
22.8207656187
22.8275814812
22.8386243887
22.8394879579
22.8435540492
22.8472805624
22.8521277201
22.8602481904
22.8873225413
22.8952932215
22.9089055352
22.913041257
22.9246611333
22.9390564599
22.9487878009
22.9579418158
22.9639049094
22.9752875565
22.9859624607
22.9913145424
22.9957315959
23.0033066042
23.0311645249
23.0404922465
23.0464285928
23.0674680263
23.0682850919
23.0716227985
23.0904671449
23.1026584453
23.1165829289
23.1173621748
23.1298504499
23.133567894
23.1427635095
23.1553452151
23.1668088195
23.1807125776
23.1874733604
23.2057817374
23.2247577866
23.2275214542
23.2447728446
23.2554981765
23.265828565
23.2785439393
23.2926297885
23.3179531174
23.3299702408
23.3402164792
23.3539350967
23.3672983695
23.3816043784
23.4164128625
23.4345320106
23.458498667
23.4691737161
23.4880793317
23.5148798199
23.5261859786
23.538908049
23.5405768755
23.5435266472
23.556625671
23.579094413
23.5986656497
23.6513504531
23.7024067961
23.7807203715
23.827114151
23.8363615908
23.8906271981
23.9087935735
23.9187665962
23.9270252809
23.9408281441
23.9518163708
23.9958078057
24.0059315675
24.0087850905
24.0103688907
24.0109072489
24.0139031709
24.1627431059
24.1693597632
24.1760230009
24.1797088691
24.1925132681
24.1965699141
24.2066713777
24.2181255995
24.2277129605
24.2293317179
24.2395282896
24.2553738287
24.2678303486
24.2729804149
24.2848905088
24.2918150298
24.300325608
24.3114634079
24.3131009881
24.3393606994
24.3565067169
24.3591970772
24.3700945353
24.385202228
24.4049346751
24.4098344512
24.4157351577
24.416498329
24.4248633315
24.4304237551
24.4499876613
24.4595840489
24.4799456585
24.4822768135
24.4886908044
24.4997729914
24.5059932322
24.5091654664
24.5505905875
24.5804021284
24.6378806152
24.6474283023
24.8180324251
24.8352818608
24.8497942096
24.8616573605
24.8845573493
24.9149707025
24.9817487916
24.994529586
25.02670928
25.0377072885
25.129456869
25.1645897411
25.1764644657
25.1934406424
25.2067265964
25.2118556732
25.2212550965
25.2336720465
25.2403464557
25.2662181554
25.2700133254
25.2724530772
25.2836483075
25.2997911835
25.304996168
25.3828509825
25.4067679466
25.4212172526
25.4220818075
25.432812591
25.4421322092
25.4504899156
25.4653934817
25.4756185395
25.5151452432
25.5160253237
25.5266627087
25.537140448
25.5459158607
25.5971835639
25.6121767462
25.6155107797
25.633958463
25.6461600145
25.7035837497
25.7116342324
25.7830990366
25.7913166914
25.8094145386
25.8381917132
25.8432199076
25.9015065726
26.0569399349
26.0633278661
26.0896968617
26.4010162011
26.4093796136
26.414182276
26.4157707001
26.4396168534
26.4507529959
26.4605236568
26.476185748
26.4811490966
26.4930976141
26.5033242806
26.5221255387
26.5244423635
26.5368755236
26.5456299601
26.5515309605
26.5619702628
26.5677567265
26.7156784028
26.7217549827
26.7236304296
26.726370287
26.7273447216
26.7310090602
26.7456089047
26.7531039346
26.7612361626
26.7631586902
26.7735633496
26.7783667139
26.7817020903
26.7943728175
26.8093672622
26.8447452703
26.9262683837
26.9283725889
26.9673689408
26.9794616371
27.0172249762
27.0316130417
27.0899984304
27.1207606118
27.1281556147
27.1296530684
27.1310458671
27.1444554885
27.1618224213
27.1765895936
27.2187853232
27.2224842421
27.241762992
27.2677078819
27.2821971644
27.2941726472
27.3238543376
27.3414462647
27.344043471
27.3730431494
27.5639885819
27.5716190186
27.5897720845
27.6032785903
27.6325787665
27.6489351818
27.6526475608
27.6531513252
27.6635173916
27.6707867008
27.6856813979
27.7124804822
27.7175360673
27.7193982502
27.7210238415
27.7263260965
27.7438084196
27.7635928241
27.7675819802
27.7921629616
27.8040290923
27.8212276778
27.8327706846
27.8469906539
27.858382517
27.951875346
27.9578168979
27.9742233486
27.9935136749
28.002474477
28.0118410716
28.0146579452
28.2052008493
28.2777995158
28.2952060179
28.3110225987
28.3369199752
28.3971320317
28.3987225531
28.4197700283
28.4390601157
28.4567105072
28.4636678817
28.4730837732
28.5065957789
28.5208070814
28.5304408276
28.5384970005
28.5490805459
28.5660970581
28.5947776213
28.646224861
28.650461989
28.6710670074
28.761024308
28.7762409596
28.7932053122
28.8062518003
28.8083169657
28.8493380515
28.8619844582
28.8766979212
28.9013386067
28.9129851084
28.9153689867
28.932294771
28.9330535706
28.9738572211
28.9966787785
29.0054788412
29.0111525629
29.0149786776
29.0234928738
29.0289844445
29.0343230456
29.0385348659
29.0531766084
29.3037870842
29.3111375637
29.3386647984
29.3460184987
29.3587427056
29.3821568537
29.3959245779
29.405905002
29.4233370535
29.4328339022
29.4462387629
29.5182801821
29.5226652378
29.5285554294
29.5300859418
29.5359520778
29.5702733594
29.5836526375
29.594076265
29.6182122138
29.6458094365
29.6654832907
29.6825885347
29.7115025589
29.7202278289
29.723093317
29.73827699
29.7483727082
29.7536272628
29.7696729337
29.943236212
29.9637806785
29.9857149062
30.1913974095
30.210791843
30.2267040542
30.2374905582
30.2522610809
30.2540260343
30.2570609069
30.260215434
30.263309098
30.2727018404
30.2776974379
30.2903808569
30.2975842655
30.3068929807
30.3114388808
30.3145400167
30.3279030933
30.3368836459
30.3691787067
30.3714047251
30.3807578919
30.3876876936
30.3933673899
30.397846348
30.4098922562
30.4205447861
30.4383407136
30.4463759691
30.4480704013
30.4602541659
30.4655460175
30.496864545
30.5093226119
30.5367616728
30.5603834148
30.5701066141
30.6217521546
30.6749053504
30.6899569634
30.7008631386
30.7418210487
30.752745884
30.8249111132
30.8561436858
30.872050401
30.8822574904
30.9007393273
30.9033145013
31.204279317
31.2143837472
31.2170266371
31.2240455472
31.2254757391
31.2281752924
31.2375042836
31.2474746351
31.2607934247
31.2634041392
31.264862202
31.2739611498
31.3067405619
31.5094964867
31.517856186
31.5331307485
31.5743607466
31.579763659
31.5845762612
31.5890785204
31.6585127859
31.6675971115
31.6891414983
31.753592535
31.7760508035
31.7869914729
31.7995124952
31.8334586558
31.8381567129
31.8823910293
31.908211169
31.924267872
31.9355001172
31.963786509
32.0103243382
32.0206047626
32.0311745963
32.1852546418
32.2325777935
32.2467907093
32.248922623
32.2624398632
32.2820011896
32.2934558209
32.3375174084
32.3537384981
32.4077998717
32.4174665036
32.4228542461
32.4351188698
32.4424332243
32.4430058841
32.4459073171
32.4510549254
32.4595243279
32.4735274029
32.4782851605
32.4908194776
32.5207547966
32.5346800445
32.5402493574
32.5440195319
32.5637882722
32.5644926903
32.5810334814
32.5868412075
32.6054400674
32.616470046
32.6197970524
32.6230521426
32.6392639163
32.6552383548
32.6560490774
32.6802355938
32.691943832
32.8211082825
32.8278983944
32.8572405876
32.8664481522
32.872904504
32.8770519108
32.8786384651
32.8919178407
32.8987396491
32.9217812779
32.9381871846
32.9856857319
33.0038199758
33.0294246676
33.0492046764
33.0507680262
33.0814260305
33.1265736269
33.1509008197
33.1762653256
33.2102061471
33.2115501734
33.2239471978
33.2474995573
33.2682543774
33.2834256909
33.3157298425
33.3241985236
33.3474500353
33.3778667128
33.3795183439
33.4032197487
33.4223115226
33.4292863698
33.4389060116
33.4732599733
33.4912431086
33.5132446105
33.5559981129
33.5634119562
33.5978734334
33.6059735532
33.6128926962
33.6165566348
33.6827606368
33.6924822341
33.7019077837
33.7102512214
33.7172102645
33.7372701067
33.7489487458
33.7509463143
33.77456794
33.7819387861
33.7974431732
33.8107944705
33.816765507
33.8278653359
33.8347631427
33.8539632779
33.9337184639
33.9387568847
33.9533396924
33.9795642785
33.9997879374
34.0155228354
34.0383433908
34.0543924488
34.1045515023
34.2782914186
34.2846717537
34.2889740272
34.3340515672
34.4202843
34.423038193
34.4296169466
34.8063351317
34.9258749431
34.9308469492
34.9351710583
34.9360662575
34.9381338188
35.5676579044
35.6820081324
35.6910232894
35.6937291364
35.703168396
35.7310637745
35.7585986169
35.7666204071
35.7731540425
35.7795017162
35.7862766241
35.8195528909
35.8301293815
35.8420795152
35.8503757984
35.8792343086
35.8901582836
35.9207505574
35.9365209917
35.967148329
35.9925844401
36.0028714299
36.0055556406
36.0170944231
36.0197520181
36.0224886918
36.0313741886
36.0370149217
36.0438393323
36.0503646512
36.053671129
36.0574295145
36.061418766
36.1650029197
36.1708287412
36.1826398178
36.1840188449
36.199208935
36.2048771544
36.2059421377
36.2099156298
36.2121373182
36.2252839313
36.225998078
36.235296426
36.2386237743
36.2449196174
36.245723682
36.2584957142
36.2677207765
36.2779556544
36.2917355032
36.3164590499
36.3307958733
36.3715432001
36.3844521438
36.3895263081
36.4083268971
36.4224623874
36.4402113278
36.4562934823
36.4621328501
36.5078158852
36.5094613536
36.5117538727
36.5321565583
36.5676378441
36.5817846558
36.5915976076
36.6101124708
36.6155503045
36.6295819119
36.6534590999
36.6758124327
36.6896799747
36.6947998238
36.7044669788
36.7174211659
36.7383144414
36.7558275361
36.7643146572
36.820139954
36.8314243995
36.8486098557
36.8779967411
37.0442874658
37.0696805842
37.0715646163
37.0955282542
37.1257119637
37.1457143512
37.1754831492
37.2053580618
37.2124760458
37.2184369612
37.2273586753
37.2351094138
37.2488691962
37.2874759057
37.291464862
37.2933981205
37.2980602175
37.3089156843
37.315011564
37.3221027211
37.3302192154
37.8090114313
37.8239981599
37.8575233698
37.9127957726
37.9650432183
37.9793113521
38.0007167717
38.0438883177
38.0657661103
38.0844691367
38.1005043546
38.1080144341
38.1214108124
38.1325832729
38.1723688296
38.1889715577
38.2088998694
38.2607011991
38.2757078132
38.3108805323
38.3471374772
38.3720053513
38.3748878885
38.3892076525
38.4068418885
38.4074525663
38.4132429154
38.4149324948
38.4345127402
38.4378499953
38.4496913115
38.4525004888
38.4772763567
38.4891141561
38.4944865149
38.500694908
38.5077788546
38.508680308
38.5125230704
38.5341514263
38.536569339
38.5493103826
38.5499169142
38.5605714826
38.5655315905
38.5689817225
38.5835570031
38.5853032622
38.597527736
38.7160637714
38.7214505762
38.7315696218
39.0825113289
39.1135136361
39.134391648
39.1429154431
39.1510947729
39.160222349
39.1770913926
39.2109118598
39.2159898855
39.2493540911
39.2605131571
39.3370048474
39.3634916837
39.3765349684
39.4098608628
39.4278957361
39.4625948594
39.4971886963
39.5130818938
39.599064426
39.6010084949
39.6053056681
39.6091160856
39.6411358
39.6576321977
39.6665908362
39.714821054
39.7244517867
39.7276091712
39.7315708812
39.7403582508
39.7470120275
39.7560316178
39.7655853505
39.7717149833
39.7748007669
39.777352562
39.8056238176
39.8148631725
39.9183491907
39.9308577831
39.9322824084
39.9379719133
39.9633272761
39.9780721995
39.9883676606
40.0092656176
40.0269301726
40.0419078147
40.2307709348
40.2432440724
40.3698646327
40.389621935
40.4189614501
40.4268676676
40.4413907628
40.4794549974
40.5631896579
40.5888942317
40.5978978692
40.6042081281
40.6502037273
40.6640944168
40.6978536903
40.7119992564
40.7325846185
40.7563843034
40.802938551
40.8080924741
40.8097475468
40.8210790384
40.8226367983
40.8323984083
40.8368320922
40.8561614292
40.8588965861
40.8706310536
40.8732744173
40.8756408008
40.8787201901
40.8915659697
40.897101331
40.9120059128
40.9206035638
40.9312128189
40.9348627264
40.9362386882
40.9478238768
40.9525910268
40.9747217326
40.9855654222
40.9944250506
41.0383564338
41.0551788575
41.0819543595
41.0955957888
41.1086584223
41.1245463045
41.1334001964
41.1400370954
41.1610749434
41.1657587975
41.1769141631
41.1958057441
41.2052063457
41.2376639715
41.2433998953
41.2663704798
41.2945046477
41.3099939179
41.3298430779
41.3449761209
41.3519729576
41.3658285878
41.3790929628
41.4156551569
41.4340519668
41.5438205434
41.5667708356
41.5774459754
41.6129705228
41.620149807
41.6507638193
41.7757044609
41.7931776035
41.8590331128
41.8744349083
41.8899626139
41.9366124974
41.972352301
41.9908846228
42.0026568138
42.0129215135
42.0250104922
42.0333019933
42.0442268697
42.0561817546
42.3247955379
42.3329829097
42.3382166413
42.4390136463
42.4403282093
42.4533974922
42.4693907456
42.4768535583
42.4950172169
42.5109509935
42.513526941
42.5157362994
42.523541123
42.5292731686
42.5449149834
42.5855260011
42.5963773859
42.6321319934
42.6413385742
42.6697798282
42.6761272888
42.69848815
42.7185456735
42.7427436692
42.7601839164
42.7920709465
42.8093057849
42.8196042494
42.8271677725
42.8410919114
42.8502319524
42.8525536582
42.8595067207
42.884690266
42.9185358288
42.9393896433
42.9541426933
42.9698299447
43.0100810056
43.0281452669
43.0661073305
43.0974050889
43.1070124595
43.1259752392
43.1571443176
43.174670775
43.1782170398
43.2097308863
43.2172525169
43.2301129984
43.2373423645
43.2395758929
43.245398085
43.2546476962
43.2593954748
43.2636070332
43.2688102064
43.2708072542
43.2820142449
43.2914055095
43.3019077105
43.308783316
43.3183235834
43.3389971407
43.3417814072
43.3591970179
43.376587561
43.3875029932
43.3939722166
43.399789316
43.4053190603
43.4084815175
43.4145053615
43.4203784653
43.4212738991
43.4247996119
43.4393724991
43.4421541831
43.4561028098
43.4592178629
43.4656479857
43.480267551
43.484660169
43.4870501136
43.4995392047
43.5083774142
43.5212281834
43.5329441173
43.543004616
43.5489232487
43.5631464512
43.5742101416
43.6192522305
43.6544185876
43.6663243571
43.6782810538
43.6820418487
43.6896628445
43.7050509529
43.730164465
43.7318629979
43.7363846654
43.7572682614
43.7726491164
43.7756639287
43.778936509
43.7885752113
43.8463490795
43.8592225252
43.8734735789
43.9470712789
43.9494277235
43.9758749008
43.9790177767
44.4034977688
44.4120345184
44.4182476813
44.4222391995
44.4262087794
44.4453915873
44.4497511115
44.4508451692
44.4589912609
44.4634643281
44.466360202
44.4768750214
44.4918687902
44.4950130877
44.5062893158
44.5173976702
44.5253648084
44.5317778069
44.543996907
44.5473726921
44.553610063
44.5573930381
44.5644614753
44.5811825577
44.5920843905
44.5958775397
44.6170456461
44.6230204953
44.6338676736
45.6176595644
45.6227384809
45.6380476566
45.6456654554
45.6569800188
45.6625791846
45.6657698983
45.6773648384
45.6833317846
45.68989759
45.6976488031
45.7011073981
45.7145517346
45.7163204569
45.7213902761
45.7319440916
45.7502232959
45.7617816851
45.7784206878
45.7817901738
45.7937189984
45.8028723578
45.804875125
45.8162290909
45.8301386075
45.8453126752
45.8569802107
45.8675824467
45.8858738275
45.9466884148
45.9578427044
45.9678398126
45.9781203884
45.9836709434
45.9954658873
46.0037809936
46.0248172271
46.0359774488
46.0380501271
46.0439961187
46.0544918758
46.1085479795
46.1755262151
46.1910054189
46.2183605586
46.226576661
46.4019785257
46.4271137337
46.4734267481
46.8029697294
46.8128229849
46.8192490773
46.8490445813
46.857389591
46.8658453821
46.8693965119
46.877073658
46.8874696809
46.8963386341
46.9039065898
46.9055053262
46.9217257243
46.9249959993
46.9315744163
46.9358579939
46.9398995496
46.9498291474
46.9602852913
46.9747926334
47.7125546062
47.729649554
47.7384647199
47.7591869939
47.8998488993
47.9104050424
47.954035734
47.9601114361
47.996852527
48.0060125202
48.0083768297
48.0141225372
48.0446636647
48.0572685376
48.0618686174
48.0694120741
48.0743583658
48.1035879643
48.10672091
48.1153716704
48.1176431356
48.1254675553
48.138898702
48.139812168
48.1471590031
48.1585157779
48.1618909937
48.1652541213
48.1819617757
48.1826818999
48.1936235382
48.3913775506
48.4006312396
48.4017200245
48.4029831622
48.4108362483
48.4192747008
48.4447303447
48.4681235766
48.4860351289
48.5002981334
48.5114861233
48.5288697249
48.5393437505
48.5596415404
48.5875787834
48.7066916411
48.7094084893
48.8104926308
48.8152740805
48.8321711673
48.8571540062
48.8661404058
48.8923137222
48.9109800171
48.9346678507
48.9858646807
49.0041195654
49.0161817846
49.0344751897
49.1432253275
49.1536594362
49.1919219326
49.1956989516
49.24718896
49.2604591021
49.2617831509
49.2709831787
49.2804786583
49.2813031705
49.3103394944
49.3110783546
49.3120636135
49.320369239
49.3308768655
49.3430947167
49.3436399431
49.3496162099
49.3549320082
49.3877759739
49.3912660608
49.4632065577
49.4716447305
49.477695845
49.4818752892
49.6271069393
49.6465102331
49.6554010009
49.6571950704
49.6822032851
49.7061864435
49.8421638622
49.8448395961
49.8634072395
49.8735802294
49.8966084117
49.9210082437
49.9238352476
49.9513055559
49.9547658392
49.962128675
49.971244073
49.9804481936
50.3536103916
50.357028386
50.3794104273
50.4125783957
50.4286636501
50.4350978353
50.4540815948
50.47383385
50.4875321536
50.4951640912
50.5014799436
50.5134842588
50.5202868582
50.5257815421
50.528787804
50.5314708691
50.5473527282
50.5598115796
50.5630898642
50.5640843404
50.5678634859
50.6209903857
50.6252776286
50.6316171978
50.6414234956
50.6466883746
50.6516997541
50.663581737
50.66696339
50.6897440109
50.7002623764
50.7071957287
50.737962549
50.7571849307
50.7742373269
50.7790323944
50.7939114202
50.811931445
50.8229078106
50.8308803161
50.8401155532
50.9855766988
50.9927668922
51.0126749788
51.0358864656
51.0652965265
51.3169237879
51.3376754507
51.3430353312
51.3628401459
51.3650377282
51.3796484924
51.3891923191
51.408531574
51.4218186575
51.4285706697
51.5166857911
51.5436870188
51.6023378428
51.6149781832
51.6161898756
51.6305001613
51.6855135639
51.6978069278
51.7064220046
51.7118375509
51.7218922719
51.7293467874
51.7376551331
51.7587816287
51.7661557021
51.7782251917
51.7824370355
51.7917039376
51.7955912046
51.8446537026
51.8610620242
51.871673022
51.9070949637
51.9155219073
51.9296788532
51.9395710886
51.9483570645
51.9577533722
51.9744650445
51.9865585512
51.9877793642
51.997586583
51.9996586197
52.0156048509
52.0167071347
52.0424534776
52.0568548332
52.0755082002
52.0804191955
52.0972099234
52.1202947822
52.1874960647
52.1975949007
52.2102039808
52.2469882117
52.2865769281
52.3205116257
52.3453623015
52.3646739263
52.3860590961
52.3910280052
52.3980502837
52.4274458912
52.4578236234
52.4690970199
52.4704520532
52.4942010296
52.4965707696
52.5167980241
52.6540491267
52.6611121391
52.6721685631
52.7479215577
52.7718139605
52.77587562
52.7779291049
52.8071868372
52.814567409
52.8226729614
52.8310924271
52.8745648382
52.8847362036
52.8939565953
52.8969739918
52.8987969625
52.9040045852
52.904599491
52.9291725546
52.9317718213
52.9406624543
52.9621523047
52.9707010239
52.9814993617
53.0003945056
53.010660295
53.0192304744
53.0209835042
53.0342071199
53.0448106141
53.0805124555
53.1009220978
53.1040765281
53.1131287861
53.1212314863
53.1314985344
53.1443295726
53.1527347937
53.161832821
53.1716844382
53.1752328858
53.2018119519
53.2120221324
53.2217263638
53.2469721242
53.267161276
53.2712470833
53.2909300021
53.2967685353
53.3131976557
53.3211962603
53.3427266428
53.3481162737
53.3716211468
53.3986082889
53.4297951828
53.4453540644
53.4665912473
53.4740797721
53.4770148035
53.5019299883
53.5082531283
53.5221412589
53.5275806528
53.5545857642
53.5877382617
53.5982699004
53.6292458869
53.6352476178
53.6589343922
53.6846870419
53.7367905595
53.7581083554
53.7672433272
53.7963305351
53.8180048178
53.8336486586
53.8402483719
53.86406603
53.8868919101
53.9224706329
53.9292689827
53.9569454243
53.986691512
2024
