6.00906759348
6.01520088536
6.02250131701
6.0276579101
6.03662661937
6.04243293521
6.04867459433
6.05255321003
6.08194577699
6.08826361163
6.09229262041
6.10223777202
6.11430152595
6.1370200888
6.16438875883
6.17996227147
6.19311449448
6.20847302938
6.22270922784
6.22925600521
6.23056903781
6.23448323529
6.24201598064
6.24590105679
6.24919024477
6.2674305142
6.26844778079
6.28224143537
6.31749130002
6.32098031796
6.3330058973
6.33740365279
6.34380688228
6.3531936678
6.3554313634
6.36008619675
6.37610966774
6.3851871012
6.3971698458
6.42704621275
6.45488783778
6.46649617024
6.5394858872
6.55566280361
6.56568949935
6.57312318392
6.58559674423
6.63377374097
6.64887074655
6.65756438895
6.65997031489
6.69223872771
6.75960969841
6.78072425606
6.82349571074
6.83288265011
6.98864152672
6.99396607981
7.01798436826
7.05789267233
7.13408628327
7.16803022587
7.19878282997
7.21798384564
7.22784830833
7.2474156986
7.27399114685
7.2751434458
7.27733588451
7.28328189817
7.30426956461
7.32075622092
7.32935603518
7.33966293406
7.35066136234
7.36268004223
7.37926605974
7.38972133993
7.39756489168
7.4015844564
7.40699902687
7.4225033833
7.43413896681
7.44352640017
7.44864038264
7.45487130152
7.47742307249
7.48586538968
7.49115350857
7.50829412641
7.5175321351
7.52664843833
7.54130461281
7.5492577861
7.5577748624
7.55853512182
7.57280248468
7.59499358626
7.60432570805
7.61097172815
7.62213491357
7.64866285148
7.66016246882
7.74289480459
7.75266478956
7.76859651082
7.79464055717
7.79593704103
7.81059663875
7.81373276597
7.82234392253
7.83172480483
7.85498631407
7.99189742925
8.0279701542
8.40194180535
8.42833279982
8.4307601355
8.43839200526
8.44135305103
8.4449528794
8.52743944565
8.5378318202
8.75739968026
8.77655724372
8.78979314343
8.79110226724
8.8110092457
8.8124543884
8.82396505411
9.34986082291
9.3726026105
9.37478753169
9.38833937943
9.44840885781
9.4689090075
9.5426716188
9.54696133018
9.58825806484
9.63967858028
9.65008977987
9.65465266887
9.6578516731
9.66447489697
9.67527926491
9.6786254234
9.69046699273
9.70241886408
9.71004613384
9.71697159698
9.71754399878
9.72883587009
9.73095756768
9.74734024858
9.76300108235
9.76903838824
9.78962740284
9.79907712604
9.83317512575
9.84153250662
9.84774422269
9.86940935362
9.87876130581
9.89435326475
9.90966362629
9.9255140421
9.93226157137
9.93406519803
9.94338557175
9.95156173099
9.96173184617
9.98984308122
10.0313671825
10.0344167442
10.0381168815
10.074844371
10.0915132086
10.1006489471
10.1097490165
10.1166004763
10.1298761027
10.1570946607
10.1814156739
10.2035112964
10.2241352315
10.2279721452
10.2648144369
10.2875083898
10.2990986111
10.3322983858
10.3436436389
10.3516716725
10.3630937038
10.3854037228
10.3972248111
10.523474572
10.5546301847
10.6287863602
10.6618258045
10.6806217595
10.717154332
10.7797907282
10.7949939516
10.8175096289
10.8246972152
10.832222684
10.8362593744
10.8433499121
10.847516605
10.8569363292
10.8680377964
10.8729100631
10.8857728783
10.8961889518
10.9016666022
10.9064699813
10.9101530535
10.9140788822
10.9171032417
10.9273509076
10.9381111913
10.9434695906
10.9572679813
10.9718619713
10.9786187651
10.9821482418
11.001332832
12.0048157959
12.0058892261
12.0124661075
12.0211471119
12.0260771224
12.0273639668
12.0449289038
12.0544804657
12.0626800747
12.0655502244
12.0725643133
12.0853631144
12.0971532959
12.0993267022
12.112777498
12.1151503781
12.1238602211
12.1387620019
12.1464050237
12.1554750492
12.1635592258
12.1642052656
12.1738041515
12.1886674138
12.1948523461
12.2058587121
12.2809030453
12.2962415798
12.3017285749
12.30792311
12.3295130129
12.347563089
12.3770233821
12.3890496326
12.3967022834
12.9773013949
12.984177831
13.2061457672
13.217361292
13.2274262084
13.2318679368
13.2338823054
13.2419271704
13.2438526423
13.2444829134
13.2496757376
13.2587522302
13.2633531945
13.2666022149
13.2758937767
13.2810031733
13.2832867194
13.2909496319
13.2995756878
13.3168238124
13.31875215
13.3424131637
13.346424307
13.3546331446
13.3820944171
13.3871351116
13.4070610951
13.4194921585
13.4274732535
13.4417166614
13.4535892032
13.4619476385
13.4661824307
13.4872868459
13.5016388564
13.5061218115
13.5130886625
13.5621304602
13.5798065002
13.6148399995
13.6228459392
13.6377967764
13.6419753084
13.656522136
13.6704764
14.3755735383
14.3980872414
14.4045175501
14.4067988833
14.414719759
14.417546367
14.4186018765
14.4231667644
14.4247405638
14.4317892766
14.4385882368
14.4440069554
14.486162461
14.5038765937
14.5182916999
14.5204800927
14.5237884724
14.547091136
14.5545438652
14.5654014644
14.571951774
14.5802132915
14.6091324326
14.6176906311
14.6516752293
14.6565542132
14.6584097587
14.6668623487
14.6715803718
14.6842122735
14.6996257348
14.7149986991
14.719102021
14.7784504643
14.7846935019
14.7968301205
14.8102018052
14.8125196956
14.8264170599
14.8366939132
14.8723359673
14.8859578169
14.9108799717
14.9178526228
14.9405736144
14.9446932649
14.9465850562
14.9511204247
14.9606685035
14.989818914
15.1255546246
15.1609901135
15.1743815675
15.188353393
15.1998836254
15.2079284838
15.231075119
15.2548460525
15.3323748316
15.344269726
15.3630888406
15.380298189
15.4340442359
15.4534390507
15.4778776725
15.6020336064
15.6028122548
15.6297538132
15.6498206378
15.6811102665
15.6851717784
15.6878572144
15.6984528941
15.7063255773
15.7133720095
15.7151981313
15.726894001
15.7302389679
15.7372667045
15.7479569619
15.7491096248
15.7515203439
15.7626711448
15.7677650372
15.7865684446
15.7958401993
15.8006500507
15.8027548578
15.8156309764
15.8289850689
15.8379939961
15.8522117882
15.8581072275
15.8692752303
15.8705373993
15.8725340696
15.9000892897
15.9072900841
15.9148001627
15.9245286485
15.9298614891
15.9478868598
15.953266779
15.9899897286
15.9947036711
16.0319078484
16.0404513158
16.058640854
16.0603242261
16.0749299896
16.0928836253
16.1049728892
16.1127252462
16.1152938669
16.1333248089
16.15454737
16.2038611137
16.2351813066
16.2487093098
16.3303547277
16.3409027732
16.3756727037
16.8056868557
16.8067598372
16.816112622
16.8921137604
16.9242074731
16.9269403434
16.9388944866
16.9555820969
16.9747722938
16.9967607055
17.0048844929
17.0058349879
17.014503733
17.0274988781
17.0381103733
17.0526941843
18.0004803438
18.0100376696
18.1328857193
18.1398850417
18.1494723904
18.1601985268
18.3550666139
18.3609479787
18.4399635887
18.4562345298
18.4688644708
18.4843064051
18.4886251087
18.5279060744
18.5572331269
18.6604517636
18.6731940585
18.6846284015
18.6952950523
18.6973850719
18.7187659819
18.7494772804
18.7602998508
18.7622013499
18.7823772052
18.819339191
18.8672851743
18.8937717875
18.9141082672
18.9406780566
18.9667160753
19.0275081646
19.2062343575
19.2157271786
19.2219644241
19.2263529596
19.2364686403
19.237125005
19.2673512505
19.3654979564
19.3785654516
19.381409732
19.3844640886
19.387799561
19.5056515417
19.521305783
19.5220687293
19.5265040825
19.5276051873
19.5374810872
19.5521479378
19.5585256242
19.5598705604
19.5877363138
19.6173531219
19.6219030631
19.6257520702
19.7437719438
19.7641015234
19.8084312313
19.8358912707
19.8534365067
19.8600043289
19.8821617425
19.8939295063
20.1746697301
20.1894566764
20.2300958957
20.2646843937
20.3124539795
20.3594423565
20.3793506139
20.4057584962
20.4065233763
20.4118686892
20.4169668189
20.4278768757
20.4292838581
20.4360810824
20.4485066875
20.4625956863
20.4861612479
20.4911573978
20.5030982361
20.5134384096
20.5263482311
20.5327306857
20.5748280675
20.5843900773
20.5913919917
20.5933413415
20.5980398707
20.6156360262
20.6185706143
20.6266434386
20.6335766818
20.6402749811
20.6480139785
20.6587977987
20.6719530229
20.7147721958
20.7185206486
20.7314860144
20.7429651675
20.7518556236
20.7788719399
20.7877154855
20.7915694991
20.8131078209
20.817680875
20.8311890523
20.8533005529
20.8632058402
20.8801230609
20.9299893903
20.9494336163
20.9526108631
21.0078800225
21.0261146914
21.0555359545
21.0600085544
21.0647535052
21.0659536026
21.3102103897
21.3375308735
21.3482961509
21.4825680715
21.4942937344
21.5200650648
21.5485761894
21.5792192428
21.5951801876
21.6025557425
21.6044968971
21.6136360406
21.6294191398
21.6327359546
21.6387884651
21.6399394417
21.6650604737
21.6703771902
21.6740828213
21.6825698121
21.7006118786
21.7017773299
21.725023584
21.7346142156
21.7410167221
21.7423570605
21.7853489666
21.8722972268
21.8860765792
21.8884646547
21.8958730098
21.9120764855
21.9299397109
21.9390608832
21.9472359251
21.9598012009
21.9813315519
21.9929180894
21.9985513778
22.0213199164
22.0343574923
22.0550172866
22.1246910906
22.1292623309
22.1693692976
22.1776207858
22.1800483796
22.202644337
22.2145803811
22.2251520583
22.3698967772
22.3765890845
22.3880073689
22.3954263174
22.4118992905
22.4195433169
22.4295477336
22.4708458778
22.5016515731
22.5189645441
22.5323503055
22.5605053047
22.5737002323
22.5839559755
22.6289438694
22.6320222948
22.65189238
22.6706898931
22.6829033136
22.6863302882
22.7081429382
22.8080028339
22.8141616783
22.8184845829
22.8240246924
22.8355549329
22.8394856007
22.8410131998
22.8470330138
22.8490800393
22.8557952231
22.8675922393
22.8807560126
22.8902720683
22.8942530956
22.8998288088
22.9056124896
22.9420669442
22.9494061221
22.9642460373
22.9768184179
22.9922177226
23.0042585603
23.0099996234
23.0339139271
23.0361993878
23.0513225744
23.0563344496
23.066267887
23.0717614244
23.1010594509
23.1229373426
23.15503446
23.1631656466
23.1644625794
23.1668114974
23.1838425406
23.1858451847
23.1908512797
23.203886334
23.2054476201
23.2304855002
23.2423870746
23.2612949173
23.277094496
23.2992356468
23.3207146576
23.3272023735
23.3391990987
23.3455955136
23.368301497
23.3905220607
23.3961515514
23.5469038558
23.5633873256
23.5769983075
23.5795078238
23.6583448783
23.6838588391
23.6950347187
23.6997789254
23.7197442556
23.7374145188
23.757073061
23.7801038772
23.7820115181
23.8142987681
23.8261296959
23.9248381933
23.9487982275
23.9842109029
23.9971209347
24.0079705974
24.0150070637
24.0222997944
24.0275394886
24.0372835565
24.0408412622
24.0429763171
24.0491724104
24.0522087329
24.0621285281
24.0725578128
24.6282881472
24.6425341171
24.6484412464
24.6705284277
25.2007057942
25.2068179576
25.2124986691
25.2214814417
25.2344529806
25.2487220895
25.2534642398
25.2620182975
25.2692050229
25.2724842561
25.283454415
25.2943227527
25.3018884687
25.3131741265
25.3170883831
25.324308533
25.339401934
25.3425315252
25.3488501935
25.3833031536
25.4124346285
25.4228166811
25.4299472806
25.4440890552
25.4574372263
25.4829317497
25.4997745022
25.509748295
25.5149345779
25.5288901966
25.5392617015
25.5559365308
25.5623527634
25.5920675449
25.5945766781
25.5954310549
25.5968722084
25.6064100057
25.6124174255
25.6214764932
25.6336338628
25.6388219089
25.6457800484
25.6545203727
25.6681466738
25.680385055
25.6941443056
25.7110345547
25.7248117407
25.7625080169
25.7689811973
25.7981262381
25.8306611081
25.8376833938
25.8450489768
25.8687697237
25.8828873422
25.892211083
25.9076885254
25.9214623786
25.963032971
25.9868939103
26.0003828208
26.0112662778
26.0431677953
26.0460603495
26.0481631056
26.0710746231
26.099217616
26.130461941
26.1505181711
26.1789289717
26.1816838354
26.1996490486
26.2275878104
26.2535408259
26.2867298514
26.3033380558
26.3446162662
26.3576678572
26.4035901297
26.4246915637
26.4281631378
26.4295048846
26.4304973731
26.4360651613
26.4421819542
26.4530533329
26.4638209958
26.4721760594
26.4814805883
26.4930405544
26.5242979042
26.5253424481
26.5320722005
26.5392449428
26.5497144481
26.5631757501
26.5760497517
26.5903893552
26.5942103338
26.604518849
26.6140885076
26.6633831616
26.6725470999
26.6850494967
26.6983401249
26.7093491702
26.712345751
26.7161867922
26.7280168699
26.7341775269
26.7416968961
26.7547220949
26.7677609831
26.7821128587
26.7882862222
26.8001501163
26.8095638518
26.8165800831
26.8245819485
26.839448695
26.8456679153
26.8662996337
26.883873338
26.8893269326
26.9056231777
26.9140309585
26.9267245737
26.9393977618
26.9460212703
26.9727230953
26.9894543192
27.033254541
27.0554352367
27.0620565028
27.0923279633
27.1666428782
27.1684657821
27.1881921064
27.2358816296
27.2629280019
27.3400219471
27.6053367839
27.6184667678
27.626531248
27.6337754528
27.6469254418
27.6533182151
27.6625569796
27.6755366657
27.6823896392
27.6884242611
27.7034856496
27.714286687
27.7199650729
27.7310787223
27.7370478213
27.7395070237
27.75179039
27.7535098458
27.9616321636
27.9839646667
27.9873595286
27.9958526906
28.0349857122
28.3284230381
28.3433864942
28.3583771007
28.3870329515
28.4461367828
28.4766337292
28.50690622
28.5386744214
28.558975566
28.6010027327
28.6531740165
28.7328554639
28.7623328659
28.7743235187
28.7842638385
28.8251122115
28.8286208611
28.8310690789
28.8363413313
28.8528895015
28.869039516
28.8701899965
28.8753258463
28.8841278534
28.8858524722
28.9109881187
28.9250204109
28.9287032131
28.9388744733
29.0276555724
29.0415878095
29.0465175168
29.0557095356
29.1346015577
29.1436927933
29.1448333427
29.1950084733
29.1980788897
29.2116682979
29.215250792
29.2579642927
29.2594032759
29.2626416748
29.2798911529
29.3013093503
29.3279945328
29.3654910844
29.3755924342
29.4889308753
29.4964167705
29.5080318859
29.5136465659
29.6319994648
29.658315407
29.681107166
29.6924187529
29.7234514088
29.74643156
29.7675850378
29.7849494673
29.8050184211
29.8432385928
29.867145344
29.8965382304
29.9018464406
29.9035476191
29.9110765658
29.9713066498
29.9879815145
30.006129476
30.0110489456
30.0223645851
30.0238533129
30.0349369597
30.0433390338
30.0601645123
30.0670427214
30.0748816822
30.0854602912
30.0966483571
30.1282944442
30.133931196
30.1351255436
30.1482029335
30.164784088
30.1786227558
30.1928499506
30.2058369362
30.2183691714
30.2277878142
30.2352370557
30.2518415314
30.2614372579
30.2718583731
30.2751027628
30.29239176
30.2972948419
30.7399237262
30.749837789
30.7882894316
30.8603799309
30.8770123699
30.8902630325
30.9003514166
30.9047891146
30.9476919365
30.9738619478
30.9760615972
30.9956319586
31.0478542026
31.0973019909
31.1205283162
31.1352650776
31.1646115241
31.2071995149
31.2335184484
31.2367154381
31.2476692639
31.3286835455
31.3295166755
31.3317411728
31.3396126614
31.3513388576
31.3540524462
31.3668794793
31.3728774476
31.3782769823
31.3816698877
31.3945484974
31.4076150872
31.4232479071
31.4294032895
31.4347894465
31.4506528672
31.4636611941
31.4705903106
31.4796445417
31.4905066442
31.5017334209
31.5032922533
31.5259685005
31.5674748196
31.5829995046
31.5992363138
31.6085139512
31.6273994794
31.6426257373
31.6500781778
31.6542603795
31.6884084326
31.6980046453
31.7260285613
31.7628543067
31.8001521936
31.9657186857
31.9707002662
31.9887553581
32.007282249
32.0168392134
32.0516441212
32.0762910376
32.0835165617
32.1404632712
32.1639841506
32.1756981584
32.2291014169
32.2433580982
32.2880036599
32.3224274953
32.4123186105
32.4219714335
32.4225244561
32.4431237501
32.4476133716
32.458684941
32.4623369388
32.4747152038
32.4832631857
32.4901823237
32.4960801814
32.5014050578
32.5072526493
32.5143250847
32.5265282095
32.5302524129
32.5386317696
32.5478854997
32.5486379876
32.5534664452
32.5567538905
32.566664015
32.5746019767
32.7283615479
32.7321551824
32.7406837524
32.7415015228
32.7578236654
32.768617133
32.7894997164
32.8078116534
32.8147535653
32.8173841808
32.8189064216
32.8450041478
32.8488531166
32.8630256377
32.8677715333
32.879502784
32.8997924841
32.9271810522
32.9525975657
32.970423953
32.9861482559
32.9955682481
32.998773093
33.0234330975
33.0424489814
33.0465004586
33.077660142
33.116118509
33.1247553355
33.1493618242
33.163090811
33.1641847596
33.1969841791
33.2257826822
33.2353513861
33.2528760793
33.2599948361
33.2942674703
33.3151758893
33.3518840523
33.3750724209
33.3899191071
33.5341240467
33.5492029771
33.598061086
33.6017253586
33.6081913166
33.6128036177
33.6583332092
33.6672164934
33.6702704846
33.6811577311
33.6887179262
33.7004964436
33.7160596279
33.7271683816
33.7344454182
33.7353527929
33.742198536
33.7512827142
33.7648555552
33.7671099922
33.7804294517
33.7809936032
33.7869261343
33.8079934969
33.8249409724
33.8271297794
33.8299801459
33.8487308371
33.8596895695
33.863921971
33.8767293274
33.8873114931
33.8926511846
33.8997221588
33.9120712414
33.9274752702
33.9764048575
33.9982162438
34.0041147558
34.0130389758
34.0192793683
34.0370252608
34.0517610893
34.0557056048
34.0730540415
34.0860983672
34.1002116468
34.1168110072
34.1333702828
34.1591061439
34.1916068139
34.2090906122
34.250148375
34.265252415
34.2950328518
34.3041887653
34.333905489
34.3469672365
34.3631455582
34.464463529
34.5265446081
34.5936706754
34.61337857
34.637355523
34.6504080463
34.6719268179
34.6957360558
34.7320439109
34.7842714281
34.8033963542
34.810205185
34.8202771393
34.8322353595
34.8380553513
34.838797662
34.9045950403
34.9080740471
34.9092993597
34.9117496546
34.9135726706
34.9259607851
34.9310273432
34.9419469662
34.946849592
34.9553888914
34.9628197951
34.9763914847
34.9793440732
34.9978332091
35.0410523257
35.0576842544
35.0601584563
35.0801750722
35.0810908136
35.0933515281
35.0988599363
35.1053039862
35.1090412549
35.1256388003
35.1439761659
35.1718425207
35.1878626064
35.192894098
35.2247540774
35.2356919747
35.2412010867
35.2507160265
35.2570507082
35.2786056721
35.3650941869
35.4078814836
35.4198412043
35.4296357383
35.4459963319
35.4564086028
35.4711941148
35.7019624693
35.8700056024
35.936274644
35.9620437041
35.9899202344
36.0064972143
36.0095223148
36.2200089289
36.2309977934
36.2349307405
36.245254101
36.2552793506
36.2623276931
36.2750331321
36.3391619836
36.349990914
36.354886148
36.3631577449
36.368919212
36.3789615442
36.3958429356
36.4057807724
36.4275450496
36.4722620053
36.4740976537
36.4907811146
36.5093059329
36.5336807017
36.5543143912
36.5674432671
36.584443764
36.6029322535
36.6208131417
36.6463212179
36.6727648227
36.6996537777
36.7110438083
36.7269313211
36.7469709261
36.7628275679
36.7820664355
36.8035470987
36.8458568675
36.8698554804
36.8897806149
36.9246719878
36.9699788343
37.0390775286
37.0611860398
37.0906499146
37.1870896487
37.2101691587
37.4309540336
37.4399326938
37.4826744228
37.4989414677
37.5088013091
37.5331505145
37.5351719119
37.5688645297
37.5697894937
37.5757665851
37.5981321885
37.6075909414
37.6253169887
37.6607923002
37.6751028818
37.6829930382
37.6952579305
37.6968118512
37.7108813707
37.7306546019
37.774621687
37.8186305748
37.8289545434
37.8356551558
37.8396940008
37.8451623917
37.869623794
37.8778706254
37.8803243318
37.9055345805
37.9185305277
37.9199403052
37.9316919075
37.9485696467
37.9728888916
37.9976457963
38.0039145898
38.0083427939
38.0436178518
38.0558321013
38.2131354116
38.2501264623
38.2754844132
38.2937142871
38.324105227
38.3454894868
38.4068145117
38.4092058762
38.4116949405
38.4367370287
38.4456570133
38.4585019927
38.4676854125
38.4734508921
38.4910167031
38.4958228611
38.5027134641
38.5033575399
38.5091726908
38.5147973003
38.5230256059
38.532625384
38.6891501779
38.705013914
38.7075417367
38.7216279479
38.7278410048
38.7293940163
38.7436915674
38.7661714428
38.7772973354
38.7888914266
38.8075804217
38.8212668432
38.8228390831
38.8353839813
38.8462757952
38.8570654691
38.8633954049
38.8724729773
38.8848761264
38.8881714353
38.8965894365
38.9126346604
38.92300484
38.9391190474
38.9574427344
38.9788769806
38.9994710532
39.0010590483
39.0066649844
39.0091051353
39.0164936951
39.0311443543
39.1668651895
39.1973097821
39.2081341763
39.2514707268
39.2637543645
39.2747184913
39.2916556789
39.3085433794
39.3357709938
39.3550949536
39.426708436
39.4444058961
39.4559394068
39.4951475141
39.5146774785
39.5170214329
39.5536986738
39.5606451598
39.5746968652
39.5982488335
39.602599354
39.6070557098
39.6111759678
39.6162887935
39.622746643
39.6261528015
39.6284277564
39.6391509378
39.6446521561
39.6545476113
39.659806808
39.6962862445
39.7005407893
39.7049821165
39.7158414956
39.721289158
39.7279096427
39.7379576051
39.7419811514
39.7740871915
39.775404472
39.7989959869
39.8325598087
39.8802194835
39.8912061258
39.9027420514
39.9088372383
39.9389357134
39.9830206515
39.9901070249
40.0453747894
40.0520373547
40.0708648655
40.0941609777
40.1118333423
40.1199653187
40.1378982667
40.1474574609
40.1654423387
40.1866959955
40.1976718855
40.1988599752
40.2015053556
40.2165278951
40.2181415799
40.2376732021
40.2390144117
40.2532667257
40.254739961
40.2722431357
40.2824922719
40.3030325645
40.3093874055
40.332628569
40.3655714864
40.3703462336
40.3788281912
40.38883525
40.3903782328
40.4248396404
40.4288697964
40.4388715778
40.4603307624
40.4632395168
40.4653392595
40.4761793711
40.4893602782
40.5561613046
40.5747758988
40.5762688955
40.8035554402
40.8079934886
40.811005035
40.8202218121
40.8252256297
40.8265585645
40.8273192594
40.8323475883
40.8395134293
40.8493535384
40.8548963155
40.8636951245
40.8708015181
40.8753716168
40.8813297176
40.8848361535
40.8934469247
40.9025945472
40.9259151399
40.9284225623
40.9348026286
40.9375278626
40.9476298407
40.977079859
40.9838565493
41.0058040042
41.1293912965
41.1474715915
41.154027546
41.1639408767
41.1861764996
41.188351722
41.1914588495
41.2056310359
41.2135492895
41.2199756747
41.2287544567
41.243004437
41.252938521
41.2545057672
41.3566243232
41.3580547142
41.3595660887
41.372895151
41.3815771056
41.3956411618
41.3986710616
41.5155588576
41.5279473153
41.540918023
41.5528935213
41.6119811264
41.6150648914
41.6402120352
41.6454019072
41.675393849
41.6916745607
41.6943186218
41.72136844
41.7552228841
41.7712564757
41.8650876846
41.8831631547
41.8997079185
41.9153845464
41.9249580788
42.006562268
42.0205330034
42.0319083247
42.0389622543
42.04845614
42.0529538536
42.0576232801
42.0602607944
42.0627059539
42.0671671678
42.0731218731
42.0865926643
42.0900233843
42.0935426453
42.094814833
42.0996993053
42.1063243116
42.1116381349
42.1243808041
42.1323499424
42.3034311924
42.3175007161
42.338141325
42.3598608027
42.3655757945
42.3855113971
42.3948785843
42.4016804725
42.4090754543
42.425584072
42.4321863208
42.4402230849
42.4515115785
42.4722647396
42.494539258
42.5217554915
42.5445898151
42.545527557
42.5572195685
42.5661924888
42.5734131392
42.5886886355
42.5961340091
42.6108097615
42.6132954974
42.6599759472
42.6730688106
42.6934533278
42.6948164357
42.7196187338
42.7521917133
42.7754659592
42.7951835871
42.8044680634
42.806375262
42.8089425332
42.8250449128
42.8374166157
42.8546029576
42.8747466017
42.9509252273
42.9898028318
42.992472655
43.008784126
43.0151335153
43.0353234655
43.0561097025
43.0629477221
43.078222427
43.0970839718
43.1139446625
43.1331351569
43.1478612744
43.160077273
43.1964578798
43.2038303817
43.2779598392
43.2843718953
43.2849292856
43.2873495252
43.2946364258
43.3053182591
43.3088567076
43.3155389681
43.3192949442
43.3216003534
43.4263127235
43.4303244015
43.4554187462
43.4654831492
43.4878037201
43.4943016014
43.5376215632
43.5436609897
43.5502517443
43.5710050932
43.5787568325
43.8203054675
43.8443404074
43.9351252654
43.9682723055
43.983448828
44.0118433948
44.030335322
44.0654561949
44.1045617243
44.110533279
44.1334818183
44.1546716458
44.1728983827
44.1917853686
44.2368412865
44.2640063777
44.2864533574
44.2986072759
44.3799675499
44.4035522897
44.4183538552
44.4296213943
44.4327615807
44.4535747249
44.5235200238
44.5244609143
44.5319464773
44.5396508484
44.5537443191
44.5610407456
44.5703033811
44.9176795864
44.929368924
44.9472771187
44.9492344257
44.9608584774
44.9647086459
44.9700831371
45.0095447294
45.0168082428
45.0324406426
45.0483273253
45.0642075232
45.1062616774
45.1084713156
45.135756862
45.1496507194
45.2284621929
45.2438698452
45.2546173518
45.2781208722
45.3053789797
45.312082478
45.3166316026
45.3487146378
45.3606172062
45.3796507824
45.431874025
45.473525653
45.5083457185
45.5337006013
45.5873716079
45.6188532759
45.6242274773
45.6337989329
46.3287763136
46.3396748556
46.8034789177
46.805493661
46.8082562137
46.8207928065
46.8273886001
46.8358285947
46.837993743
46.8399868673
46.8474476965
46.853221227
46.8574069969
46.861338835
46.8804872456
46.9146357281
46.9442518722
46.9476139637
46.9485751224
46.9710719685
46.9814788779
46.9858927154
46.9907303619
48.0041770672
48.0075141182
48.0083136773
48.0196185641
48.0257209297
48.0285069785
48.0318826323
48.0331672996
48.0438439331
48.0464222814
48.0770822212
48.0939536488
48.1028054047
48.1143930213
48.1218524191
48.1362883163
48.1368674178
48.1750987426
48.1784415557
48.1820583422
48.1981918695
48.2097683402
48.2149426576
48.2192988631
48.228693925
48.2394181341
48.2401880326
48.2461202324
48.2570490138
48.2656735044
48.269561763
48.2755067198
48.284279325
48.3491058346
48.3578621363
48.3776263033
48.3929683853
48.4029128471
48.4179495818
48.4227736708
48.4240694055
48.440096045
48.4439274582
48.4512817358
48.4678943761
48.4774307988
48.5010587036
48.5057765147
48.5213028009
48.5245273598
48.5387221193
48.5453713031
48.5556780041
48.5666790482
48.5994435159
48.640614044
48.6485624112
48.6534327328
48.6823483856
48.7025535148
48.7521340248
48.7830099307
48.7950365584
48.8143954697
48.8310926214
48.8478031091
48.9753646771
49.0003876407
49.0518859195
49.0825133303
49.0866762251
49.103754981
49.1477356818
49.1974893859
49.2026825424
49.2086088022
49.2221198495
49.2245499339
49.233966559
49.2555345703
49.2591070008
49.2654674619
49.3034162264
49.3136635381
49.3291119888
49.3643332351
49.3678853446
49.3769752301
49.3796601744
49.3867117591
49.3995180407
49.438425822
49.4436829945
49.45269963
49.4642911974
49.4932357276
49.5019110144
49.5077845256
49.5439273668
49.7045078818
49.7194356847
49.7420418584
49.7442531514
49.7722643675
49.787400955
49.8057179526
50.040701223
50.0806731758
50.0892230581
50.1149238273
50.1341416042
50.1491790725
50.1594067984
50.1911700313
50.2029325403
50.2170737666
50.2225588555
50.2453275316
50.2667356404
50.306389538
50.3410554434
50.3715599531
50.3869645367
50.4246512813
50.427082537
50.4427658496
50.4566306103
50.4581156413
50.4710164255
50.4864084409
50.4951597575
50.4959505921
50.5046402449
50.5425087487
50.5469831261
50.5483818407
50.5719403354
50.5808090259
50.5820298488
50.5922281495
50.5949090093
50.6051933419
50.9085717972
50.9224367187
50.9659897712
50.9672722003
50.9923622069
51.0184459019
51.0206461935
51.0386120481
51.2197359668
51.2661544335
51.4908046201
51.5012341164
51.5832286699
51.6079459819
51.6155512148
51.6295579831
51.631354772
51.6321746724
51.6337632302
51.6366471293
51.6427106484
51.6477041905
51.6490600286
51.6643956971
51.6745074756
51.6858058103
51.6882298159
51.697024549
51.7053579257
51.7218654041
51.7650732273
51.7743445258
51.7787287042
51.8073354844
51.8187353082
51.8319159749
51.837644949
51.8383796223
52.4255372687
52.4467415137
52.4561485984
52.4578406084
52.468004601
52.4998292585
52.5120587309
52.5338824576
52.5464330462
52.5566459236
52.5963455833
52.6729349177
52.695043812
52.7031498459
52.7205249064
52.7398404458
52.7769255564
52.8033248299
52.811108146
52.819414639
52.8211277615
52.823701368
52.8305024273
52.8408821533
52.8448868382
52.8606621939
52.8618384645
52.8667061299
52.8735514446
52.881999414
52.8945226585
52.8953322206
52.9037596916
52.9113590081
52.921188697
52.9265740207
52.9313370958
52.9378738885
52.9515266069
52.9685606231
52.9781130004
52.9963449242
53.009661789
53.0211731662
53.0432923352
53.0656687807
53.1027514068
53.1099484829
53.1238139645
53.1321635732
53.176495368
53.1781311145
53.1999009699
53.2122773025
53.2274859386
53.2326988301
53.2344319331
53.2516206458
53.2611399196
53.2817472535
53.3034944166
53.3287838143
53.3582286192
53.380828101
53.3855951258
53.4063634851
53.4077828893
53.4240795663
53.4431004405
53.4474173192
53.4813524888
53.5023507593
53.510257869
53.5306736177
53.5593660182
53.560878832
53.5935995794
53.6261478927
53.6439046205
53.664415012
53.6789424668
53.6984506872
53.7139284272
53.7295536497
53.7519912318
53.7707963452
53.7838871061
53.8205703833
1996
