6.00335709402
6.01468121296
6.01834056815
6.02312687284
6.03296057085
6.03690120219
6.03807110948
6.03877768247
6.04830495569
6.05332013381
6.06316727209
6.08829758012
6.09697249729
6.11218265699
6.12034005344
6.12750985665
6.15292760321
6.1549250715
6.15639168988
6.15724333138
6.16407723043
6.17011042785
6.18157476248
6.18394687255
6.19105193147
6.20078107301
6.20952562861
6.22118924262
6.22679303262
6.23280909565
6.38791578247
6.38876494555
6.391810181
6.40600452042
6.41307504088
6.42181301421
6.44207582435
6.50069570724
6.50955050473
6.52302493687
6.54686378518
6.54992781082
6.55862685755
6.56758188982
6.57481402624
6.58943848712
6.60080288919
6.60711268171
6.63528302388
6.6906819506
6.76820675093
6.78193030997
6.85119401091
6.86457427958
6.87562454864
6.92798406433
6.97395557544
7.0590698631
7.07681803784
7.10136107781
7.11643339224
7.14736352115
7.15064249655
7.19942156492
7.20579255786
7.20989563704
7.21628007771
7.23078785565
7.23747192385
7.25086802377
7.25734866527
7.2588522091
7.25941518856
7.27493441053
7.28244084372
7.29393172788
7.29763949242
7.30572202843
7.312043971
7.32367171594
7.32962011057
7.3351153613
7.34077951576
7.3530404822
7.36414798636
7.37711323361
7.38820771103
7.39771193046
7.41563332672
7.44301384928
7.44971439799
7.46467000719
7.52276607
7.52807551402
7.53338517438
7.54852704641
7.56592246035
7.57705699768
7.5835573384
7.58919446487
7.6019591556
7.60690403754
7.61926244658
7.66992229889
7.69017848958
7.71735464285
7.72907045447
7.73958932897
7.76974361674
7.79203982308
7.80848885483
7.81709916968
7.83905678588
7.86091952874
7.89475179292
7.90741671723
7.93871867693
7.96412177745
7.97639763075
7.99262815589
8.40471622597
8.40553162569
8.40652151046
8.41199507467
8.4223845035
8.43001308193
8.44214630937
8.45559813869
8.4563237607
8.46692970795
8.47421354727
8.47653493756
8.48010110226
8.48226867606
8.49768500117
8.50009654723
8.50928718532
8.51594590143
8.5316684967
8.54466248466
8.55278665511
8.56325444173
8.58183410132
8.58622388232
8.58738282741
8.6226843265
8.64504491762
8.65737163244
8.66733227982
8.68069111648
8.68675059201
8.6937444693
8.69943750392
8.7020655329
8.72306825614
8.74493789978
8.80337752938
8.81641231123
8.82094427001
8.82839348426
8.85282201235
8.90064517567
8.91399404021
8.92659590739
8.95867939527
8.96638319708
8.97345216089
9.00868170572
9.02971278025
9.08186280839
9.0961055215
9.11132154055
9.11860931583
9.13245425222
9.15468227167
9.16340079067
9.16983912102
9.21825899481
9.2397064556
9.24897160294
9.63057640549
9.64389085883
9.6480132291
9.65697575785
9.67235009662
9.6835964715
9.69090211598
9.7010676189
9.70844835183
9.71802526535
9.72358810393
9.73693110249
9.75495385893
9.75714099193
9.7693532002
9.77376072343
9.78099430314
9.78752149154
9.79640910018
9.80542796115
9.81538394203
9.83014290417
10.810850654
10.8261970345
10.832440876
10.8414274433
10.8456535126
10.8511784579
10.8541954594
10.8941874511
10.9097205111
10.9231148529
10.9330988124
10.9349372564
10.9375601423
10.9432488068
10.9560536728
10.9649585252
10.975354252
10.9902656638
10.9966820793
11.0024663522
11.0171450647
11.4642316863
11.4659510946
11.4756613877
11.7027479704
11.717883963
11.7269237431
11.8937642537
11.9367244724
11.9672067709
11.9817292747
12.0791325544
12.0805416751
12.0831952817
12.0944963814
12.1027356232
12.104011302
12.1049999689
12.1130751237
12.1257737455
12.1351199866
12.1372482705
12.1492068819
12.1536160397
12.1633493009
12.169889019
12.1707797897
12.1806136545
12.2019363644
12.2126922609
12.224824254
12.3600394867
12.3710390215
12.3741494619
12.3873665287
12.5017046341
12.5267637969
12.5668153846
12.5756288133
12.5814212754
12.6348921336
12.6792383496
12.6893998601
12.7798159965
12.7828302092
12.8102526012
12.8353360368
12.8421684326
12.8620525891
12.8830686242
12.8980035837
13.1863525434
13.2033348719
13.2589551855
13.2647430659
13.2678614241
13.281869723
13.3162613698
13.3170154649
13.321722619
13.331587976
13.3479287034
13.3578699461
13.3584515535
13.3661599189
13.3707172227
13.3758828087
13.3796139002
13.3857379707
13.397551774
13.4082991346
13.4136569945
13.4219472947
13.4260370235
13.4290881173
13.4508994602
13.4530185639
13.5073773799
13.511789938
13.5315825949
13.5375943524
13.5751468847
13.5765484078
13.5888878602
13.6883002976
13.6969970522
13.7261398631
13.7335982899
13.7470412098
13.7508612198
13.7636046744
13.7818094964
13.8459573538
13.8656517835
13.8763954161
13.8880271197
13.9109109638
13.9138849558
13.9158112704
14.0231429331
14.0493541781
14.0516219142
14.0700620984
14.1014035141
14.1357377903
14.1752302122
14.1906665553
14.2178787119
14.236870306
14.2390816795
14.2420348099
14.2798525193
14.3083760043
14.3184760726
14.3574806385
14.3650715652
14.3864534519
14.4188971944
14.4214867429
14.5013762097
14.5236054493
14.5337877194
14.5544795617
14.55813353
14.5676775557
14.7012429634
14.7083318252
14.7142249493
14.7239526646
14.7294582208
14.7312350446
14.7337394052
14.9293029518
14.9442668774
14.9652489422
14.9702370875
15.0017245045
15.0415747118
15.0882855624
15.1129434104
15.1437964225
15.1794656321
15.1949669768
15.1997176065
15.2234080001
15.2586286615
15.2634243669
15.277852657
15.4912012422
15.4990438628
15.5277140498
15.5436552222
15.559474838
15.5808304314
15.6008112446
15.6046020732
15.6075420519
15.6091204784
15.6180916295
15.6186933464
15.6222295291
15.6458306473
15.6495739034
15.6598376214
15.6821504901
15.7206328981
15.7300158882
15.7474618583
15.7524892496
15.7598865927
15.9436922494
15.9657662814
15.9749016474
15.9786176825
15.9920544727
16.0146976619
16.0287099498
16.0451228998
16.0599952699
16.0801989856
16.1010080817
16.1066720276
16.1322281974
16.1429769934
16.1448418381
16.1537074349
16.1851120412
16.1872353136
16.1983160388
16.2121363555
16.2339324993
16.2475598083
16.2730683605
16.2846793636
16.2978256595
16.3054052263
16.31648306
16.3598570641
16.3866435598
16.4002185471
16.407246345
16.4304883704
16.437199274
16.4588702929
16.4705439048
16.4925296379
16.5189877948
16.5344566337
16.5708778313
16.6079498225
16.6388117669
16.6677232977
16.7024477671
16.7287118027
16.7395876265
16.7701025179
16.8157292099
16.8183333719
16.8268995999
16.8328392925
16.8363399118
16.8382114837
16.8389946087
16.8450638904
16.8559125319
16.8729842776
16.8764469438
16.887001719
16.8875605862
16.8931081938
16.9372034805
16.9488851372
16.9613561662
16.9839750806
17.0036094047
17.0145342517
17.0245178771
17.0549399368
17.0603774268
17.0677347819
17.0776503743
17.0832277956
17.0926516925
17.0969958388
17.1087593764
17.1253466659
17.1331459056
17.1447817232
17.1579922297
17.173726257
17.1809841619
17.1944067547
17.2090190963
17.2209600647
17.2314095568
17.2572182973
17.2661013343
17.3086620123
17.3327145223
17.3737634384
17.3990493133
17.4157637866
17.4337357803
17.4634831649
17.512414731
17.5243233958
17.5636144422
17.5911743093
17.6145857466
17.6269295921
17.6494871791
17.6943439214
17.7239169281
17.7515830316
17.7839071084
17.804121329
17.8175770216
17.864342076
17.9095535343
18.0085939192
18.0223656004
18.0230093071
18.0317185157
18.0369684673
18.051741655
18.0682210965
18.0726965442
18.0790175949
18.0841714404
18.0921073714
18.1032300936
18.1105522808
18.1262538304
18.129709584
18.1318790767
18.1356522101
18.1376071716
18.1526035376
18.1556609186
18.1638691823
18.1647908332
18.1694537456
18.1713669264
18.1785670263
18.1815384427
18.1878240587
18.2014723045
18.2047857443
18.2180193005
18.2253507586
18.3194923546
18.3293097615
18.3384449412
18.343074383
18.3517888195
18.3629626281
18.3825737033
18.3929242577
18.4172692074
18.4209964071
18.4319648742
18.5556554252
18.5690796005
18.5949591481
18.5973341539
18.6230893733
18.6746714301
18.714263387
18.7185161618
18.7471881893
18.7546341115
18.7660971782
18.8126366323
18.8285310207
18.8393791716
18.8592430664
18.8727561854
18.8847130058
18.9574646225
18.9647028867
19.0257698768
19.0443777746
19.0821669891
19.1095772961
19.2023836473
19.2146452866
19.218975398
19.2256981648
19.2542184468
19.2575074853
19.266868716
19.2691173779
19.2764563943
19.2867407295
19.2901648456
19.3483174026
19.3977873644
19.4193234208
19.4411886408
19.843842857
19.853575245
19.9081160136
19.9248423734
19.9265571797
19.9568588013
19.9656412097
20.0070826135
20.0304901242
20.0321068625
20.0351785534
20.0829586783
20.1089958385
20.1108007132
20.1219795821
20.1509944746
20.1602087775
20.1796378665
20.2158025972
20.2757812045
20.3047839978
20.3423324698
20.3631152741
20.3910305167
20.5309900943
20.5467678121
20.5560965397
20.5730144773
20.5845772127
20.5860484025
20.5933359431
20.7520932439
20.760145541
20.7707599456
20.7720744122
20.8050729315
20.8165059679
20.8411277168
20.8559655517
20.8606069485
20.9245171628
20.9375553392
20.9619793648
20.9669190101
20.994230994
21.0106158597
21.0190127841
21.0264060737
21.049713213
21.070691067
21.0947565848
21.134642386
21.1594086848
21.1728194823
21.1864050028
21.2006559169
21.2063148496
21.263165061
21.265899139
21.2916894959
21.3072833832
21.3087820913
21.3149345683
21.3186531216
21.3396190505
21.3471858026
21.3712242563
21.3942328151
21.6017079257
21.6165840918
21.619901466
21.6209765301
21.6246378273
21.6387677754
21.6448404996
21.6573366146
21.9978229889
22.0117541699
22.0373966367
22.0431662671
22.048680746
22.0576680507
22.090658914
22.1800940513
22.1951038009
22.2188502767
22.2448086625
22.2468793772
22.2590033698
22.2808240958
22.3274873481
22.3632088619
22.4101002416
22.4176496913
22.4340343326
22.4557497181
22.48270238
22.5136886833
22.5272533663
22.5432089697
22.5540636674
22.5616329192
22.5892530716
22.5962003477
22.6096072523
22.6138008125
22.6432787405
22.6797575132
22.7133858521
22.7390693434
22.7568600046
22.7991753326
22.8094955606
22.8234944942
22.8341224413
22.8346732033
22.8398081008
22.8542139215
22.8651594236
22.8692227815
22.8786425147
22.8861073281
22.897897275
22.940337459
22.9463693812
22.9522276628
22.9603623266
22.9695043171
22.9720656685
23.0023633109
23.0167832682
23.0176495349
23.0274036616
23.0312129452
23.0432460671
23.194781341
23.2004547536
23.2047320008
23.2080682358
23.2714382141
23.2772858577
23.2868448627
23.3007029795
23.30423908
23.3311370864
23.3378376694
23.3768342301
23.3869986415
23.4949899208
23.5090021811
23.5533139017
23.602955179
23.606605748
23.6719336533
23.7508134127
23.7824657343
23.8154037424
23.843490139
23.8826322038
23.8980029343
23.945968985
23.9765344941
24.0041771938
24.0477643018
24.0591570274
24.0687229286
24.0698373312
24.1065428665
24.1185928932
24.1355247899
24.1486948637
24.1512978832
24.1562128417
24.1672033531
24.184865599
24.1936319327
24.2218140622
24.2366276525
24.2412291542
24.2574923365
24.2867888432
24.3042455389
24.3093873874
24.3138275934
24.3231594088
24.3297507653
24.3456003531
24.3581127025
24.3615071995
24.3716373783
24.3826145775
24.3877426616
24.397656361
24.4113178979
24.4174658847
24.4184004999
24.4229141087
24.4372834091
24.4558067741
24.4610924029
24.4755485551
24.5157138333
24.5321313923
24.551319412
24.5603604191
24.5662799664
24.6389367574
24.6488315188
24.6730522213
24.6763698242
24.7947608807
24.8436332401
24.898507905
24.9620528515
24.9636416778
24.9779461788
24.99186112
25.0282384701
25.0792374513
25.122331322
25.1370504767
25.1679271606
25.2212162311
25.2318278898
25.2324720653
25.243190745
25.2888995415
25.2984028979
25.3119423969
25.3599302006
25.3652566458
25.3694135544
25.3807460926
25.3901001399
25.4029640997
25.417395438
25.4255619707
25.4298077898
25.4318760373
25.4433202385
25.4510700057
25.456082956
25.463559374
25.4757391748
25.4874557753
25.4960298894
25.5112663015
25.5393661664
25.5435828072
25.5954753246
25.6000290495
25.6212474029
25.6276393926
25.6416675224
25.6507705373
25.65983629
25.6762588287
25.6882266891
25.7092236943
25.7551310664
25.7702330887
25.7864247002
25.8363937726
25.8452864874
25.872986603
25.8910234975
25.9125720774
25.9368670321
25.957471214
25.9998915261
26.0747983981
26.0782861044
26.110380456
26.1348239006
26.1528659901
26.1686981539
26.1945580615
26.2253332403
26.2304608668
26.2568052207
26.2845417959
26.3412744842
26.3940160042
26.4162628523
26.4194734815
26.426699072
26.6236857672
26.6335666265
26.6513178566
26.6584220699
26.6591203588
26.6741825005
26.6815531323
26.6848810499
26.7081648803
26.7273590541
26.7389162689
26.748350992
26.7669679148
26.7697772476
26.7858837454
26.800946731
26.844967319
26.8605536311
26.8678166207
26.8938063894
26.9015401629
26.9168887165
26.9195840149
26.9529618819
26.9623337372
26.9900068999
26.9983304014
27.0758143181
27.0856584387
27.1112537471
27.1281498609
27.150903699
27.1821674178
27.2005078505
27.2207142883
27.249794655
27.2620099998
27.607380388
27.616047747
27.6219675951
27.62479727
27.6383877057
27.6434468834
27.7504898365
27.7541574492
27.763737937
27.7752121842
27.7819510474
27.7914514456
27.797028041
27.7981113246
27.8166184375
27.8290368482
27.8596281461
27.8696039068
27.8780890234
27.8956235751
27.9060510342
27.9197516613
28.0189028069
28.0514874963
28.0812679363
28.0952109322
28.1044715608
28.1138874469
28.1324169338
28.1434748724
28.2007064086
28.2361543399
28.2544079853
28.4413025897
28.4438675849
28.4660979372
28.474034687
28.5108109988
28.5171493259
28.5289541057
28.5645130712
28.5960647129
28.6351670764
28.6835899496
28.8079421472
28.818184022
28.8260300353
28.8415443404
28.8570332232
28.8683869846
28.8753723649
28.9156788873
28.9238066863
28.9323377785
28.9468803164
28.9587312019
28.9653997184
28.9708703485
28.9868794313
28.9973234636
29.007760344
29.0253090698
29.0399927049
29.0551988257
29.0695939339
29.1289411757
29.1354159071
29.1403280602
30.0045616196
30.0079749031
30.0724713365
30.0779523102
30.0906801254
30.1058409847
30.1246819865
30.1313825916
30.132536155
30.1526556779
30.164170152
30.1890880543
30.1942834875
30.1982077737
30.2038709164
30.2085310095
30.2165259959
30.2443184422
30.2584243926
30.2674890347
30.2741888313
30.3097767568
30.3461038951
30.3612682545
30.3800139034
30.3997170102
30.4116573929
30.4183801212
30.4294171216
30.4375233918
30.4475312964
30.4763480424
30.5051291994
30.5160246243
30.5307406068
30.5455908881
30.5590943354
30.5660050838
30.6050205996
30.6162042302
30.6361714437
30.646997387
30.6526358144
30.6634750698
30.6761312689
30.6858858974
30.7030919221
30.7170869101
30.7369745197
30.7584571731
30.7661068087
30.773089783
31.2087620649
31.2134569414
31.2177682172
31.2243826781
31.235164449
31.2379926753
31.2403031533
31.244469456
31.2492410168
31.2661060297
31.3228295419
31.3348222652
31.3448401355
31.3478823489
31.3667280679
31.3714481381
31.3798724082
31.3841432449
31.3887423815
31.3950056969
31.4158338005
31.4223508105
31.4252516053
31.4342908352
31.4481424892
31.4530309162
31.4782015395
31.4911402948
31.5023770047
31.5270647191
31.5285394674
31.5397299302
31.5459256564
31.5587820753
31.5677712718
31.5755524584
31.5850478866
31.6079502158
31.6140734195
31.6196880304
31.6230469236
31.6276184489
31.6473260407
31.6563348139
31.6622896632
31.6738581881
31.7524825763
31.7610612644
31.7975448101
31.8081023052
31.8131899635
31.8360197575
31.8507366998
31.8687629869
31.8829566706
31.887136801
31.9140839493
31.9640638785
31.9859082972
31.9912566787
32.018192187
32.043420852
32.0496861381
32.0839337312
32.1266248606
32.1438412463
32.1638429907
32.1739564851
32.2286255354
32.2571097911
32.2911021806
32.3392329257
32.3690168947
32.3874277563
32.3909693399
32.4014596879
32.4169015417
32.4255282635
32.4337095602
32.4402643556
32.4443322468
32.4488695567
32.4590549426
32.4686832257
32.4724840313
32.478338946
32.5029912195
32.5093983035
32.524518276
32.5395013049
32.5456164687
32.5581093846
32.5832097294
32.5922216285
32.6048039354
32.6098454765
32.6117548025
32.6264701849
32.6399848375
32.6567114613
32.6604103934
32.6719591667
32.6785366732
32.7097146533
32.717648291
32.7759780043
32.7783992804
32.7937521976
32.8011663545
32.8187510899
32.8312065631
32.8360967905
32.8656107318
32.8685763367
32.8741531088
32.8812735229
32.8876361927
32.9059231533
32.9237777958
32.9329535497
32.9440094719
32.945154354
32.9541486522
32.9634646223
32.9647686042
32.9721230832
33.0053430452
33.0283075057
33.0534292782
33.0694984237
33.074358659
33.0792592192
33.0899049593
33.1455912027
33.1730285837
33.2033594773
33.3391778856
33.359875619
33.3741688031
33.3766617272
33.4352298741
33.4840015159
33.5057351109
33.6035307745
33.6192875185
33.6239825363
33.6285108213
33.6372396376
33.637985663
34.8099401781
34.8147532758
34.8179182137
34.8268985547
34.8339885384
34.8401626683
34.8526167562
34.860086309
34.9298891726
34.9391360271
34.9485134088
34.9566321852
34.96165394
34.9660981535
34.9762302156
34.9773904948
34.9781309788
34.9843679696
34.9872854073
34.9929835373
35.0067996312
35.0602680095
35.0638082783
35.0778046741
35.0935478251
35.1041089373
35.1229707907
35.2320264603
35.248375259
35.2493977797
35.2507844449
35.259541336
35.3108453943
35.3181266992
35.3265383892
35.3399350327
35.3516873269
35.3596205493
35.3749947859
35.4036925345
35.4274321687
35.4587577362
35.4737048941
35.4972795228
35.5047040326
35.5491365507
35.5644773483
35.5847791492
35.602962687
35.6233514259
35.6380176598
35.6475053095
35.7124369527
35.7196467398
35.7411758917
35.7559824486
35.7645482296
35.7796866135
35.9838540678
36.0044222824
36.007333885
36.0128377337
36.0138373937
36.0261413286
36.03703368
36.0433599064
36.0694402866
36.07314465
36.0812842373
36.0951798476
36.1643861794
36.1712595401
36.1840633774
36.2038995641
36.2137693398
36.2178531685
36.2208238738
36.2410377794
36.2440475641
36.2451484071
36.2637037514
36.281215624
36.2875591102
36.297590551
36.308418739
36.3235506362
36.3284982379
36.3330290186
36.3523149847
36.370246858
36.3932480793
36.4086082119
36.4198679131
36.4384782297
36.4555109638
36.5719377702
36.5948424501
36.6052798774
36.6308430753
36.6366886884
36.6622608985
36.6705384232
36.7095617255
36.7250463978
36.7461152395
36.7684203699
36.7918318047
36.8257542832
36.8435962615
36.8539729189
36.8788468061
36.8970217462
36.9195192165
36.9513502739
36.9974684305
37.0225870702
37.1073610497
37.1564860329
37.1690600236
37.1715308461
37.1939300601
37.1983314803
37.2584463624
37.268850127
37.2696399011
37.2779299203
37.2922904427
37.3056260273
37.3091645516
37.3139333157
37.3446257818
37.3959389406
37.3967657264
37.4060210558
37.4087670071
37.4220000352
37.4322350781
37.433072387
37.4624714289
37.4633891513
37.4772520636
37.4886563383
37.5169880834
37.5178008302
37.5363153327
37.9603397298
37.9738885172
37.9950565291
38.0203685914
38.0329161315
38.040165882
38.0590283662
38.0642169923
38.0798432938
38.089091815
38.0998020076
38.1331860052
38.1506487504
38.1530203765
38.1924378723
38.2264854023
38.2463133408
38.2718064485
38.2946523257
38.3400974155
38.3720923685
38.4084288694
38.4100333079
38.4136358741
38.4303791924
38.454700941
38.4596356003
38.4607336319
38.4618507679
38.4726940381
38.4786674671
38.5680707058
38.5764538423
38.5829145021
38.5835404629
38.5875581683
38.596766729
38.6121065815
38.6216340919
38.6250083192
38.6296506995
38.6458163848
38.655242333
38.6627418299
38.67910366
38.709644204
38.7166706406
38.7227261615
38.7496441724
38.7582996029
38.7614786305
38.7738940272
38.7834152761
38.7918509614
38.8136390789
38.8213106765
38.8249558716
38.8847676763
38.9061386647
38.926740048
38.9300149674
38.9623314492
38.9713032842
39.003047674
39.0149808142
39.0354175089
39.0498366534
39.0568623055
39.0964467261
39.1021676836
39.1124903933
39.1200973025
39.1395102353
39.1770677648
39.192720883
39.1992987961
39.2505944005
39.2592660039
39.321382176
39.3299583169
39.3634670348
39.4505448508
39.4816485292
39.4992843474
39.5224103686
39.5438912628
39.5918370055
39.5995023529
39.6046287102
39.6060742448
39.6093187516
39.6110624485
39.638161131
39.6433974366
39.6643180114
39.6759200393
39.680514872
39.7624592004
39.771909598
39.7853750918
39.7939703757
39.8054562824
39.8181288188
39.8299704326
40.0138987276
40.0203047425
40.0245542666
40.0381110246
40.0544323909
40.0795422871
40.1009656471
40.113944912
40.1178650327
40.1242347711
40.1376228136
40.1444664697
40.1528290615
40.1628842597
40.1803686093
40.2045674551
40.2188193112
40.2437102206
40.2564840076
40.3095944681
40.3296342267
40.3419452381
40.3835227055
40.4019675066
40.4156281782
40.4231634905
40.4423936013
40.4741501807
40.5051946682
40.5181529742
40.5219273877
40.529362048
40.5356573306
40.5418097208
40.813867167
40.8157270263
40.8741682409
40.8767243289
40.8799740447
40.8978639885
40.9093008149
40.9343442606
40.9433185075
40.945469953
40.9576305238
40.9726150919
40.9829541767
40.9974568904
41.0017038735
41.0185564881
41.0242887034
41.0539328882
41.0864032971
41.0929676394
41.0990781658
41.2502341571
41.2630652027
41.2725912019
41.3447239487
41.363657264
41.3856445712
41.3953350203
41.4232961122
41.4319638183
41.4426667304
41.4648815787
41.4822866202
41.7005533107
41.708415018
41.7181120628
41.732673704
41.7576822983
41.7804902013
41.8048234444
41.8325584499
41.8527008711
41.8651724879
41.8883605104
41.9175905323
41.9324151226
41.9975926191
42.0038838277
42.0237350792
42.0255828015
42.0351821999
42.0385333751
42.0507305368
42.1281285089
42.1333170433
42.2129671768
42.2228471466
42.2401558734
42.2502412024
42.2619440221
42.2749361918
42.3224497361
42.3386433249
42.3652984981
42.3670506708
42.3704952689
42.3788902787
42.3883643278
42.3947293707
42.4073849772
42.4121189364
42.5765190864
42.6068648454
42.6317926662
42.6390952551
42.6499258177
42.6702572035
42.6789001291
42.6978093255
42.7143810888
42.7274394694
42.7357965554
42.7532461886
42.7662836503
42.7809077942
42.829350863
42.8787984748
42.8996365243
42.9585406533
42.9719390075
42.997589321
43.0091821594
43.0246003251
43.0601318079
43.0618604363
43.0647448947
43.0824488712
43.0921435256
43.1318759166
43.1882685121
43.20046962
43.2044728768
43.2076231446
43.2081333986
43.2119788709
43.2125704845
43.2467576041
43.2577651639
43.261959063
43.2726395181
43.2740900241
43.2870710253
43.2932042169
43.3010668735
43.3039996588
43.3230148337
43.330352831
43.3309707316
43.3407195995
43.3480563488
43.3547688389
43.3651571071
43.368856628
43.3699457352
43.3808861243
43.3870797706
43.3976881594
43.4140544426
43.4286932429
43.4401182352
43.4529392269
43.4784647066
43.5032982239
43.526054744
43.5363399424
43.5408137379
43.5644603778
43.5943005799
43.6148281419
43.6245899477
43.6584159411
43.6808368842
43.7074249759
43.7175437219
43.7476923947
43.8139781488
43.816163528
43.8322680031
43.8458035616
43.8601996664
43.8737238343
43.8985468837
43.9004305418
43.9234021327
44.409842287
44.425445913
44.4302025381
44.4312233815
44.4396400487
44.4497709613
44.4548863514
44.4614200128
44.4914230458
44.5018962088
44.5168840843
44.5219633107
44.5390802109
44.5400637738
44.546523867
44.5523244958
44.5554849202
44.5926594768
44.5989873755
44.7442318862
44.7569824792
44.7667247996
44.7840591333
44.8038200819
44.8160349114
44.8224317411
44.831001178
44.8495360997
44.8589970423
44.8770012482
44.8823980186
44.8883715088
44.9277909466
44.9593134903
44.9734954339
44.9748407478
44.9912209489
45.0059630256
45.0179439025
45.0407882159
45.0764150951
45.1171620857
45.1269406902
45.1287766753
45.209401417
45.2245832515
45.2434344605
45.2759238282
45.2934798469
45.3125319307
45.3239124638
45.3353680767
45.3443531606
45.3481386868
45.3510166162
45.3859785988
45.3954695375
45.4574565286
45.4732053732
45.5166726974
45.5287151066
45.6073676367
45.6101428059
45.6216448383
45.6322877776
45.6336208717
45.6380807236
45.714467633
45.7249106456
45.7327213074
45.7382711638
45.7453803835
45.7467235616
45.7472793581
45.7703354296
45.785762034
45.7995434188
45.8085862631
45.8155734378
45.825416612
45.8289200255
45.8393533191
45.8639873197
45.87221317
45.8766174679
45.8953424127
45.9010456164
45.9305955671
45.9477304802
45.948585917
45.9723033706
45.9847650926
46.187994869
46.1948480231
46.2620952236
46.2740583625
46.2893411198
46.3304217187
46.3354196099
46.3413819295
46.3694237358
46.3793268486
46.4122461668
46.4216824979
46.4491806363
46.4678824671
46.47897369
46.5132842939
46.564780514
46.5953756484
46.6033650844
46.6514015918
46.6626067619
46.6898507588
46.696463782
46.7245379285
46.7816901402
46.784767338
46.7925299444
46.8088287214
46.8140601868
46.8294979079
46.8453260975
46.8500006714
46.8525685254
46.863801316
46.8672970323
46.8763437304
46.8804307503
46.8912989977
46.8928607065
46.8934962341
46.8996530315
46.9256615455
46.9352861979
46.9488990351
46.9525347976
46.9729249935
46.9736729592
46.9839737171
46.9912544763
46.9964892862
47.0044635212
47.0059769091
47.0232818375
47.0384850881
47.0414099594
47.050052158
47.0570979944
47.1025737505
47.1177389248
47.1294731931
47.1344271655
47.1823232519
47.1886931962
47.1952752891
47.2043844531
47.2192649313
47.2560381816
47.2642263753
47.2760488696
47.315296742
47.3231184873
47.3255873091
47.3535547552
47.3646655441
47.3690960298
47.3790862991
47.3978811423
47.4118566002
47.4202812763
47.4219266116
47.4551076468
47.4628038544
47.4891610985
47.5192587528
47.5276000092
47.5452102167
47.548184939
47.5600939634
47.5703284828
47.5861130837
47.597361789
47.6235064984
47.7279065881
47.7533967392
47.7867298318
47.8015295166
47.8104783265
47.8199224562
47.8275695702
47.8623679509
47.8749891453
47.88802249
47.9000818223
47.9071200735
47.9121980242
47.9221252218
47.9439667154
47.9521562598
47.9598811251
47.9684271873
47.99087944
48.0038140427
48.0045743543
48.0155324679
48.0207346923
48.0277307115
48.0309086964
48.0423470452
48.0483945904
48.0576971849
48.0643089634
48.0772861239
48.0790450655
48.0864455474
48.0966753709
48.0987955891
48.0995256171
48.1114170046
48.1168662918
48.1283435015
48.1324710902
48.1446715512
48.1484842045
48.1536206755
48.1567373549
48.1658807852
48.174264174
48.1755712787
48.1980294708
48.2043798349
48.2056950288
48.2154525762
48.2228007341
48.2272586783
48.2375405843
48.243578846
48.2654796539
48.2804467918
48.3133517879
48.320269759
48.3351614683
48.3497311307
48.3691786902
48.3830465269
48.3872284246
48.3948490126
48.3971011751
48.4065987431
48.420879237
48.4463289666
48.4968056747
48.5112625066
48.525034509
48.5497729977
48.5549571198
48.5752689234
48.5888674971
48.6154988078
48.6172632756
48.629364855
48.6466142728
48.6566295942
48.6577926055
48.6820708214
48.6830713059
48.6889631064
48.7005510866
48.7454031122
48.753834957
48.7554294404
48.7989823593
48.820558656
48.838456286
48.8478572113
48.877755983
48.8884780704
48.8906725301
48.9163250945
48.9852644524
49.013868622
49.0286099421
49.038194183
49.0398869244
49.0521305832
49.0872729579
49.0980355181
49.1359440991
49.1561891383
49.163743298
49.1872170629
49.2118713245
49.2304051976
49.2440541068
49.2593381582
49.2721095769
49.2811735048
49.2885113434
49.2957947014
49.3067010647
49.3092607637
49.315017558
49.3270195672
49.3310449569
49.3418581434
49.347836641
49.3487125417
49.3601263067
49.3642110884
49.3732466073
49.3763954457
49.3889889459
49.4045839511
49.4255039298
49.4331837426
49.4747989881
49.4911013613
49.5111848679
49.5123018296
49.5146837428
49.524158741
49.5390340935
49.5636190921
49.5700487084
49.5718298564
49.6472756018
49.6534648946
49.6563472819
49.6786939428
49.6841064377
49.6952312003
49.7021057922
49.7163178258
49.7352734318
49.7417692757
49.7661333691
49.7752923656
49.7872039151
49.7905588544
49.8076807056
49.811800798
49.9193854341
49.9406060842
49.9480687511
50.4041907595
50.4195895028
50.4265273413
50.4325398098
50.4435395691
50.448716092
50.4573940116
50.4676971781
50.4777447079
50.4821342133
50.4917369139
50.493931529
50.5013436227
50.5068946135
50.507613557
50.511458372
50.5158371417
50.6293623567
50.6490859325
50.6520107421
50.6599718689
50.6755231649
50.6859238281
50.7036361697
50.7166989324
50.7229639604
50.7507282998
50.7715029373
50.7884662714
50.802132631
50.8327174335
50.8565893365
50.8600011173
50.9008135572
50.9087676799
50.919952433
50.9420362851
50.9569314393
50.9806360371
50.9912238059
51.0036996416
51.0117849743
51.0409203662
51.0681501045
51.0847910119
51.1087225444
51.1212470191
51.2024234375
51.3490549802
51.3511088168
51.3603152934
51.3792606767
51.5008947302
51.6082122837
51.6155487803
51.6189909236
51.6238002721
51.6337847108
51.6369964764
51.637548958
51.6455687923
51.6568022827
51.6661620819
51.6700857234
51.680309142
51.7032408542
51.7088667832
51.7426691059
51.7551280707
51.765050457
51.7816069874
51.7928040648
51.7994239919
51.8067871006
51.8242266124
51.8438179884
51.8454766772
51.8619545655
51.8707358521
51.88872304
51.9027400785
51.9137777067
51.9200912405
51.9317461489
51.9520020627
51.95534321
51.9646587667
51.9783619895
51.9799065776
51.9923032411
52.0000267827
52.0081869512
52.0533139536
52.0635245678
52.0802433276
52.1179958899
52.1386255441
52.1551816458
52.2273828885
52.2372115798
52.2481730113
52.2638978268
52.2978653967
52.3052573136
52.3114781043
52.3183094157
52.3896541674
52.4011144789
52.4315858475
52.4361539402
52.4502157938
52.4611177975
52.4649931555
52.4915079452
52.5145988482
52.5163967609
52.5491325378
52.563779905
52.5750230458
52.5780202769
52.588686594
52.6255259723
52.6532220742
52.6618159558
52.6762717834
52.7119733496
52.7404248467
52.7614891325
52.801951495
52.8091840728
52.8141686904
52.827417496
52.827966277
52.8297478289
52.8383262153
52.8492508847
52.8575005002
52.8590277799
52.8707469819
52.8724584778
52.8794086963
52.8841705469
52.8894314895
52.9996288149
53.0095913246
53.0218534069
53.0317279248
53.0351655164
53.0477406014
53.0574369185
53.0666646137
53.0900728459
53.7166932459
53.7868680704
53.8376478501
2110
