6.00115612953
6.00175416111
6.00523846873
6.00954298197
6.01766327949
6.01877863571
6.02849323032
6.034973768
6.0384911813
6.05355870684
6.06194787204
6.06331430984
6.07017456931
6.07354818177
6.07714189678
6.08517478632
6.09365303921
6.09432273108
6.09887009558
6.11332375342
6.11853352173
6.12014094495
6.14061799296
6.14395702112
6.14464037636
6.15164583322
6.18533151171
6.1917145047
6.20200457077
6.21056606229
6.22026007021
6.24933455077
6.2563157544
6.26573899853
6.28146222334
6.28494898533
6.30476089873
6.30863268391
6.31139602563
6.3205606391
6.34014755227
6.98060631114
7.01098988779
7.02563065547
7.09103665373
7.12372521792
7.15692009299
7.18237121041
7.2125015752
7.21298472187
7.22643109711
7.25105195696
7.26141954227
7.27212026565
7.27434853732
7.2850003502
7.29055501099
7.29592665226
7.30742667956
7.32183288507
7.32607882005
7.32664199542
7.33451740957
7.36005608871
7.36474604387
7.40319697038
7.41065127226
7.42268136323
7.4355349669
7.44892493375
8.03428490919
8.52164566828
8.58070984849
8.59514385988
8.61915520859
8.6412629823
9.15639613148
9.18551724134
9.1947960861
9.30683007246
9.32532384071
9.35715356227
9.36962015269
9.40034482458
9.41006555134
9.42423428936
9.430795597
9.44754433218
9.47480354302
9.50904268584
9.53354392878
9.55630226907
9.5796902687
9.60561344632
9.608486071
9.61069675516
9.62589360585
9.63256176646
9.64171993079
9.65347456164
9.70004637358
9.70258033984
9.70693496889
9.70905629808
9.71475707084
9.72690294505
9.73324799423
9.73499125234
9.74189514111
9.75283805458
9.75809777254
9.76467556795
9.77545653134
9.78805622271
9.79433260873
9.79562465861
9.80724594409
9.87288530744
9.89646375562
9.90489967151
9.91791886782
9.937902207
9.95693135983
9.96533697417
9.97297938934
9.97559977055
9.98850067628
10.0093418607
10.0355328903
10.044451654
10.0645754359
10.0790255341
10.1268963639
10.1516604771
10.1685151249
10.1934717602
10.1946818674
10.2487351477
10.2645441441
10.2895273371
10.316063085
10.3477712992
10.3679527126
10.3847106651
10.4111793139
10.4924002577
10.5086473434
10.5254798009
10.5269086339
10.5400762877
10.5889393781
10.6020152492
10.6473504774
10.6630101646
10.7009792835
10.7428202221
10.745807016
10.756913876
10.769719566
10.8202876907
10.826854904
10.8356865743
10.8421594336
10.8453467822
10.8534719917
10.8610109982
10.868719915
10.869397032
10.8717438441
10.8770896577
10.8837681267
10.8879796609
10.8925712738
10.8957485388
10.9020810035
10.9108568858
10.9596991186
10.9683528583
10.9786167098
10.9854926915
10.9916583534
10.9964554613
10.9975784937
11.0163392946
11.1026952261
11.1083440059
11.1234589353
11.1424298879
11.1492239855
11.1577332319
11.1628283869
11.171050394
11.1725527963
11.1839727111
11.1989455904
11.2409425439
11.2889196779
11.2913666205
11.3160877215
11.3280496785
11.3362000938
12.0107592018
12.0214791144
12.0233786985
12.0537292477
12.0733838833
12.0922549316
12.1065712507
12.1137109089
12.1294457365
12.1338133481
12.1391373036
12.1445241571
12.1568900983
12.179428509
12.1845222851
12.1901286677
12.2039487949
12.2072727151
12.211255186
12.2212508864
12.2268491504
12.2285502518
12.2414007849
12.2677854363
12.2779798174
12.2892217914
12.2975046265
12.330654922
12.3379407746
12.3425567175
12.3580140056
12.3724686714
12.38920248
12.4850880429
12.5158035128
12.5724612452
12.5969324194
12.6008243381
12.7339339845
12.7653892249
12.7873070247
12.7924203403
12.8217244782
12.8467062742
12.8688701423
12.8870470572
12.9290150592
12.9367895713
12.9506174197
12.9826123949
12.9981774203
13.0045450976
13.0299253875
13.0701329117
13.1083785844
13.1162672602
13.1219713811
13.173706318
13.1878174287
13.2006686324
13.2128434481
13.2248393612
13.2388398254
13.2459327534
13.2471688234
13.2529306726
13.263246488
13.2787442072
13.2824325309
13.2868574999
13.2903343251
13.2981148351
13.3123290966
13.3135822283
13.3312112282
13.3649812603
13.3682900863
13.3797294101
13.5435871682
13.5532351395
13.559833455
13.5633673163
13.5740258496
13.5882844726
13.596332256
13.6644519642
13.6860908393
13.7053461217
13.7205735933
13.726939139
13.7302626286
13.7458035417
13.7738885191
13.7975563376
13.8221777948
13.8821529452
13.8998151841
13.9438002901
13.9480015931
13.9586916614
13.9807813225
14.0038520183
14.0210839817
14.046733688
14.0669688804
14.1558860311
14.1835775329
14.186109718
14.2097369485
14.2359617205
14.2427002804
14.256851946
14.2642441817
14.2775581884
14.3392045683
14.3691542364
14.4059543861
14.4128876955
14.4136931346
14.4163747418
14.4198296712
14.4245986821
14.4377059362
14.4395454216
14.4486028647
14.4658153592
14.4717680142
14.4755455924
14.4808636213
14.4816957757
14.4865096621
14.4925471395
14.4988353058
14.5052541374
14.5135275147
14.5162890595
14.5220057497
14.531707747
14.5361074261
15.6098136626
15.6104579773
15.6109684933
15.6188504636
15.6331713021
15.6462927837
15.6488051831
15.6570591685
15.7172618416
15.7284087388
15.7374693693
15.742952655
15.7505345955
15.7643803501
15.7745101457
15.7843997278
15.7886030332
15.7903199186
15.7914715964
15.7937717306
15.8197235638
15.825906038
15.8286128453
15.8363930409
15.8450534599
15.855920816
15.8674967264
15.8768506589
15.8894453381
15.9012770835
15.9529950013
15.9996694614
16.0078456059
16.0104812922
16.0266479381
16.0453254686
16.0556789018
16.6987154786
16.7106327551
16.7373703265
16.7667384891
16.7930584047
16.8090315675
16.8174192905
16.8274837901
16.8631038084
16.8709155025
16.8757236246
16.878130746
16.8832883114
16.8973633822
16.9021478426
16.90432422
16.9145196929
16.9162937647
16.9336567089
16.9385629494
16.9475735518
16.9739487134
16.9867449343
16.9923731252
16.9937030186
17.0080528896
17.0165393257
17.0222155406
17.0299306095
17.0512030364
17.0570971102
17.0650195996
17.0909941981
17.1051848486
17.1370948485
17.1436203477
17.1612973376
17.176122336
17.187762904
17.1919150125
17.2064128588
17.2176402834
17.2363846652
17.242576238
17.3646124469
17.3800359578
17.4002276476
17.4041385283
17.4084919364
17.4176442785
17.4423439638
17.4648599106
17.5192599256
17.5320590362
17.5456451195
17.5701641294
17.5881659714
17.6042987435
17.6225082332
17.6325716806
17.6588783529
17.6686771273
17.6843819427
17.7054373539
17.8036706568
17.8419578603
17.893422276
17.9010429733
17.9306769488
17.9622738495
17.9799455603
17.9969806047
18.0170173844
18.027527786
18.0356496319
18.0431951597
18.0528164128
18.0576946516
18.0601854715
18.0612930997
18.0828109337
18.0892890145
18.1194814395
18.125986147
18.142395005
18.1487666841
18.1707453521
18.1795530393
18.1952752412
18.2363361928
18.2369963356
18.2413824752
18.2456916813
18.2469258731
18.2667903342
18.2695469993
18.2764526116
18.2838739368
18.2907934524
18.2989917859
18.3261207981
18.343561573
18.4441681632
18.4499876536
18.4514925573
18.4622608026
18.4759022946
18.4996783492
18.5061558155
18.5159035462
18.5286553734
18.5390320716
18.5661500729
18.5913002956
18.6356370936
18.7022554424
18.7142046167
18.7355119643
19.0155640418
19.0714535885
19.0808483831
19.1071248172
19.1086575799
19.1275024517
19.1474541979
19.1896767071
19.197182687
19.2035664397
19.2378885365
19.3540855106
19.3725385871
19.3755538687
19.3860286297
19.3957073721
19.3996597701
19.4127343409
19.4634538069
19.4801516346
19.7160522088
19.7301839227
19.7480312974
19.7557125996
19.7845348018
19.7886075032
19.7998804134
19.805726766
19.8244375868
19.8256515306
19.8324724615
19.8561393913
19.8638781447
19.8760547728
19.878884867
19.8845357927
19.8902519416
19.8923019681
19.9108181807
19.9211705077
19.9612794056
19.9859461208
19.9909394214
20.0139906451
20.1216495951
20.1553291765
20.2086552628
20.232813512
20.278053121
20.3063385462
20.3309311212
20.3554966524
20.3900645698
20.4110223451
20.4198533005
20.4242328776
20.4293574084
20.4317504788
20.4424145972
20.4593032904
20.474115047
20.4750631252
20.478206227
20.4977453059
20.5062270668
20.5154375417
20.52992308
20.5327504947
20.5345418183
20.5430252177
20.545900546
20.5529255153
20.5771929215
20.5812607027
20.5967638322
20.6071688227
20.641819059
20.6577663615
20.6632819769
20.6836739721
20.6966963265
20.7120462513
20.7255511374
20.730542167
20.7360912649
20.7523576124
20.7688386024
20.7809522061
20.8002270309
20.8061775284
20.8113768491
20.8160730535
20.8220701017
20.8335712583
20.8344456774
20.8528262389
20.8739951636
20.9020802356
21.0423849723
21.0499342497
21.0806912684
21.0989015825
21.1437305342
21.1796434778
21.1874128199
21.1930439983
21.2151246654
21.2366970351
21.2538359421
21.3570622645
21.3851130037
21.4396212036
21.4477676175
21.4519569436
21.4875231655
21.501204505
21.5137659293
21.5408279618
21.5513678352
21.5713098082
21.5974779139
21.6071008895
21.6543362983
21.6548472406
21.6633070537
21.6701579541
21.6826517217
21.6903034225
21.695877221
21.7276086228
21.7372218327
21.7516305395
21.7538024183
21.7613608051
21.7684513849
21.7789148025
22.3642870593
22.3903767892
22.4054802956
22.4286124036
22.4486287588
22.4694004743
22.5015458248
22.50818797
22.5451792922
22.5714779585
22.6183835916
22.6527488913
22.6551915313
22.6675959937
22.6782352834
22.7037059374
22.7225683271
22.7393129838
22.7503112263
22.7639720195
22.7657783165
22.769045317
22.7776267658
22.779895012
22.8337365345
22.8347531809
22.8844114396
22.9221437167
22.9266681699
22.9322816289
22.9422041839
22.9507914369
22.979512411
22.9846046661
22.992306144
23.0029354438
23.0046584677
23.0148962312
23.0368015883
23.0482676749
23.0638905112
23.0712367964
23.077834137
23.0926368632
23.103872598
23.1069051897
23.1210439617
23.1231102114
23.1278331147
23.1374762578
23.1503634956
23.1796178814
23.1898499284
23.2090132527
23.222549564
23.2363399258
23.2514528633
23.2562511558
23.2684494242
23.2799983474
23.3323658799
23.345859826
23.3750435246
23.3872276349
23.3935871876
23.3981768019
23.419931968
23.4435958716
23.4487054893
23.4767922769
23.5097856202
23.5518064957
23.5691872913
23.5711480116
23.5888866884
23.6071727904
23.6135718887
23.6545937661
23.6630855249
23.674387875
23.7042112209
23.7077841098
23.7948965047
23.8171021283
23.8462809392
23.9932948481
24.0030465467
24.0050631112
24.0130750358
24.0207080014
24.0271394701
24.0348160352
24.040197612
24.0521859076
24.0531654311
24.0573777289
24.0713667153
24.0763086554
24.0818436938
24.0868720512
24.0979412921
24.1076430619
24.1169929291
24.1200158411
24.1229675844
24.129192536
24.1447489418
24.1513283366
24.154709411
24.2026207555
24.2063039603
24.2194958983
24.2331824509
24.2410560968
24.2586800492
24.2704634488
24.2927090096
24.2984572061
24.328793895
24.348747853
24.3654210174
24.3861813604
24.5637255782
24.5718369767
24.5827355945
24.5919565707
24.6167745697
24.6338901415
24.6432295969
24.6547294961
24.6621545672
24.7026018882
24.7110799597
24.9812594454
25.0015458434
25.0542040041
25.0640463753
25.1124408193
25.1318861204
25.1392121721
25.1455707207
25.1509198975
25.2020031125
25.2044541527
25.205552742
25.2145337363
25.2164915993
25.2318736639
25.2461960468
25.2612791867
25.2746825614
25.2893965156
25.298928378
25.3003201828
25.3055531558
25.319317022
25.3232525568
25.3294424614
25.3451095583
25.350170289
25.3558123444
25.3595208101
25.3772820202
25.3865044175
25.3905482627
25.3975034678
25.4061221538
25.4239265035
25.4322638596
25.4396706205
25.4418446242
25.4461782086
25.4470212797
25.4492311459
25.4566963946
25.4695173413
25.4780637197
25.4829354805
25.5048788053
25.5070900072
25.5102834398
25.5180829229
25.5237432526
25.5348005486
25.5428894723
25.5505421512
26.2252611132
26.2355955303
26.2553470649
26.406790545
26.4075974885
26.4117711604
26.4231905421
26.4274625228
26.4294443921
26.4377341663
26.438972912
26.4676271194
26.4771845662
26.4853588959
26.487069932
26.4911064361
26.4983280551
26.5066462152
26.5170391552
26.5213380356
26.5354294007
26.5550407278
26.5828306307
26.7272745226
26.752612734
26.7687540695
26.7864069413
26.8030285041
26.8161520106
26.843878091
26.8858084296
26.8875077157
26.8898928319
26.9023130823
26.9176503087
26.9231228887
26.9271148906
26.9365247625
26.9407645469
26.9635123006
26.9772762214
26.9878291899
27.0324023253
27.0496552008
27.1277402331
27.2131374804
27.238565027
27.2662650551
27.2995649312
27.348393436
27.3932545225
27.5829627432
27.5987264216
27.6087859534
27.6109587012
27.6225021056
27.625886252
27.6989122949
27.7086912374
27.7133548162
27.7201748473
27.7235127504
27.7302293193
27.7430618085
27.7452906612
27.7588032083
27.7720003277
27.787915235
27.811628221
27.8146794773
27.822421589
27.8336611293
27.8379031989
27.8476325444
27.8543953952
27.8733888119
27.9190667329
27.9294655416
27.9349047437
27.9493165826
27.9579119719
27.9763933472
27.9857677752
27.9923069691
28.0191652188
28.0378678504
28.0431609963
28.0625800874
28.0879467531
28.1210289227
28.1322028542
28.1380923196
28.1482335335
28.1492256758
28.1557170601
28.1683884789
28.1742712802
28.1798136373
28.1955335448
28.2192516889
28.250320008
28.251601045
28.2642920504
28.265370633
28.3167539744
28.3573990633
28.367215256
28.3863834986
28.4042100365
28.428552836
28.4651574271
28.4873043829
28.5157193737
28.5531171736
28.5657031454
28.5817898668
28.5996242452
28.6102541008
28.6199252442
28.6584657524
28.6712553879
28.6790157946
28.7084131685
28.802307862
28.8052635329
28.8124760106
28.8208818858
28.8291037076
28.8324979977
28.8353681658
28.8470497237
28.8568398464
28.8617311961
28.870590126
28.8776662511
28.8836540298
28.9143786628
28.9284048837
28.9330483388
28.9450301006
28.9525452603
28.9534317019
28.9633043804
28.9802683653
28.9824008425
28.9962358256
29.0057600152
29.032639794
29.0448721596
29.0501879185
29.0644543369
29.0753774402
29.0860687105
29.0946622704
29.1222433505
29.1317821344
29.1421389619
29.1479281137
29.1989215035
29.2069575862
29.2289837605
29.2470075911
29.2596444081
29.2794334586
29.3008370087
29.3193175726
29.3310936994
29.346795258
29.3597379399
29.3721536831
29.3787886093
29.3845176301
29.4024595102
29.4039250725
29.4301201826
29.4466998225
29.4647486133
29.4959883554
29.5915506616
29.6090028359
29.612128967
29.6163093347
29.6270751536
29.6377863678
29.6684043551
29.6870028358
29.7142633319
29.7352307189
29.7404303751
29.7837352274
29.8152272629
29.8735315015
29.8867542479
29.8890084039
29.9067672367
29.9134193857
29.9277620603
29.9475402769
29.9786471124
29.99808141
30.0083269956
30.0198681041
30.0345355921
30.0387786168
30.0461819615
30.0546468803
30.0568122828
30.0631398807
30.0685101549
30.0814668426
30.090107267
30.0971207067
30.0989980045
30.1101804161
30.1142112761
30.121130985
30.1333826053
30.1376143529
30.1581251484
30.1648998481
30.2220272808
30.2403327404
30.2471125108
30.2594834683
30.2627315746
30.2756578813
30.2953978818
30.3065816883
30.3147460829
30.3187104971
30.3293164575
30.340120457
30.3544987624
30.3683118746
30.3787004419
30.3856784312
30.3957825507
30.4068434594
30.4324375882
30.4656221273
30.4785344694
30.4977106124
30.9258615717
30.9662533065
30.9886632701
31.0028835855
31.0435283767
31.0807791469
31.0938368564
31.0975637809
31.1192686997
31.1463545047
31.1741264317
31.217199469
31.2481894696
31.2636914035
31.2707184756
31.2813893998
31.2954157818
31.3021790585
31.3046829156
31.3172690402
31.3245492827
31.3441027192
31.3570209081
31.366403252
31.376764172
31.3860360305
31.3931732562
31.4113385634
31.4167851136
31.4414526326
31.4495688839
31.4833170893
31.4908953359
31.5050810898
31.5230417944
31.8771358695
31.8963230057
31.909230151
31.9353836108
31.9621279658
32.2061765306
32.2373809147
32.275629898
32.302377708
32.3292555406
32.3749799324
32.4120467465
32.4291947727
32.4432441099
32.4475954954
32.4534904115
32.4650208682
32.4699810927
32.4818519917
32.4935602779
32.5090391921
32.5195141808
32.5279188167
32.5334062251
32.5396107163
32.5498112131
32.5653356805
32.6027060643
32.6103126951
32.6195936313
32.6562627795
32.6632925643
32.6731299953
32.6862873094
32.6985367269
32.7228483902
32.7274142575
32.7453415326
32.7548932999
32.852599565
32.8604852964
32.8721402673
32.8905747396
32.8963712703
32.9080103486
32.9171908154
32.9384400026
32.94006587
32.9564156132
32.9792608602
32.9976710073
33.0178564865
33.0229106806
33.0370514477
33.0743578613
33.0832057905
33.0890808369
33.0931209434
33.1064315108
33.1187903084
33.137611326
33.1600763853
33.5573213903
33.6041607114
33.608706703
33.6330171422
33.6337505481
33.638861047
33.6397756193
33.6502234591
33.6580521704
33.6595611667
33.6631516668
33.6696232986
33.6743750404
33.6781757511
33.6805464648
33.6970257975
33.7018923325
33.7068139119
33.7236010298
33.7264862422
33.7331398472
33.7420046357
33.8931901209
33.9159195675
33.9220747648
33.9285811124
33.9317381716
33.9570844471
33.9642205668
33.9751883391
33.9860489314
33.9970090034
34.0037969746
34.0064460419
34.0274660538
34.0368226764
34.0642634307
34.0825078523
34.0883181674
34.1746083279
34.2194940943
34.2221491902
34.2384814389
34.2491142105
34.2694087055
34.2784686171
34.2867041866
34.3036232489
34.3334575036
34.3402839297
34.352301926
34.3648816571
34.3943843003
34.4376415768
34.4419821767
34.4625911602
34.4690136892
34.5017963804
34.5249349918
34.5447714684
34.5481812998
34.5662778711
34.8069860424
34.8113568841
34.8196869662
34.8282887217
34.8320586855
34.8405592949
34.8457595751
34.8497023141
34.8589951247
34.8718136591
34.8927919441
34.9117118437
34.9184981288
34.9417673289
34.9520604958
34.9588822062
34.9654034452
34.9697642404
34.9729555953
34.9942028089
34.9986411821
35.0147618472
35.0261367164
35.0343243069
35.2925991514
35.3011202107
35.3244783875
35.7261685123
35.7585889991
35.7812794997
35.8117721173
35.8734159674
35.9116043825
35.9348013566
35.9368159705
35.9391221111
35.9492186679
36.0137971133
36.0198899284
36.0275816411
36.0457537968
36.0494037593
36.0599699831
36.0673850441
36.0755040049
36.1243787159
36.1387361609
36.1478760529
36.15580756
36.1654230541
36.1806530744
36.1812617612
36.1825734308
36.1955536768
36.2055881884
36.2067173056
36.2197712016
36.2262437916
36.2368578044
36.2526719475
36.2740165303
36.2812391856
36.2833102308
36.3152244937
36.3722167139
36.3804694437
36.3910939792
36.4054784732
36.4246458771
36.4337388503
36.4523322208
36.4551537161
36.4647487208
36.4849408736
36.4864387987
36.5118182849
36.5246190968
36.542470294
36.5615592417
36.5965351699
36.6267430377
36.640861478
36.6464204829
36.688185181
36.6949366155
36.7808793523
36.8016396151
36.8150162637
36.8256827354
36.8378795794
36.8455194155
36.8831723679
36.9302894321
36.9612953288
36.9946011627
37.1040379453
37.1224485548
37.13916124
37.1726952663
37.1865881308
37.1941857507
37.2079893899
37.2120362363
37.2157453914
37.2239948717
37.2296133926
37.2351613789
37.2406617985
37.2541652282
37.2610597441
37.2919442469
37.2938809065
37.2967806781
37.3010362004
37.3092314423
37.3160458208
37.3302349049
37.3427429349
37.3450118325
37.3500774746
37.3840510125
37.3943268309
37.4066313513
37.4189873517
37.4372931667
37.4451021338
37.7610603439
37.7664497526
37.7736170356
37.7830484514
37.7872769819
37.7890779763
37.8083138821
37.8357994148
37.8627796648
37.8772859854
37.8805143182
37.9035521428
37.9343344066
37.9421322091
37.9747166178
37.9984262087
38.0412098347
38.0607032061
38.0672389658
38.1225272247
38.1280697546
38.1595920299
38.1718062464
38.1952597698
38.3022857576
38.3330014529
38.4095815952
38.4167306708
38.4322534328
38.4349023663
38.4380997264
38.4476928108
38.4560639276
38.4682203897
38.4720924009
38.4820421163
38.4943896655
38.5014181406
38.5153323369
38.6323979071
38.6510107186
38.6570087477
38.6721233107
38.685447756
38.690830059
38.7017396809
38.7076924433
38.7989205354
38.9433012099
38.9494823697
38.9590004079
38.9744042948
38.9882758784
39.0490540372
39.0540564862
39.0855387078
39.1293715216
39.142128427
39.1637251221
39.2110109351
39.2683366294
39.2824985669
39.335265986
39.3520282585
39.3662059479
39.3844196842
39.3944632832
39.4417158019
39.4896429573
39.6068916388
39.6115284377
39.6138749573
39.6187572003
39.6298235028
39.6431082164
39.6480793049
39.6538837618
39.6633861497
39.6654703782
39.6731121289
39.686445285
39.6998160841
39.701177142
39.7076745054
39.7121325049
39.7148064289
39.7281597396
39.7453093135
39.7471555237
39.7539332278
39.7686759435
39.77666491
39.7834752843
39.8099493384
39.8136502824
39.8184537225
39.8409548423
39.8455499732
39.856228713
39.8608883546
39.8872933973
39.9256304323
39.9307858498
39.9394829424
39.9407245729
39.9458175186
39.9520207523
39.9602566375
39.9931159201
40.0167452686
40.0951944202
40.107882236
40.1205132482
40.1627019258
40.2036105823
40.2200291829
40.2269411639
40.232044377
40.2416739067
40.2433815961
40.2453885199
40.2592704797
40.3827376313
40.4504362733
40.4864315343
40.6814923953
40.6934835241
40.7347942768
40.7487486028
40.7570983027
40.7597979128
40.8020656828
40.8056977403
40.8135155321
40.8180204825
40.8206687687
40.8246465692
40.8297101197
40.8398597062
40.8559664533
40.8586020142
40.8667964073
40.8741986388
40.8811969965
40.8846038064
40.8905944883
40.8969397341
40.9002913579
40.9063529512
40.9096710757
40.9171303794
40.9179999255
40.9254163218
40.9262502815
40.9304248539
40.9359677708
40.939898523
40.9590911142
40.9624497738
40.9639883248
40.9693170734
40.9714397128
40.9748197728
40.9771678304
40.9777550492
40.9889302998
40.9998409289
41.0279024208
41.0429575181
41.0527536523
41.0577414027
41.0676077793
41.0738504371
41.0773827646
41.0846005395
41.0901923607
41.099804264
41.1086448346
41.1331428921
41.1395336597
41.1494159168
41.1607480156
41.1783038361
41.1893102759
41.2056208276
41.2140587213
41.2277106941
41.228646789
41.2370344751
41.2511149684
41.2738744097
41.2895183984
41.2964118105
41.2993483178
41.3072716544
41.3257602451
41.3458056048
41.3610090293
41.37963288
41.3853413763
41.4211782417
41.430471549
41.4758208239
41.5035951821
41.5124505047
41.5241061003
41.5271495318
41.5773617658
41.5928081545
41.6003982483
41.6176762108
41.6528640908
41.7236090621
41.7719701895
41.8218506848
41.8385344721
41.8475496524
41.8821907838
41.8841290499
41.9100380399
41.9275272781
41.9574584069
41.9782182365
42.0078927399
42.024430434
42.0372953678
42.0407820068
42.0510881718
42.0585505664
42.0785560565
42.0830428336
42.0838619152
42.0887758423
42.0925813582
42.1007866708
42.1014044295
42.1091891968
42.1161479239
42.1172302775
42.1321837276
42.1396002893
42.1451488793
42.159246504
42.1688926328
42.175404196
42.1847711115
42.1962227497
42.1975500771
42.2462433822
42.2500534185
42.2571271645
42.2657583849
42.2729533367
42.2779599893
42.303953603
42.3235638462
42.3283655647
42.337978198
42.3434964957
42.3571159421
42.456487476
42.468466642
42.4831803177
42.4957370483
42.5947362214
42.6654864866
42.6870499882
42.6984604975
42.7094988659
42.7438364757
42.7602402011
42.7757127857
42.7950057824
42.8128911756
42.8422858305
42.8491517712
42.892669414
42.8977742327
42.9528321805
42.9689499173
42.9887592211
43.019829
43.0218968002
43.0579677653
43.0753457553
43.0857410993
43.1802226278
43.2024873408
43.2321538119
43.2376845918
43.2565925819
43.2609947037
43.2729745715
43.2811530255
43.2939063349
43.2995396355
43.3025797689
43.3166716588
43.3260846992
43.3318760012
43.3366688604
43.3528681089
43.3661864834
43.3671022967
43.3720123674
43.3815453842
43.3842138013
43.4023966746
43.4178104355
43.4254521908
43.4427433131
43.4595076688
43.4746927074
43.4853004979
43.4862870357
43.4994394931
43.5105645674
43.5259598768
43.5444429524
43.5525382544
43.5591171833
43.5686123379
43.6065059184
43.608857145
43.6270575602
43.6334932545
43.6418915583
43.6469653871
43.6576975633
43.6735479714
43.6863363256
43.6903934947
43.7210801274
43.7363359459
43.7617162871
43.7749660952
43.7859221118
43.795396584
43.7975257328
43.81788609
43.8464058753
43.8693749632
43.8766309088
43.8955544158
43.9043805844
43.9241724002
43.9374710977
43.9604114517
43.9775817107
44.0026440657
44.0202793077
44.0414796592
44.0503610032
44.0677351593
44.076777687
44.0791897209
44.0930555226
44.4027526541
44.4152839501
44.4173968838
44.4241619873
44.4417416128
44.4575817175
44.4701668742
44.4753614339
44.4796676432
44.4836144547
44.5318221744
44.5529728047
44.5655712473
44.5701470468
44.6448373665
44.6594228206
44.6794752635
44.7094551845
44.7159118713
44.7210879378
44.7295901647
44.7352324591
44.7532407466
44.7663524473
44.7737851584
44.781654422
44.7826819173
44.7934066763
44.8133413791
44.8321466236
44.8336772184
44.8454953539
44.8539830364
44.8596901624
44.8666568079
44.880858766
44.8887583432
44.9101453362
44.9213872968
45.022535367
45.0417385206
45.052797089
45.0821901815
45.1085727686
45.117633849
45.1292424102
45.1401201996
45.1753077806
45.4276316544
45.4567121882
45.4599025151
45.5104731138
45.5183400176
45.5273666617
45.5423234917
45.543896264
45.5505582124
45.5702871955
45.616316719
45.6371440156
45.6394920307
45.6513527899
45.6596099663
45.6628813848
45.6685844475
45.6760044606
45.6826107216
45.696232551
45.7041016832
45.7167733757
45.7217555001
45.7236067114
45.7300282812
45.7400959878
45.7407796555
45.7512993589
45.7568287182
45.7711068903
45.7769412253
45.788457844
45.8015045822
45.814204625
45.8235614507
45.8301496711
45.8410665606
45.8504873772
45.851469103
45.8593476437
45.8615866522
45.8623280654
45.8714580268
45.8923221524
45.8960884257
45.9019114354
45.9057367722
45.916385065
45.9347904267
45.9695069638
45.9746920103
45.9874407111
46.0001300291
46.8038889762
46.8137257985
46.8161005426
46.8206241816
46.8213023668
46.8273158933
46.8308712124
46.8357567408
46.8477565373
46.8633000408
46.8760179586
46.8810457461
46.8913485128
46.8959381292
46.9018781603
46.9045758665
46.9156054019
46.9176593842
46.9251856958
46.9313540969
46.942673636
46.949437069
46.9555485731
46.9642002549
46.9681375524
46.9756037286
46.984030612
47.0754262917
47.1049630829
47.1587430836
47.2179026528
47.2383895619
47.2517789579
47.2728337571
47.2883163649
47.2926965507
47.3256025262
47.3637797294
47.3685171918
47.4153230359
47.4271273808
47.4321589279
47.4578109883
47.9247162709
47.9629384262
47.9811320025
47.9843040848
47.9885722376
48.0009960806
48.0136672574
48.0245459473
48.0316696072
48.0374306538
48.0485085743
48.0556035648
48.0653757139
48.0692123703
48.0714837648
48.0801326074
48.0848383267
48.0993423904
48.1093598412
48.114941363
48.1235990497
48.1307453428
48.1471485634
48.1603930274
48.1719032561
48.2213708812
48.2339802883
48.2496293655
48.2553247114
48.2610480289
48.2752813141
48.2863056078
48.2960314455
48.3714804611
48.3737846539
48.3770091685
48.3791066121
48.3895189046
48.6768957978
48.689501404
48.702563092
48.7125654224
48.723874879
48.7520223439
48.76664658
48.7818276685
48.7966012293
48.8084570231
48.8350391617
48.8703074788
48.8847296097
48.9971223297
49.0552520056
49.0921543863
49.1073453571
49.1308219216
49.1596708145
49.1916814921
49.194195694
49.2197233522
49.2225969276
49.4709584084
49.4721728903
49.5154157361
49.5291124026
49.5417028131
49.5489404975
49.5499820988
49.5561435
49.5966020245
49.5994806452
49.6272936988
49.6336232058
49.6410635193
49.65761986
49.7230061952
49.7384540336
49.753530771
49.7609234451
49.7691056184
49.7889609368
49.8097210534
49.8363746377
49.8377002992
49.8631689088
49.8850083572
49.8996612443
49.9196251151
49.9237393632
49.9436122661
49.9538953576
49.9686421554
49.9828193525
49.9956600203
50.0183035052
50.0418146994
50.2974980868
50.3217863568
50.3561143723
50.3891905258
50.4064314801
50.4220784174
50.4282101619
50.4484162566
50.4558752957
50.4602418229
50.4729394845
50.4800939926
50.4843594332
50.5093439994
50.5208628349
50.5218270044
50.5296784983
50.5377747816
50.5510189284
50.5533838189
50.557876714
50.5677373788
50.5695778872
50.5789548163
50.6001384235
50.6137235947
50.6222246032
50.6292159031
50.6304758304
50.6353575273
50.6456086385
50.6505467286
50.6683287334
50.6853721899
50.69333499
50.716638958
50.7671825638
50.7910684822
50.8138128839
50.8172379857
50.8192381607
50.8272161055
50.8406498849
50.8474097201
50.8559183302
50.8763234058
50.8895899245
50.9092782401
50.9273610334
50.938855855
50.9413695499
50.959230479
50.983258679
51.0105504618
51.014083132
51.0167945851
51.0280303926
51.0474123048
51.051880527
51.0956592078
51.1116002585
51.1288594126
51.1464971537
51.203171254
51.6101932399
51.613262906
51.6189563976
51.6263405547
51.6410918073
51.6519887482
51.6615474299
51.6631220118
51.6720938865
51.6807781696
51.681319521
51.6988907721
51.7004450984
51.7504278526
51.757491744
51.7622345306
51.7691720876
51.7707937655
51.7783162202
51.8301476699
51.8434218479
51.8492203947
51.8541778406
51.861328412
51.8678236934
51.8794133267
51.880512016
51.8842584254
51.8957622161
51.9104337104
51.9166834181
51.999424007
52.0093253508
52.0136953144
52.0236457914
52.0369886507
52.0479664009
52.0514800166
52.0643547571
52.0690854036
52.0849435005
52.1040847616
52.1215578842
52.1345967786
52.1807807598
52.2009214064
52.2114551887
52.2178247634
52.2289476354
52.3018421224
52.3112455453
52.3288922007
52.3310168183
52.3411269281
52.3856580812
52.3934503818
52.4196226999
52.4293824378
52.4648380256
52.4997153488
52.5105575879
52.541157175
52.5667747635
52.5890457635
52.7047074069
52.7162863296
52.7546951611
52.8076782094
52.8126601076
52.8959551993
52.925621043
52.9371250791
52.9403919872
52.9603972148
52.9730359955
52.9846521528
52.9917845736
52.9983028292
53.0090828388
53.0132646108
53.0141163916
53.0273055777
53.0364282907
53.0476828765
53.1651822177
53.1728723944
53.1785878881
53.1983789206
53.2046714641
53.2343355182
53.2494798312
53.2570342499
53.2678221347
53.2726779454
53.280210669
53.2868070018
53.3115114224
53.3613377887
53.369837105
53.3758736326
53.3868122347
53.3988402283
53.4054575119
53.4129322321
53.4390565904
53.4623941814
53.4850769668
53.5172126433
53.5393887496
53.569975479
53.5711991905
53.5964762663
53.6139893856
53.644408397
53.6701220893
53.6905004638
53.7024422315
53.7315926064
53.7497239896
53.7841449897
53.7917498613
53.8413366223
53.8655453556
53.8861053876
2129
