6.02917474331
6.06345597088
6.07924513045
6.08719058659
6.10260159153
6.11696199732
6.1288759721
6.13481241442
6.14574234045
6.15214601148
6.19799247168
6.20900939528
6.2155159937
6.21654100394
6.22092489842
6.22774947698
6.23905385368
6.24940595941
6.25706896923
6.2685508271
6.28554153891
6.29091988659
6.30709045958
6.70883664716
6.73680759832
6.75376829577
6.78434619952
6.79576942646
6.81059434444
6.99415060623
6.99813588029
7.02266301725
7.03962013462
7.05814077182
7.08330354133
7.11389053248
7.14882912922
7.20624473979
7.22396470267
7.24339701806
7.25191241264
7.25596183648
7.26781366389
7.27298139657
7.27495673328
7.27551123659
7.27773513594
7.28578167584
7.29095585764
7.29779796943
7.2986244297
7.31709968368
7.31930493924
7.32356657008
7.33160623554
7.33270063023
7.36223038987
7.36694559921
7.37024052007
7.37663454334
7.38264789595
7.45804369757
7.46806102103
7.47240832994
7.47417915094
7.48238847607
7.48344289174
7.5062152578
7.51183056301
7.53085294837
7.53878541375
7.55345923388
7.60518372394
7.62370336698
7.63434789045
7.64259676765
7.64882457806
7.66217075944
7.66701729195
7.67045947449
7.69222016248
7.71302106699
7.72905051138
7.74524662913
7.75946099135
7.76093669297
7.76288399369
7.77544028254
7.79239592147
7.83617171485
7.83875406903
7.85628888603
7.86341020698
7.87539757622
7.88247181693
7.89990332995
7.9077251853
7.93116294504
7.95297792281
7.99138908956
8.06086157489
8.06459643543
8.0838860285
8.10715860688
8.1274492016
8.18500013358
8.20308717144
8.23620044917
8.26355802222
8.28464790908
8.34952981848
8.36379050819
8.39134042243
8.40073126001
8.4025645114
8.40498006997
8.41648764455
8.42809024992
8.44130034818
8.44973534439
8.46048144797
8.46725592859
8.47352146454
8.47730842108
8.47815806652
8.47877356474
8.4848764985
8.48904151043
8.49369437374
8.50244033487
8.50327696063
8.50403877032
8.58075844763
8.59323005363
8.60359074622
8.61976464169
8.64302738909
8.64716368987
8.65656377624
8.66731428853
8.6767379475
8.68977822066
8.80887093689
8.83050807267
8.86241340844
8.86831265714
8.86917490383
8.87386961652
8.88900396781
8.89484692416
8.91105599928
8.92148111269
8.94066742066
8.96982594086
8.98857522285
9.00410809012
9.00668529087
9.03651341149
9.05151270052
9.07581694922
9.10172412966
9.11660833822
9.119005033
9.13046812379
9.1772065844
9.2036980021
9.27629104685
9.2796417634
9.32921844122
9.34933797271
9.3653599347
9.39007495047
9.40108203498
9.40314980092
9.44919862997
9.47143693518
9.49215197847
9.51433780902
9.52442837457
9.53117197318
9.54517940983
9.57986249869
9.61325089046
9.64151225738
9.64708766878
9.6509507853
9.66152242039
9.66510486695
9.67143852251
9.67722511152
9.67896811083
9.68832911569
9.68891996329
9.70499133531
9.71454932276
9.72325844666
9.73520825604
9.74144438263
9.75752137247
9.75895307608
9.76552866566
9.77714478256
9.82635590029
9.8312330465
9.84015401946
9.84315842276
9.86696567617
9.87256070106
9.8908781709
9.89727801748
9.91413936461
9.91599200448
9.93184352037
9.94381587167
9.95815634025
9.98531081518
9.99402747958
10.0091323961
10.0633885749
10.0763852679
10.0870662754
10.1140436844
10.1202568603
10.1277385965
10.1337321352
10.1408420938
10.1523798097
10.1732887261
10.2015347734
10.2083934525
10.305190625
10.3065374921
10.321078679
10.3288645999
10.3626820506
10.373285306
10.3873157465
10.3949133338
10.4032965471
10.4417247094
10.4517248651
10.4604608784
10.4818371865
10.5556661354
10.575216158
10.8076965701
10.8231309338
10.8241831487
10.8732669886
10.8828699028
10.909246797
10.9392986775
10.9523827432
10.9614119768
10.9768036068
10.9893086207
11.0130311133
11.0191799214
11.038526374
11.0655140135
11.0705939347
11.0863268641
11.1041505024
11.1244846125
11.1624027073
11.1635196697
11.2313231293
11.2365080458
11.2381954689
11.2537450557
11.2627204452
11.2651204593
11.2896881463
11.3031580375
11.3088944115
11.311542068
11.3708799486
11.3929437732
11.4603252915
11.5602734965
11.5733785382
11.595850865
11.6043145197
11.650217034
11.6662084914
11.6967068961
11.7252728228
11.7400466787
11.7443426505
11.7671874003
11.8320572468
11.857933693
11.8757715712
11.9341549471
11.9935390689
12.0164255354
12.0328415733
12.0406970815
12.0435924725
12.0450735259
12.0583230821
12.0671860377
12.0733578872
12.0813943906
12.0884370387
12.1173513286
12.1650647047
12.1741959896
12.1906143443
12.2033488294
12.2131831065
12.2196500128
12.2413245585
12.2511660091
12.2567116107
12.2595675522
12.281446507
12.2985948494
12.3024450248
12.3127327014
12.3172078066
12.3386865768
12.3436735031
12.3457937737
12.3571064114
12.3631813607
12.3691618012
12.3871670776
12.3893788072
12.3959678224
12.4020221367
12.4043097604
12.4171903605
12.4179196414
12.4198041162
12.4393309834
12.4435540125
12.4467871682
12.4783965375
12.4967131275
12.5203581839
12.5310396082
12.5510434681
12.5599550083
12.5770657068
12.5939233023
12.597707779
12.6010717715
12.6213567245
12.6225884776
12.645743234
12.6601403951
12.7171260223
12.7236830358
12.734554199
12.7436376245
12.7580784792
12.775461077
12.7973243819
12.8233340245
12.833587304
12.847837231
12.8560693563
12.8894550885
12.9127708148
12.9315501747
12.9335124268
12.9634141031
13.0009697414
13.016837453
13.0329954453
13.0444806877
13.0686365624
13.0914969721
13.1064016247
13.1645312746
13.2012195522
13.2073833446
13.2172446184
13.2211943595
13.2547619249
13.2670023257
13.2775783596
13.2834232843
13.2851336726
13.2925254109
13.293643059
13.3033273796
13.3061377939
13.3076671834
13.3089008823
13.3100329985
13.3229837641
13.3259040591
13.3362470875
13.3368569525
13.343076128
13.3491322096
13.3609806444
13.3689875093
13.3855672657
13.3943362431
13.3972864247
13.4813204107
13.4944580455
13.5089902545
13.5194356196
13.5326861518
13.5456505062
13.5492593623
13.5540163131
13.5717375428
13.5812252838
13.5913587319
13.5938075533
13.642366533
13.6541385251
13.6556355284
13.6725696649
13.6819033874
13.6991304116
13.7149198392
13.7241766157
13.7370007417
13.7549913531
13.777048342
13.8017617071
13.8116804992
13.8259656431
13.8548506485
13.8662493213
13.8874002452
13.8970199049
13.9106137062
13.9120358714
13.9325892194
14.2019892338
14.2051640993
14.235036349
14.2529455621
14.254830197
14.2746177219
14.2960806558
14.3236592562
14.3587824107
14.4026972167
14.9008308765
14.9240148004
14.9345252881
14.9601995227
15.0566170356
15.0758337812
15.0850495188
15.1413408451
15.1574440619
15.1855653766
15.1923394944
15.2097855826
15.2676076946
15.3133933858
15.4056850655
15.4255272908
15.446832194
15.4709169981
15.491705686
15.5299214448
15.58376023
15.6219401937
15.6224342541
15.641632531
15.655209983
15.6652584949
15.6685588145
15.6978676871
15.7342296069
15.7420443371
15.755573097
15.7614488247
15.7634034659
15.7749439993
15.8501396348
15.8508209607
15.8568490552
15.8689559392
15.8832379933
15.8855137344
15.9020022559
15.9122800277
15.9390802145
15.9564486866
15.9701766084
15.9716244792
15.9780149633
16.0156955693
16.0208127721
16.0266843463
16.0924701017
16.097031192
16.1137904754
16.1250917072
16.139316002
16.1928313089
16.2151109738
16.2644068778
16.2877994872
16.3075480356
16.3401023827
16.3592562945
16.364990496
16.3837947917
16.4949511168
16.5042217306
16.5062686555
16.5298475327
16.5991509527
16.6479867999
16.6673385179
16.7211486382
16.7492140065
16.7599788138
16.7842109983
16.7982732009
16.8029908825
16.8071882224
16.8207917858
16.8268389851
16.8279193156
16.8304614083
16.8387156219
16.8522068671
16.8573716961
16.8622111923
16.8630570537
16.8638278528
16.8692465089
16.8768121913
16.879197886
16.8887942917
16.8950659269
16.9118131358
16.9184361187
16.9285977237
16.9400285922
16.9475865181
16.9534187859
16.9653313024
16.9703613922
16.9836090114
16.9981637536
16.9992770268
17.0010012855
17.0083352149
17.0137278771
17.0155008273
17.0302743814
17.0496399501
17.0624660078
17.0693641842
17.0794284553
17.0883813752
17.0907200908
17.1244053247
17.1511409565
17.1856014754
17.1935376612
17.2223809239
17.2307018509
17.2606858807
17.2664530363
17.2718592631
17.292970571
17.2964455908
17.3197024196
17.3286810568
17.805706324
18.0025682942
18.0113756814
18.013681332
18.0191379545
18.1407270572
18.1418242986
18.1471990222
18.1722843241
18.1762514295
18.2073746117
18.2206751401
18.2286872306
18.2309580076
18.2450487693
18.2483203621
18.2503194554
18.2674131133
18.2700320313
18.2780722006
18.2818936398
18.2857538153
18.3584802168
18.3683675986
18.3778819933
18.3810284742
18.4160189147
18.4290924591
18.4319062729
18.4410763855
18.4491193335
18.4880848979
18.5130512411
18.5224828358
18.5305853788
18.5318760963
18.5899783192
18.6105232505
18.6260869601
18.6319772093
18.6586945257
18.6723569114
18.7146526538
18.7336389114
18.7692680387
18.7760278873
18.7798638485
18.7823172827
18.797410553
18.8294658229
18.8663078896
18.8777895611
18.8958253535
18.9102356997
18.9463324121
19.0050822831
19.0161785886
19.0183696006
19.0320696829
19.049467801
19.0525079398
19.0577132782
19.0741289481
19.1035500575
19.1350162446
19.1631074592
19.1800422011
19.2037954059
19.2211639968
19.2231565896
19.2298777998
19.2360980492
19.2407525864
19.2736256221
19.2795161686
19.282302488
19.286901694
19.2878307531
19.2897786318
19.2938159332
19.3244594637
19.3310641165
19.3415162786
19.3475908147
19.3546137667
19.3659617734
19.3810774063
19.390098251
19.4213790216
19.4293010862
19.4389901844
19.4402565983
19.4446000857
19.4608607434
19.4752675655
19.4882816284
19.491396704
19.5027425703
19.5075405387
19.5088788494
19.5144505798
19.5269771092
19.5329634888
19.5484356976
19.552658278
19.569699009
19.579571272
19.5804934776
19.5964567054
19.6038293812
19.6093410386
19.6147724833
19.6156883153
19.6225844431
19.6381659701
19.6547837701
19.6565304738
19.6578918029
19.6770747706
19.6957585633
19.7409885687
19.7515156668
19.7630000078
19.7789981568
19.7816573209
19.7900650431
19.8022357808
19.8130562639
19.831038263
19.8517929426
19.8613275405
19.8777412403
19.918812392
19.9473540789
19.9645094253
20.0433267395
20.0606067154
20.1251690151
20.1671433752
20.1783893398
20.1864825948
20.2072373827
20.2228295838
20.4049863936
20.4141831601
20.4258413855
20.4286130561
20.4313365771
20.4323625791
20.4426646507
20.4555672699
20.4581702253
20.4613774634
20.4652306118
20.4721903252
20.475173991
20.4852462906
20.4988052984
20.5099356725
20.5397121436
20.5421810846
20.5469429973
20.5744965561
20.5779105667
20.5837740635
20.5958582575
20.5978118112
20.6063785187
20.6787498029
20.682920073
20.6907234964
20.8606793937
20.8714229228
20.8830304379
20.9100288402
20.9461496959
20.9911257524
20.9925348574
21.0030329701
21.0135230205
21.0161724517
21.5469628195
21.6006292353
21.6039630526
21.6053829507
21.6177202378
21.6185084121
21.6502689952
21.6710549672
21.677463047
21.6881413632
21.6898785914
21.7000491519
21.7138004526
21.7186741549
21.7213191925
21.7373910776
21.7474171997
21.7577110792
21.7755561501
21.8032132036
21.8311139453
21.843015559
21.9404152327
21.951583383
22.0387102898
22.0492024864
22.0555170717
22.0578182647
22.0661793294
22.0763645868
22.0875253623
22.0936394908
22.1107233559
22.1122343079
22.1225873579
22.1278097559
22.154521731
22.1614998024
22.1829896086
22.1909363386
22.2185973324
22.2334314098
22.2594537647
22.2819445058
22.3062452068
22.3144385714
22.315835116
22.3396889068
22.3555097833
22.3573665227
22.3723817781
22.3887463997
22.4500176651
22.4759550794
22.4868524291
22.5115276805
22.6238122483
22.6415430812
22.6669099094
22.7024561738
22.7108113797
22.7248278776
22.7609814252
22.7723045551
22.774354778
23.0295388353
23.0341640897
23.040971347
23.0523610242
23.0603670928
23.0741726709
23.0875234859
23.0978860175
23.1102505351
23.1174488178
23.1230045519
23.1311916198
23.1406406233
23.1545466168
23.1757359675
23.2200701879
23.2371851034
23.2579628219
23.2766353195
23.2854531335
23.30210158
23.3254325261
23.3529409614
23.3658128271
23.3685739512
23.3730226199
23.3996495399
23.4147821927
23.4293163066
23.4318939875
23.4541126902
23.4699851551
23.4742268105
23.4923997967
23.5301388718
23.5715296399
23.5811679027
23.5947125051
23.6197502376
23.7654069545
23.77018773
23.7721681017
23.7863939328
23.8341318582
23.8529820142
23.8859898819
23.8922074826
23.9260928436
23.9433336898
24.020729211
24.1330663921
24.1461523987
24.1557889943
24.161544068
24.1672730159
24.1751058042
24.1827624172
24.1938985442
24.1980195515
24.2080954356
24.2116571358
24.2214947169
24.2256086976
24.2343496188
24.2401207784
24.2521512864
24.2560414819
24.2723638764
24.2853681593
24.2935032683
24.3253354767
24.3342992181
24.3499288066
24.3704194061
24.3798626843
24.3905550015
24.4176344716
24.4396987602
24.4567918607
24.457774026
24.4665481255
24.4942726282
24.5038447024
24.5100553714
24.586648883
24.5980842391
24.6162339725
24.6622259998
24.6725780761
24.6829761111
24.6867556161
24.7040731297
24.7180282689
24.7326833885
24.7375351594
24.753092081
24.7727222867
24.7770217444
24.8312916423
24.8568166196
24.8917744854
24.9060216704
24.9123765009
24.9765898946
25.0562599705
25.0857360035
25.1043461085
25.110948954
25.2203379172
25.227348497
25.253521064
25.2640990356
25.2751064913
25.2800892525
25.2890405512
25.2983966291
25.3042192758
25.3124332194
25.3203589007
25.3298100609
25.3454232437
25.3631911783
25.376516314
25.3776862945
25.3941324185
25.456710348
25.4630836234
25.4653026133
25.4746146222
25.5190898908
25.5368212636
25.8167826614
25.818173642
25.8450046161
25.8728401913
25.8934289502
25.9025284919
25.9212231228
25.9581914874
25.9627506776
25.9849894409
26.0059830539
26.0726066359
26.0803421961
26.0846699328
26.1032822946
26.1335221102
26.1349932084
26.1414186814
26.1520612106
26.1538720837
26.1565462149
26.1753031547
26.2024891744
26.2112607604
26.2390604433
26.2565596812
26.2723208173
26.310608665
26.3663849755
26.3813337866
26.4240517698
26.4269334809
26.4298596345
26.4368492314
26.4474356246
26.4497428455
26.4538814249
26.4614597825
26.4687790907
26.4757520372
26.4767053921
26.4819146776
26.4864739423
26.5441285046
26.5491299095
26.5573340143
26.5687847544
26.5822535208
26.5952548013
26.6048335719
26.6075450392
26.6242365336
26.6398394165
26.7341366714
26.73729669
26.7465893555
26.7588912746
26.763928773
26.7693269377
26.7814285584
26.7964175839
26.8030740661
26.8081128526
26.8124643425
26.8163186715
26.8692920683
26.9310740172
26.9399554489
26.9485140307
26.9538399843
26.9762102342
26.9910531134
26.9984136836
27.0203275541
27.0213771636
27.0227368859
27.0340190029
27.0380347133
27.0476428229
27.0743857578
27.1099038151
27.1251002639
27.1359381796
27.155703012
27.2960751848
27.3213042743
27.336380808
27.3401765578
27.3447147753
27.3533126172
27.3622108484
27.3783113403
27.3889890553
27.4421308731
27.4949085217
27.5350909845
27.5489215818
27.5725315276
27.5916857944
27.593346581
27.6014557224
27.6019179246
27.6117225541
27.6206879529
27.6270706159
27.6350197507
27.6399052179
27.6546735682
27.6582135315
27.6618414444
27.6729759687
27.679242492
27.6921467404
27.695751612
27.72828298
27.7411823946
27.7483201002
27.7494506563
27.7859631187
27.7896895124
27.7933427674
27.8080383262
27.816624068
27.8281729415
27.8855606151
27.8985774904
27.9130271457
27.9247256982
27.9321012833
27.9336705958
27.9364134796
27.9414430397
27.9464412426
27.9554064525
28.0129299455
28.0440616345
28.0624531808
28.0679141423
28.0703405539
28.0792175625
28.2061309326
28.2296767641
28.243278211
28.2558626102
28.2685772324
28.3126510953
28.3262644924
28.3626374147
28.387490483
28.4093177043
28.495562703
28.5292977276
28.530634065
28.5652018915
28.5809570453
28.7741236216
28.7917688058
29.0088898908
29.0221471041
29.0281788412
29.0442946148
29.1062335194
29.1228307762
29.1354611383
29.1439566672
29.1478137808
29.1581999039
29.1693030293
29.1846422109
29.2086998295
29.3323622202
29.3344801885
29.3777033698
29.4370992502
29.4566620374
29.4862645474
29.4966424854
29.5046237057
29.5217912527
29.5419465356
29.5774421905
29.706313037
29.7224784662
29.7321238002
29.75726756
29.7781770933
29.8064606605
29.8242723308
29.8341967312
29.8407764204
29.8560900716
29.8665159987
29.8969817166
29.915736785
29.9697286015
30.0150362904
30.0302746032
30.0308072789
30.0418491591
30.052119969
30.0685320969
30.0767680047
30.0945160903
30.1278613457
30.1298189788
30.1359401707
30.1427429033
30.1535784318
30.1620953581
30.1643945084
30.1668058904
30.1714366261
30.1783554947
30.1848921835
30.1937260368
30.2048786735
30.2140125039
30.216556789
30.2243641402
30.2360245483
30.2396211128
30.2458347371
30.2660825325
30.2758121359
30.2871149417
30.2975047962
30.3166616115
30.3287062543
30.3447788938
30.3676589834
30.3703073561
30.3871685459
30.3956859768
30.4076525854
30.4569899967
30.4728934802
30.4826041667
30.4945729799
30.5058887178
30.5086599646
30.5247612602
30.5414916536
30.5518539453
30.5692183657
30.5966516401
30.6174755093
30.6280095406
30.6360534677
30.6717317493
30.6984502177
30.7014518321
30.7764276426
30.7929743133
30.8022938594
30.8591112903
30.876067869
30.8999880093
30.9208362805
30.9511688924
30.9729376264
30.9966053548
31.0146801694
31.041497211
31.050897882
31.0695582077
31.1266548182
31.134512417
31.1545399528
31.1670500525
31.1857472703
31.2062140958
31.2090506756
31.2130492529
31.2180168536
31.3522502153
31.3653246559
31.3731736422
31.3800858288
31.3888215336
31.3997726864
31.4048147832
31.412587297
31.431985129
31.444253556
31.4514553775
31.4555770768
31.4626422609
31.506213076
31.5097422279
31.5276492081
31.5285910295
31.5464407104
31.552503446
31.5765895878
31.806679776
31.820102393
31.837652895
31.8632339004
31.9338874994
31.9498948397
31.9632186689
31.982444919
32.0541966541
32.069749246
32.090850056
32.1107604833
32.1196521088
32.1325011374
32.1473428797
32.1664613852
32.1862063402
32.1880165144
32.1960986299
32.2067892814
32.262340709
32.2813175368
32.287387917
32.3548677938
32.3646642763
32.3987293308
32.4043779021
32.4090892772
32.4212871782
32.4298244436
32.439115368
32.4457064153
32.4524135972
32.4652969137
32.4677505103
32.5278662649
32.5297342304
32.535855293
32.541400396
32.5521536175
32.5822561432
32.6007231309
32.6104303163
32.6316646869
32.6538868204
32.6623140859
32.6656898156
32.6844455197
32.6938085921
32.7068609037
32.7166441257
32.7283976791
32.7474049052
32.7547537417
32.7589956122
32.7752275694
32.7794203128
32.8033175896
32.8125472526
32.8140043271
32.8231812068
32.8400347083
32.8529191841
32.8588031997
32.8739009927
32.894514347
32.9067193738
32.9227872397
32.9571088557
32.9698583451
32.9722526893
32.9931975874
32.9946471754
33.0265024229
33.0376123979
33.0456380326
33.0792180274
33.1022441344
33.1271760111
33.1922825967
33.2197312592
33.2458764711
33.2810041131
33.309363978
33.3472287775
33.3488885974
33.3577540719
33.3791514538
33.4188497721
33.4610985967
33.4890502866
33.5110779366
33.5955012265
33.6104903373
33.6194279255
33.6666634098
33.690493876
33.6946114217
33.7075231398
33.7420547372
33.7470448264
33.7553730541
33.7669339213
33.7756143179
33.7841636828
33.7912554599
33.8008960518
33.8105170094
33.8115588376
33.8233208868
33.8370918929
33.8811512564
33.8880396424
33.918645121
33.959688139
33.9799032973
33.9809896085
33.9899446591
33.9970828444
34.0161012345
34.0200743238
34.0349387932
34.044337078
34.0559478639
34.0609643463
34.0630477588
34.0650022177
34.089564878
34.1287159504
34.1385512477
34.1501889454
34.1687720431
34.1798247258
34.2349120718
34.4689232333
34.5107972979
34.5370448912
34.5621299888
34.5703432077
34.5902520165
34.5969727118
34.6318349263
34.6544204788
34.7029832429
34.7073342634
34.7159292701
34.7728028254
34.7997434687
34.8030333695
34.8103282094
34.8272483021
34.8332703549
34.8391004366
34.8421626131
34.8466153411
34.8511497434
34.854970047
34.8625190531
34.8724855674
34.8796557473
34.8869295329
34.8957364487
34.902475423
34.9089314778
34.9179938599
34.9319338335
34.9373663236
34.954579429
34.9572083612
34.9689733002
34.9766930475
34.9897223766
35.0015530078
35.0059368725
35.0102941841
35.0403000793
35.0414806205
35.0530999481
35.0774536969
35.0894190266
35.0995111256
35.1120898754
35.1187086732
35.1229437113
35.1280491256
35.146637249
35.1506366269
35.1613015563
35.1727412239
35.1820788676
35.1830322314
35.2003846837
35.2012992927
35.2124426319
35.3996342033
35.4208981943
35.4408586456
35.4550268233
35.4561408086
35.4922434524
35.5063603218
35.5150378333
35.5264607995
35.5686246558
35.5784936298
35.5950223615
35.7367135803
35.7466303946
35.7872828179
35.811822794
35.8498487606
35.859005588
35.8674258923
35.8695979044
35.9253346864
35.9370170432
36.0038006541
36.0193265913
36.0231887146
36.0283092809
36.0359946652
36.0399373344
36.0424485322
36.0537825471
36.0874461906
36.1056656537
36.107733969
36.1124065499
36.1171484689
36.1236940524
36.1266103555
36.1305760399
36.1332484401
36.1516893505
36.1612721309
36.3314936779
36.3380910338
36.3481217989
36.3585494763
36.3669367985
36.3740034996
36.3921419433
36.4112787431
36.4221789531
36.4322566349
36.441993673
36.473472357
36.4836745476
36.4979974712
36.5102866571
36.5294895379
36.538579033
36.5486819512
36.5661099766
36.584796512
36.6029758274
36.6946911299
36.696835906
36.7350315659
36.7468463657
36.7601878728
36.7909572669
36.8090034795
36.8128789125
36.8445102216
36.871565235
36.9152281065
36.9464296177
36.9590953226
36.9837369665
36.9886566414
37.040249821
37.0434108613
37.0555080647
37.0882388493
37.1025188995
37.1280715642
37.1898791638
37.2110674413
37.2136772892
37.2162930499
37.222480679
37.227328384
37.24241926
37.2488591809
37.2494356918
37.261582156
37.2736311981
37.2865261748
37.2988602853
37.3075793519
37.3401414828
37.3439304383
37.3673092786
37.3988285032
37.4123798396
37.4204228292
37.4292515354
37.4364381589
37.4408626927
37.4474968035
37.5029109531
37.5068015081
37.5246976279
37.5320312481
37.5659529901
37.5726182246
37.5819764461
37.5935413639
37.6149032174
37.6242415203
37.6278109097
37.6347018518
37.6486692348
37.6796062098
37.6817288438
37.6940313827
37.7070096982
37.7427379836
37.7603496795
37.7740613278
37.777816478
37.7791935418
37.7848003056
37.8184932941
37.8274705309
37.8394935368
37.8426972808
37.8537090755
37.8728008209
37.8773313491
37.8896454793
37.9215223777
37.9646422659
37.9774012016
37.9857656221
38.0106775138
38.0323805128
38.0494709352
38.0653850339
38.080595257
38.2389950227
38.2548153919
38.269016346
38.2789834868
38.3097764844
38.3393178474
38.3977196941
38.4119549376
38.4153187303
38.4208902294
38.4271157158
38.4341776044
38.4509006429
38.4657370431
38.4763551649
38.4927474533
38.4940910627
38.5103188817
38.5348001569
38.5433998444
38.5540275633
38.7467022545
38.8297837406
38.845125325
38.8708967608
38.8861689952
38.8919301823
38.9080189223
38.9165954259
38.9298877285
38.9698981444
38.9855047835
38.9977108156
39.3224141566
39.33411294
39.376217759
39.3963264277
39.418793856
39.4299215104
39.4407200755
39.4666911369
39.4753635706
39.5016467742
39.5222878077
39.5828735681
39.6076097649
39.6128177976
39.6262981873
39.6337554159
39.6450461039
39.6504905885
39.6527155857
39.6625349719
39.6778295578
39.7189759092
39.7267630196
39.8118142479
39.8145485662
39.8197263477
39.8320715872
39.8605895712
39.8668809259
39.8756436717
39.8908729355
39.9004272222
39.9140590699
39.9155506969
40.0552741119
40.0769176013
40.0846333197
40.0939513943
40.0995493514
40.1064884549
40.1113340039
40.1509623358
40.1573914074
40.1685030197
40.1730622753
40.1761897492
40.2011599473
40.214068293
40.2286071358
40.2303903475
40.2750404459
40.2972353681
40.3054366589
40.3147564663
40.3239987639
40.3485793871
40.3499777933
40.3591355886
40.3631491847
40.365072659
40.3839800419
40.4129379959
40.421084412
40.4358054679
40.4654976183
40.4688182995
40.4966186923
40.528690304
40.5641090715
40.6998153709
40.7114423155
40.747865422
40.7830085747
40.8015822155
40.8639754342
41.0912892576
41.0928698435
41.1056701851
41.1179857863
41.1301543807
41.1342608736
41.1425392547
41.2013159027
41.2582420894
41.2670524605
41.2819532584
41.3011404106
41.3111439063
41.3195658487
41.3240907382
41.3375659971
41.3444741601
41.3477434187
41.3714731461
41.3734287137
41.5837178366
41.6113316835
41.7113452961
41.7300700154
41.7456762759
41.78652815
41.8039952007
41.8272941196
41.8596775526
41.896957369
41.9189991651
41.9319688551
41.9528936556
42.0021119041
42.0101826546
42.0165092482
42.0221823929
42.0246615463
42.0301259513
42.0353813813
42.0408087449
42.0485285057
42.0599452182
42.0628115675
42.0818196841
42.0944357567
42.096136076
43.2007406365
43.2130628173
43.2203537762
43.2249905064
43.236346108
43.2368261684
43.262042578
43.2691216681
43.2720595767
43.2876777626
43.2909714898
43.2922801274
43.2995314099
43.3095518998
43.3106264725
43.3145208284
43.3188720383
43.3216713055
43.3274068612
43.3315603826
43.3360021005
43.3444053692
43.4417547944
43.5250281936
43.5409828722
43.6636287546
43.7251033576
43.7483825588
43.7673164734
43.8650087046
43.8772525277
43.8874392896
43.8922016799
43.9053264243
43.9240731565
43.955012858
43.9715366203
44.0309309028
44.0433823112
44.07282655
44.0771894382
44.0829194959
44.1028821472
44.2629120555
44.2972452741
44.3003990263
44.3462533263
44.3482956496
44.3801615238
44.3835342125
44.4089554445
44.4093932704
44.4218904287
44.4340261771
44.4425854485
44.4484046702
44.4674402384
44.4774193187
44.5170471114
44.5383733473
44.5487686309
44.5556999077
45.6227479839
45.6743193794
45.6771697124
45.685475859
45.6938850743
45.7034561182
45.7116897774
45.7176778377
45.7295703929
45.7408471995
45.7500426226
45.758899343
45.7707537271
45.7755446485
45.7771138735
45.7779393192
45.7800476043
45.7851408184
45.7864672844
45.8010406939
45.8202769667
45.835201935
45.8514966079
45.8653564048
45.8698570548
45.8830098944
45.8847256452
45.8949464121
45.9011042366
45.909300216
45.9280300803
45.976176313
45.9840117089
45.9928501891
45.9995839655
46.0136119931
46.0297345146
46.0315798465
46.2983339086
46.3233507058
46.3592084357
46.374902268
46.3992556795
46.4233909065
46.4506426456
46.4694195027
46.6064742345
46.6447035669
46.6484173293
46.6622024641
46.7021365659
46.7236416737
46.7524785812
46.8046923393
46.8054911266
46.8102326026
46.8283396667
46.8461682471
46.8600586347
46.86196331
46.8662501581
46.8845816748
46.9172051579
46.9265333331
46.927888378
46.9297846995
46.9357475306
46.9402603022
46.9493448509
46.975565592
46.9884890735
46.9995072228
47.0027524792
47.0159678657
47.0228638343
47.0322331877
47.0369853255
47.0417572619
47.0550695688
47.0579053472
47.0630733351
47.0672110768
47.0759722331
47.0852937677
47.1035320792
47.1115061438
47.1326117417
47.1447764168
47.1548469992
47.1712977537
47.1760505019
47.1820267279
47.1958783203
47.2153550623
47.2224566529
47.2332392253
47.2619781874
47.2855025955
47.297415713
47.3114587377
47.325451379
47.3331246975
47.3513202123
47.3578280103
47.3804159511
47.387652693
47.4033290633
47.4266749451
47.4602715426
47.4782445992
47.4871864399
47.4967898842
47.5725653128
47.5747196629
47.584784513
47.5940465469
47.6157771571
47.624604135
47.6708723427
47.6833088993
47.7008511311
47.7300987616
47.763335278
47.7787556666
47.8090589456
47.8203569543
47.9147475365
47.926821584
47.9853903419
48.0175670167
48.0303840954
48.0443233263
48.0463776457
48.0529477919
48.0594796588
48.0702488515
48.0820342712
48.0847155409
48.0895766845
48.0946522118
48.1011876739
48.1071214901
48.1239055813
48.128550193
48.1333170746
48.1436376453
48.1447242119
48.150562369
48.1567275611
48.1578082248
48.1594350124
48.1625770284
48.1663474869
48.1718256106
48.1868195207
48.1987767191
48.2121498726
48.2169053243
48.2176622168
48.2219479593
48.2310456629
48.2453613184
48.2496093143
48.2549894328
48.2567623436
48.2724420615
48.2933361689
48.2990873476
48.3186394584
48.3319802398
48.3441039141
48.3489265145
48.3539526245
48.3634378747
48.374797483
48.3897558746
48.4329197906
48.4630773084
48.4790382415
48.4798459335
48.4929067334
48.515421452
48.5339162382
48.5543036978
48.5620946024
48.5670162425
48.5750034393
48.6479097867
48.6675057403
48.7054046713
48.740153578
48.7612952879
48.7779807954
48.8746149001
48.8862281995
48.9164732764
48.9196805796
48.9248629833
48.9597365484
48.9995017697
49.0072222729
49.0247261288
49.0346912312
49.0375804972
49.1899670701
49.2097320146
49.2501809172
49.2630563049
49.2697127426
49.2713246833
49.2737152508
49.2855732742
49.2901443265
49.2952108357
49.3045086125
49.3133359
49.3245492905
49.3332695657
49.3407694393
49.3645981622
49.3825923981
49.3923087777
49.3966446539
49.4154370376
49.4230973885
49.4296465136
49.6751980272
49.7401412563
49.7634916825
49.8038975966
49.8150429564
49.8226912493
49.8290604465
49.8865064045
49.8956501295
49.8982172901
49.9708547078
49.9812310327
50.2203210002
50.2455863242
50.4086161821
50.4164920334
50.4178022218
50.4204821065
50.4269021841
50.4359382325
50.4469490426
50.4489172623
50.4748650359
50.4826145026
50.490687329
50.4940908603
50.5021995095
50.5123836443
50.5170129852
50.5227893844
50.5263719244
50.5345829785
50.5410191406
50.5572745606
50.562665103
50.5895025064
50.6205138623
50.6346168214
50.6461638796
50.6568549959
50.9163818111
50.9270537728
50.9469539024
50.9526678171
50.9604943767
50.9799208546
51.0051323583
51.0232692866
51.0365036646
51.0520771622
51.057474165
51.082308172
51.101217508
51.1172201954
51.1355861456
51.1493587717
51.1517086925
51.170921707
51.3135449278
51.3248740207
51.3418932715
51.3825101571
51.4429209559
51.4730288251
51.520250474
51.5370053803
51.5512210793
51.5849029211
51.6066818982
51.636741681
51.6420089572
51.6468123866
51.6539456981
51.658529128
51.6641202222
51.6691138756
51.6736582744
51.6861365205
51.7052150092
51.7213885047
51.7271992608
51.7347539237
51.7423368541
51.7447466021
51.7551655149
51.7750098392
51.7759250546
51.7770013578
51.7820053311
51.7864868517
51.7976330437
51.8092177942
51.8259768809
51.8386692554
51.8517119537
51.8570202793
51.864719857
51.8761412658
51.888280285
51.8911567184
51.903610151
51.9102889809
51.924199366
51.9367892389
51.9680411704
51.9938649281
52.003200489
52.0125912559
52.0243420855
52.0431223199
52.0570270844
52.0687724595
52.087868474
52.1298483818
52.1759564039
52.1967498978
52.1999001353
52.2076404838
52.2388917839
52.2517403226
52.2761188219
52.3028895268
52.3209958612
52.3407508384
52.3431767056
52.3640152452
52.3795143549
52.4192443352
52.4457412234
52.4632778707
52.4721096773
52.4748334389
52.4982544362
52.5087353969
52.5480742006
52.5841620295
52.6120487382
52.6223275007
52.6361103422
52.6853065827
52.6976153072
52.7187133854
52.7617849658
52.8351186613
52.8383187782
52.8468362962
52.8491513993
52.856321087
52.869271891
52.9368791084
52.9453623907
52.9601259082
52.9655788223
52.9709091147
53.0032898382
53.0179403823
53.0251978045
53.0339721707
53.0502469937
53.0600319326
53.0679328733
53.0738058469
53.0832294229
53.0902509943
53.1018098275
53.1028792136
53.1135562109
53.1148852173
53.1191779473
53.1226474647
53.1242895331
53.1343373952
53.1366534716
53.1390826344
53.1542022215
53.1636570218
53.1950001693
53.2044662647
53.2189449767
53.2433080368
53.2447579741
53.2508327473
53.2771536734
53.300482197
53.3243321335
53.3848849379
53.4007943193
53.4038584691
53.4132115771
53.4144662114
53.456725433
53.4592707453
53.4825689693
53.5388719957
53.5477244086
53.5563093011
53.5668311459
53.6034183439
53.6337405938
53.6369271215
53.6741196686
53.6763251474
53.699216771
53.7616641362
53.7957489279
53.8205125953
53.8936126542
53.9025138718
53.9219210977
53.9557638923
2239
