6.00619565258
6.00697982473
6.0204255335
6.04576806593
6.06779017544
6.08144842172
6.08721127499
6.09666958254
6.10616279058
6.17698261549
6.18970766908
6.19369237963
6.20270290509
6.21765930038
6.22053358197
6.247542374
6.41900558783
6.42377710698
6.43851801646
6.44219772714
6.45790454175
6.47049556824
6.48889302126
6.49341729849
6.52737072727
6.57949111851
6.60031653341
6.62108975879
6.63001020246
6.69462684698
6.70394853049
6.72294908619
6.75155914096
6.75541081811
6.76457970538
6.78174305258
6.81406510224
6.82698744455
6.83454688391
6.84481772067
6.89173089286
6.93006710807
6.961767479
6.97265092884
7.0558139722
7.07146163813
7.16061543829
7.16864170532
7.18161842951
7.2069301129
7.2088317114
7.21864785699
7.22645869435
7.23034058213
7.23326493303
7.23803591415
7.24827364817
7.27785654264
7.28296222137
7.29066368586
7.29955372833
7.30767660073
7.33677813147
7.33939681954
7.34881221772
7.35794805084
7.36705957516
7.37898580629
7.38176419369
7.39605528394
7.40106055056
7.41660848414
7.42033471316
7.4267066869
7.43543315334
7.44221000482
7.45221472099
7.73006958211
7.74798949133
7.75144674001
7.76758548192
7.77866943838
7.80021185131
8.03571059988
8.07453272757
8.09630410372
8.13185558032
8.1647930277
8.20423528021
8.20655113652
8.21270074555
8.21907642382
8.25797302792
8.25990458079
8.31685514474
8.35293205517
8.38328902242
8.40059841422
8.41175955922
8.418802927
8.43430776311
8.43735033524
8.44719625
8.45646455722
8.45716268989
8.46386527935
8.46761785844
8.47339488254
8.4920573184
8.49653680363
8.49724340225
8.50921774673
8.51201240074
8.52779453635
8.53989222095
8.54076257512
8.54987807436
8.5572519561
8.57771085035
8.58723866924
8.59463392103
8.60476791524
8.61013277634
8.62278967396
8.63819111873
8.64697210067
8.64847787202
8.65212578889
8.66054733086
8.67267892998
8.6832020753
8.70272481636
8.71793577648
8.78796166301
8.80341454275
8.80669179313
8.82360817827
8.82462265579
8.83251629897
8.84016310478
8.85712251721
8.85901094386
8.87564527798
8.88262295858
8.88756459728
8.89042382514
8.90559069953
8.906981977
8.91081933954
8.9294012243
8.94096069323
8.94740327554
8.96211579143
8.97533899034
8.99297136072
9.00807358384
9.02220189679
9.0313941877
9.12011152966
9.1220676917
9.1276722262
9.13202660458
9.14937442845
9.16182971514
9.17153786232
9.18224943485
9.20265234329
9.2337397154
9.2862770256
9.33688575032
9.3401332057
9.35571272657
9.3706980898
9.38710224852
9.38940242216
9.40248672313
9.44299405869
9.45712950099
9.47937447887
9.48735005305
9.52335302545
9.54471924981
9.54759689132
9.55137825569
9.56671525793
9.59857571491
9.60710828352
9.61004193392
9.61439068494
9.61681966536
9.62134249741
9.640906984
9.6450657887
10.8062411027
10.8187373785
10.8193000921
10.8538189398
10.8574573793
10.8771832677
10.8977381065
10.9006117929
10.9065179891
10.918527625
10.9264333425
10.9290508107
10.9372449647
10.940532685
10.9483307271
10.9519059412
10.9546128424
10.9554210193
10.9564345989
10.9646687635
10.9952314219
11.0005307331
11.0120410579
11.0268648873
11.0348592752
11.0369192057
11.051574764
11.0533243518
11.0601798657
11.0972398569
11.1079639213
11.1147497373
11.1156002766
11.1262941327
11.1292165874
11.1426397761
11.1442530661
11.1560715366
11.1700310772
11.1882663612
11.1934013091
11.209281077
11.2145393772
11.225303863
11.245994112
11.2561514067
11.2638662875
11.2672563845
11.2715280629
11.2746506165
11.3226973872
11.3245823543
11.3373699605
11.3428387445
11.3606407669
11.4081740264
11.6465552195
11.6718613113
11.6906601149
11.7083262719
11.7203621827
11.743886719
11.7720733419
11.785013269
11.8175876037
11.8419864121
11.8772790806
11.8979579809
11.9187678231
11.9277911122
11.9393958784
11.9698919887
12.0101091303
12.0193600285
12.0290017442
12.0551629442
12.0659707595
12.0671568807
12.0723727801
12.0812762602
12.0853682974
12.0892773564
12.0931590919
12.0980631984
12.1037075018
12.1241458722
12.1357304887
12.1429255934
12.1519430994
12.5156925431
12.5248859636
12.5409172775
12.5534903253
12.5643822564
12.5746359283
12.5860312978
12.6029442786
12.6310874653
12.6562671437
12.6760770467
12.6991581639
12.7007204097
12.7178113499
12.7458646591
12.7565735734
12.7827775316
12.8118706935
12.8432446253
12.8606219968
12.8633635148
12.9026875864
12.904332344
12.9264538323
12.9369806459
12.9505168802
13.0020913949
13.0506828089
13.0596925049
13.0700981375
13.0891125721
13.0963935282
13.1466119397
13.2131796141
13.2187932618
13.2214403109
13.2262744773
13.2318085077
13.2371835418
13.239725638
13.2442299159
13.2537659597
13.2763075247
13.3256262298
13.3301987008
13.3348973113
13.340954709
13.3572223022
13.3621924896
13.3682419905
13.3730232221
13.3757862537
13.3861280638
13.4804196318
13.4818077241
13.4831204877
13.4846268389
13.4854609996
13.490534387
13.4952111701
13.5091666758
13.5189838434
13.5271452253
13.5398530289
13.5550232177
13.5587818753
13.5696326034
13.6124994348
13.633836611
13.643556835
13.6576256024
13.6615931407
13.6817868342
13.6902210635
13.7059273835
13.7132124742
13.7157408369
13.7294420897
13.7363785037
13.7390116359
13.7455041008
13.7679325548
13.7749608335
13.792835278
13.801802935
13.8100355325
13.8118963942
13.8136684267
13.8286950848
14.1117627538
14.1224073551
14.1240492008
14.1308784069
14.1414594757
14.1442263189
14.150853675
14.1624354277
14.1773308535
14.2306908731
14.2584671326
14.2694058498
14.2835184459
14.290209693
14.2922790559
14.3005638934
14.3095889859
14.3124577727
14.3215104847
14.3402166901
14.36280048
14.3814506126
14.4051722907
14.4203652082
14.4488671596
14.4525945082
14.4975220584
14.5025875123
14.5149187893
14.602929861
14.6211040322
14.6257017194
14.630360954
14.6360595152
14.6436237583
14.6486851466
14.6519066195
14.6558114864
14.6594900293
14.6718137579
14.6898675498
14.7075341664
14.7249793951
14.7464230611
14.7620194635
15.0016602829
15.0166398448
15.1387038247
15.1684759753
15.1706177343
15.1815189902
15.1936549104
15.2073082026
15.2149030315
15.2427591299
15.2601406069
15.2936991318
15.3042992765
15.3090347761
15.3202161861
15.3349115227
15.3526165139
15.3757676331
15.5298307451
15.5596415114
15.5839870944
15.6098793424
15.6136075199
15.621894948
15.6510722812
15.6544124971
15.6577571939
15.6648465002
15.6813999347
15.69258027
15.7021699316
15.7386178951
15.7487884773
15.7586426554
15.7641496336
15.7694387656
15.7729193856
15.7855413813
15.7881387257
15.8062869979
15.8236719816
15.8378700594
15.8500045059
15.8540204605
15.8678661766
15.8722264666
15.8846556909
15.8933666271
15.9101733639
15.9149094596
15.9552412757
15.9624145377
15.9715301501
15.9867181833
15.9986703003
16.0007363247
16.0043436891
16.0059821894
16.0357799809
16.0500679957
16.0685442617
16.1305195982
16.16559805
16.1667764741
16.1707238205
16.193494228
16.2141500829
16.2193695732
16.2281288984
16.2407308182
16.2421719323
16.2547742066
16.2885860702
16.376933496
16.3816633465
16.3828889369
16.4116213237
16.4490503309
16.4814923899
16.4876284293
16.512324813
16.5413556424
16.5513334357
16.5811083474
16.6070740972
16.6437726848
16.8030363842
16.8102442852
16.8244995008
16.8389248872
16.8458680264
16.8529441278
16.8568028257
16.8613906531
16.8650061128
16.8768206983
16.8812121239
16.8887688346
16.9081422165
16.9211900723
16.9348895489
16.9387416409
16.9707950663
16.9744297064
16.9830701608
16.9904780632
16.9927497149
17.0021747802
17.0083031945
17.017907404
17.0274871714
17.0364173099
17.0453896065
17.0611608822
17.0760165085
17.0774121543
17.0811707246
17.0889910775
17.0978529981
17.104493781
17.1106711569
17.1350756799
17.1369566708
17.1471696199
17.18339754
17.197245164
17.2117400708
17.2148305211
17.251576987
17.2683978106
17.2928144009
17.2936735337
17.2950961733
17.3065305264
17.3733138127
17.4193569674
17.4988355433
17.5204794418
17.52716847
17.565796344
17.5805942332
17.5965857037
17.6075677314
17.6146214205
17.6382031798
17.6561283335
17.6831222771
17.7110437152
17.7146086113
17.7200093531
17.7310771392
17.7624053286
17.7996765731
17.8841837779
17.9138970465
17.9239826593
17.9746389326
17.979461933
18.0123603797
18.0163605724
18.0195080136
18.0295412354
18.0330887646
18.0533963551
18.0602828913
18.0649706414
18.0798948099
18.0845641879
18.0947061676
18.1078975914
18.1125033867
18.113216882
18.1263610044
18.1361188882
18.1376954255
18.1428936492
18.1505200338
18.1591656478
18.1616146245
18.175742939
18.1868778745
18.1925246992
18.1983697731
18.2083834884
18.2235485205
18.2370186726
18.248715907
18.2667126426
18.2909461888
18.3047094498
18.3125976351
18.3236772275
18.333954919
18.3540927134
18.3551613807
18.3728760579
18.3895874347
18.3930790503
18.4738713926
18.4897525784
18.5718898231
18.5979537421
18.6052461431
18.6219239536
18.6481680391
18.6593008134
18.6775867904
18.6846745626
18.698726267
18.7007112673
18.7030834331
18.7182227219
18.7348580274
18.7415019796
18.7556248998
18.7719631208
18.7991586694
18.8069960109
18.929641058
18.9808679911
19.1174428995
19.1950255294
19.2035694872
19.3166358532
19.3236146377
19.3341325763
19.33512538
19.3381648853
19.3534456773
19.3626434625
19.3744251314
19.3822251892
19.3845932508
19.5262489941
19.532145031
19.5470366402
19.5516329837
19.5583835315
19.6640968355
19.6742218672
19.6799408734
19.69014119
19.7116134926
19.7285331692
19.731696395
19.7444142654
19.7563156205
19.7708868278
19.7755616851
19.7902895657
19.806448466
19.8382063732
19.8597766476
19.9190871676
19.9380638019
20.2797912404
20.2833741916
20.312747127
20.3390980357
20.3593526778
20.3634085116
20.3863658034
20.4072497822
20.4124788676
20.4203710084
20.4287708223
20.433880074
20.4454406096
20.4595039268
20.4617953313
20.4700213314
20.5075759188
20.5201689543
20.5251853038
20.5328247449
20.5540720135
20.5601936015
20.5734898197
20.5824749786
20.5963221841
20.6038785475
20.6089710469
20.6143331259
20.6281083608
20.6486695838
20.656566563
20.675137995
20.7010280184
20.7241259029
20.7334997168
20.7397951748
20.7564689517
20.7617754685
21.6041725873
21.6083784266
21.6157082288
21.6396912069
21.6425208354
21.6455902115
21.6539187587
21.661175065
21.6749481779
21.6799841603
21.6935680172
21.7078855055
21.7105391402
21.7284996766
21.8097349662
21.824473975
21.8362301287
21.8760782076
21.8780231402
21.8976489972
21.9150134724
21.9201998358
21.9942903258
22.0064072525
22.0124197637
22.0283661985
22.0468153457
22.0494087167
22.0600858926
22.0618531936
22.0712088393
22.087571372
22.099851202
22.106562392
22.1278560852
22.1482047003
22.1612161573
22.1654638581
22.2092869297
22.2117006228
22.2218089756
22.2383861752
22.3059897002
22.3602493907
22.3765671112
22.3887635968
22.3976909859
22.417689969
22.4467925293
22.4559716514
22.4740642791
22.5145501991
22.5549152146
22.5965937583
22.6234074479
22.6479492887
22.655583628
22.668725438
22.671909379
22.6848033551
22.7231457418
22.7594998085
22.7934272101
22.8049772516
22.8246170387
22.8297403121
22.8335587615
22.8452512313
22.8535704634
22.8593854397
22.8814223861
22.9357459724
22.9374571627
22.9484384303
22.9567698939
22.9619094031
22.9634585649
22.9783239997
22.9919390799
23.0053686384
23.0095085985
23.1662336109
23.1771869142
23.1841598887
23.1925334629
23.2087625476
23.2215443515
23.2853666421
23.288270592
23.3027420148
23.3307669971
23.3462483752
23.3529960104
23.5925329027
23.6052481291
23.6325663516
23.6412819622
23.6593346978
23.6885226499
23.6956843636
23.7190920345
23.7452625659
23.7620828416
23.9110729409
23.9195401708
23.947500457
23.9941273799
24.0185317766
24.0445164644
24.0479535445
24.0541389415
24.0598010552
24.0725264773
24.0853547781
24.478572754
24.4871996809
24.4989258399
24.5464618653
24.552257632
24.570296002
24.5902734688
24.5967764655
24.6224323897
24.629752827
24.6329923009
24.6505679643
24.6820444263
24.6981445261
24.7345839439
24.7501465377
24.7867845041
24.8060287842
24.8313500294
24.8402113343
24.9110927024
24.9308257926
24.9547174932
24.9730255194
24.9761560149
24.9891856966
25.0017517549
25.0141348361
25.0370104381
25.0675551611
25.0822296719
25.1198806057
25.1419223216
25.1627639884
25.1975954854
25.2083988113
25.2139931765
25.2154719094
25.2211556314
25.2235034904
25.225094751
25.24481939
25.2494140787
25.2682175203
25.2768623658
25.2848106478
25.2859465909
25.6379097999
25.6550547848
25.6869233143
25.7025984249
25.7105763741
25.7187803883
25.7273117619
25.8280956176
25.8609356912
25.8846541738
25.8940000927
25.9322519615
26.0096928009
26.0182065794
26.2305412011
26.2729259063
26.2852852397
26.3001676826
26.3985742419
26.4295888442
26.434237494
26.4380430105
26.4420364403
26.4430481481
26.4474312133
26.4532992405
26.6718626901
26.6847287548
26.6939138949
26.7024976851
26.707279112
26.7164561507
26.7358755655
26.7370777491
26.7779459075
26.7855968661
26.7901015761
26.8002230316
26.8058363976
26.8105891511
26.828573072
26.8451520077
26.8513134802
26.8609806632
26.8679982732
26.8695557332
26.8816416465
26.8993688188
26.9057461629
26.9134227321
26.93295581
26.9543239444
26.9795320851
27.0153003287
27.0373093827
27.0461521216
27.0585766022
27.121454845
27.1240439488
27.1282726787
27.1357243775
27.1437809913
27.1496439881
27.1635006292
27.1841046449
27.1855131981
27.196166927
27.2089018845
27.2175744625
27.2335319569
27.2491342301
27.2617157408
27.2648786071
27.2760514858
27.3095009449
27.3496897199
27.3781030307
27.387027109
27.4026402071
27.4104690141
27.4565581097
27.512252658
27.5239649634
27.5399229678
27.5433572935
27.5572521267
27.5774347063
27.6099114227
27.6139521974
27.6286385942
27.6413490403
27.8846341811
27.8928158106
27.9080907234
28.4131732675
28.4416521571
28.445486473
28.4772419466
28.5866453123
28.6036350769
28.6174744353
28.6572707989
28.669934231
28.7109664591
28.8168473842
28.82384762
28.8283774351
28.8356455105
28.8382404814
28.840566361
28.851492346
28.8559472943
28.8821346196
28.885274824
28.8897168635
28.9043785929
28.9057608136
28.9153202063
28.9196366636
28.9292077272
28.9305096687
28.936402126
28.9576633231
28.9650313403
28.9800166193
28.9875924988
29.0078803578
29.021682869
29.0383211973
29.0400801235
29.049831819
29.0517605357
29.056767036
29.0696935077
29.1740620813
29.1783245917
29.1918269995
29.2131007281
29.2265269263
29.2394265437
29.2493031803
29.2611169212
29.2689308496
29.2796007395
29.2883770633
29.3027930445
29.3338805209
29.3400025668
29.3452192314
29.4765278551
29.4946612263
29.5027687983
29.5266778392
29.532815562
29.5897754882
29.6019550427
29.6149632207
29.6359447428
29.6632906277
29.8548452105
29.8680491807
29.881460401
29.89262364
29.9132857597
30.0068841307
30.0224955921
30.0251603163
30.0298779484
30.0334230472
30.0419305981
30.0454859866
30.0501321398
30.2131942016
30.2318951984
30.2446237594
30.2550081251
30.2603062999
30.2630892758
30.2740281394
30.3036318674
30.3089335353
30.316716939
30.3299350261
30.3460561456
30.3823615027
30.3841826079
30.4077746605
30.4175222518
30.4231049564
30.4459906518
30.4701256614
30.4861102939
30.5012304889
30.5117315068
30.5313169699
30.5411904569
30.5507089688
30.5697853514
30.5811042986
30.5968666644
30.6112428129
30.6480534941
30.6570367228
30.7029592395
30.7330007507
30.7686201177
30.7971307268
30.8343102718
30.8468833172
30.8523666357
31.2017377615
31.2124575269
31.2237446082
31.2262452606
31.2282862383
31.2380270785
31.2406670991
31.2541007561
31.2644333937
31.2720244724
32.2383817207
32.2504583948
32.2606431747
32.291254987
32.3334197383
32.3672305637
32.4064471666
32.4209203284
32.4234223739
32.4352877244
32.4467347533
32.4554611746
32.4560458397
32.4629364179
32.468550216
32.4798646355
32.480441386
32.4916010474
32.5036229855
32.5174368086
32.5231129912
32.5390075308
32.5457227393
32.5519617954
32.5558049011
32.5611303104
32.5704259719
32.5782582453
32.6281174393
32.6380284226
32.6430581637
32.6536318249
32.6627515412
32.6718316694
32.692861667
32.697026258
32.7021103751
32.7068947042
32.7093288921
32.7216661818
32.7466594249
32.7520249712
32.7603379164
32.7702434188
32.7781055043
32.7949738662
32.8044228081
32.8229160014
32.838859075
32.8475818442
32.8638215763
32.8845213927
32.8933834941
32.8983170729
32.909924276
32.9203596106
32.9297602555
32.9609446261
32.9819878288
32.992714263
33.1309760635
33.1448183977
33.1926528362
33.2341969316
33.6104270921
33.6148625689
33.6164153664
33.6192301138
33.6503000407
33.6615380626
33.665472417
33.6764903045
33.6798778643
33.6906695058
33.7082056085
33.7124414471
33.7158502036
33.7307327994
33.7432089167
33.7766653706
33.7810520735
33.7838174537
33.7945606031
33.8018925255
33.8200824188
33.8322228034
33.8409458386
33.8530394424
33.8707879947
33.8813388899
33.8867265031
33.9012943494
33.9149639296
33.924838353
33.9321510613
33.9462771463
33.9517159355
33.9676389592
33.9835656973
33.9916179511
34.0040151585
34.1202724231
34.1475358881
34.1579396023
34.159570672
34.2028374046
34.2057693551
34.2076278403
34.2252398356
34.8116200258
35.0429454376
35.0575893533
35.0858322652
35.0968961001
35.1223001327
35.1248431946
35.133261201
35.1528031913
35.1701541412
35.1965456943
35.2003252748
35.2033288281
35.2089353102
35.2148271436
35.2428851487
35.2730443497
35.2891364421
35.3087999486
35.3266516384
35.3462605789
35.3587064892
35.4111466889
35.4289071772
35.442371826
35.4775934083
35.4999195986
35.5438965429
35.5533945921
35.6171334395
35.6292913034
35.6500990867
35.6735433058
35.682016162
35.7508386208
35.8027202004
35.8949852064
35.8982625808
35.9234874033
35.9406549127
35.9528495042
35.9695415605
36.007254359
36.0265837606
36.0388168501
36.0492180003
36.0644680158
36.0674264445
36.0707390723
36.0813794389
36.0865151587
36.0932835929
36.1071052633
36.1146900063
36.1275296956
36.1309178677
36.1465076626
36.1491167181
36.1862939242
36.2151783457
36.2217224941
36.2313996826
36.2428386674
36.2484090426
36.2559773107
36.2583202632
36.2845836988
36.286270123
36.3042491911
36.3238975188
36.3302318622
36.3599162045
36.3703011255
36.3844723727
36.4044770728
36.4146991902
36.4190281346
36.4218900663
36.4350264189
36.4577207564
36.4675950884
36.4921779547
36.4931696324
36.513428676
36.5147631333
36.5247571884
36.5310163564
36.538973342
36.6279466066
36.6469226556
36.6529399936
36.7309250414
36.797685828
36.8123455663
36.873132857
36.9000611526
36.9296632402
36.9532100283
36.9637735769
37.0438760308
37.0780371938
37.0970967441
37.1225594011
37.1432481146
37.1937642175
37.1983753851
37.2121304669
37.220833375
37.2215716193
37.2521859535
37.2685764496
37.2751061841
37.3535848307
37.3571331439
37.3636471828
37.3711997329
37.3762646553
37.3860852879
37.3978692027
37.4033107854
37.4075883018
37.4113640957
37.4272276635
37.4350900162
37.5443929187
37.5499224456
37.5551537793
37.562516505
37.5633983343
37.5705426581
37.5892175418
37.6181386701
37.6368352037
37.6482740944
37.6509300933
37.6714595026
37.6876619282
37.7274817425
37.7434454849
37.762130982
37.774313911
37.8109529919
37.8233240646
37.8862576819
37.8930969957
37.9099891254
37.9248870715
37.9353437649
37.9452975982
37.9784234492
38.0071908732
38.0292374965
38.1117347183
38.1855476714
38.2137865326
38.2294686836
38.2489399525
38.2798215634
38.2981279544
38.3241596007
38.3600799169
38.3708955146
38.4020121117
38.4263479261
38.4323983838
38.4330144235
38.4393143471
38.4457073364
38.4652559699
38.4664362946
38.4722145453
38.4846948667
38.4890374396
38.4936558589
38.504253908
38.5067750963
38.5102652234
38.5194106574
38.5366281666
38.5505387588
38.5516809352
38.5625600751
38.5635393535
38.5951992231
38.5978882325
38.5995652602
38.6253012302
38.6289356962
38.6717286624
38.6843750727
38.6935549917
38.7099495169
38.7152872254
38.7164871693
38.7305155514
38.73978507
38.7549790823
38.7648675078
38.786087695
38.8022296105
38.8116267914
38.8179278725
38.8405375808
38.8934551808
38.9139015081
38.917790627
38.9232014851
38.9396114458
38.9871063293
38.995465829
39.0380489223
39.0729619956
39.0935947762
39.12428684
39.143098077
39.1893051885
39.2045769618
39.2295297556
39.2363137538
39.244956499
39.3303296823
39.355700651
39.3862432303
39.4020284298
39.4095077821
39.4202196999
39.4503139752
39.4801785931
39.507013304
39.5240415573
39.5358408013
39.5593020387
39.5851501515
39.5934507929
39.6015131739
39.6121784032
39.6365720691
39.6451056694
39.6607854339
39.6650572422
39.666075042
39.674001713
39.6862176719
39.6884081975
39.7052877152
39.7167143708
39.7255786088
39.7268232
39.7326540938
39.7348188255
39.7481502675
39.8550204123
39.8724226482
39.8817325515
39.9021377698
39.9168366725
39.97792857
39.9851574216
40.0022974801
40.0161722454
40.0273740721
40.0289786425
40.042771763
40.0571527694
40.075475902
40.0889123999
40.101182134
40.122973903
40.1425115931
40.1517674451
40.1530672925
40.1651345962
40.179588496
40.1896799091
40.1932249017
40.2003272707
40.2234161153
40.2320769067
40.241231343
40.2560624782
40.2820097214
40.2849531002
40.3133714247
40.3647615319
40.3746653083
40.3793559936
40.3930623489
40.432868739
40.4352543026
40.4396592786
40.4667330996
40.4915574194
40.506549718
40.5505241183
40.5585100819
40.6159795223
40.7096103944
40.7114716464
40.7137131548
40.7472268483
40.7846964379
40.8068120534
40.8320800373
40.8382269663
40.8498403023
40.8536003373
40.8543355319
40.8571507539
40.8669298776
40.9051214431
40.9302419715
40.9437919602
40.9569989878
40.9662632257
40.98283405
40.9894759113
40.9976613573
41.0045956652
41.0114820185
41.0150650128
41.0185014706
41.0269893851
41.0331549407
41.0455926937
41.0528556844
41.2270617128
41.2404347859
41.2749221579
41.2814473276
41.2835620175
41.4027296156
41.4105926529
41.4290713407
41.4608181153
41.4689175454
41.4945240772
41.5006201463
41.5067131234
41.5081642695
41.5106008337
41.5167106527
41.527088862
41.6509995218
42.0017206095
42.0089722724
42.0143184475
42.0217752217
42.0292834132
42.0302781618
42.0491422646
42.0522779334
42.0576247315
42.067821439
42.0968232014
42.1959140869
42.2047964395
42.2156096903
42.2232419737
42.2464575381
42.2841115905
42.2890995368
42.293491251
42.3038746294
42.306027296
42.3279053667
42.3385893424
42.3450382072
42.3635833425
42.3863866957
42.4139830587
43.205634374
43.2108238487
43.2128481039
43.2199505816
43.2317562577
43.2362879821
43.243724607
43.2480709561
43.2538138992
43.2645345833
43.2687589896
43.4382116123
43.4516985426
43.465690222
43.4811803093
43.4844793183
43.5048827199
43.5085351604
43.5479632022
43.5569957639
43.5700337734
43.5798775366
43.5901545759
43.6038608934
43.6292636813
43.6739998326
43.6756693873
43.6827966887
43.6919538021
43.693645327
43.7153507607
43.7200265822
43.720992162
43.7612105329
43.7785128213
43.7998815046
43.8245273951
43.828285089
43.8367497625
43.8461132769
43.8638308954
43.8686515765
43.8809692028
43.8964989056
43.9088661272
43.9489322735
43.99567399
44.0092954746
44.0343751474
44.090430844
44.1117234237
44.1200305852
44.1410942774
44.166359865
44.2341543648
44.4107284241
44.4157777272
44.4304118608
44.4336138099
44.4425047152
44.450380732
44.4573007209
44.4618671802
44.464936905
44.4698555312
44.4780147321
44.4812882181
44.4859346652
44.4934837425
44.5002680803
44.5560689346
44.5607244803
44.5704588062
44.5775182895
44.5787810085
44.5844113939
44.5959393837
44.6002604874
44.6125993794
44.634641032
44.6481596805
44.6668667428
44.6745465147
44.6906195773
44.6971212984
44.6995779123
44.7061855022
44.715266645
44.7276645617
44.7292753713
44.7454835659
44.7666124709
44.8172349232
44.8553709416
44.868872164
44.8702706492
44.8730717938
44.883076731
44.9240557636
44.9351291708
44.9428666494
44.9496535266
44.9648394062
44.9988108465
45.0094965524
45.0169944609
45.0233540532
45.044492672
45.1387328864
45.1885172608
45.2044349743
45.2693500721
45.2997067357
45.3206945495
45.3523113545
45.3604789937
45.3988104617
45.4074528327
45.4173300703
45.4716851299
45.6110081303
45.61226527
45.616568517
45.6199895969
45.6306157611
45.6374544719
45.6842267853
45.6867570726
45.6921188463
45.6933314269
45.7302374172
45.7354609652
45.7476324899
45.748351168
45.7568965988
45.7584268904
45.7676941577
45.7770124851
45.7869240829
45.7952393614
45.801874571
45.8127167637
45.8243564571
45.8272298491
45.8383019266
45.850897426
45.8585413772
45.8665850364
45.8760973594
45.8851738642
45.8907636689
45.8944808838
45.9008407713
45.9053131831
45.9063076647
45.9103266039
45.9302143067
45.9736581042
45.9862766054
46.0352150764
46.0499857732
46.0675804266
46.0858921162
46.0898570042
46.0951748776
46.1179265364
46.1291741483
46.1486123811
46.1576665808
46.1834952348
46.1884421989
46.2508490494
46.525657482
46.5409715347
46.542868613
46.5674618241
46.6153100314
46.627675015
46.6469584613
46.6533765671
46.6804967925
46.6852874031
46.8029201261
46.8057073752
46.8239837253
46.8247101135
46.8297620508
46.8327137298
46.8359123118
46.8448779555
46.8500125309
46.8512793317
46.8589405141
46.8676194936
46.8894658656
46.8931623548
46.8975171408
46.9143641396
46.9259741452
46.9305382271
46.9495910758
46.9612629434
46.9715763939
46.9755124252
46.9779564937
46.9834220846
46.9883365711
47.0002284007
47.0073439827
47.0127744874
47.0204590182
47.0241191818
47.03763346
47.0477090823
47.4361158803
47.4592836674
47.4722520842
47.4831754421
47.5086064008
47.5359288672
47.5458937936
47.5914304096
47.6389433157
47.659871579
47.6910999755
47.7071404778
47.7283037456
47.7487814345
47.8160253181
47.8316304131
47.8679925915
47.8785668544
47.9033472433
47.9267006814
47.9504070923
47.9697836356
48.0020374622
48.0089010411
48.0166656347
48.0211746422
48.0299267834
48.0401988761
48.0446072656
48.0472438092
48.0572000592
48.0713444838
48.0837647068
48.0907877785
48.1053352256
48.1166815015
48.1199621949
48.1289705608
48.144431755
48.1484354474
48.15303413
48.1583790075
48.1653385665
48.1695137975
48.2609306864
48.2674099984
48.2767134956
48.3415426844
48.3558488765
48.3941476247
48.4020783802
48.402916083
48.4078392736
48.4143210668
48.4426879408
48.4509991419
48.4534414323
48.4656971205
48.4948081807
48.5435172777
48.5552565715
48.5692216844
48.5936837048
48.6157706808
48.6252683409
48.6265910018
48.6405057542
48.6436185943
48.654093099
48.6767711156
48.6845701153
48.7152428426
48.7347034197
48.756398962
48.7932234933
48.8275838
48.8381312263
48.8417789178
48.8551369125
48.8609202015
48.8910998762
48.9042979796
48.9410516876
49.0198730362
49.0411247885
49.0638076777
49.1097113088
49.1280526655
49.1323432408
49.1577341771
49.2013836408
49.2033449107
49.2127551955
49.2290063712
49.293237177
49.2974030231
49.3016613765
49.3272011559
49.3278079229
49.3377750866
49.3551798213
49.3573690773
49.3587264961
49.3877927
49.3976006513
49.4059732416
49.4163743949
49.426511895
49.4290230929
49.4360800993
49.4426513984
49.4469047167
49.4730714521
49.4761392073
49.4782476528
49.4945420697
49.5056921075
49.5127913607
49.5286750393
49.5437917041
49.5538203398
49.5602471464
49.5781480684
49.5868490639
49.613932788
49.6260764755
49.6411474507
49.6659857964
49.6819639094
49.6942779993
49.721174426
49.7397580623
49.7835996508
49.7861159885
49.8023404309
49.8479754724
49.8961260112
50.0234788318
50.0274005826
50.0347270544
50.0500660186
50.0604951493
50.1320610732
50.1739815951
50.2533346222
50.3224254391
50.3344318339
50.3467452344
50.3700717117
50.4278883432
50.4349393676
50.441825153
50.4452298913
50.4494267384
50.4515939014
50.4546683459
50.4666217346
50.4717960349
50.4747824152
50.4794008806
50.4862228793
50.4911194428
50.5022913673
50.5054178729
50.5205980931
50.5371000781
50.5512485867
50.708165586
50.7304772411
50.7351735286
50.744204148
50.7473444469
50.7524243084
50.8216076904
50.8484975347
50.8590536226
50.9061083629
50.9082151332
50.914900476
50.9250944953
50.9605587384
50.9822907578
50.9985438805
51.0133904733
51.0269848128
51.0489452311
51.0527505228
51.0758088311
51.0976609097
51.099214883
51.107055152
51.1198085299
51.1441558923
51.1622487171
51.1860662629
51.1941444803
51.2246177375
51.2313330788
51.2614016354
51.2658841879
51.2856801744
51.3554098681
51.3617017063
51.3739844489
51.4000927044
51.4164229383
51.4215081702
51.4754376167
51.5010018542
51.5095695232
51.5367613542
51.5612860893
51.5851692067
51.5962647954
51.6496048834
51.6563862881
51.672538477
51.6758200793
51.6808018889
51.6936689339
51.6994684296
51.7360241312
51.7382332554
51.7477574584
51.7545703689
51.7644259918
51.7728280159
51.8115064502
51.8190900199
51.8307222517
51.8344897607
51.8584174774
51.8661648139
51.8822155604
51.894064161
51.9030690195
51.9125365729
51.9215686308
51.9301386363
51.9549787605
51.9598156445
51.9625966797
51.9797021472
51.988357798
52.0035209873
52.0295972833
52.0504765288
52.0727270926
52.0969576935
52.0983985903
52.1330888393
52.1599987958
52.169432822
52.1780990281
52.1793487391
52.1936208238
52.217519659
52.2416593739
52.5546874035
52.5639227963
52.5815230378
52.6281367169
52.6432925481
52.6759009552
52.6870890275
52.7092731313
52.7596990053
52.777080744
52.8014292627
52.8059877836
52.8182971456
52.8213428645
52.8261992928
52.8329874518
52.8476476555
52.8483560698
52.8706645496
52.9050713006
52.9289643503
52.9411707291
52.9564439785
52.9596583105
52.9637585797
52.968706636
52.9734786376
52.9861891618
52.9892771916
52.9944431346
53.0012888791
53.0339426964
53.0471227107
53.0541978932
53.0595890606
53.060382094
53.0729290532
53.0797852622
53.0907009998
53.0957466078
53.1053462872
53.1142809905
53.1252686036
53.1355315621
53.1454127555
53.1559948715
53.1815670701
53.1983196912
53.2084467343
53.2313176128
53.2584797333
53.2628034598
53.3482753376
53.3506226812
53.3724179285
53.4019439987
53.4108156647
53.4287557602
53.4395762939
53.4825607927
53.4966173003
53.5153297987
53.5380083232
53.5434815494
53.5780119178
53.5822684109
53.5842571622
53.5986580043
53.6078330473
53.6159776599
53.6235894559
53.6586918391
53.6799753261
53.6922016264
53.7248024988
53.7803427417
53.8005597039
53.8139505289
53.8457647342
53.8923578522
2121
