6.01158808615
6.01595005681
6.01655813012
6.02140700947
6.03107851589
6.03607882417
6.03702528173
6.04109249099
6.04511199163
6.04920084346
6.07680661432
6.08900384546
6.0957014315
6.11162602494
6.11784886824
6.12673843489
6.12807294815
6.13525952086
6.14027258033
6.14998320298
6.15736869033
6.17322381275
6.21138932511
6.22969334416
6.24453277623
6.27562268972
6.27748604499
6.28687760308
6.30495957234
6.30756434468
6.31708978548
6.32651816161
6.33133403204
6.33428701675
6.39336985836
6.41508679065
6.41888811968
6.4235599122
6.43962187465
6.45942234748
6.4778000833
6.4864913624
6.50814129685
6.51722483171
6.52347586707
6.54189412228
6.55048120721
6.55277678929
6.56782487021
6.61064080514
6.62452762661
6.62583699825
6.6403433806
6.670822325
6.68771909694
6.72232795897
6.73876283068
6.74784656949
6.76528629687
6.79697340776
6.79814760518
6.80305448694
6.82054020531
6.85081032193
6.93278163443
6.98779952901
7.09307145198
7.21000824345
7.21505643585
7.21932920404
7.22954847752
7.23388552857
7.29164850668
7.30506536803
7.33532157898
7.36211934085
7.36862177316
7.37179944172
7.38169823757
7.38598149892
7.49866137751
7.52202929383
7.53729276991
7.54631532542
7.54843644577
7.55511838551
7.5620583944
7.57201026332
7.59857280726
8.43659476042
8.44007417342
8.44956272142
8.4567878625
8.4633125299
8.47727833718
8.48252050601
8.48561413675
8.52834585744
8.64079442156
8.67061755542
8.6769463743
8.69293470032
8.70784114625
8.7370410145
8.74420875566
8.77684308524
8.82280113794
8.84771377458
8.86374414355
8.88172415304
8.8955097146
8.90633374997
8.90731404512
8.91495221683
8.92032752565
8.92844387893
8.93476993411
8.94220080878
8.96670058412
8.99936036396
9.00070883363
9.01375844514
9.02738229492
9.04904340552
9.08392928508
9.09468636643
9.10753197089
9.14050617389
9.15592033744
9.16911587331
9.18837063444
9.19471517814
9.22542181566
9.23450920151
9.25423975289
9.26715779723
9.2945221397
9.30196563198
9.3398364326
9.353828442
9.37247586224
9.38860648677
9.3972282627
9.4124065372
9.42612852065
9.56386607747
9.60842526222
9.61463007908
9.72072579606
9.72981381887
9.73471815441
9.74169465991
9.74759649637
9.76487200306
9.76673368121
9.78038452601
9.79156778462
9.80396579241
9.81735553272
9.82400547936
9.83224524369
9.8405434307
9.8488386135
9.85595474339
9.86420263274
9.86572253767
9.87425164832
9.87882183784
9.90064370072
9.91405401327
9.92588194673
9.9586483544
10.0825714693
10.1167389661
10.2403916174
10.2571633901
10.2655395057
10.2848472738
10.2930635802
10.2954709406
10.2975744934
10.3216962598
10.3297931662
10.3402333243
10.3515402713
10.3749837662
10.4179442584
10.4456951551
10.4556955769
10.4732979755
10.4905083334
10.5156870317
10.5282916523
10.5335113504
10.5556938493
10.595252893
10.6010624174
10.6217303423
10.6438033469
10.7212488874
10.7425699786
10.7677100818
10.7782526261
10.8058813972
10.8132041194
10.8215931012
10.828341691
10.8382409597
10.8410590648
10.8487423874
10.8492339427
10.8562096713
10.8651492229
10.8746940817
10.8781254172
10.8888828124
10.8981568745
10.9003113548
10.9048758488
10.9091536192
10.9228982338
10.9286856834
10.9419722432
10.9437633971
10.9534360951
10.9548172808
10.9639489847
10.968745313
10.996618929
11.018954426
11.0421779063
11.0548572719
11.0699089913
11.0743917213
11.0840306294
11.1013286287
11.1097972017
11.1183245966
11.1319361627
11.1545081731
11.1660773603
11.1821932472
11.2080905412
11.2264185735
11.2518785054
11.2567906232
11.2783395371
11.2969443804
11.2981842593
11.3072039026
11.3110691961
11.315908143
11.3270223517
11.3422528711
11.3677177475
11.3836196108
11.4216033172
11.4335523332
11.4641241146
11.4726280274
11.504516759
11.5141247872
11.5389547669
11.5610541501
11.5747737443
11.6016586692
11.638366556
11.6467765869
11.65963468
11.68245202
11.7044844056
11.7718290626
11.7816999322
11.7967641465
11.9418513584
11.9916850751
12.0048133985
12.0083266499
12.0126635538
12.0172694685
12.0716869407
12.0828497564
12.0854503174
12.0898644857
12.0911595256
12.0967808999
12.1028445193
12.10921439
12.1136323087
12.1228234639
12.1375800549
12.1512795416
12.1609497941
12.167150343
12.1755649524
12.1813988493
12.1889281526
12.2082041685
12.2116541983
12.2266040311
12.2272953052
12.2429325537
12.2444483702
12.2547967312
12.2629368227
12.2657498328
12.2794912169
12.2807512042
12.2885433109
12.7133737829
12.7325174798
12.7791302843
12.7962867977
12.8327965692
12.8546182338
12.8756101399
12.9022580349
12.9656861028
12.9897664475
12.9979572126
13.2045822434
13.2133920697
13.2233298056
13.2289402434
13.2389440676
13.2562901866
13.263024504
13.2738001014
13.276640835
13.2820546065
13.2889115163
13.3088779943
13.3112227345
13.3119714162
13.3913864933
13.3978504637
13.4048602373
13.4156537962
13.4487766516
13.4557910873
13.4587746855
13.4597970658
13.4648338476
13.4757911994
13.4850431991
13.4914892406
13.503252546
13.5192901626
13.529527602
13.5630000797
13.5709954543
13.5876636269
13.5891125353
13.6099930695
13.6359502263
13.647545365
13.6619207234
13.6764558431
13.6839328357
13.6930035092
13.7107454395
13.7252048673
13.7600694958
13.7767805992
14.0434515902
14.1267541044
14.1345215445
14.1619833404
14.1975870926
14.209931268
14.2513666866
14.2820896679
14.3046292657
14.3474653091
14.4534192717
14.4568635429
14.4669423112
14.4763846005
14.4882325118
14.4988056899
14.5160617539
14.5224282613
14.5317764791
14.5326676534
14.5439178973
14.5538135972
14.5620221315
14.5709490365
14.5717427529
14.5832041205
14.6098129899
14.631534892
14.6487543554
14.6550242131
14.6661391101
14.7016740722
14.7155505162
14.7222003966
14.732442866
14.7399726174
14.7829442088
14.7916662651
14.8148433997
14.8312088126
14.8431379549
14.8529362354
14.8757468148
14.8959184074
14.926501877
14.9351701947
14.9396494491
14.9544021089
14.9642856846
14.9850580886
14.99425848
15.1540283865
15.1609022533
15.1823240307
15.6143085913
15.6184210883
15.6258760651
15.6408048416
15.6489669752
15.6499714968
15.658555568
15.6767291473
15.6808211251
15.6922382867
15.7049372188
15.7120734121
15.7196370419
15.7248183527
15.7421640255
15.761077852
15.7643274704
15.7757507843
15.7837846863
15.7943252293
15.8053945655
15.8115479577
15.8143418329
15.8179625871
15.8306242021
15.8377770714
15.8408067996
15.8579661292
15.8648283214
15.8729421012
15.8777054405
15.8875177122
15.8917978469
15.933543173
15.947067945
15.9583667594
15.959630488
15.964610437
16.0151840586
16.0249747867
16.026126264
16.0363960836
16.0489514581
16.0563326561
16.0579807158
16.0732942189
16.0902738979
16.1090462932
16.1202161886
16.135588445
16.1537991458
16.5173050749
16.5441415474
16.5589906943
16.5806939266
16.5895107625
16.6054184361
16.6265994149
16.6437954414
16.674644899
16.6776997583
16.7005939605
16.727758733
16.7303063752
16.7585880185
16.7863308204
16.8163390837
16.8277519586
16.8499070903
16.8542766433
16.8737136766
16.883750576
16.8874526989
16.89513573
16.9029823962
16.9150629779
16.916750109
16.9254314647
16.9347924639
16.9595513766
16.9754640309
16.9823877372
16.9918607998
17.0112444659
17.0413721836
17.0484379772
17.0701829259
17.0761937367
17.0833455482
17.0983238091
17.1142663628
17.1234079267
17.1266228036
17.133263634
17.1362509306
17.148448906
17.1667845894
17.1685787692
17.1692664302
17.181467553
17.1957462164
17.2012861034
17.2144782671
17.2563804351
17.3037008817
17.3141389458
17.327225745
17.3369229692
17.3456767265
17.3472623878
17.3527407055
17.3687724362
17.5360662135
17.5435763468
17.599850444
17.6072262606
17.627131602
17.6340307816
17.6635654446
17.8031553573
17.8550405253
17.8847985667
17.8986355914
17.9233703598
17.932982534
17.9691481093
17.9997591289
18.0113789899
18.0142526989
18.0151676347
18.018717298
18.0237607969
18.0296573409
18.0345101002
18.0365911102
18.0539655088
18.0605090495
18.0644776756
18.0656735981
18.0705052556
18.0741249569
18.0786072938
18.0868250774
18.0876313771
18.0979924663
18.1036181186
18.116417046
18.1596007375
18.1737034005
18.1816295268
18.1884965329
18.1941391049
18.2117454524
18.2210847553
18.2303533073
18.3130180858
18.3239541871
18.3313417021
18.3510188033
18.3546636594
18.3634338683
18.445705499
18.4565207355
18.4661399979
18.4835181179
18.4966988713
18.5128663992
18.5467384241
18.5552465127
18.5748368084
18.5872664003
18.5885498157
18.6143992475
18.6260407043
18.6517046121
18.6689085212
18.6832714771
18.7197095286
18.8024642882
18.8282424831
18.8318298742
18.8470305637
18.8776573972
18.9078033133
18.9417222314
18.9654317662
18.9815940036
20.4066549545
20.4199656254
20.4270114301
20.4332355712
20.4522137725
20.4574552367
20.4727560528
20.5378444401
20.5426295242
20.558683151
20.6161405792
20.6321045552
20.6637108979
20.6648654303
20.6763821238
20.6850698181
20.693479876
20.7040908353
20.710613145
20.7293594088
20.7364318835
20.7613986851
20.7689309146
20.7828776781
20.7902023362
20.7936219949
20.8077566077
20.8623297725
20.8851150085
20.8896798745
20.9039929735
20.9123047568
20.9435327117
20.9532007757
20.9574931959
20.9779231463
20.9944075127
21.0099319213
21.0201711693
21.0316316656
21.0578457173
21.096475884
21.1045758207
21.1196900527
21.1436988072
21.1562234651
21.1782654023
21.1994519995
21.2238569122
21.240880423
21.2630125941
21.2698126755
21.2736348808
21.3145733465
21.325053687
21.3281352142
21.3329834872
21.3617786701
21.4250075093
21.4271144975
21.4393117952
21.4599090408
21.4744619314
21.4862956895
21.4941367964
21.510906221
21.5509189027
21.5589780927
21.5701001459
21.6064470015
21.6161772896
21.6290050792
21.6307727036
21.6406751311
21.6470746882
21.7098952547
21.7105013101
21.9454600739
21.9562069518
21.9743655886
21.9987710446
22.0003830527
22.0104067438
22.0558397068
22.2016852498
22.2083267501
22.214387111
22.2332438959
22.2538008895
22.2615139432
22.269808409
22.2758618482
22.2845585416
22.3021639515
22.3254996433
22.327768397
22.3349352388
22.3445994791
22.5531268642
22.5561311076
22.5777571346
22.599211099
22.6016837512
22.634051267
22.6625258309
22.6775256243
22.686740318
22.7147389479
22.7475206785
22.7744814097
22.7930436324
22.8039079545
22.8145488299
22.8163760551
22.8567564113
22.8620738234
22.8844418933
22.8934654454
22.8951313721
22.9101888187
22.9110413988
22.9221143616
22.9261143679
22.9302883161
22.9395951261
22.9429104803
22.9455877548
22.9583969336
22.9655747282
22.9721038281
22.9769124319
22.9818321307
23.0301624535
23.035675425
23.0521676121
23.0590973357
23.0599711327
23.0673858275
23.0897259139
23.0974015406
23.1396952433
23.1472297012
23.1484866643
23.1619656032
23.1796593435
23.1976365043
23.2142470787
23.2220649799
23.2318982558
23.2452886717
23.2538085852
23.262776635
23.2702588126
23.2945372225
23.3011567557
23.3218069941
23.359092089
23.367331802
23.4053094783
23.4206973003
23.4313472893
23.4552135002
23.46754256
23.4775466471
23.4896174609
23.5046772486
23.5279860155
23.5481405136
23.5589878343
23.5943095
23.6051576918
23.6134035755
23.6313551682
23.6413123992
23.6475159018
23.6535990122
23.7144205971
23.7172406482
23.7337574909
23.7770371788
23.8248549784
23.860995105
23.8777225312
23.8864266624
23.9236659562
23.9256839622
23.9382054362
23.9829103635
23.9860513655
24.0057677715
24.0156505145
24.0215106921
24.0317708772
24.0416182011
24.0448791114
24.0488267106
24.0596952824
24.0654375043
24.0699585961
24.0821423404
24.0940196072
24.1034738889
24.104451935
24.1161133473
24.1196807932
24.1247698022
24.12999151
24.1331346639
24.1439712189
24.1567475482
24.1574485621
24.160930799
24.1679880361
24.1813204115
24.1906775775
24.1987249956
24.2050333653
24.2102137783
24.2171385746
24.234004764
24.2608623349
24.2618013576
24.262612261
24.264220438
24.265594301
24.2908387663
24.3055301177
24.3088760584
24.3096545038
24.3526217565
24.3692240764
24.3822335417
24.4004353612
24.4145436273
24.4187694179
24.4995649764
24.5077450411
24.5366567068
24.5551277229
24.604806546
24.6689827972
24.6734431164
24.7628076905
24.7794991
24.7821303092
24.7968365472
24.8064300312
24.8572266037
24.8609990616
24.891444999
24.9061064617
24.9317429317
24.9336176537
24.9525272278
24.9782181703
25.0159145627
25.0251461488
25.0327694377
25.034967192
25.0606728752
25.08012107
25.0956406868
25.1091335438
25.1199286704
25.1336357662
25.1597283249
25.1706824579
25.2055935127
25.2099880985
25.2162121348
25.2232528536
25.2239346154
25.2424428136
25.2459546237
25.247014313
25.2490600067
25.2699537289
25.2800368143
25.2935869171
25.297113173
25.3010086775
25.3068151916
25.3147466395
25.3433728529
25.3676138063
25.3891024201
25.3981757016
25.4115776712
25.4194444655
25.4262307416
25.4283420588
25.4445317719
25.454149621
25.9557400568
25.974865049
26.0096099234
26.0257268997
26.0429915135
26.0619211111
26.069976209
26.1527114741
26.2623537228
26.284078862
26.3017442894
26.3334170743
26.4012930297
26.405159879
26.4071264726
26.4136048937
26.4263037789
26.4361507658
26.4434585367
26.4501729336
26.4570501009
26.4579625231
26.460126677
26.4641105556
26.4659856777
26.4698798414
26.4715679851
26.4747933378
26.4813084937
26.4957212723
26.5037376024
26.5250730136
26.6865025705
26.7005257945
26.7216519899
26.7364696066
26.7383065645
26.7772431503
26.782715778
26.7952974871
26.7995039382
26.8239105584
26.8341622188
26.8526765177
26.8536555766
26.8780538365
26.8832096137
26.88878185
27.0274611716
27.0473814403
27.0702719817
27.0742378197
27.1011004359
27.1318876985
27.1339537516
27.1477394762
27.1559058201
27.2080632478
27.2108687994
27.232465363
27.2485291821
27.3032978113
27.6161308777
27.6518525948
27.6571242435
27.6606115593
27.6674179588
27.6730109598
27.6799637508
27.6925195139
27.6954224652
27.703833459
27.7146625276
27.7193536151
27.7255192008
27.7502644898
27.7569065436
27.7656109824
27.7923327147
27.8014809727
27.8059312532
27.8286076386
27.8440526536
27.8736738276
27.8836096701
27.9185293372
28.037041845
28.0461702625
28.0566640567
28.0816623568
28.0941390388
28.1291259984
28.1391138708
28.1672882266
28.2094055836
28.2109301248
28.2213118906
28.2412541693
28.2632889853
28.2684595486
28.2935232524
28.2958998201
28.2990372549
28.3131606923
28.3551518299
28.3757985124
28.3919600667
28.4327632047
28.4583819702
28.4706653649
28.5043662813
28.5242845787
28.5598725948
28.5629097685
28.58533351
28.6220933635
28.6395956523
28.6603595448
28.6676357488
28.6949314521
28.7082193185
28.7429419508
28.7484294067
28.7790978456
28.8121100116
28.814919617
28.817749037
28.819112952
28.8235379321
28.8305177819
28.8357846434
28.8440844458
28.8471634927
28.8508161149
28.8546651365
28.8633992555
28.8734884459
28.8781752933
28.8788348358
28.8837470843
28.895165532
28.8992482883
28.9039316748
28.9304857914
28.9326620088
28.935621362
28.9387966474
28.9400653827
28.9528474796
28.96812803
28.9810550351
28.9953956569
29.0070830345
29.0178018695
29.0437523258
29.0518642006
29.0556155386
29.0670246944
29.1108800694
29.1122673149
29.1218098957
29.1274161638
29.1438367316
29.1510438119
29.1694507923
29.1791440969
29.1861667602
29.1958268721
29.2053664248
29.216053899
29.2356704665
29.2535709987
29.2644569228
29.2772101599
29.2963377007
29.3026690779
29.3751505264
29.3932187348
29.3952480571
29.4154017172
29.4410075156
29.4697498733
29.4807218132
29.4891964316
29.5328813128
29.5471415484
29.5494122593
29.5580392075
29.5701180877
29.5946859823
29.6030512582
29.6153006247
29.6170703248
29.6319374543
29.651962086
29.6538588507
29.6617778524
29.7294937234
29.811991748
29.8430889053
29.8538482991
29.8889093416
29.8919746098
29.9015259016
29.9585560315
30.005860483
30.0079028351
30.0182908191
30.021382796
30.0266402951
30.0950596936
30.1011964543
30.1092135343
30.111588262
30.2172223283
30.2350904061
30.2425963325
30.2437115637
30.2502529927
30.267220538
30.2797175744
30.2955017424
30.3029512973
30.307629334
30.3178818375
30.338562602
30.339811549
30.3455681669
30.3554783007
30.365058793
30.3835751066
30.4248076905
30.4389922508
30.4482028512
30.4565733986
30.4731725839
30.4802855245
30.48146034
30.4868610127
30.4950322417
30.5102049369
30.5113376015
30.5312031477
30.5516906883
30.5578978371
30.5694802525
30.5861646454
30.5920546872
30.654956234
30.659161847
30.6709589892
30.6958773367
30.7024248392
30.7837237275
30.786574816
30.7928659896
30.8518760965
30.8965245914
30.9702188332
30.9913375825
31.0135758903
31.0457863592
31.0735451133
31.0960931082
31.2043192675
31.2060473908
31.2117631414
31.2133815812
31.2214155607
31.2222263521
31.22517031
31.330203893
31.3351693228
31.3639695741
31.3664860297
31.3721649243
31.3767181219
31.3961291975
31.4564693033
31.4671323928
31.4736602998
31.4775194029
31.5050759217
31.5357342872
31.5413062638
31.5480137877
31.5562133287
31.6259798497
31.6517197559
31.6671295046
31.6777769543
31.7074458922
31.7131579914
31.7372998328
31.7516329987
31.7602703465
31.7865369759
31.8036397081
31.8293146284
31.8493509658
31.8633986063
31.877870891
32.0178941911
32.0331418908
32.0406399969
32.0492575487
32.0579008887
32.0669236993
32.0748611237
32.0902128055
32.0952631028
32.2299411506
32.2508880459
32.2645887277
32.2747811877
32.2937563211
32.3121989346
32.3402088679
32.3696995634
32.3854881894
32.4090623501
32.4184327674
32.4195441908
32.4263915574
32.436584765
32.4570972076
32.4703050334
32.4796528519
32.4967330627
32.5069093233
32.5104648133
32.5204747298
32.6698031146
32.6809811983
32.6930439141
32.7093639261
32.7216926854
32.7276688955
32.7863932382
32.790562519
32.7950678884
32.8246779831
32.8288338963
32.8645838223
32.8658658858
32.8685736217
32.8998234921
32.9194925
32.9286510259
32.9378979937
32.9584370709
32.9680555948
32.9726460283
32.9940724324
33.0047071217
33.0126959256
33.0151665243
33.0323023303
33.0395440552
33.0637999144
33.0889233292
33.1202081024
33.1309821319
33.1533846557
33.1671297197
33.1957744648
33.2102430663
33.2300523542
33.2379669147
33.2471810859
33.2571054712
33.2774199051
33.2924990278
33.3064057431
33.3163425786
33.3177809172
33.3214946159
33.3428464325
33.3710943037
33.6055378531
33.6083826283
33.6149269661
33.6202808668
33.626068681
33.646412597
33.6511156373
33.6561345531
33.6609324059
33.6663929168
33.6685723635
33.679960938
33.7271297518
33.7281871189
33.7385281055
33.7953595809
33.8130999088
33.816466903
33.8421819537
33.8536618934
33.872032424
33.8799747985
33.8839242368
33.8922999177
33.9000377779
33.9306695234
33.9404407707
33.9467725897
33.9604158228
33.9736209007
33.983053411
34.0227277247
34.0269439504
34.0382036362
34.0490459345
34.3588381527
34.4171443474
34.4283058888
34.4576986002
34.4613616418
34.4756214657
34.5045533652
34.5184740752
34.5760180205
34.5864292406
34.6236222643
34.6277759291
34.695928972
34.7324722428
34.7523089177
34.7816751415
34.8147498797
34.8284568006
34.8323922488
34.8422395219
34.8470948293
34.8521370238
34.8603917809
34.8678789105
34.885621563
34.8928199557
34.8981579296
34.9040881635
34.9120586376
34.9255090152
34.9284899072
34.9381694331
34.9420748459
34.9699504555
34.9835117896
34.9865777253
35.0658926233
35.0719145706
35.0741574653
35.0825830754
35.0937279924
35.095349118
35.1160902839
35.1807398747
35.1845560544
35.1919936248
35.2022471199
35.2109132231
35.2147095453
35.2197693081
35.2270986242
35.2443602365
35.2748754649
35.2959109816
35.3473033331
35.3540514273
35.3876360779
35.406951643
35.4223262898
35.4386785834
35.588904607
35.6046120145
35.6791822732
35.699841754
35.7370726346
35.7756702684
35.7842673934
35.7959240405
35.821631096
35.8593274442
35.8702859961
35.9590772433
35.9644771319
35.9877697154
35.9988253565
36.0042369737
36.0127045693
36.022024939
36.0309855156
36.0395939808
36.0489359824
36.0501091673
36.0564580204
36.0726557738
36.1309734447
36.1433928246
36.1492376143
36.1813124421
36.1837658715
36.2001170327
36.2129647681
36.2375787593
36.2409182272
36.363700584
36.3899403921
36.3981074508
36.4156277659
36.4177565763
36.4339305725
36.4545722432
36.4631022152
36.4766062735
36.4888943152
36.4915681709
36.4972753137
36.5197841797
36.5291975568
36.5384014233
36.5485369743
36.5616394931
36.5776159168
36.597805981
36.6381813163
36.6491526616
36.6551552042
36.673717376
36.7053463952
36.7271478302
36.7362043169
36.760124365
36.7619519334
36.9269777382
37.0418957707
37.0571484927
37.0750803593
37.0775395314
37.0793506786
37.088668577
37.1272667388
37.158457893
37.1963323748
37.2161825168
37.2233775143
37.2305765989
37.2337964372
37.2391581179
37.2457701007
37.2551779822
37.2605405843
37.2842952074
37.2887892653
37.2932248653
37.3088572704
37.3703908868
37.3781394815
37.3914303905
37.4583624121
37.4624152715
37.4810357359
37.4899394071
37.5005483026
37.5152445916
37.5229266652
37.5326592037
37.5466840795
37.5495265537
37.5527347212
37.5615697043
37.6391538074
37.644395313
37.648965398
37.6551390144
37.6839653189
37.6998537299
37.7148926414
37.7160004553
37.7725166232
37.7825399944
37.8257578627
37.8389919792
37.8523924283
37.8624101683
37.8852588765
37.8972564109
37.9372347747
37.9647742814
37.9992240119
38.0486728083
38.0564391071
38.0867685255
38.2322534607
38.3111889987
38.3380347607
38.3423680067
38.3789337399
38.3958297729
38.4078483616
38.4392795137
38.4503555983
38.4588225159
38.46825645
38.4761104133
38.5215386406
38.5224085909
38.5346473805
38.5586752313
38.5630204391
38.5650769862
38.8637947761
38.8681177686
38.8694673928
38.8973089332
38.9462911043
38.9547454134
38.965316564
38.968678873
38.9782887623
38.9862987567
39.0002656688
39.014141063
39.0398702266
39.0495561631
39.0766702773
39.0845689363
39.1015376459
39.1191987835
39.1256624058
39.132490021
39.1451993401
39.261480084
39.4555781769
39.4772115859
39.4951244499
39.5157584819
39.5317152679
39.5740772294
39.5888187952
39.5935080404
39.6020302771
39.6050655044
39.6329977234
39.635841465
39.6379006608
39.6421572689
39.6469787883
39.6507246879
39.6546013441
39.6684568935
39.669466274
39.672773167
39.6772140207
39.6847420706
39.6888577807
39.689707799
39.6975806147
39.7121514341
39.7272258889
39.7326539217
39.746277835
39.766812172
39.7797806117
39.7857550105
39.7996269132
39.809665935
39.8242014771
39.8384109046
39.8500103025
39.8525522072
39.8657555032
39.9221001611
39.942817051
39.9436415274
39.9487721503
39.952480741
39.9538385
39.9656813251
40.7034035531
40.7617710725
40.8007521416
40.8101580864
40.8158086239
40.8276803321
40.8976636102
40.9064080814
40.9111177036
40.9174014241
40.9179080037
40.9438158652
42.003099112
42.0392581916
42.0539708083
42.0884149609
42.0924730265
42.1086098283
42.1128623841
42.1196761236
42.1289617852
42.1332612921
42.1505167838
42.1562101693
42.1720708338
42.178529409
42.1933543455
42.1979997216
42.2193135475
42.228357522
42.2390062084
42.2522990738
42.2534442358
42.2653871962
42.2665799365
42.2696009056
42.2778949573
42.2817297033
42.2858761126
42.3291724003
42.3426386343
42.3664681811
42.3829305371
42.3884150081
42.3947795659
42.4016309728
42.4225774766
42.4268739867
42.5258496312
42.6151380537
42.6322020472
42.6413435766
42.6626083336
42.695813263
42.712866796
42.7290296453
42.750536062
42.7684478762
42.7962921651
42.7980661641
42.8000005062
42.8599872816
42.8954410776
42.9313901268
42.9744358437
43.0035107816
43.0153578224
43.1325087297
43.1373350667
43.1549945918
43.1741501548
43.2070368601
43.2128379849
43.2181781297
43.2739629546
43.2878595083
43.2968378483
43.3010980348
43.3455946489
43.3688526348
43.3736918736
43.3750036224
43.3972821009
43.9013098737
43.9091914839
43.9254452488
43.9587749889
43.9679123641
43.9695750101
43.978878831
44.0045855713
44.0258218496
44.0732517715
44.1022743752
44.1253491679
44.1382979022
44.1444793697
44.1524878786
44.1886519023
44.1904913237
44.2509418301
44.2873682164
44.2997701802
44.3129129164
44.3418945616
44.3611751888
44.3852251683
44.4028500083
44.4199311622
44.4241450501
44.4333752505
44.4388510961
44.4777911679
44.4885263436
44.4948855608
44.5009110215
44.5050812016
45.2683887023
45.2742892079
45.2982091946
45.3223420486
45.3403450806
45.370864609
45.428790563
45.4424592403
45.4653373398
45.5034494815
45.5053525446
45.5355950772
45.5487252788
45.5648078189
45.5872462165
45.6052891203
45.6079774944
45.6151063808
45.6213146923
45.6289499677
45.6354863972
45.6435625743
45.6485785592
45.6504367286
45.6587219282
45.6596418868
45.6865580274
45.6919263481
45.6938849383
45.7008280374
45.7105688227
45.7141058338
45.7172391076
45.7197680876
45.7344116518
45.7479424061
45.7516783609
45.7555080893
45.7638198539
45.771875559
45.7914437038
45.8002359215
45.8565813648
45.8932640716
45.894005444
45.9031240752
45.9102076652
45.9212621247
45.9278482049
45.928994431
45.9309732479
45.9419336786
45.9507555899
45.9609323783
45.9678387005
45.976651398
45.9810265071
45.9912776176
46.0086060095
46.0143429662
46.1279890619
46.1395511235
46.1447770538
46.1586705691
46.1737672325
46.1907623228
46.2214628828
46.2498469751
46.3087466811
46.3193625521
46.3284314892
46.3426565162
46.3645506924
46.3791958808
46.4002964126
46.4579636103
46.5317424057
46.5880483314
46.5968645879
46.6156676577
46.6373359834
46.6554460596
46.6706367212
46.6787930415
46.6966518627
46.7324712952
46.7608791825
46.8027734314
46.8078388662
46.8142296215
46.8195999672
46.8223946983
46.8234769768
46.8239811606
46.8307673713
46.8394230229
46.8444176455
46.8491012048
46.8517689752
46.8599166954
46.8631350021
46.938996708
46.9533535965
46.9792933885
46.9865745299
47.0091464024
47.0190991814
47.0404166271
47.0537386596
47.0608652535
47.0739084414
47.0791760027
47.0840019073
47.1045044274
47.1283582497
47.1498545387
47.172703069
47.2028376536
47.2100107166
47.21682908
47.2201143631
47.2239812876
47.2296561599
47.2353746454
47.2674942923
47.2960364675
47.3004497773
47.3043763659
47.3093633125
47.3419112578
47.3933191711
47.4116123163
47.5375192989
47.5554679608
47.5750613242
47.5924753904
47.6246850749
47.6430069513
47.6699811246
47.6773655689
47.6830730649
47.7091226771
47.7146278048
47.7516958686
47.8052893772
47.8147030697
47.8220891204
47.8437866093
47.9042390251
47.9607101897
47.967360104
47.9834389823
47.999350533
48.0075700834
48.0086433913
48.0170562711
48.0211178454
48.0270421603
48.033402086
48.0439686258
48.0459408194
48.0465111855
48.0491913169
48.0527072449
48.0646620918
48.0798189223
48.090088875
48.0971513432
48.1038195155
48.1099862557
48.1213080061
48.1252091191
48.1336556769
48.1346562257
48.1441823952
48.1545497543
48.1697690298
48.2068136029
48.2083374038
48.2217855573
48.2275073807
48.3352168431
48.3360931459
48.3418459132
48.3464041426
48.3953481032
48.418885696
48.4298073696
48.4346993544
48.4354832053
48.4503623724
48.4515613384
48.4579611124
48.4746181411
48.4785787688
48.4805092696
48.4969554812
48.4991156269
48.5243906039
48.5383608905
48.5416382242
48.5445209982
48.5527773892
48.5643964516
48.6366942105
48.643591877
48.6629736221
48.6859641148
48.7134098735
48.7476764649
48.8359571052
48.9226351706
48.9309995869
48.9424459553
48.9602775494
48.9637889739
48.9738088501
49.0146632477
49.0578592859
49.0886268487
49.138658496
49.1490590169
49.1687776986
49.1888745984
49.193812046
49.2099734187
49.2181770758
49.222024019
49.229673178
49.2426122754
49.2457899024
49.380572404
49.3879699216
49.4337793772
49.4451375878
49.4543071107
49.4886043834
49.5068951332
49.5213352832
49.5321529224
49.5598391288
49.5709817356
49.5760258364
49.5833946452
49.5853014723
49.5911634609
49.6085352989
49.6308727753
49.6356243175
49.6380471361
49.6491386234
49.6772109441
49.6827477443
49.6842886304
49.6855055083
49.6907979422
49.6979168094
49.6993877972
49.7085772217
49.7261459494
49.7495938982
49.7669211133
49.8026175284
49.8366970982
49.8809619442
49.8884463472
50.0135818165
50.0440518712
50.0697499233
50.0857052711
50.1038259334
50.1408807911
50.1558803678
50.1727884168
50.2230280282
50.2551179845
50.3240838471
50.3569101507
50.3831354321
50.4006129725
50.412263705
50.420743375
50.4225191162
50.4299857644
50.4364923052
50.4764684812
50.4870666368
50.4969987828
50.5086261193
50.5093464142
50.5112487077
50.5320916667
50.5470466219
50.5524103174
50.5651817694
50.573937791
50.5795653514
50.5870738693
50.6061159352
50.6188338896
50.6230264779
50.6392499762
50.6554163744
50.6689540784
50.6886169502
50.6910997791
50.7193769189
50.72646813
50.8472859617
50.9303257933
50.9451063016
50.9469858329
50.9509987827
50.9729041528
51.0091783286
51.019797993
51.0212681973
51.0351734244
51.0373038651
51.0562691746
51.0699527259
51.0883452026
51.1170540653
51.1508566256
51.1791309819
51.1968435909
51.2155292844
51.2337420481
51.2615962163
51.2933367245
51.3162754862
51.4100186652
51.4842555343
51.4985831972
51.5234626368
51.5843863106
51.6195524499
51.6278234019
51.6310855225
51.6338658638
51.6480827782
51.6553243493
51.6570167018
51.6589582945
51.6628190874
51.6667891183
51.6752905675
51.678779914
51.7042157505
51.7071662085
51.718020743
51.7235006837
51.727908606
51.7302856073
51.7668224424
51.7719800708
51.7788359427
51.7804991399
51.7894420024
51.7986550936
51.8259327252
51.8370614322
51.8613568499
51.8760676474
51.8883286939
51.8951318075
51.9753319176
52.0227926593
52.0311356077
52.0423015929
52.0464041727
52.0487604139
52.1375470861
52.1494446084
52.159158907
52.1664072525
52.1764667623
52.203511181
52.22743678
52.2385589828
52.249764462
52.2564552359
52.2959355473
52.297390384
52.3112969114
52.3242329186
52.5271021398
52.533940598
52.5465177866
52.5814898807
52.6292790879
52.8022151435
52.8099863387
52.8120007856
52.8155539437
52.8266427209
52.8283658316
52.8368809147
52.8655256701
52.8661941411
52.8772010757
52.8961301011
52.906800484
52.910063604
52.9124761654
52.9211234906
52.930263537
52.9372917324
52.945358216
52.9532369252
52.9595584578
52.9710745274
52.9818420726
52.994585516
53.0021643209
2110
