6.0092558634
6.01118101426
6.02036743332
6.02985725703
6.03313409686
6.03364759414
6.03722969232
6.05051891682
6.05771021937
6.06068635221
6.06506471517
6.06669383323
6.06899255251
6.07621530133
6.08032305753
6.08550792258
6.08857209706
6.10327065889
6.10501843623
6.11498908209
6.12017626899
6.13107052322
6.16926275723
6.16980881422
6.17482491551
6.18004853564
6.20067720997
6.20406452771
6.21607282112
6.22617808251
6.3092175584
6.31229556152
6.35217267689
6.36853798805
6.37133286711
6.37825109162
6.40152274527
6.41752825193
6.43327015571
6.43808100817
6.44719352028
6.47193495528
6.48032181979
6.48895225285
6.49295484178
6.51195010149
6.51761746166
6.52864533207
6.53250292826
6.57564903255
6.58570414018
6.60443380747
6.63071205858
6.63685803058
6.64449109049
6.65823568133
6.68545444553
6.69572681111
6.71588253435
6.74665680688
6.75499241397
6.78333094184
6.7937852438
6.82122288226
6.82467742377
6.83379539624
6.85851395756
6.90860344842
6.92017040278
6.95855611246
6.97107291382
6.97825066139
6.98163798727
7.0098221812
7.07002924382
7.10582193115
7.12396449449
7.14329983946
7.20364927439
7.20648807662
7.21331885237
7.21503553922
7.2204538599
7.25283650401
7.25364750621
7.254413985
7.25793213108
7.26689476517
7.26898823556
7.28288626911
7.28985430156
7.31705111012
7.3255395735
7.36387391687
7.37120220512
7.38741353315
7.39226857541
7.39443081424
7.40864143345
7.41161430041
7.42278995627
7.43525021831
7.44054658841
7.45116816121
7.46674005972
7.48050438716
7.48704195637
7.495208944
7.50170043915
7.52181725192
7.54092609485
7.56825940153
7.57828568314
7.583556437
7.59560324805
7.60142505026
7.60936114466
7.62767479136
7.62965853638
7.64628952176
7.65925012377
7.67815668469
7.68187740556
7.69477948829
7.71038209867
7.7245177562
7.74807549247
7.77441021904
7.78277425035
7.80159542931
7.80275712257
7.81953522001
7.82971343014
7.85907632328
7.87367777708
7.88045854025
7.89214138639
7.91089583583
7.9242494078
7.92863916211
7.93856588072
7.96740778496
7.99295737447
8.0099662103
8.01410838537
8.0360568776
8.05808830912
8.08687043797
8.12018015411
8.13495153421
8.15737841741
8.17009624491
8.20323654889
8.26679757462
8.27123089216
8.28328858695
8.29435895185
8.3296703754
8.4018511396
8.45094736929
8.46247299845
8.47239720198
8.5033883299
8.51473635791
8.52499446341
8.53214183681
8.55887237146
8.57658735203
8.58915323248
8.6028868058
8.62892409672
8.63344282868
8.64356076958
8.65430120988
8.67973511923
8.69430830811
8.70301080931
8.72318847937
8.74024765393
8.74215594812
8.76800490164
8.78274674562
8.80307036492
8.82995243831
8.8374266208
8.84248186487
8.85005581601
8.85975456029
8.87771759516
8.90133912179
8.93350003302
8.94378978177
8.94966213138
8.95624701621
8.96370645076
8.98686989665
9.00556422429
9.02068093663
9.03770659939
9.04701847384
9.05101098089
9.07058037578
9.29912323537
9.31245957425
9.33808898665
9.36114722633
9.38625610265
9.41243025918
9.45555934516
9.46793733223
9.48777828812
9.520892657
9.53749052944
9.64415786885
9.65636077031
9.66732332664
9.67798588528
9.68877853284
9.69649208364
9.71539640316
9.71967554723
9.72757220898
9.73864753723
9.74464790045
9.74545010479
9.75401290744
9.75647433119
9.77164371369
9.7970529115
9.80538619454
9.81558976939
9.82153337714
9.83477517766
9.85081591189
9.86001162689
9.86542716221
9.86829288773
9.89134693099
9.91545583727
9.93055745283
9.95550312509
9.97153167679
9.98608330824
10.1261510591
10.1369908796
10.1382962707
10.1513401384
10.1816787711
10.1956660224
10.1967292182
10.2020237036
10.2148421816
10.2202704259
10.2269435848
10.2318502194
10.2343932061
10.2586340153
10.2674184743
10.2772086993
10.2800573741
10.2909206376
10.3107538136
10.3304612871
10.3737907589
10.3963437789
10.4190980052
10.4379803257
10.4460421476
10.4667902405
10.4878893813
10.5873979864
10.6107845687
10.6160649038
10.6193287823
10.6348918491
10.6705694477
10.679957887
10.698406543
10.7420205153
10.7475809969
10.7837073554
10.8057076546
10.8128519006
10.8240784326
10.8249949827
10.8273341054
10.8325321341
10.8374833376
10.8407881277
10.8500210586
10.8606265821
10.8703823458
10.874760658
10.8931509564
10.8969858763
11.0014792669
11.0076552903
11.0147405188
11.0402696269
11.0431266145
11.0493922386
11.0596508014
11.077274242
11.0824168604
11.0855049271
11.1195941602
11.1222252225
11.1431296957
11.1646303412
11.1840109685
11.2003131709
11.2196626097
11.2379359303
12.0105492109
12.0165148526
12.0203285788
12.0293307529
12.0374750664
12.041360298
12.0514212749
12.0632551845
12.0781940744
12.0794915738
12.0899176901
12.1011163093
12.1108541653
12.1217105508
12.1260839756
12.1267491494
12.3563710444
12.3580469266
12.3737427326
12.388029144
12.3921719791
12.3988194369
12.4004527027
12.411103877
12.4236628691
12.4275366345
12.432304995
12.4338103826
12.4555110827
12.4702851141
12.4719901434
12.4776954247
12.5099103413
12.9930138217
13.0185164729
13.0368965649
13.0653109477
13.207546296
13.2149929521
13.216957275
13.2176846062
13.2261047451
13.2277403437
13.2295875697
13.2411569748
13.2493547116
13.2576562181
13.2750587222
13.2798278246
13.2953544054
13.3109240287
13.3155843105
13.3243086681
13.3302856864
13.3376529888
13.3458103492
13.3551647273
13.3754274582
13.4005807675
13.4033431341
13.4063734081
13.4188064949
13.4343512256
13.4515945228
13.5014995708
13.5079487608
13.5103769208
13.5187693826
13.5435201309
13.5766838784
13.5804022934
13.5811231081
13.6026347485
13.6135654034
13.6308547391
13.6441735737
13.6533557789
13.6763520756
13.6947000031
13.6984877087
13.7316842456
13.7381753757
13.7999964003
13.8238254527
14.4010201177
14.4117895641
14.4259261938
14.4356471159
14.4618470212
14.4625036987
14.468627222
14.4795506429
14.4877551859
14.5204136346
14.5650137699
14.569740663
14.5800086829
14.5917117696
14.5927030508
14.5966758405
14.6015665949
14.6138066566
14.6147054185
14.6334821627
14.6430670272
14.6660556831
14.6716459566
14.6836754047
14.6915865713
14.7090655465
14.7611149255
14.7748998722
14.7798982923
14.8238342042
14.85452752
14.8723179778
14.8933299494
14.9013752148
14.9364097104
14.9470808222
14.9600747231
14.9687073671
15.1978596975
15.2272699947
15.2621080943
15.2790873674
15.2979138932
15.321599149
15.343050316
15.3684397853
15.3853482418
15.4264233604
15.446449579
15.4635080271
15.481174897
15.6097179644
15.6740684231
15.6943405782
15.6977680824
15.7103622453
15.7220263722
15.7547230543
15.7873337262
15.7961480353
15.8319618021
15.8356174281
15.9555879589
15.9651426764
15.9926402956
16.000559871
16.0224632655
16.031204522
16.0409810491
16.0609003123
16.087747978
16.110444923
16.1152741094
16.1744256907
16.1956326304
16.2012610642
16.2244906533
16.2378944343
16.2559621919
16.2712739302
16.2916774516
16.2994556768
16.3596321851
16.3680596917
16.3725908788
16.3852195199
16.4925209342
16.5166505778
16.5239466491
16.5890420107
16.6336940223
16.6771265042
16.7237084117
16.8107450054
16.8150491129
16.8180234283
16.830262299
16.8466371657
16.8544141322
16.8618999427
16.8718538511
16.8786620459
16.8845377124
16.978321968
16.9880233447
16.9971958838
17.009282022
17.0276404422
17.0292026748
17.0471696091
17.052251131
17.0543245785
17.0682302703
17.0763202173
17.2151364629
17.222296651
17.2394969934
17.2418613086
17.2592689945
17.2795284893
17.2838274958
17.3284246678
17.3341752997
17.3374219424
17.3471685487
17.3571143748
17.3621120533
17.3737705933
17.3916065945
17.3982009442
17.407176699
17.4182958001
17.5103118998
17.526668142
17.595433921
17.6206449212
17.6695716308
17.684412827
17.6902097048
17.7049722146
17.7079690196
17.7490907999
17.7836376202
17.9235216789
18.004166507
18.0205558653
18.038803354
18.0441913135
18.0452568696
18.0545665373
18.0601566978
18.0776896847
18.0939584805
18.1053567904
18.1103169252
18.1214140891
18.1408114237
18.1460583362
18.1537417785
18.1602377613
18.1836710407
18.1945234557
18.2056345786
18.210894784
18.2385132262
18.2544248445
18.2594561107
18.2724836383
18.3192459161
18.3251469531
18.3357542498
18.3368089069
18.3441849308
18.3475024607
18.3531515743
18.3699760268
18.3792430082
18.3941190401
18.4122317651
18.4145281574
18.527086959
18.5286342202
18.5298708756
18.6348622615
18.6504189593
18.6735421241
18.696306648
18.7308551205
18.7773476337
18.7819671205
18.7894688108
18.8037494567
18.8277929259
18.8437972131
19.004452041
19.0244912346
19.0357080213
19.1050274297
19.1356250283
19.201074248
19.2272246649
19.2321980616
19.2616536001
19.2690841464
19.2805336018
19.2821897278
19.2918924263
19.2958814465
19.3083626291
19.321962154
19.3281603349
19.3348031651
19.3387916646
19.3458105179
19.355962433
19.3702933942
19.3775604244
19.3835246648
19.4498653506
19.5764992709
19.5993229973
19.6318425156
19.6509402818
19.6660558263
19.7922374692
19.8172612221
19.8307641518
19.8367180452
19.8510231377
19.863288076
19.8715510319
19.8760413012
19.8856687943
19.8897106863
19.9154987508
19.9316895232
19.9756076013
19.9774589513
19.9969793385
20.0025897544
20.0783797736
20.1495490676
20.1756447586
20.2244493055
20.2381974879
20.2552502455
20.2694598513
20.2839921944
20.3317833307
20.3610528173
20.403755615
20.4122425207
20.4171864305
20.4212071924
20.4345028986
20.4481431489
20.4513006973
20.4564320589
20.4651539779
20.467101964
20.4681272446
20.4718326591
20.4767083429
20.4810784883
20.4863437912
20.4925351488
20.5006439101
20.5095648172
20.5144667427
20.5184426306
20.5270739048
20.5278980768
20.5315985299
20.5428437321
20.5504091351
20.5589196428
20.5648249127
20.5722771089
20.5824998671
20.586934838
20.591367765
20.5959468404
20.6098657271
20.691561095
20.6926745106
20.7120811239
20.7365150655
20.7394007989
20.751108315
20.7661486608
20.7724880322
20.7782688816
20.8073760608
20.82204201
20.8431851525
20.8640325041
20.889094141
21.3219757899
21.3419731589
21.3642878036
21.3805806352
21.383903757
21.5475253223
21.5735181897
21.5989319474
21.607293226
21.6185297495
21.6729824012
21.6814555282
21.7003883751
21.7128975062
21.7208537925
21.7326176602
21.738252758
21.779503309
21.7906463645
21.7917525003
21.7940749402
21.8075649004
21.8147275028
21.8216451018
21.8281494102
21.8430441081
21.8451533383
21.8587481242
21.8671382659
21.868626572
21.9710644188
21.9745062268
21.9982192373
22.0156923489
22.0195334315
22.0302567884
22.0584312236
22.0775279943
22.1011863106
22.1083923231
22.2516676156
22.2797443588
22.2865398625
22.2948090937
22.3578117734
22.368331728
22.3716463463
22.3798888218
22.4027043843
22.4388895376
22.4886147312
22.5093231222
22.527188413
22.5411571853
22.5684460315
22.5828922999
22.6059176972
22.6787462897
22.6889102214
22.698754961
22.7231781306
22.7426975154
22.7783902046
22.8065092666
22.8168914753
22.826165849
22.8326746411
22.8440564189
22.8482654902
22.8533968176
22.8557091709
22.8613968973
22.8643527797
22.8717578531
22.8961366105
22.9052133184
22.9077643821
22.9097231837
22.9127657822
22.9188160305
22.9266190886
22.9481451869
22.9640120183
22.9820907338
22.9900362786
22.9972018847
23.0031024483
23.015969601
23.0270564593
23.0277558191
23.0288007652
23.0304355731
23.0400317108
23.044674942
23.0553068425
23.068834541
23.0825282646
23.0891535775
23.0968195755
23.1062504011
23.121384331
23.1335780239
23.1434187287
23.1558608678
23.1883697795
23.2006453335
23.2097365647
23.2169849093
23.2392995571
23.2443456796
23.2570292073
23.2699355048
23.2772396292
23.3415870888
23.3428306076
23.3668349095
23.391760872
23.405642175
23.438959177
23.4709735212
23.4758915674
23.4910842297
23.5159348498
23.545053284
23.8960028762
23.9201314365
23.9825539134
23.9968953955
24.0090918566
24.0125138449
24.0159684438
24.0184057888
24.023224803
24.0260567574
24.0292359835
24.0340247339
24.0426249129
24.0447534698
24.0465512049
24.076610305
24.0800308371
24.0877788376
24.0992524477
24.0998983648
24.1052535325
24.146293325
24.1523574814
24.1587557741
24.1694612403
24.171223446
24.1857519928
24.1966635281
24.20509679
24.2256719985
24.2300395036
24.234707718
24.2430578601
24.2544901823
24.2578856732
24.2617950712
24.2727096501
24.2737132037
24.3130112703
24.3184733521
24.3224992922
24.3296793307
24.3361499273
24.3707940742
24.3864670097
24.3921012445
24.417545856
24.4379222886
24.4490177274
24.4588596067
24.4931923928
24.4953054444
24.5054400109
24.5301784823
24.5442076679
24.5546264925
24.5680679556
24.6491401999
24.6747768834
24.7030604585
24.7350782187
24.785333191
24.8864286332
24.8997766777
24.930502959
24.9606033871
24.9626146696
24.9889348571
25.0072632855
25.0097026042
25.041181649
25.1362328704
25.1386272841
25.1557555621
25.1597515155
25.1814449541
25.2064420642
25.2090300179
25.2182346619
25.22732788
25.2347636872
25.5556959114
25.5801014599
25.5911425041
25.5993127774
25.6071046534
25.6178303721
25.630957839
25.6417708992
25.673164085
25.695472722
25.7958064033
25.8079921547
25.8224396968
25.8546210872
25.8754748096
25.9414296913
25.952242323
25.9674967025
25.9883101673
25.9991463188
26.0165300471
26.0402611605
26.0630015416
26.0779285625
26.1171401732
26.145108658
26.1649494784
26.2000261816
26.2188502154
26.2669827576
26.2924870504
26.3684155196
26.3756802537
26.4268952499
26.4328729982
26.4435080713
26.4496437719
26.4594676126
26.4603988516
26.4674511637
26.4901685249
26.5782653159
26.5889581487
26.6073421795
26.6160538373
26.6219420652
26.6275634418
26.635578985
26.6486547675
26.6880174531
26.6951682678
26.7188894129
26.7231866514
26.7320910784
26.7360560189
26.7508157709
26.75628525
26.7595702949
26.7667174619
26.7819926266
26.795069663
26.802511261
26.817580266
26.867157811
26.8870610419
26.8883484463
26.8992769931
26.9075851463
26.9278835521
26.937084788
26.9554874535
27.5560724761
27.5963956467
27.6044816019
27.6050351019
27.6072183744
27.6117020874
27.6247013478
27.6302432979
27.6463832543
27.6473110107
27.6521150379
27.6631606883
27.6678843992
27.6740162397
27.689139375
27.6923052391
27.7051633207
27.7203994085
27.7254938337
27.7368903271
27.7466838056
27.7587237915
27.7642574486
27.7736381781
27.779398653
27.7920388836
27.8561211238
27.859015819
27.8708205628
27.8750332657
27.8886977134
27.892438151
27.9069791464
27.913140091
27.9144092379
27.9175491957
27.9269000377
27.9335032047
27.9454561262
27.9536443446
27.9641823713
27.9816090088
28.0024778349
28.0198861564
28.0337019965
28.0378855795
28.0947894034
28.1054180406
28.1416181605
28.1608080528
28.1902248865
28.193559366
28.2079704708
28.2322818538
28.2381502901
28.2485886475
28.2757615561
28.2949908602
28.2983720289
28.3262057052
28.3571155576
28.3748085413
28.4023735034
28.4200243562
28.4695356024
28.4714199423
28.4951761041
28.5129170275
28.5172687973
28.5313908204
28.5470657092
28.8028830377
28.8081897399
28.8171351116
28.8224812179
28.8330984279
28.8353045516
28.8414359474
28.8474849916
28.8510694961
28.8727207155
28.8778340581
28.8970528097
28.9055218884
28.9261435034
28.9394379109
28.9451538248
28.9461144102
28.9570473728
28.9631898322
28.9687077402
28.9739378949
28.9807105823
28.9878746832
28.9950817997
29.0072227939
29.0178027933
29.0288880381
29.0444410761
29.0517026864
29.0709265331
29.1165256299
29.1474954237
29.1548646891
29.1634942236
29.1810008573
29.1960966774
29.2102279013
29.2163023331
29.2359506761
29.2419001815
29.2503807684
29.254088802
29.2583628806
29.2601632633
29.2674419402
29.2784549417
29.3175998273
29.3514117264
29.431072257
29.4426735915
29.4442353288
29.4465391977
29.4555995812
29.4675307009
29.4741107199
29.4836321928
29.4962327653
29.7946030342
29.8699588687
29.9090521128
29.9705665292
29.9892161523
30.0067397649
30.0072971161
30.0146234231
30.0185263911
30.0200050442
30.0243456014
30.0263953179
30.0340724739
30.0422016775
30.0475677142
30.0779991675
30.0785989564
30.0847841307
30.0983060563
30.1173070419
30.1240961876
30.1721911513
30.1820524684
30.2219790077
30.2332108167
30.2420116463
30.2554784144
30.263872083
30.3065041514
30.3190416948
30.3401593257
30.3457665883
30.3592888013
30.3631973514
30.3718547546
30.3830265523
30.3929251587
30.4073213374
30.4264360055
30.4298796569
30.4888872509
30.4939370545
30.5010735201
30.5120706208
30.5258661826
30.5351614399
30.5583692089
30.5803342806
30.5841958217
30.5880784547
30.5987803401
30.6067178363
30.651354059
30.7512158501
30.7623482849
30.8396145326
30.935647531
30.9686575152
30.9739475304
30.9794801004
30.9975808815
31.0100388096
31.0248678473
31.0298016926
31.1319211369
31.1499461408
31.1835311419
31.2028618732
31.2109430545
31.2189150328
31.2282366505
31.2382398549
31.2508309157
31.2562004512
31.2597248081
31.2654546508
31.2692971727
31.2739615195
31.2758195196
31.2928765515
31.3202734257
31.3226378975
31.3343655819
31.3373662921
31.3482640898
31.3574211184
31.3683039934
31.3811145953
31.3915343453
31.4134521641
31.4224010159
31.4239173554
31.4373747703
31.4507406645
31.4546845955
31.4589391061
31.4819688083
31.499778434
31.5264734198
31.5392243447
31.5495202475
31.5710543216
31.5743446348
31.5826554638
31.5836485869
31.5879304882
31.6038843163
31.6118004775
31.6323936881
31.6513462882
31.6668862792
31.6817219062
31.6865078588
31.6874489703
31.6938901955
31.7106324411
31.7370130033
31.7697815066
31.7723624004
31.7874840678
31.8084935915
31.9353815333
31.9375123392
31.9413608304
31.9468529421
31.9740752811
32.0146915219
32.0293627132
32.0359817636
32.0444186857
32.0933210835
32.1057854124
32.1177493548
32.27044681
32.2946470942
32.3336411686
32.4082216468
32.4170909158
32.4209331063
32.4255881929
32.4297318362
32.4420526237
32.451088054
32.4550895969
32.4583060087
32.4673522223
32.497851659
32.5061500129
32.5103914253
32.5233747128
32.5331004341
32.5412123414
32.5425561447
32.5455771556
32.5546947482
32.6031949967
32.6069243482
32.6277029751
32.6336535014
32.6585839295
32.6730262984
32.6791370623
32.7102340588
32.714970016
32.7266003921
32.730724534
32.7672351971
32.7722513842
32.7764747942
32.7786495841
32.8057087516
32.8291605912
32.8319519718
32.8608323983
32.8695390598
32.9166409649
32.9322541985
32.9488849056
32.9670112732
32.9815072574
32.985946482
33.0092280027
33.018604553
33.0545503356
33.066069254
33.0924732633
33.1088181002
33.1192697057
33.1205697047
33.1326675548
33.1505569321
33.1637957275
33.1706745434
33.1811988655
33.2064467092
33.2440634265
33.2503656897
33.2682300106
33.3182603897
33.3335162842
33.3678462815
33.4090970937
33.4514722219
33.4749299048
33.4923168925
33.5210938886
33.5419798536
33.6086679738
33.6206567331
33.6284750248
33.6335064697
33.6450007067
33.6568869961
33.6588961346
33.6683821786
33.7514397775
33.7564192235
33.7657526673
33.7748285373
33.7813071826
33.7897307655
33.8025289629
33.8043480246
33.8154694629
33.8193667779
33.8250256114
33.8314645752
33.8367782187
33.8454701874
33.8613554069
33.8666462831
33.8818312173
33.8878576259
33.8956525849
33.9149650038
33.9747064476
33.9928637424
34.1106544511
34.1216517705
34.1422613672
34.1545268948
34.1817594524
34.188273986
34.1914340077
34.2118329551
34.2264795278
34.2313829622
34.2426177065
34.3104970627
34.3184976817
34.323647872
34.3270695049
34.376234579
34.3878515626
34.4029672752
34.4408104053
34.4652354736
34.5551912216
34.5672929874
34.5789281483
34.6060801805
34.6204919895
34.6267417516
34.6570246805
34.6730938954
34.6985959509
34.723937022
34.7672406723
34.8060676541
34.8092579724
34.8123346414
34.8164869094
34.8219870204
34.8322774106
34.8374856987
34.8417256006
34.8442422228
34.8543241566
34.8653079855
34.8659148938
34.8761018102
34.8768860103
34.9082312789
34.9188365144
34.9250405343
34.940200765
34.9483099547
34.9649943682
34.9695093509
34.9713486702
34.9836805567
34.98944469
34.9958667118
35.0138002543
35.041028082
35.0489209137
35.0601853684
35.0661813886
35.0866874019
35.1066566839
35.1205463665
35.1373011808
35.1607324017
35.1670861003
35.1787380672
35.1917452164
35.2101887594
35.2141659802
35.2414260953
35.2594776332
35.2729729075
35.3212013952
35.3291898212
35.349456948
35.3617814081
35.3799428268
35.3951393241
35.4059416897
35.419651533
35.4363471216
35.4412819296
35.4635796231
35.4843776025
35.4861467668
35.4982703332
35.5761445253
35.6100124207
35.6286517792
35.632226945
35.6634010748
35.6815506345
35.6956819273
35.7199396846
35.7478644182
35.7724795502
35.788335629
35.8233643392
35.8430103832
35.8544272471
35.882802582
35.9256166383
35.9501291673
35.9753985796
36.0033457571
36.0084821782
36.0177681673
36.0480299112
36.0611780849
36.0677233871
36.0762190291
36.0926011537
36.105414042
36.1082091651
36.1451970044
36.1628309211
36.1818977308
36.1969893456
36.203657482
36.2151472676
36.2190982749
36.2328763605
36.2359322112
36.273588319
36.2941569299
36.2995275534
36.3048404544
36.3085169901
36.3238368116
36.346254139
36.3510450691
36.3522057942
36.3855982951
36.3946688971
36.4087096682
36.4370096876
36.4686514662
36.4784271719
36.4860837112
36.4894634827
36.4952434214
36.511703758
36.5302620034
36.5544729558
36.6472861344
36.6689237266
36.6800959908
36.6972231842
36.7213400633
36.7314194592
36.7470327621
36.7490422682
36.795025124
36.8136775447
36.8338641829
36.8684894757
36.8864975596
36.891029968
36.9074937254
36.9403464277
36.9928032868
37.0142006067
37.0371761186
37.0496034706
37.053805871
37.0623080073
37.092826475
37.1181493666
37.1506087519
37.1525998117
37.1799492703
37.2043329864
37.2103610899
37.215530456
37.2218579756
37.2278162219
37.2488327581
37.2558988583
37.2599242015
37.2730893931
37.2840898171
37.2869060602
37.3071810203
37.3110349082
37.3825879959
37.3888694207
37.429438318
37.4345791265
37.4388760996
37.4524015763
37.4570395534
37.4770203307
37.4780227618
37.4919762133
37.5023491349
37.5078019834
37.5196215069
37.5240137079
37.5250117407
37.5487879723
37.557060367
37.6696007223
37.676720763
37.6881539428
37.6981538007
37.7123926539
37.7292305602
37.7685261982
37.7769744781
37.8128604498
37.8262473662
37.8374250493
37.8847908057
37.901176657
37.9062033952
37.9144960241
37.9358426598
37.957426554
37.9738779201
37.9839183967
38.0032305106
38.0133541247
38.0327481371
38.0607111599
38.1155097612
38.1713769176
38.3012690793
38.3213552657
38.4016200209
38.4292594212
38.4298233674
38.4411965116
38.4561560915
38.4630364531
38.4683255563
38.4858273119
38.5510059836
38.554618621
38.5599102567
38.5672563308
38.5792354584
38.586704435
38.5921077029
38.6000540415
38.607492223
38.6227119315
38.6283292948
38.6367061909
38.6393436857
38.6437336836
38.6513504736
38.7225821766
38.7296196396
38.7501789087
38.7578697032
38.7798924489
38.7824168983
38.8192962628
38.8290756819
38.8570734017
38.8771333962
38.899095171
38.9021697301
38.9070022216
39.0746999331
39.0808415298
39.1081372773
39.1273246669
39.1374977213
39.1704865473
39.2327542887
39.234086202
39.236605998
39.2552271918
39.3540824305
39.3842349686
39.4138790413
39.4482700614
39.5266326988
39.5334294767
39.5454634391
39.5627766124
39.5652307988
39.6100357024
39.6313123112
39.6392977813
39.6469204154
39.649792677
39.656761458
39.662745776
39.665385523
39.6732678658
39.6791256269
39.6871944649
39.6907356668
39.699174415
39.7056921387
39.7092929216
39.7260596874
39.7297619341
39.7403365482
39.7608467431
39.772403816
39.7738552743
39.7793783354
39.7803237359
39.7861310592
39.8014464477
39.8024394772
39.8052293795
39.8375854636
39.8625736216
39.8827296719
39.9015748977
39.9076233488
39.9207291177
39.9576766699
39.9625231711
39.9758592363
39.9980933271
40.0175499242
40.0228518839
40.0435981137
40.0534300807
40.0715692892
40.1130300134
40.1177560789
40.1271830242
40.1363439657
40.2453386334
40.2500249312
40.2675977448
40.2824473399
40.302698824
40.3185187302
40.345946474
40.3568737757
40.3683956018
40.3787958962
40.3843887949
40.4070713442
40.4283998229
40.4400051742
40.4585727223
40.4763883693
40.5004606595
40.5295852999
40.5400642824
40.5500361213
40.5642043488
40.5882195864
40.5905777225
40.6105829054
40.6205289933
40.6473652199
40.6600723508
40.6900251023
40.8077803373
40.8136317076
40.8311858098
40.8572708622
40.8596271248
40.8692072723
40.8782453349
40.8867433657
40.8915184893
40.8929006885
40.8992419285
40.9007933392
40.9013151587
41.1293540505
41.1403267622
41.1560240013
41.1610454698
41.1761826192
41.1834030454
41.1963583311
41.2104609372
41.2284651545
41.2651152272
41.3917265083
41.4132041037
41.4276689663
41.4395867534
41.4527330586
41.4553075918
41.4829785335
41.517885631
41.5247603146
41.5523865834
41.5568519531
41.5616301168
41.5724419567
41.5829822409
41.6119709134
41.6384817938
41.662343354
41.6720859033
41.7010530097
41.9520930323
41.9794292269
41.9924157982
42.0063798682
42.0076179116
42.0156576062
42.0256952197
42.0923165458
42.0970703284
43.2054574398
43.2179227095
43.2495238224
43.2622967873
43.2878885113
43.2918126813
43.3027215243
43.3094108032
43.3245327655
43.3336898028
43.3410268097
43.3556382941
43.3655164935
43.3694721258
43.3793222884
43.3815753503
43.3894596325
43.3955933377
43.3962714479
43.3999167952
43.4059600619
43.4603791763
43.4772139092
43.5979423745
43.6162417211
43.6374770219
43.6459112852
43.6719205667
43.6973526301
43.7294078202
43.7430899535
43.756845741
43.7667184089
43.7776233275
44.0223063102
44.1472922719
44.1669226204
44.1985122691
44.203583649
44.2325239785
44.2514233646
44.2779104471
44.2853196918
44.2895298511
44.3090448212
44.3468964895
44.3604532385
44.3828708251
44.4037216822
44.4083239742
44.4132685361
44.4302777101
44.4449847614
44.4549168374
44.4648938064
44.4736057896
44.4846809279
44.4949579943
44.4992031511
44.502743635
44.5197230005
44.525613186
44.5266766801
44.5428456946
44.5438711854
44.5532340267
44.5801017803
44.5807931541
44.5944453019
44.6023055439
44.6030965579
44.6060248236
44.6229611856
44.627699708
44.6344507158
44.6420181308
44.6493079699
44.6528307376
44.7050363548
44.7122023285
44.7225146158
44.7552455635
44.7742170032
44.7802885271
44.802513146
44.8092683866
44.8213805231
44.8309361869
44.8397509527
44.8534592865
44.861128786
44.8656849373
44.8850433828
44.8873290935
44.8896949853
44.9091659274
44.9206093003
44.9265349818
44.9427385966
44.9619406555
44.9678176723
45.0035286552
45.0487618273
45.1180520809
45.1500262603
45.1521730574
45.1691534184
45.1866275457
45.1883176301
45.2054004317
45.2293916107
45.2537615857
45.2992387686
45.3422081364
45.3629576357
45.3943678035
45.4163265233
45.4398891563
45.4494233634
45.4634083659
45.5038540013
45.5213360575
45.5256584677
45.556512595
45.5800755071
45.5943389572
45.6010340252
45.6040441531
45.6132640098
45.6139582933
45.6173004519
45.6288569628
45.6399020226
45.64592684
45.6522443758
45.6570504911
45.6667649814
45.6877684843
45.6923600314
45.7076679103
45.7215261878
45.7237785282
45.731962222
45.7358072812
45.7635012242
45.7655558415
45.7672124952
45.7835805886
45.7864759382
45.8018869713
45.8133288133
45.8151325284
45.8162462262
45.8243807501
45.8317253544
45.8355856025
45.8401455835
45.849313531
45.8610475301
45.865735178
45.8854416267
45.8898246725
45.9760293477
45.9843157165
45.9985435695
46.0059934265
46.007761719
46.0163732959
46.1106772389
46.121574091
46.1295156388
46.1546240949
46.1669487362
46.1765874504
46.177817021
46.2612785325
46.2770710203
46.2950637705
46.306089208
46.3109750477
46.4054774227
46.4290540978
46.4389597727
46.4537562509
46.4663808432
46.5110559387
46.5242841821
46.574234812
46.5903283239
46.6164515735
46.666639856
46.7002139489
46.7182742846
46.7525876003
46.7757296101
46.8038272427
46.8063141483
46.8144593814
46.8582122034
46.8653221481
46.8693585865
46.8799183672
46.8841671232
46.8890505771
46.9076185124
46.9086354786
46.9116082105
46.9129089678
46.9224798157
46.9284129363
46.9546955048
46.9569360043
46.9603623885
46.971462897
46.9772426651
46.9837132368
47.0099873121
47.0136895937
47.0170832467
47.0278145447
47.04149013
47.0491032507
47.0659007728
47.0958927397
47.1061132728
47.1113056611
47.1416202312
47.1436643792
47.1623369884
47.1786434592
47.1844009226
47.1965040287
47.2042131074
47.2610258519
47.3113473163
47.3330692535
47.3397926221
47.3794487159
47.3892586248
47.4115124636
47.4169651595
47.468905446
47.5155556458
47.5412673723
47.5670574138
47.590227542
47.6184680877
47.6307029453
47.6483863896
47.6551090094
47.7521357542
47.7655166013
47.7771426979
47.8219852487
47.8240050041
47.867491066
47.8836237322
47.9047303854
47.9212079674
47.9959230256
48.0113865578
48.0190632639
48.0283764234
48.0361136044
48.0468389495
48.0710803669
48.0763129558
48.086486502
48.0960111658
48.1042329944
48.1164980476
48.1293857528
48.1381696979
48.1535248161
48.1669994607
48.1780886976
48.1862613616
48.1947823838
48.2034482114
48.2119178186
48.2244483232
48.2325951353
48.2430578459
48.2842429099
48.2854815185
48.3020987294
48.3113599074
48.3291570952
48.3490671197
48.3566541396
48.3676941828
48.3746713588
48.3771920848
48.385417122
48.4140278112
48.460254776
48.4626604465
48.5043471913
48.5345407721
48.5368537265
48.5560795793
48.566208748
48.5870508391
48.6075962071
48.6154560985
48.6556086061
48.6791274461
48.6856908578
48.6970825226
48.7068210094
48.7256861981
48.741909531
48.7593680182
48.7779428645
48.8224970957
48.8444332234
48.8483105678
48.8609197299
48.8895425272
48.8910235769
48.9141425956
48.9891126475
49.022372211
49.0478074154
49.0849399228
49.1264243651
49.1431406579
49.1597979994
49.2076050408
49.2115851967
49.2240306948
49.2268358408
49.2339592922
49.2371029036
49.2434752233
49.2461295983
49.2713180485
49.2779767562
49.282985438
49.28544156
49.2973730691
49.3010707551
49.3104983259
49.3157005944
49.3222274297
49.3291756388
49.3369404744
49.3758337051
49.4790501778
49.4860634994
49.5087477959
49.5190454512
49.5269122342
49.5523635765
49.5713952629
49.5763530018
49.5902433173
49.6018113756
49.6113395175
49.6804368431
49.691724786
49.7048732604
49.712036072
49.7342952461
49.7424943378
49.7444390099
49.7588270357
49.7600332219
49.7695090177
49.7888181046
49.8081327958
49.8675468147
49.8767350712
49.8920707821
49.9138879386
49.9262172763
49.9415843149
49.956122479
49.9633627963
50.0117358123
50.1255010765
50.1363764385
50.4078301362
50.4137217834
50.4209628977
50.4252681354
50.4285135866
50.4309561285
50.4441469154
50.461108584
50.9606971735
50.9733908544
51.0177400901
51.0813386697
51.1040778076
51.1111395825
51.1207170917
51.1328561263
51.1595687136
51.1630010902
51.1646939393
51.177474505
51.20369894
51.3125505827
51.3913944796
51.3952689438
51.4390206777
51.4524185212
51.4880690061
51.5180545896
51.520063598
51.5681588035
51.5781867819
51.581424744
51.6065410438
51.617066844
51.6269387894
51.6353293105
51.641646747
51.6556912119
51.669525184
51.6781453726
51.6883644974
51.693673595
51.7420982011
51.7529880777
51.7659658651
51.7705605977
51.781449657
51.7846368285
51.7939655986
51.8405385601
51.8565957147
51.8696934336
51.8778915218
51.8947088312
51.9011957173
52.020735223
52.0345995686
52.0434628764
52.0585093755
52.0692898268
52.130247342
52.1445055782
52.1459028655
52.1810931121
52.2046144362
52.2226284455
52.2326872278
52.2696880993
52.2916247958
52.3123117581
52.340190685
52.3695959391
52.4040874288
52.4280534821
52.4575140907
52.6267680307
52.6437239015
52.6621790127
52.6749987527
52.6996996802
52.7186853929
52.7492654306
52.7514254304
52.7727828519
52.7981225779
52.8285877585
52.8322207376
52.8651552059
52.8660358034
52.8706022753
52.882971613
52.8904291026
52.8978939044
53.0070963748
53.0256831324
53.0318410057
53.0468782172
53.0492461357
53.0719518613
53.0915771725
53.1128193443
53.1205534567
53.1337508658
53.147469211
53.1555154906
53.1683013649
53.1778369619
53.1835609516
53.1924563864
53.208703586
53.2195286581
53.2384541774
53.245153922
53.2579276967
53.2914008666
53.3328379583
53.3673259555
53.388906382
53.4052335225
53.4154213605
53.42339235
53.4394234244
53.4634658804
53.4873008036
53.5075042369
53.5477692974
53.5745337162
53.6013012269
53.6028557375
53.635092556
53.6535933528
53.6647292262
53.6669430335
53.677143802
53.7704307244
53.8003362514
53.8047237105
53.8222877099
53.8324250119
53.8418602305
53.8632224203
2268
