6.00722904757
6.0117645938
6.01994059413
6.03550293014
6.04076058893
6.04389473996
6.05202906042
6.05494346496
6.06199167685
6.07341374185
6.08032924788
6.09547182336
6.1005268007
6.10105842182
6.10395088389
6.10837114912
6.15559902282
6.1650087298
6.17617244317
6.18414817323
6.18964861734
6.19621844844
6.19915697346
6.36129397073
6.3746750121
6.3847035743
6.39672374056
6.40216293356
6.41047497387
6.42677875463
6.44376893303
6.46993436549
6.49345319495
6.52191129447
6.54326267497
6.56965906243
6.5862487372
6.61437244955
6.63540683224
6.63927837596
6.66854873315
6.68196449082
6.68357166876
6.6956101803
6.70910528446
6.73738191993
7.20938796553
7.21204548404
7.21963112171
7.23591001204
7.236580132
7.24388890057
7.25635681492
7.26885969456
7.27600140928
7.28078688426
7.28520027091
7.29254546068
7.30419662984
7.30971310951
7.45840146076
7.48896366006
7.50230377621
7.50756412485
7.52506915281
7.52673753598
7.54023301561
7.54287032703
7.54824256257
7.55644838875
7.56769576546
7.5738983508
7.59496628976
7.6148056772
8.05868646904
8.07056214638
8.09374848573
8.10927981567
8.1358030135
8.14617923808
8.17500410114
8.18541486147
8.2288874137
8.25493876138
8.30692100005
8.31984022413
8.33859202144
8.34541517606
8.40700585556
8.42238199111
8.43314335914
8.43744551591
8.43861834707
8.44154083225
8.4566461198
8.45803108195
8.46166738675
8.53469804026
8.5375354287
8.54108087324
8.54516727086
8.55388441109
8.56229073151
8.56407160576
8.57160688748
8.57679030635
8.58505743094
8.5882048908
8.59900003034
8.60981283571
8.62154903136
8.63318031107
8.65100890952
8.67089111558
8.68097423493
8.7762999295
8.7896639661
8.83522878394
8.84763542591
8.8616170655
8.86823522455
8.88641389579
8.90092568055
8.91617224392
9.03250721744
9.0479687796
9.08545342992
9.13297201367
9.14513271937
9.16796587507
9.19718395198
9.29470441143
9.29628609437
9.32692902005
9.33823626974
9.3424770547
9.35347326129
9.36524651406
9.39195342558
9.40346164321
9.42383240612
9.44860204941
9.47085266799
9.48253665636
9.51869359147
9.5410353979
9.56369059473
9.58755317507
9.61423813604
9.62241722409
9.62657798004
9.63820395053
9.64518063327
9.64776234783
9.65688463065
9.67276506988
9.67823943909
9.69308724289
9.6985821332
9.70009624296
9.70149079533
9.71007003077
9.72701654645
9.74037300782
9.74476036694
9.75933132926
9.76676429813
9.77449211609
9.78297742139
9.79639001251
9.85099690919
9.85811084942
9.8731692944
9.88631957304
9.894929691
9.89813273716
9.90528996658
9.91929148714
9.9381398139
9.94463684858
9.95547011618
9.98182173452
9.98918386451
9.9941755784
9.99543337837
10.0009048032
10.009022863
10.0133212777
10.0205636407
10.0619928659
10.0820027067
10.1058997263
10.1246258798
10.1471247736
10.1810404598
10.1890862095
10.213452362
10.2363334111
10.3175476887
10.3344491688
10.3517441974
10.3685105327
10.5542245238
10.7179638196
10.7600158897
10.7863623256
10.8086204772
10.8328392111
10.8468074373
10.8498454619
10.853653562
10.9256939823
10.9266952203
10.9390301381
10.9465147093
10.9660679441
10.9673755624
10.9699568868
10.9709002043
10.9837601246
10.9979230204
11.0089602548
11.0164553726
11.0272821152
11.0327526721
11.0371721454
11.0490351204
11.0942891375
11.1065021429
11.1154928624
11.1192953133
11.1367125795
11.142128242
11.1459081113
11.156000961
11.1582962294
11.1680064061
11.2031855731
11.2109695759
11.2451749248
11.2644441563
11.2714582121
11.2818013922
11.2845073608
11.2944580782
11.310545859
11.3222067313
11.3335133643
11.365118669
11.3728615034
11.3830827285
11.5551096687
11.5689360485
11.5875458378
11.6070855979
11.6546017886
11.6585942118
11.7121130509
11.7361062619
11.7454554926
11.7630461085
11.7821714383
11.7974762205
11.8122978741
11.8407463701
11.8556795416
11.8794519017
11.9030443778
12.0083349313
12.019714278
12.0251580077
12.0376213448
12.0394658147
12.1179789621
12.1277294884
12.1293971167
12.1405677376
12.1421796822
12.1559232733
12.1737399676
12.1789395881
12.1865727579
12.1908464483
12.3580192945
12.3672112439
12.3988804559
12.4095307131
12.4214045133
12.4321853153
12.4405245951
12.4544778872
12.4774833805
13.2038946427
13.2068220605
13.2079727418
13.2252585302
13.2262978904
13.2372794044
13.23942319
13.248308634
13.2685059976
13.2765032529
13.2877178279
13.3059580804
13.3065374865
13.3134651082
13.3216186024
13.3483521401
13.3567057881
13.3586878986
13.3716620096
13.3762910557
13.3916111894
13.4117726126
13.4224985665
13.4272473226
13.4309988406
13.4388525245
13.4512875563
13.4585595901
13.4855409539
13.4953689412
13.4972199101
13.4985551636
13.5053283746
13.5137986716
13.517479907
13.5335559865
13.5484927437
13.5560584808
13.5754023712
13.5778223097
13.5852251215
13.5958373841
13.5983678304
13.6027901797
13.6177044114
13.6338031093
13.6505270453
13.6607634998
13.6743550444
13.6837170689
13.6923866276
13.7169968955
13.7244998657
13.7410066679
13.7615547851
13.7894106455
13.8055526028
13.8197450517
13.8333371817
13.8390764574
13.8836155358
13.9052389608
13.957842531
14.171201754
14.1951598741
14.2071039663
14.2466801526
14.2688483075
14.4462151354
14.4568203354
14.4634112885
14.4742274202
14.4749089498
14.4842852873
14.4983512307
15.1498479844
15.1783851768
15.1921818404
15.2106368435
15.2633985772
15.3057221739
15.3296726643
15.348652275
15.3629739711
15.395623232
15.4036066379
15.4126348861
15.451072175
15.5049717842
15.5230815146
15.5609441481
15.5849251247
15.6029492765
15.6049744636
15.6149394125
15.6241988151
15.6340255315
15.637769524
15.6671063429
15.6709863029
15.6732313212
15.6741051255
15.6791862955
15.68239586
15.6836712611
15.7140974678
15.7190552621
15.7241533874
15.7466723391
15.7689063146
15.7806620022
15.7929550865
15.8077244855
15.8234946673
15.8329107791
15.842684202
15.8550674369
15.8629938128
15.8693761507
15.8834842633
15.8974247039
15.9066080189
15.9077692392
15.9179602568
15.9227668443
15.9605611356
15.9622286415
15.9758716669
15.9940129727
16.0006605345
16.013643614
16.0219759606
16.1970300951
16.2221771223
16.2390941952
16.2529658516
16.2789847942
16.2883302971
16.3285686279
16.3392933478
16.3522917511
16.3770844927
16.3998116804
16.4314903283
16.4437381449
16.4758512926
16.4931146144
16.5034128966
16.5165628534
16.5245596995
16.5266137598
16.5579697404
16.6367565045
16.65711562
16.806276982
16.8097203092
16.8212449871
16.8263422485
16.8357916936
16.8611701402
16.8855333847
16.8954192914
16.909609732
16.9235137717
16.9376903477
16.9422708611
16.9489106853
16.9530982422
16.9995903432
17.0202546517
17.0279229964
17.0348271097
17.0526605353
17.0641223625
17.0781158077
17.0959129186
17.1101744757
17.1248641139
17.1388333817
17.1515584932
17.1596001292
17.1659397458
17.1749099237
17.1960160434
17.287150463
17.2882851357
17.3025097321
17.3152491445
17.3788313297
17.3862493054
17.3955681823
17.4181384146
17.4408093567
17.464160642
17.5210125302
17.527214415
17.5437887844
17.5704717559
17.6008507758
17.6226209986
17.6466306317
17.6570139347
17.6619317581
17.663940401
17.7041935689
17.7244971518
17.7513170152
17.7777185901
17.8175270046
17.8493923477
17.8857070771
17.9057769248
17.9316179609
17.9485901636
17.9803258509
18.001817414
18.0043124734
18.0051335583
18.0090977126
18.0226583778
18.0287155377
18.0327034745
18.0411091586
18.047833657
18.0604307598
18.0696622609
18.0779204451
18.0861585377
18.0911226872
18.1012450356
18.1258716112
18.1411367397
18.1482536226
18.1553613752
18.1638282745
18.1680897499
18.1812181425
18.3417789576
18.3595987818
18.3766675449
18.390084112
18.3956095731
18.4156780363
18.4207717879
18.4262680851
18.4360082281
18.4494300554
18.4581127434
18.4769528076
18.4889353546
18.4903486849
18.4980958745
18.5055860001
18.5110908196
18.5321716488
18.7431195401
18.7579505651
18.7792386552
18.7936805737
18.8022399706
18.8413524741
18.9114633895
18.9409237755
18.9566302842
18.9871279695
19.0205141312
19.0256990459
19.0358968859
19.0490420298
19.2096329551
19.2126180393
19.2245621787
19.2368200597
19.2467765492
19.2540005138
19.2552528197
19.2632282897
19.3010778881
19.3334067849
19.3383396156
19.3405711677
19.3526320361
19.3604902253
19.3718119869
19.3738109881
19.4072099929
19.4176455651
19.427659543
19.445428633
19.5910074622
19.6000769835
19.6156816604
19.6188207678
19.6286803881
19.6366296835
19.648045635
19.6495962104
19.6679161495
19.8791728931
19.8951614749
19.8982860139
19.9010484664
19.9211707098
19.9434686588
19.9517339787
19.9758474678
19.9871125655
20.0139793366
20.064773235
20.0922577623
20.1047982383
20.1255299341
20.1315528996
20.1556616932
20.1845030246
20.2095378045
20.2593144705
20.2746223647
20.31033282
20.3721585956
20.3815141792
20.415223121
20.4217964617
20.4324264138
20.440351913
20.4487106724
20.4845316184
20.4909055884
20.5005718844
20.5054009479
20.5149295323
20.5208538202
20.5375547532
20.5440598445
20.5477008893
20.5550596348
20.5647316841
20.5720534012
20.5752018609
20.5798543736
20.5883717083
20.5892316587
20.6048265669
20.6163294869
20.6230055137
20.6291742234
20.6435734205
20.6532322219
20.6773871481
20.6880773857
20.733708662
20.7530911692
20.7947110055
20.8055120507
20.8126510367
20.8275233849
20.8834462227
20.9274796684
20.9421830222
20.9606762539
20.9616345021
20.9800003111
21.0128713079
21.0225202988
21.0235702327
21.0405648037
21.0494059541
21.0609583627
21.0674758534
21.0737637441
21.096637952
21.1047147814
21.1196292059
21.1461914692
21.1590559946
21.1634453642
21.1844163677
21.2435474955
21.2881713852
21.3168885171
21.3471233247
21.3598510629
21.3888576904
21.4200200445
21.4291822108
21.4467602821
21.4614635619
21.4816392985
21.4861376209
21.491650734
21.529238569
21.6025202696
21.6078343797
21.6163196665
21.6261037786
21.6299863037
21.6341795162
21.6399586568
21.6581901117
21.6638825532
21.6677504382
21.6687148958
21.6763989198
21.6892852356
21.6930368129
21.7040437182
21.7075577276
21.7162117344
21.729199462
21.7458863905
21.7601051536
21.765419307
21.7702167954
21.7714379328
21.7820604945
21.7896428814
21.7989045904
21.8014986047
21.8023079134
21.8061863723
21.813269896
21.8234541468
21.8345740881
21.8458382101
21.8506711377
21.8580495146
21.8662760336
21.874681039
21.8754899831
21.876696564
21.9008133641
21.9149922771
21.9287185902
21.9376031232
21.9506655034
21.9760278731
21.9832172326
21.9906138728
22.0204645882
22.069386657
22.0810028544
22.2134586315
22.2250353858
22.2265852829
22.2547629741
22.2874901112
22.3083921981
22.3310821598
22.3442146278
22.3577224227
22.3633033118
22.3866597665
22.4179374977
22.4456375085
22.4561849486
22.478266144
22.7919522033
22.8032287384
22.8144460917
22.8183662651
22.8194496702
22.8228237725
22.8313805792
22.8451253257
22.854265333
22.8602955172
22.8633632678
22.867254022
22.8813084643
22.9269469201
22.9498606297
22.9513730178
22.9556638552
22.9777056997
22.9941286861
23.0037993896
23.0113533983
23.0253500424
23.0280791938
23.3763878936
23.3870268257
23.391490165
23.4012435175
23.4211541377
23.4343292037
23.4404660159
23.4481215122
23.5511418155
23.5727826501
23.575844278
23.5963219073
23.5986512681
23.6118223537
23.626250666
23.6454332282
23.6471528457
23.6506231719
23.6520803089
23.6755692152
23.6773864828
23.6918233774
23.807913651
23.8232093169
24.0258148785
24.0294042575
24.0355069981
24.037596063
24.0412000501
24.0542087147
24.0769732676
24.0827817669
24.0837693973
24.118153117
24.126601571
24.1320269233
24.1448914584
24.1510715775
24.1703406054
24.2221671055
24.2324470439
24.2475423773
24.2601522453
24.2609231976
24.2776516118
24.2950286558
24.3008940099
24.3162390514
24.3268302485
24.3349472123
24.3360722487
24.3445816171
24.3469480679
24.3539199576
24.365589395
24.3738157199
24.3795623756
24.3838144266
24.389796458
24.5082720998
24.5275860882
24.5398668652
24.5524860619
24.5537014339
24.5570332144
24.5873908125
24.6106418469
24.6175333161
24.6300796354
24.6313467223
24.6407344459
24.6538352191
24.6625807129
24.6905306427
24.6996641076
24.7088778196
24.7527046071
24.7646446329
24.7669122785
24.7776898526
24.7855193128
24.7884510492
24.8273394366
24.8527398677
24.8794578056
24.8859438859
24.8942932756
24.9514558878
24.9804307149
24.9873302417
25.0372779668
25.0392483298
25.0816190983
25.2154824865
25.2180138297
25.2262747065
25.23094334
25.2392726249
25.3889163955
25.392211045
25.4049873428
25.4095856031
25.4207654856
25.4325566242
25.4414959076
25.4512670286
25.4646099786
25.4698769834
25.4739923554
25.4751433048
25.4977826024
25.5109412128
25.5213358307
25.5297825572
25.5440021171
25.5487590166
25.5689964997
25.5968057721
25.6186206217
25.6195032538
25.6315543279
25.6903655508
25.7063155192
25.7118940495
25.7582589783
25.7788109478
25.7907944026
25.8126590421
25.81989761
25.8394988072
25.9346900873
25.9484822885
25.9575451642
25.9773354842
25.9869596439
26.0024587484
26.0430418997
26.0642147112
26.0919044342
26.1139876611
26.1156740096
26.1554524518
26.2179795357
26.2277123092
26.2326448646
26.27085897
26.3156606293
26.3446465295
26.3686085144
26.4010831899
26.4022552653
26.4088987685
26.4181370307
26.4303115757
26.4320352641
26.4839579284
26.5402333929
26.5509390498
26.5568468215
26.5728025417
26.5784203343
26.5835315847
26.5894030435
26.593710968
26.5971754652
26.6251745405
26.6362833225
26.6482700214
26.6772043002
26.6784693027
26.6855093483
26.6988348327
26.7112721371
26.7122830287
26.7130605943
26.8329595522
26.8379965492
26.8462882198
26.8622808994
26.8847965313
26.8885581639
26.9298119694
26.9385735122
26.9513523488
26.9630038717
26.9913927172
26.9987266693
27.0133781025
27.0199535688
27.0279157506
27.0910465546
27.1160062492
27.135665844
27.1442872995
27.1584403053
27.163631583
27.1697207872
27.1819185926
27.2059557216
27.2322163593
27.2510472559
27.2524495425
27.2701945646
27.296934665
27.3434446231
27.3734717144
27.3756137659
27.4214159321
27.4420896317
27.4506724405
27.4863337856
27.5101950619
27.5797370502
27.6155699058
27.6274257575
27.6355392412
27.6400064641
27.6468073141
27.64950354
27.6612213798
27.6701173784
27.7216070466
27.7316555326
27.732796744
27.740658807
27.7425506969
27.7491304297
27.7588722138
27.7720363947
27.776577526
27.786387971
27.7874929131
27.80596625
27.8128823598
27.8223713542
27.8428483461
27.8548406525
27.8652701729
27.8905683305
27.90388772
27.9166845137
27.9301758221
27.9325597278
28.0630046852
28.0878139992
28.1007646123
28.1094093334
28.1169530234
28.1300484871
28.1479272976
28.1667481609
28.219026286
28.2372542422
28.245353288
28.2655221785
28.301373908
28.3096745984
28.3126173991
28.3301389724
28.3916033337
28.4105728947
28.4263612634
28.4278549836
28.4418845321
28.4548556088
28.4856082614
28.5141583738
28.7730803483
28.7769010149
28.8077341933
28.8250101881
28.8262844126
29.1461683749
29.1621474128
29.1775940294
29.189497986
29.1938028672
29.201387136
29.2142827409
29.2158609232
29.2241313115
29.2305122328
29.260531037
29.2729900546
29.2826904977
29.313253759
29.3348863687
29.3776907307
29.4456186638
29.4472664482
29.4599255546
29.4858612304
29.4908995338
29.4972144636
29.499149138
29.5115604903
29.5299545035
29.5778729372
29.6198050973
29.6465777239
29.6678656254
29.679593403
30.0063006362
30.015481852
30.0200041325
30.0312061411
30.0382304827
30.0423131341
30.0566290175
30.0649576704
30.073145263
30.0806106407
30.0895805264
30.1015287702
30.1041933408
30.109474482
30.1138669391
30.1233212626
30.145633747
30.1527539231
30.1790286812
30.2245036885
30.225713615
30.2415562072
30.4926207988
30.5021589219
30.5093748099
30.5377348539
30.5495304548
30.5672489206
30.5747150419
30.5974330144
30.632679805
30.6402458944
30.6769097285
30.6793287321
30.7042028764
30.7094972813
30.7507928196
30.7685157358
30.7837583088
30.7854975865
30.7927175638
30.8112256512
31.2752361391
31.2789792101
31.2795078885
31.2869495643
31.289793559
31.303836677
31.3137978255
31.3306122502
31.3342499054
31.3351758427
31.344518662
31.3457192589
31.3517663418
31.3571538464
31.3578797637
31.3599002667
31.3609930111
31.363828395
31.3720430989
31.3879101132
31.3924016671
31.4006764163
31.408674684
31.5014706601
31.5144156095
31.5488082987
31.5709412783
31.5756746924
31.5881083674
31.590918126
31.5970641321
31.6005813344
31.6218331304
31.6423150833
31.6607957788
31.6690010865
31.6877805395
31.7056430282
31.7238917501
31.7359741977
31.7629679166
31.7831639798
31.7912336951
31.817105316
31.8335763001
31.866890403
31.8736023992
31.8760746913
31.8977994425
31.9302387024
31.9441607986
31.9822941727
32.0140829597
32.0163021291
32.0317949492
32.0505243824
32.093791459
32.1112702836
32.3250941423
32.3385724518
32.349421477
32.3896304236
32.4027847229
32.4049834065
32.4098221535
32.4169560232
32.4274395077
32.4368486457
32.4433038862
32.4514616047
32.4760514268
32.476848654
32.4940343887
32.5011928967
32.5085662757
32.522410504
32.5306811874
32.5323293705
32.5362863232
32.5389809964
32.5522841855
32.5578181706
32.5701366018
32.5709057222
32.5851356512
32.5890435056
32.5899171814
32.5933201315
32.608276083
32.6256072146
32.6290612476
32.636848951
32.6451754849
32.6599720362
32.6811938839
32.6854740907
32.6972156758
32.709219412
32.7685757731
32.7893534075
32.798488654
32.8531722793
32.8680822079
32.8737400368
32.8902851689
32.8968454466
32.9202614679
32.9370718664
32.9398527011
32.9508324183
32.9548180458
32.9565778468
32.9576987337
32.9710377984
32.9863338264
33.0020224169
33.0164010349
33.2703048956
33.2985685719
33.3103449096
33.318927475
33.3236086665
33.3459422947
33.361549601
33.4120031699
33.4157005262
33.4886261188
33.5259673007
33.5646012628
33.5788201116
33.6018454931
33.6093671585
33.6111521078
33.6156646793
33.6173196864
33.6351387478
33.6382918089
33.6469394708
33.6525429699
33.6571755542
33.6660067757
33.6674344709
33.6721536474
33.6790593126
33.6945399624
33.7025050354
33.7091413518
33.7181715404
33.7193870558
33.7330668156
33.7496422404
33.7732337738
33.979884831
33.984856092
34.0032697899
34.0279395577
34.0405277733
34.0526676513
34.0594212405
34.08063538
34.0896645861
34.1103926212
34.1333818854
34.1435190669
34.1881140188
34.1981673014
34.2182585318
34.2419866563
34.2588968657
34.2677355173
34.2747895484
34.3011285914
34.3096238508
34.3308729927
34.3515086104
34.3788137058
34.3825837691
34.3919910369
34.3965143927
34.4582636981
34.4696442596
34.4837986394
34.4922889476
34.4963879711
34.5505333151
34.5696652016
34.5810289058
34.5921836953
34.6242952137
34.6707195215
34.683548324
34.7125499966
34.7551623919
34.7729030591
34.7817049198
34.7924812745
34.810129048
34.8152602765
34.825878933
34.8832730452
34.8907243481
34.8916510585
34.8943329177
34.9065680404
34.9185692519
34.9489316882
35.1568979174
35.1623569864
35.9551542756
35.9908277506
36.0118547099
36.0273157643
36.0294158932
36.0325695142
36.0372805897
36.051935281
36.0593484473
36.0755850687
36.0778279789
36.0889132277
36.1208226287
36.1214444156
36.125653284
36.1378111437
36.138891699
36.1491796559
36.1586297743
36.1711054578
36.1737266354
36.1898611878
36.2245211083
36.2364855386
36.2493321064
36.2612210316
36.270268547
36.2884487024
36.3357635014
36.3427627018
36.3779631214
36.3821721129
36.3901249933
36.3969378367
36.4104721571
36.4148636109
36.4279434087
36.4367462058
36.4540217209
36.4685187086
36.4861515692
36.4982626887
36.5108104209
36.5680674761
36.5824581123
36.5922613717
36.5982597837
36.6091048122
36.6174206436
36.621055485
36.7134885354
36.7464551356
36.8305134421
36.8443732225
36.9040228936
36.9337016093
36.9447870972
36.9473882627
36.9488790805
36.9792388461
37.0109459425
37.0150602034
37.0251055749
37.035497702
37.0550432523
37.2048436212
37.2077884499
37.2104118418
37.2137616956
37.2178000028
37.2215744548
37.2321667387
37.2417261679
37.2450554155
37.2500970979
37.2644562671
37.2690268733
37.2710092618
37.2819465045
37.2926847923
37.3095648253
37.3174341755
37.3293685875
37.3595778604
37.3894754206
37.3988689408
37.4024773373
37.4146763052
37.4299871753
37.4412460881
37.4702989803
37.4717516819
37.4826319507
37.4994815722
37.5069272084
37.5083707994
37.5259791139
37.5269019615
37.5348306986
37.5580540907
37.5736536337
37.6045474251
37.609470946
37.6102941311
37.619059178
37.6295285282
37.6414957031
37.6533155816
38.4148310031
38.4197043631
38.4309714804
38.4334125557
38.4402580757
38.4486641406
38.5298024621
38.5421106169
38.543032846
38.5514731429
38.5607425423
38.5626596598
38.5726271102
38.5811520617
38.5881869673
38.593402536
38.6455408368
38.6509448884
38.6560009768
38.6638705461
38.6884364873
38.6934058537
38.6973044679
38.6981893415
38.7144422777
38.7178549239
38.8002717855
38.8231375908
38.8250257408
38.8360285032
38.864627947
38.8723104232
38.8976906404
38.9231799563
38.9293876234
39.0077723441
39.0343820464
39.0600980679
39.0685358503
39.0862116275
39.0971145787
39.1038049561
39.1114357471
39.1166762859
39.1187579695
39.1873060385
39.2095310531
39.2512802614
39.264059337
39.3195190967
39.3295177008
39.3520162767
39.3540040279
39.3708058749
39.3856851748
39.412689972
39.4535602729
39.5190052986
39.5213549049
39.5290897295
39.5318126887
39.5488689013
39.5732200819
39.5753662482
39.6094149903
39.6165990791
39.6242091523
39.6323619567
39.6389566954
39.6489312795
39.6560321145
39.6637878623
39.6690986208
39.6791031757
39.6881079175
39.6962896495
39.7599204449
39.7718772277
39.7783524656
39.7854372855
39.7927954706
39.8533941289
39.8556810731
39.8727932672
39.8793521168
39.8967123513
39.9030989142
39.9071725169
39.907981736
39.9183128445
39.9194026104
39.9300711759
39.9366977472
39.9536180115
39.9567514997
39.9616322831
39.9671111822
39.9856197479
40.2115777924
40.2346454609
40.2506831236
40.2553177886
40.2571442287
40.2601945028
40.3244827345
40.3340477099
40.4202249668
40.4537364932
40.4578223227
40.4686693459
40.5932477623
40.6052431845
40.6355296421
40.6509062173
40.6983449261
40.7407728492
40.7520366138
40.775885403
40.8097969574
40.8140181285
40.8188665905
40.8316435484
40.8355656998
40.8361929406
40.8534507567
40.8546284277
40.8563705751
40.8618690252
40.8699104834
40.8780724733
40.8965050155
40.904108855
40.9072858903
40.9080028483
40.9087558574
40.9119951474
40.955172968
40.9593396332
40.9603106506
40.965410644
40.9813454649
40.9834273177
40.9890541011
40.9906402424
40.9939232015
41.0115361263
41.019736539
41.0238306191
41.0371960444
41.0418697995
41.0443011991
41.0585522697
41.0740912224
41.0788553684
41.0991725974
41.1012479565
41.136785161
41.1426625552
41.1520165698
41.1546390862
41.1721529307
41.1928134393
41.1995970526
41.2145706329
41.2418954419
41.2589779124
41.2603101846
41.267595653
41.2781140838
41.2928722005
41.3112119209
41.3130579941
41.3268934613
41.3319655616
41.3492443777
41.3514984976
41.3627424153
41.3797245703
41.5131999448
41.5301045451
41.6503748573
41.6580461311
41.6722490368
41.7142399385
41.7199193718
41.7560044622
41.7870019257
41.8446111673
41.9025098484
41.9312224583
41.9433187678
41.9820585239
41.9960295759
42.0007548017
42.0085767619
42.0341000038
42.0505103575
42.0604657593
42.0662213056
42.0696097514
42.0752846676
42.075926064
42.0792110215
42.0808942809
42.0891847699
42.0950943062
42.1013812246
42.1114358733
42.122984401
42.1290025543
42.135664202
42.1392239696
42.1623265866
42.1634450296
42.1672951581
42.1762674995
42.2118399007
42.2170170416
42.2224178478
42.2293536329
42.2457269758
42.2464012794
42.2501323064
42.2674271102
42.2787514031
42.2795645134
42.2940810535
42.3091527977
42.3183316315
42.3325192777
42.3456167096
42.3516673722
42.3589715076
42.390166457
42.4148027086
42.4229131313
42.450657804
42.6004378081
42.6217174845
42.6332885864
42.6434649938
42.6458918831
42.6658071811
42.6975548549
42.7130463014
42.7255575437
42.7538413735
42.7820672926
42.7875576938
42.8162388962
42.835183811
42.8623216043
42.8813339804
42.8907782088
42.9533690533
42.9975238075
43.0105162508
43.0321680207
43.0355803926
43.0378825239
43.0594819517
43.1134307917
43.1236363094
43.1407575943
43.1532926714
43.1826770508
43.1928257357
43.2032209073
43.2092504437
43.2505052854
43.2554816249
43.2598798393
43.2643960671
43.2707249009
43.2712843666
43.2848567512
43.2855999354
43.2949250795
43.3353333703
43.3809829094
43.3844858654
43.3897025473
43.4031966135
43.4097363339
43.4199784729
43.4208977544
43.4336938519
43.441897717
43.4500053168
43.4563534459
43.468881145
43.4843015953
43.4878806426
43.5567957351
43.5578867155
43.5634448941
43.5735389236
43.6448543517
43.6458557861
43.6535385383
43.6655102387
43.6989621318
43.706677006
43.7155456345
43.7317544313
43.7635275769
43.7651416862
43.7711581215
43.7997472174
43.8125828984
43.8308277451
43.8556405259
43.8904833762
43.8976467762
44.0744808008
44.1133546851
44.1200985461
44.1514102494
44.1564125689
44.1784996704
44.2172281167
44.2278765686
44.2675388083
44.3148791343
44.340316284
44.3699299454
44.3812978821
44.4037005489
44.4098596178
44.4251446053
44.425700516
44.4379865583
44.4469536891
44.4480005117
44.4632088552
44.4721267671
44.478915398
44.4819348887
44.4864659711
44.4975459182
44.5530678196
44.5622877929
44.5725396431
44.5736475017
44.5742921271
44.5819064059
44.5880556411
44.5920934241
44.5959235148
44.6002158852
44.6093221637
44.6365153982
44.6409932813
44.6707767317
44.6756622364
44.6815983523
44.6844447266
44.6977445408
44.7021570535
44.7693281592
44.7760256627
44.7836577273
44.7861432057
44.8079956549
44.8099862024
44.8168153198
44.8261360343
44.8339554423
44.8418351887
44.8630372765
44.885290724
44.8911532821
44.9016883374
44.9154674397
44.9229617925
44.9430563903
44.9879578582
45.0084302111
45.0338314994
45.0460984348
45.0721740777
45.0778828881
45.0865814798
45.1049731623
45.1156243357
45.1897687136
45.1981446989
45.2120690052
45.2370925896
45.2667378049
45.6040867347
45.7242519655
45.7267475038
45.8522159887
45.8559562979
45.8571433655
45.8993428306
45.9180037685
45.9220385717
45.9574127896
46.0403827588
46.05320141
46.0677008324
46.0829251844
46.1287295511
46.1476974783
46.15726385
46.1760480125
46.1983407829
46.2183666565
46.2218480547
46.231016128
46.2730484829
46.2879396682
46.3031249259
46.3155922281
46.3472401167
46.374390373
46.4354706881
46.4472239317
46.4740515723
46.5124712083
46.5313742898
46.5890270658
46.6063015592
46.6101050366
46.6359664511
46.6631050081
46.6837442131
46.7065736628
46.7226324915
46.7452852941
46.76918498
46.787063527
46.8089595278
46.8125714453
46.817179079
46.8221729515
46.8289525322
46.8401271547
46.8500226591
46.8652160786
46.8666913694
46.8733837822
46.9020510687
46.9051501809
46.9087046329
46.9240990862
46.9322163171
46.9355821628
46.9363813299
46.9389824936
46.9430532007
46.9453539793
46.9797522077
46.9912102376
47.0039080561
47.0240473008
47.0308106725
47.0407509888
47.0528078398
47.0592292457
47.0747975613
47.1044287158
47.1162069747
47.1286345147
47.1460171606
47.1614192795
47.1832905154
47.2175537605
47.2345031299
47.2824931557
47.3009572313
47.3213144974
47.3596369844
47.370440522
47.3925262213
47.4039659566
47.4145716566
47.4227257932
47.4811852011
47.4940549597
47.5214499452
47.5398103162
47.5841058002
47.6043076302
47.6306296118
47.6494657841
47.8005497742
47.881664978
47.8834693528
47.9008609876
47.9299687573
47.9753366487
48.0088004502
48.0136004803
48.0273157237
48.032881147
48.0404792291
48.0570036665
48.0672665879
48.0716491717
48.0735301927
48.0757122022
48.0793744725
48.0911780893
48.0966586898
48.1000973561
48.1179853839
48.1430508039
48.1530573991
48.1779035616
48.1790970842
48.2004141393
48.2154080572
48.2316271603
48.2352764277
48.2454286307
48.2585701529
48.276316417
48.2843674538
48.2902036021
48.3072512314
48.3097308618
48.3131509512
48.3201800455
48.3276789062
48.3489462122
48.3539290489
48.366773667
48.3772528583
48.3818750173
48.393477467
48.4008384927
48.4422745897
48.4675958913
48.4861207884
48.4957536612
48.5158819616
48.5225407658
48.5338193199
48.5432197675
48.5569265654
48.5682786649
48.5775985928
48.5901334611
48.6063752697
48.6077334052
48.6302707026
48.6577685108
48.6665654912
48.6742986888
48.6867572489
48.7088683248
48.7709853867
48.7903868849
48.8085871646
48.8262239938
48.8289221319
48.8727674059
49.215534928
49.2266688933
49.2272275183
49.2290992144
49.2394954319
49.2549977552
49.2654259475
49.2857002706
49.2922957198
49.3022949173
49.3146540715
49.9648473103
49.9804737905
50.1118759621
50.1177935394
50.1811543085
50.2064377114
50.2299145375
50.2641136425
50.2979236464
50.3118068078
50.3475713852
50.3540559908
50.3873908836
50.3979909433
50.4063808945
50.4090406211
50.4142836286
50.4202224585
50.421754411
50.4279786122
50.4384092737
50.439671397
50.4459914681
50.450808626
50.4540495252
50.4658289285
50.4773898081
50.4865585513
50.4888432102
50.5102272447
50.5292729869
50.5394275224
50.5466143334
50.5528985218
50.570769198
50.5782954203
50.5856848425
50.5893392439
50.6065616193
50.6267501038
50.6342594296
50.6669535217
50.6709759666
50.6856317231
50.6905523094
50.7037619019
50.7182729037
50.7300054612
50.7358532167
50.745839921
50.7684043678
50.9097503993
50.9308815703
50.9484467672
50.970239489
50.9849542049
51.0049058654
51.0182887797
51.0405112869
51.0420209822
51.0553427225
51.057307883
51.0603138322
51.0794331228
51.1236049963
51.1309140679
51.1426049802
51.1558115913
51.1795711198
51.2032860051
51.2197179948
51.244852636
51.286717701
51.2947543298
51.3080590025
51.3292510501
51.4125234792
51.4307974844
51.512618383
51.5452203176
51.5604479076
51.5932888388
51.6085147125
51.6123095864
51.6560026288
51.6583141628
51.6632114556
51.6667334568
51.6687187904
51.6788379951
51.6875483677
51.6941475351
51.7027025851
51.7485435747
51.7721391063
51.7970637684
51.8282789344
51.8359910992
51.8425951363
51.8629618789
51.8691451701
51.8727861301
51.8855260406
51.8945152456
51.9004016557
51.9174865205
51.9368309921
51.9427476169
52.0512648917
52.0668724188
52.0805074833
52.0851429342
52.0900680466
52.1223949937
52.1319757858
52.1390444854
52.8026837797
52.8075056785
52.8184453569
52.8314110748
52.8340949705
52.8383009805
52.8422314775
52.8464290956
52.8525384141
52.8729383399
52.9494221242
52.9527637906
52.9591275787
52.9803726818
52.9866562203
53.0015423001
53.0103374578
53.0149025803
53.0215275696
53.0369738635
53.0423868489
53.0581874573
53.0639650008
53.0768750057
53.0850202812
53.090394689
53.1052396066
53.1135737449
53.1314861076
53.1333073893
53.1342131391
53.1410247739
53.164176615
53.1666483584
53.1678794427
53.1886506759
53.2090840853
53.2261025847
53.2486880021
53.258691126
53.2865582344
53.3550386643
53.3774357458
53.3892316278
53.39368281
53.4018985621
53.4080560868
53.4383531403
53.4592828685
53.4617437212
53.4736656555
53.4933199949
53.5163949986
53.5818695092
53.5883611258
53.5997003599
53.6064273887
53.6098972545
53.6148552867
53.6759063931
53.7091517275
53.7467690525
53.7613416065
53.7832025235
2182
