6.09035876348
6.09699966845
6.09863991179
6.10516235233
6.11656448407
6.14216740325
6.14584729063
6.149913079
6.15087856584
6.1569736779
6.17921915484
6.18553083237
6.19088542387
6.2147298211
6.21654326067
6.22493906998
6.23362875059
6.23762096781
6.25728935387
6.26366835084
6.27191300962
6.28019218815
6.29362495888
6.30194641743
6.31777460403
6.33555574096
6.35261371089
6.35707384924
6.37353984152
6.39045942988
6.39326385659
6.40954272629
6.41376268443
6.41767508268
6.4238150775
6.43531392965
6.43634160256
6.44666955958
6.46066081506
6.4662374154
6.48192232362
6.4882191564
6.50971206257
6.52869802608
6.53597035909
6.58257249025
6.59470914583
6.61650732408
6.64306271559
6.65467415595
6.6680592786
6.68134989322
6.6910256705
6.69260297568
6.80903326084
6.81768693728
6.8405047426
6.85127802497
6.88697778781
6.891793942
6.90676807844
6.96405937438
6.99893258582
7.01945953083
7.20466266431
7.2250566365
7.22973970243
7.27175548831
7.29697402738
7.30425777959
7.33040470332
7.35086771468
7.37522023117
7.37903714357
7.38311338788
7.38772175522
7.39087202779
7.39456005623
7.41113664014
7.41332322448
7.41704049912
7.42262506428
7.43085567812
7.44717285523
7.45319716891
7.46389649319
7.4736636922
7.48770228783
7.49465910844
7.50840279488
7.51327819111
7.5283103017
7.53948771344
8.40620519277
8.41261821148
8.42352412971
8.43779031587
8.44678820721
8.45224913911
8.46471402322
8.46562057107
8.47204440084
8.47968875609
8.49196427243
8.50691917336
8.51417414369
8.51737073428
8.52124834461
8.53189158139
8.54029938612
8.55286667315
8.58342759438
8.59768901251
8.6123546794
8.61967843286
8.63177401772
8.64091202513
8.64503463424
8.65387999838
8.66395812692
8.66506606824
8.66936883059
8.6808686328
8.69024770584
8.7002081006
8.71120257592
8.71293395805
8.73133910309
8.73695820638
8.75052225715
8.787115677
8.80647185492
8.81588324449
8.84107056661
8.85029673779
8.86264446908
8.86388424763
8.87882763855
8.88869895153
8.93858291332
9.1023082335
9.12387202713
9.14248211884
9.15915483569
9.17776650607
9.18972178906
9.22388363281
9.23935603703
9.35424258285
9.37506479213
9.39665567386
9.40023415595
9.43267836603
9.45690405288
9.4863929933
9.50985805201
9.53457078278
9.55559290319
9.60354673191
9.6242784717
9.62681858364
9.63924292863
9.64574829654
9.64670068675
9.65100435698
9.65607742581
9.65697491337
9.65804804197
9.65980927981
9.68758277952
9.69264165859
9.70131491321
9.70507056329
9.70879118954
9.72695970528
9.7276945208
9.73792855428
9.73945147888
9.74407277324
9.77367162298
9.77876218394
9.78334978587
9.78840928306
9.797063399
10.141406541
10.1571339251
10.2232147724
10.2604963948
10.2674437541
10.2796444961
10.303250217
10.3225469793
10.3285043182
10.3418468647
10.3756627348
10.3940375947
10.4043383224
10.4644164779
10.48717761
10.5862419717
10.6037569752
10.6726817441
10.6917174438
10.7061383051
10.7615981529
10.7771966216
10.7834956123
10.7957145011
10.8022608076
10.810499128
10.8162489236
10.8185575024
10.8211850196
10.8229220774
10.8414812946
10.8687350422
10.8780432266
10.8844724552
10.8971523931
10.9032460203
10.9188674534
10.9242715011
10.9333469256
10.9726042616
10.9779643647
11.007525797
11.0222606387
11.0240864118
11.0276681751
11.0524434237
11.0652538812
11.076093606
11.0935642688
11.1014317705
11.1605419097
11.1623071293
11.1696445789
11.1838325127
11.2038002615
11.2070117436
11.2246084841
11.2282673506
11.2367617708
11.2409032899
11.2462209031
11.2619843732
11.2990632846
11.306749281
11.3231963928
11.408424776
11.4257519145
11.4666201652
11.4947587956
11.4972174078
11.5145911503
11.5463773348
11.5594990893
11.5709067364
11.5813140981
11.5884835058
11.5903000556
11.5919199571
11.6273924624
11.646379376
11.6574087851
11.6940587087
11.7148108682
11.7478401329
11.7599469712
11.8195905003
11.8293005724
11.8484155062
11.8826063687
12.0013046992
12.0112209445
12.0480205805
12.0519808951
12.0585629896
12.0620394786
12.0680126919
12.0778223457
12.0794128176
12.0910991095
12.0983954997
12.1195719284
12.1250785603
12.1285770182
12.146359852
12.1499655111
12.1692146264
12.1712112464
12.1795140387
12.1950271623
12.1962820289
12.2089627753
12.2140839011
12.2148602306
12.2235670185
12.2284315207
12.25194831
12.264804415
12.2747296265
12.2799562839
12.2849431076
12.2934378026
12.2948690507
12.3037005395
12.3117228064
12.3258976126
12.3348204685
12.3415066075
12.3483735403
12.3680923576
12.3888123767
12.4069360118
12.4081356732
12.419749562
12.4282708597
12.4414107403
12.4495754271
12.4743123048
12.5040059356
12.5174843125
12.53667177
12.5683463008
12.5711376407
12.588795464
12.6001826189
12.6377608177
12.6399422533
12.6416456878
12.6623394665
12.673823965
12.6894102622
12.7150825074
12.7436321709
12.7619685529
12.8164202317
12.8265085862
12.8641474904
12.9011785089
12.9482618529
12.963686744
12.9897062645
13.005968726
13.0853201322
13.2108327191
13.2131173301
13.2156671576
13.2173532059
13.2734383484
13.2966519076
13.3213839159
13.3252489384
13.3298263736
13.3312312499
13.3355757356
13.3474361719
13.3588609029
13.6763569838
13.766243803
13.7855674212
13.8097225082
13.8314787807
13.8396595245
13.8582062944
13.8727533455
13.8871227521
13.9093271897
13.9255698488
13.9383442308
13.9532036798
13.9788562248
14.0232865083
14.039291214
14.0510864035
14.0719526298
14.1176349687
14.1434839888
14.1561291722
14.1666157682
14.2126568812
14.2213776756
14.2758839418
14.302996624
14.3246939715
14.4070002218
14.4183729075
14.4195301764
14.4291400914
14.4363228833
14.4427652803
14.4454949734
14.4517853189
14.4549009408
14.4591511957
14.4674442791
14.47270473
14.4834794855
14.5040566329
14.5359155965
14.5483368634
14.5878095452
14.5996275554
14.6051335113
14.6092308617
14.6270173644
14.6300196766
14.6314165422
14.6397987436
14.6535932199
14.6625093453
14.6646204396
14.6799348799
14.6811911388
14.6963615301
14.6997304237
14.7151404543
14.7186755369
14.7307852782
14.7371777932
14.818612115
14.8333101144
14.8452937611
14.8533667257
15.2229446894
15.2273661001
15.2352751621
15.2499887492
15.2517142396
15.2685059818
15.2863511108
15.2991081838
15.3484119257
15.396157906
15.4121209935
15.4140581714
15.4305317702
15.5925958625
15.6025239028
15.608710426
15.620051187
15.639010309
15.6672862872
15.6809439609
15.6892236778
15.6980917557
15.7019488745
15.7146194731
15.7169084398
15.7252502945
15.73136
15.7390716773
15.7490344835
15.7635102683
15.7788733492
15.7810517223
15.785057606
15.7918386459
15.8197578044
15.8278608596
15.8419174177
15.8582027092
15.866195076
15.9032350533
15.92053726
15.931387075
15.9409014001
15.9519719706
15.9734382207
15.989153065
16.0028213147
16.0248517657
16.0760819915
16.1084087952
16.1249486211
16.1390723117
16.1432524413
16.1658273812
16.2070624222
16.2488253596
16.2753332381
16.2958521745
16.3106384535
16.3401020555
16.3413586926
16.3526300101
16.3599436424
16.3841852448
16.400199021
16.4029318694
16.4129360083
16.4306959732
16.4391305594
16.4558055699
16.5396036086
16.8027433573
16.8036949463
16.804631596
16.8067628773
16.8166764874
16.8199136429
16.8260466169
16.8268448241
16.8312248405
16.8347027652
16.8673902065
16.8846277576
16.8940659076
16.9046541314
16.9128676335
16.9309571117
16.9369638918
16.9506135856
16.9592939969
16.9612260156
16.9706287332
16.974205981
16.9859695191
17.0041212136
17.0280382838
17.0561732071
17.0572491191
17.0617423497
17.066741854
17.0738029908
17.084568715
17.0910645735
17.0998028693
17.1098213677
17.1182912122
17.1326771564
17.1410650613
17.156166237
17.1570068153
17.1758027835
17.1842132575
17.1918610497
17.2382335779
17.2548849563
17.3351493738
17.3452325849
17.3544327719
17.3746303198
17.3771451884
17.4026918249
17.41877143
17.4287782586
17.4614130838
17.4840116967
17.4986910919
17.5167862665
17.5375492539
17.5778591667
17.5894114259
17.5951452812
17.7473630295
17.7597204224
17.7693691123
17.8007066871
17.8170295427
17.8317010439
17.8433395978
17.9133371034
17.9328956992
18.0413973893
18.0469994041
18.0546234562
18.0680103217
18.0803892797
18.0841880256
18.1009369882
18.1053328697
18.1191391496
18.1261183676
18.132607599
18.1456493007
18.1515811973
18.1828341816
18.1954059112
18.2067328777
18.2153957748
18.2233252274
18.2306884835
18.2314956636
18.253576638
18.2633431691
18.3182757233
18.3282511114
18.3339644357
18.3503297852
18.3563539961
18.3710704274
18.3723272828
18.3773452436
18.3946918258
18.4122645895
18.4314391694
18.4388409764
18.4468038735
18.4657340558
18.4786889803
18.4827193212
18.5009093761
18.5087612641
18.5335265356
18.5578405475
18.5928402908
18.5975224732
18.6083103109
18.6247654436
18.7123505292
18.7308054255
18.7389907685
18.7458730512
18.7803372803
18.8086688732
18.833097855
18.8534755573
18.8733786707
18.8854196873
18.9259040303
18.9474467332
18.974361444
18.9861493485
19.0072550669
19.0389011871
19.0541902657
19.0708438024
19.0992789618
19.1305685661
19.1564678825
19.1708181074
19.1802495267
19.2094149603
19.21899674
19.2236300107
19.2386714524
19.249908033
19.2544535179
19.2630308138
19.2675828299
19.2865763893
19.3116329917
19.3203083539
19.3248790472
19.3327418272
19.3407528747
19.3493167715
19.3618966557
19.4411599348
19.4550208144
19.4735697586
19.4774145092
19.4963615533
19.5019794969
19.5071140297
19.5148292314
19.5161709765
19.5396402658
19.5619272231
19.7317146636
19.7406639593
19.7517342646
19.7542164335
19.7696680926
19.7903969124
19.8004852619
19.9278613984
19.9461489719
19.9542434948
19.9856298241
19.9984705853
20.0105167076
20.020006269
20.0478519105
20.0587944376
20.0617636879
20.0639526279
20.0829524771
20.1130052805
20.1305608553
20.1526067232
20.1715562032
20.194753655
20.2263245572
20.246444509
20.2563963419
20.3006242924
20.3174346166
20.3417888438
20.3727163728
20.4010563851
20.4059899943
20.413636476
20.4171147379
20.4447824696
20.4557680211
20.4643791837
20.4705195111
20.4731212117
20.4748810568
20.4779144938
20.4797305941
20.4820487327
20.4984513376
20.5150426189
20.5275417471
20.5536795584
20.5734705206
20.5810219103
20.6144057903
20.6266522886
20.6356386681
20.6439505921
20.6576972907
20.6905974827
20.6933951545
20.7040237389
20.7184804649
20.7235591964
20.7537618958
20.7630760888
20.7649288241
20.8026531951
20.8316001801
20.8357839469
20.8415162814
20.8470732471
20.8651862525
20.8853849151
20.921290503
20.9252909917
20.947197671
20.9619764547
20.9736151561
20.98819577
21.0006675698
21.0223268716
21.0427706773
21.0518103026
21.0580844374
21.0648778525
21.0777298254
21.0799068103
21.0950793647
21.1208532855
21.1285208791
21.1506944662
21.1799453796
21.2298068239
21.2553142014
21.2692466977
21.2805619995
21.3174454325
21.323610309
21.3391698052
21.361255942
21.3975275346
21.4125039685
21.4401414331
21.4651554002
21.469570737
21.4760191888
21.4845661635
21.5247794603
21.5480236838
21.5629389416
21.5783836684
21.6123215782
21.6138643732
21.6201708411
21.6214455212
21.6819700133
21.6946304315
21.7043099823
21.7071359174
21.7100620945
21.7108006805
21.7203029849
21.7229417008
21.7366241193
21.755103686
21.7638518699
21.7698650103
21.7785773397
21.7971905862
21.8112890254
21.8145936559
21.8250878786
21.832699643
21.8454373678
21.8468544749
21.86144315
21.8760349791
21.8967467941
21.9048669053
21.9206027023
21.925783747
21.9328602141
21.9476341078
21.972522222
21.9801794994
21.9859505325
21.9965245156
22.0683348923
22.0860548287
22.1006063156
22.1139520808
22.11938801
22.1240872809
22.1307219783
22.2833534764
22.3263564691
22.3654634112
22.3832286652
22.3858285283
22.4205122743
22.439803013
22.4867680272
22.5314679951
22.5607333759
22.8081535192
22.8447564949
22.8513103285
22.8564723523
22.8625747556
22.8790749653
22.896083889
22.9076720217
22.9096890482
22.9107751338
22.9296840326
22.9453492212
22.9555563794
22.9587661419
22.9726812251
22.982020668
23.0017481603
23.0053237136
23.0205844017
23.0222379674
23.0345179551
23.0384338387
23.0446645326
23.0482263256
23.058709717
23.0596589093
23.0621609481
23.073900798
23.0812897727
23.0884219651
23.0959563151
23.1080524929
23.1179202311
23.1397911635
23.1963439664
23.2286005558
23.2423962692
23.2496601116
23.2759165991
23.2959755059
23.3175514359
23.3943331714
23.4034398153
23.4475129293
23.4702155799
23.5017057652
23.5104200833
23.5238446783
23.5499313757
23.5757482923
23.6264723111
23.6404013287
23.6881291656
23.7123388356
23.7257976661
23.7293951907
23.755767655
23.7698602206
23.8001170235
23.8194995503
23.8280962446
23.8643938592
23.9975190331
24.0011642117
24.0090382034
24.0254514282
24.0293002955
24.0335629998
24.0432201722
24.0481328053
24.063144391
24.0951987533
24.1046400072
24.1104356223
24.1124909552
24.1279479516
24.1344692915
24.1469320944
24.1606699914
24.1687537888
24.1713993415
24.2088523822
24.2120548869
24.2244515215
24.2315920896
24.2491362404
24.2560068854
24.2679191598
24.2836293218
24.2945980886
24.299360585
24.3062773706
24.3186033771
24.330925084
24.3374774718
24.3512251256
24.3811128649
24.3907472011
24.397607285
24.4054498746
24.4303424791
24.4451610089
24.4531572349
24.4558711621
24.4602513709
24.4732367159
24.4826955624
24.4842281509
24.524279146
24.5358541179
24.6479323121
24.655198078
24.6669619244
24.6937847211
24.7250418806
24.7371173105
24.7421210946
24.7559366417
24.9955913097
24.9983205638
25.0127335507
25.027566615
25.0956608148
25.1272517662
25.1398305925
25.1511623203
25.2056866714
25.2078475983
25.2145162341
25.2167459769
25.2241955679
25.2292391105
25.2592291977
25.2704610601
25.2899473091
25.2916658454
25.2972045033
25.309362159
25.3176807164
25.32134784
25.3260289957
25.3332695074
25.3374137106
25.3637892804
25.3672602443
25.3857403962
25.3871224621
25.4046916669
25.4117508028
25.4188259808
25.4489258471
25.4606421084
25.4712148099
25.4957260238
25.5065419772
25.5498704747
25.5639685556
25.568320682
25.5826582981
25.6554904347
25.6777621493
25.6946823062
25.6969458947
25.7191795204
25.7367232677
25.7403311725
25.7738687103
25.7923851132
25.8176340604
25.8369468568
25.8570013016
25.8657103707
25.8690590419
25.8925652885
25.8991795026
25.9048368187
25.9200395221
25.930647692
25.9840822622
25.9984651912
26.0141765674
26.0244219634
26.0476397314
26.0666229741
26.0821528558
26.1202949343
26.1373356368
26.1676238858
26.1902170283
26.246973725
26.27702992
26.2869632908
26.2910634808
26.3033803964
26.4122753563
26.4250807821
26.4341849597
26.4426085186
26.4477605354
26.4526058195
26.4607770403
26.4630821102
26.4742015163
26.475264156
26.4779314177
26.4798981816
26.5054673457
26.5271130597
26.5393049203
26.5460942746
26.5519110487
26.5645008254
26.5685816
26.6040810489
26.6093454243
26.6127406452
26.6276852015
26.6369650494
26.6400027657
27.607318769
27.6136159005
27.6243252538
27.6285565162
27.6347231423
27.6398144836
27.644894345
27.6483113833
27.6648948015
27.6849333677
27.7030549965
27.7055581006
27.7238791784
27.7278813336
27.7297276571
27.8460368204
27.8621695726
27.8633026777
27.8814289238
27.892561852
27.9042313664
27.9997369504
28.0043671031
28.0150158444
28.0257346697
28.0416492541
28.0543011175
28.088258721
28.1351277766
28.1473228122
28.1543131605
28.1621966407
28.1722368825
28.1846842636
28.2216763975
28.2365285704
28.5286256762
28.5532839253
28.5589039708
28.5694218713
28.654492158
28.6734357522
28.6939462729
28.7203019368
28.7479993436
28.7496556314
28.804878222
28.8077062793
28.820021152
28.8298440444
28.834262953
28.8349374554
28.8404551177
28.8514743338
28.8535302727
28.8591802192
28.8668008266
28.8674696322
28.878936632
28.884109555
28.884678601
28.8875003499
28.9038625241
28.905624912
28.9802019712
28.9865543895
28.9918597942
29.0012296871
29.0227452329
29.0328373074
30.0085019889
30.0216519853
30.0267638437
30.0359977455
30.0428571508
30.0500773558
30.0613776101
30.0702113947
30.0724688398
30.0744755998
30.0794959319
30.0971049575
30.1067908583
30.1110774103
30.1302414857
30.1333467371
30.1386835949
30.1975513009
30.2079653444
30.2150445377
30.2210598082
30.2278943723
30.242819238
30.2505244125
30.2579112543
30.2640418953
30.2685540493
30.2896185054
30.2929766645
30.2998623029
30.3087183182
30.3166015315
30.3280265732
30.3320069345
30.3369331811
30.3503399481
30.3933888203
30.3948596605
30.4060735726
30.4161683976
30.4284949869
30.4512567716
30.5424417207
30.5564874021
30.5758032972
30.5909518375
30.6011981921
30.6169157335
30.6245276665
30.676252092
30.6849262999
30.7016923914
30.7030446218
30.7394121372
30.7456863709
30.7917201387
30.7996505431
30.8086523911
30.8258604176
30.8686106305
30.8820172017
30.9224663536
30.9396808653
30.9500891521
31.0215119434
31.0230043625
31.0340473164
31.0664119908
31.0814387579
31.1129824821
31.1396691138
31.1569272548
31.1833393621
31.203244371
31.2065151561
31.2073147745
31.2119949539
31.2253158733
31.2589175318
31.2626123074
31.2835356963
31.2860418785
31.2946500796
31.2990934812
31.304087476
31.3049395119
31.3133449575
31.3259865229
31.3518535617
31.3672912507
31.380044276
31.3811957064
31.3919479148
31.4046449542
31.4073007371
31.412030764
31.4254089837
31.4387817265
31.4540231154
31.473416297
31.4747179209
31.56128112
31.5740560968
31.5804785301
31.5894680628
31.5910311361
31.6067367573
31.6186681573
31.6194736328
31.6361098264
31.6505741254
31.6636884391
31.664851151
31.6677582622
31.6826951146
31.702231339
31.7209435656
31.7223051872
31.7243343702
31.7634371388
31.7813570169
31.8066971747
31.8257523822
31.8976747405
31.9195904572
31.9236993887
31.9374274506
31.9458973928
31.9613677871
31.9883074208
32.0041765538
32.0260529138
32.0433626975
32.0855375135
32.0880923855
32.4604496358
32.4726605794
32.473934327
32.4871646535
32.4917822498
32.5039981237
32.5097073596
32.5194404573
32.5320436014
32.5375653729
32.5460669494
32.554340993
32.5666004173
32.5815886227
32.5924087046
32.5936835683
32.5992840505
32.6101703279
32.6184873214
32.6195713594
32.6222098569
32.6297802335
32.6387002268
32.6509514749
32.6694808737
32.6828898682
32.687599391
32.6952015242
32.7048945097
32.7115036777
32.8058674369
32.8745066011
32.9063795575
32.9221256695
32.9348923633
32.9416132859
32.9505894148
32.9539820123
32.973601483
32.9844135749
32.9998137636
33.0090815459
33.0267945079
33.0520125968
33.0624598369
33.0664600367
33.0901891048
33.0912808791
33.0926450723
33.0992309339
33.1110497042
33.1274183225
33.130257287
33.148387924
33.1692672712
33.1868411893
33.2153193601
33.2309892375
33.2698011939
33.2947052015
33.2969250134
33.3344439417
33.3832198824
33.4163501523
33.4614854735
33.4800581151
33.4944135969
33.5442981367
33.5559571081
33.5708471488
33.6039441988
33.6093918397
33.6135244421
33.6213728457
33.6248218876
33.6381378144
33.6458576592
33.6580784743
33.6699358093
33.6723563782
33.6896841449
33.6980077805
33.6997935527
33.7061706467
33.7158348588
33.7257176518
33.7334168413
33.7343284682
33.736683624
33.7442608611
33.7630674548
33.7701254677
33.7876794792
33.8002705206
33.8117246641
33.8163796452
33.832862308
33.8388372668
33.8456113614
33.852718448
33.8608845443
33.8837651053
33.8999757221
33.9046716569
33.9063777275
33.9075930402
33.9249376506
33.927853894
33.9542129501
33.9728305364
33.9800699718
33.9917528182
34.0056368934
34.0140396154
34.0249017775
34.0424259139
34.0560868714
34.0636654317
34.0865865101
34.0969593243
34.1116594681
34.1180503478
34.1388713086
34.1508983121
34.1678703248
34.1900122053
34.2010240888
34.2085812079
34.2392535701
34.2490408762
34.2609999078
34.2766025633
34.2969487269
34.3102890406
34.3294374386
34.3539829639
34.3662755277
34.3699183013
34.3806822912
34.4052380996
34.4215205969
34.442676563
34.4721715587
34.4919747772
34.5511439131
34.5671005061
34.8036113843
34.8067532793
34.8077161445
34.8091865898
34.810112891
34.8149437127
34.8195264996
34.8277019871
34.8537740889
34.864774031
34.8656336094
34.87074763
34.8847380529
34.8867065154
34.8893812863
34.9115031767
34.9170765086
34.9219831138
34.9284649279
34.9303050843
34.9452107536
34.946172369
34.9503702614
34.9541482726
34.9558916808
34.9607448663
34.9650135323
34.9800554419
34.9876266376
35.0028238898
35.0093671875
35.0548596031
35.0703441475
35.0867195996
35.1207903919
35.1321085463
35.1558397188
35.2559603906
35.2595659342
35.2823551179
35.2936364432
35.2960495767
35.3095371708
35.3201118271
35.3315090078
35.3385709933
35.3487469204
35.3540446463
35.3643600326
35.3994465937
35.4263733161
35.9645384257
35.9825789925
36.005212601
36.0144284751
36.0228789734
36.034312792
36.0351881736
36.0368190706
36.0390018492
36.0455490637
36.0536824732
36.059234072
36.0654025843
36.0703861643
36.0773273646
36.0810331278
36.0904288796
36.1534036917
36.1578676906
36.1703038977
36.1759210896
36.1767264722
36.1835298553
36.18901391
36.1919819421
36.1931391174
36.1947599163
36.1961795215
36.2012210181
36.208706634
36.2151982241
36.2229055507
36.2380015855
36.2491142139
36.2529025371
36.2657044215
36.3260724434
36.3328271861
36.3388049163
36.3521804205
36.3611017787
36.3851506776
36.4235177856
36.5208038858
36.5398017108
36.5770872493
36.6055607035
36.6151023679
36.632905781
36.6448440013
36.6514980756
36.6615001116
36.6730528664
36.684296938
36.6952565726
36.6986593561
36.7058169257
36.7185519205
36.7254886234
36.7377922532
36.7641149362
36.773852706
36.8004439369
36.8152189041
37.0420334258
37.0508939486
37.0773212758
37.0910409635
37.1255178254
37.1336683452
37.1644163896
37.1666964973
37.1958597091
37.230279374
37.24167512
37.2481944851
37.2584564074
37.2633428583
37.267297687
37.2775710142
37.2817711032
38.409668711
38.4133283905
38.4234577511
38.4266874611
38.4360222645
38.4498717604
38.45093277
38.456637111
38.4632408928
38.4662399985
38.4759345668
38.4870594885
38.501457899
38.5136742601
38.5192993517
38.5202732879
38.5297980977
38.5655181772
38.5857822554
38.6082323863
38.610339381
38.6255207137
38.6356291239
38.6427067169
38.6433490883
38.6446596724
38.6526191057
38.6574838507
38.6704833456
38.7010965549
38.75398818
38.7596101874
38.7724585123
38.7739992056
38.7852357863
38.8027725284
38.8177214773
38.8219469618
38.8594361166
38.8712554313
38.883838784
38.9023917303
38.9038585981
38.9104641347
38.9210485213
39.0942029252
39.1511114187
39.1613723019
39.1797755541
39.2221359227
39.2289401623
39.2415633878
39.2578748842
39.285927348
39.3040148709
39.3270850078
39.3593299808
39.3833072249
39.4512549401
39.4567887807
39.556851287
39.5686506736
39.5826516484
39.6099608057
39.7226838421
39.7233210046
39.7568360968
39.7658196193
39.7748220017
39.7871675995
39.8035490543
39.8089244324
39.8440972284
39.8756248837
39.8819535435
39.8977741838
39.9359998325
39.9463709706
39.9477537321
39.9972926525
40.0021958636
40.0062045964
40.0193797749
40.0259793438
40.0441772856
40.0616299485
40.0787696698
40.0963223256
40.1129992272
40.1185742556
40.1475640821
40.1534386674
40.2258820238
40.2269942545
40.2377101529
40.2443049275
40.2528169236
40.2696917338
40.3025298027
40.8066615475
40.808208446
40.812732572
40.8304423479
40.8475394714
40.8544867262
40.8757797106
40.8914196804
40.899188245
40.9090250283
40.9221244505
40.92515545
40.9371424517
40.9987191621
41.0125710243
41.0181729725
41.0214533237
41.0474764082
41.0583186502
41.0696439562
41.0766415403
41.0962244251
41.1040255744
41.1102877215
41.1259524189
41.1270778076
41.1326541037
41.1411243385
41.1424769041
41.1485232173
41.162965523
41.1731204768
41.1784554721
41.1855706157
41.1867781399
41.219252073
41.2492575147
41.2717884189
41.2920168114
41.3188339658
41.3252009257
41.3393025792
41.3463200634
41.3577061756
41.361907249
41.3797501458
41.388313127
41.3972584526
41.4048693053
41.4110978766
41.4364373363
41.4600545797
41.6242969418
41.6406967831
41.6619704615
41.6959246608
41.7244262741
41.7540132018
41.7631415565
41.7996982732
41.851494463
41.8688237188
41.8789224214
41.884327331
41.8870271183
41.9225168656
42.0060385032
42.0167213584
42.0211604389
42.0264914232
42.0294275109
42.0379749439
42.0422198826
42.0494055871
42.0543108173
42.0590858598
42.0621804169
42.062751545
42.0659318181
42.076275957
42.0950491831
42.101140699
42.1122297675
42.1137147092
42.116602561
42.128709267
42.1447383705
42.1500548607
42.1719093594
42.1803092382
42.1815627049
42.1942527611
42.2214022859
42.2283425628
42.2411699606
42.2449031638
42.2602968891
42.2723426485
42.2739174436
42.2857907196
42.2940328688
42.2999256511
42.3016295738
42.302602709
42.307840978
42.3120128311
42.3161369491
42.3194091149
42.3308788842
42.3326244002
42.3410754171
42.3539611616
42.3659335267
42.3700111211
42.3759063428
42.3851813114
42.3975768583
42.4116728288
42.4144431991
42.4499714374
42.4763039097
42.4915673323
42.5060577921
42.5213246129
42.5326356481
42.5342990162
42.5413846687
42.5515000087
42.5642260377
42.7506426053
42.7826233093
42.7952952437
42.8311558544
42.8748556339
42.8889382342
42.9153789874
42.9334047674
42.9670099144
42.9898448271
43.0018804271
43.0449550838
43.0800151111
43.1058594264
43.1304678868
43.139603142
43.1535276805
43.2117915036
43.2213400579
43.226233895
43.242121619
43.2500708815
43.265285092
43.2689086743
43.2772768523
43.2837217445
43.2887176883
43.2942614715
43.3096895145
43.3104967818
43.3208320752
43.3366061086
43.3423093574
44.4119759358
44.4198885292
44.4263359226
44.4272448236
44.4357493186
44.4376823385
44.4462563652
44.4542032199
44.4613558456
44.4760050569
44.479477983
44.4868298853
44.5002400764
44.5096181892
44.5169390396
44.5183022142
44.54185186
44.5498460552
44.5834661072
44.6263569894
44.6289154279
44.6370907921
44.6501929937
44.6662803901
44.6774156216
44.6850078005
44.692979881
44.7128858243
44.7324027287
44.73666496
44.7396498025
44.7448899834
44.746872889
44.7480136892
44.7651406649
44.7700266238
44.7786708379
44.7872162575
44.8044959193
44.8248049505
44.8299381032
44.8507025507
44.8589763841
44.8731302018
44.8807264325
44.888902101
44.9265494376
44.9277703358
44.9339620521
44.9612315803
44.9741392601
45.0418909154
45.0485362922
45.0673973982
45.0706232819
45.1846483001
45.1968028748
45.2243671222
45.238221765
45.2428565923
45.2545352421
45.2634491686
45.2732719686
45.2927845882
45.2985559962
45.3051591466
45.3088561115
45.3369429988
45.37798831
45.3797625027
45.4013770164
45.5858154385
45.6082929572
45.6100570439
45.615305154
45.6169795522
45.6241710357
45.6275535787
45.6341033557
45.6818461413
45.6946969288
45.7516911304
45.7594747604
45.7613154006
45.765408256
45.7726337167
45.7886272525
45.8107335713
45.8204214127
45.8303619821
45.8681277373
45.8854801879
45.8879891785
45.8951553528
45.9011877901
45.9108777683
45.9158070439
45.9225075982
45.9371468073
45.9626904949
45.9642442329
45.973818277
46.0045690392
46.0233083641
46.0358791686
46.0443037823
46.051048439
46.0607152912
46.1005857557
46.1044532479
46.1054079575
46.137488324
46.149544929
46.1705279907
46.1777756243
46.1924552148
46.2577407313
46.2773859647
46.2884174838
46.3062235592
46.3308046616
46.3344779176
46.3575898205
46.3764421546
46.3847172203
46.3873452861
46.400032774
46.4172924316
46.4299378863
46.7469821075
46.7689592581
46.7921248165
46.8058753353
46.8189565123
46.8221492603
46.8295631429
46.8417133659
46.8450092271
46.8523648179
46.8573656329
46.8585781744
46.8687243008
46.8778682464
46.9543571154
46.9648998717
46.9894120076
46.9923993427
47.0313908607
47.0321064119
47.061132683
47.0667816843
47.1501864136
47.1721716259
47.1923797042
47.1990814006
47.2203940782
47.2287219459
47.2394255232
47.2630565892
47.272215726
47.2786510731
47.2999471738
47.3101491487
47.3116148666
47.3290983202
47.3381400151
47.3394871951
47.3473310578
47.3861405732
47.4111849193
47.431058819
47.4530026176
47.4620070287
47.4672850035
47.4687829765
47.4802424992
47.4954656529
47.4972102625
47.503437934
47.5166136154
47.5228832617
47.5388637189
47.5407802355
47.5465510835
47.5681896417
47.5972711057
47.6309705944
47.6421286548
47.6836033401
47.6951951713
47.7089295586
47.7344465412
47.7473936394
47.7951054428
47.8211123577
47.8375651718
47.8594781828
47.8937061591
47.9164378322
47.9319569019
48.0052546754
48.0123922096
48.0271920177
48.0455791262
48.0627091794
48.0633544282
48.0688367655
48.0790954346
48.178100235
48.1870744683
48.1975205618
48.2080486095
48.2199756067
48.2391069273
48.2474137943
48.2549376547
48.2598871329
48.2854562612
48.2888896697
48.2980094779
48.3455217417
48.3607467356
48.369583006
48.3772892981
48.3891260018
48.4097457323
48.4178130561
48.4355117752
48.4365765815
48.4435810299
48.4505998721
48.4843683566
48.5037452926
48.5520075035
48.5703184478
48.5795155934
48.5898672413
48.6343518106
48.6870700992
48.7075740141
48.7201764228
48.7327511621
48.7566705095
48.7685766715
48.8089358169
48.8161328154
48.8189111897
48.929881033
48.9749868979
49.0461717905
49.0617248184
49.1006179215
49.119969551
49.1699192519
49.1775802022
49.2087689296
49.2128635939
49.218137258
49.2205643378
49.231147348
49.2357675415
49.2476373496
49.2505137288
49.2512010916
49.2565994452
49.2598959272
49.2628142164
49.2673524024
49.2753734524
49.2840527245
49.3003288133
49.3043305704
49.341751864
49.3564372889
49.3756918576
49.3816723546
49.3828358416
49.3947634397
49.4081611532
49.4224057411
49.4372046061
49.4581877144
49.4616773757
49.4672546603
49.4786844782
49.4999149219
49.517436805
49.520056148
49.5303440866
49.5365499169
49.5522479715
49.5570823971
49.5875750813
49.5890897122
49.5945790342
49.6040330161
49.608453516
49.624207648
49.6420057999
49.6483284815
49.6559349014
49.6570611247
49.670164227
49.6742024414
49.8767397743
49.8971013392
49.9240372317
49.9413815521
49.9513861835
49.9784659876
49.9881409853
49.9989392447
50.0420032972
50.0721256074
50.0794982101
50.1158214828
50.1356706459
50.1540853373
50.18172131
50.2001260436
50.2018802442
50.2472014745
50.2679417717
50.2946624293
50.2963070161
50.2991539975
50.3135743746
50.3475993969
50.3660728577
50.4063773963
50.4094107629
50.4166969836
50.4232579222
50.4242366238
50.4360913631
50.4418470725
50.4517738969
50.4581386891
50.4690516278
50.4761500709
50.4819417721
50.4843174968
50.4890746088
50.5139291096
50.5188323892
50.5222464849
50.5302495939
50.5311869597
50.5393499064
50.5417535237
50.6290522684
50.6434373744
50.6553256784
50.6661208422
50.7090791119
50.7268567924
50.7418849483
50.7685224659
50.7730265986
50.7789954562
50.7864589954
50.7904104931
50.8067875847
50.8323433886
50.8535477424
50.8701847182
50.8938390505
50.9159724606
50.9182676063
50.9330303787
50.9553002846
51.002035476
51.0148933481
51.017487002
51.0202674907
51.0253680036
51.0431323303
51.0575186634
51.0644607134
51.083982078
51.1221087065
51.1322642059
51.1416079257
51.1447780363
51.1543400165
51.1947621225
51.2185043478
51.4852940218
51.5067388016
51.511597687
51.5723980699
51.6109706247
51.627071274
51.6299700179
51.6322513711
51.6412389535
51.6499785706
51.7082334215
51.7354779083
51.7394438851
51.7510600291
51.752936911
51.8001222527
51.8007921654
51.8138498813
51.8250467109
51.8294635796
51.837170164
51.8537213204
51.8597745818
51.8656099304
51.8850118797
51.8903250002
51.9082041689
51.9146117429
51.9214290811
51.9292999833
51.941140861
51.9444949658
51.9616139902
51.9879326871
51.9901055128
51.9960065624
52.0004578507
52.0079557665
52.0145954748
52.0258263846
52.0532599191
52.0638909052
52.1694764066
52.1984337486
52.2266266443
52.7900508833
52.8060540244
52.8100520953
52.8121975468
52.8164008935
52.8169582128
52.8313333891
52.8368594042
52.8398370959
52.8619154019
52.8745195003
52.8900058596
52.8971437242
52.9117588239
52.9150910013
52.9201871519
52.9334055039
52.9366371427
52.9432451607
52.9486544594
52.9617079362
52.9705468782
52.9778013909
52.983019785
52.991093686
53.0032312601
53.0164206844
53.0296818038
53.03449382
53.0492168214
53.0618743048
53.0733247742
53.0882948773
53.1114687898
53.1433180304
53.1587959135
53.1691097998
53.1892309022
53.1927086036
53.1968723559
53.203028793
53.2048606616
53.2234166052
53.2728318614
53.2901909581
53.2925492706
53.3206144111
53.337813256
53.3541978926
53.3633130119
53.4089409999
53.4372725964
53.4621296076
53.4645178567
53.4773443271
53.4944540759
53.5023519464
53.5186802243
53.5363551944
53.544569297
53.5668285714
53.5933991564
53.6265232511
53.6929832069
2281
