6.00778334209
6.01181680437
6.02017171666
6.02358547772
6.03212063313
6.03322353952
6.04222790599
6.05318630217
6.05752794589
6.06062241221
6.06450370667
6.09007659796
6.09700257754
6.11168971215
6.14087346039
6.19438296974
6.3774003775
6.38550112815
6.40542094731
6.42039765887
6.42133533937
6.43960275267
6.454171879
6.46572888936
6.47329638287
6.49339094932
6.5054039455
6.57460034399
6.59017523614
6.59634223512
6.60876511311
6.62872779552
6.6438169061
6.64491426705
6.65689205114
6.67244702862
6.67528473526
6.69840995153
6.71251992315
6.71413641878
6.7355410507
6.74689042848
6.78222115906
6.8070666496
6.81414382087
6.83764278669
6.83989054266
6.85774860309
6.89740816616
6.95491701523
6.97912035135
6.98114805183
7.00143999003
7.02318245142
7.0406937842
7.07356466948
7.09100699536
7.10948544105
7.12164046684
7.16121358366
7.17798145556
7.20846016823
7.21162000048
7.21836430915
7.22624259913
7.2344437118
7.25435872329
7.25590864105
7.25932918148
7.2604890434
7.26383016707
7.27918632486
7.28021676182
7.28908064247
7.29567406833
7.31036299578
7.32132728815
7.32904800949
7.33758837788
7.34561719099
7.35747616556
7.35920745064
7.36500946211
7.40653896007
7.42037715154
7.4224336396
7.43744455133
7.43837155871
7.44225510788
7.45529968178
7.45635757125
7.4628265124
7.46849335318
7.48236737664
7.50382450236
7.59724050966
7.60478104681
7.6195353616
7.6280645359
7.64818937468
7.65538177866
7.6595489859
7.67047255573
7.67629103635
7.68895445553
7.69558531794
7.93321827927
7.96305955222
7.98147035011
8.26654239684
8.28715342172
8.41139678446
8.52719874052
8.53752716774
8.5565023839
8.56688533627
8.57122714474
8.58455892934
8.59577053461
8.5966694113
8.632297208
8.63347213055
8.6398549747
8.65372329558
8.66767788499
8.67473281525
8.70421683905
8.71455320911
8.72088975051
8.73141523139
8.73334649327
8.79036989149
8.80342702328
8.83581855451
8.85721298427
8.86972223024
8.88868548895
8.89826372441
8.91080080115
8.93084905757
8.93708765608
8.95127008847
8.97292429211
8.99305123628
8.99785300885
9.02241746335
9.04433996688
9.04647165553
9.07159286456
9.11809371059
9.12032388014
9.14208976531
9.15174319603
9.17198197113
9.17718498739
9.19037320358
9.19280376808
9.21054080402
9.23099270074
9.29128690276
9.29796957997
9.32410645085
9.34472923264
9.35236535305
9.47918616641
9.5041767151
9.52530005487
9.60046777065
9.60635728646
9.66321581265
9.67835716389
9.68072069092
9.68674872017
9.6881454875
9.71351711761
9.72319534416
9.72747216877
9.73265814483
9.73514270997
9.74427230824
9.75281913218
9.75757621997
9.78149963899
9.78752694944
9.80247284073
9.80827996445
10.0368744581
10.0435455542
10.0599846239
10.0638778464
10.0753837653
10.0818858908
10.0920674079
10.1007580012
10.1134232262
10.1144816109
10.1258891143
10.2474951817
10.2577600579
10.2720728778
10.2833733223
10.2923325385
10.3128601397
10.3376231221
10.3961999864
10.4145045749
10.493380208
10.4950017736
10.5142304709
10.5215986271
10.5306434489
10.5625137041
10.5761996809
10.5939383898
10.6075842399
10.6225402471
10.6685568296
10.701147828
10.7207078155
10.7310433687
10.7665874728
10.7762402536
10.7922110582
10.8076022838
10.8168585025
10.833755352
10.8496528836
10.8660581509
10.8697138685
10.8835565458
10.8897347324
10.8904322081
10.9017397038
10.9056168594
10.9327475141
10.937830779
10.947041978
10.9554658176
10.9736352504
10.982552029
10.9860498675
11.0057000635
11.0202111688
11.0267743211
11.041160933
11.0545112704
11.0641811111
11.0758914729
11.0815330001
11.1713748114
11.1796352698
11.190663661
11.2094827176
11.2282101232
11.2408769752
11.2485734418
11.2507103172
11.3591940951
11.3744258957
11.4026432016
11.4230905652
11.4464313461
11.4577133809
11.4721991147
11.5051008712
11.5167412847
11.5550656759
11.5630960012
11.5693294796
11.634841024
11.6948840121
12.0722269093
12.0975499646
12.1095123411
12.1145291463
12.1317945016
12.1448832678
12.1559054893
12.1673713481
12.1830179188
12.1872338037
12.1938132829
12.2225379409
12.2325246872
12.2360187408
12.2399543378
12.2421536071
12.3850930646
12.3947247236
12.4063839481
12.4098674683
12.4277986426
12.4427170048
12.4504904886
12.4643383388
12.4807681825
12.487374989
12.6662046924
12.6749778476
12.7048207696
12.7098584945
12.7344890664
12.7742378626
12.7956950515
12.7971178117
12.7998381971
12.8388307878
12.8437451289
12.8692295228
12.8982191077
12.9190295774
12.9551140649
12.9847282437
13.0745375731
13.0989024385
13.1089576924
13.1500533699
13.161116901
13.1823237645
13.183956083
13.2066678209
13.2114647545
13.2173599277
13.2260639158
13.2377354004
13.2396675827
13.2401485139
13.2457207178
13.2667366053
13.2767903244
13.2845499466
13.2927924468
13.2995126229
13.3007171556
13.3178557299
13.3336793538
13.3410183772
13.344013071
13.3451184268
13.3493395156
13.3627831562
13.3870520888
13.3931784768
13.3962852938
13.4046242817
13.4146574833
13.4316522155
13.4377942439
13.4440966354
13.5175774426
13.5474189385
13.5634184069
13.5843519892
13.6048112412
13.6065171646
13.6073500156
13.6173854857
13.6309432444
13.6400595086
13.6461287989
13.6671922869
13.6785677068
13.6855391206
13.7235920656
13.8532381484
13.8629089753
13.883264289
14.4095790384
14.4199843105
14.4245027653
14.42799694
14.4347778123
14.4439005588
14.4510923462
14.4556650792
14.4582729902
14.4908474829
14.5117083037
14.536891482
14.5404716746
14.5453119855
14.5526743812
14.5618198829
14.5690279304
14.5720308031
14.5782988655
14.5880957725
14.5998297474
14.6023928408
14.6162683478
14.6217744465
14.6344860523
14.6368405932
14.6460530712
14.6521269298
14.6631034741
14.6713562055
15.6080996733
15.6132420091
15.6153617338
15.6160605879
15.6167582615
15.6339590042
15.6364312425
15.6457796653
15.6571459529
15.6577456616
15.6647531919
15.6724767359
15.7345004112
15.737042486
15.7515380839
15.7801691848
15.8190278249
15.828808411
15.8586677646
15.8657331105
15.8813809948
15.8871923865
15.892513678
15.9033718951
15.9983000374
16.0023854919
16.00998149
16.0238165961
16.0279968061
16.2840352995
16.3036202866
16.317471799
16.3530752912
16.3844451746
16.4284199186
16.4348296126
16.4524474805
16.5454792644
16.547466821
16.5642857358
16.5799945012
16.5987745753
16.6189276472
16.6314164249
16.6795814586
16.7015325747
16.7039839013
16.742959188
16.7553886849
16.7596816284
16.7636642914
16.7864635208
16.8011836159
16.8200300005
16.8297608505
16.8335846346
16.8446006272
16.8561101135
16.8628818756
16.8653625349
16.8790054351
16.8930710124
16.8998427472
16.9097629806
16.9290325967
16.9416440001
16.9551448592
16.9698081984
16.9775404299
16.9862871351
16.9943265633
17.003385864
17.0070873978
17.0171245926
17.0274760686
17.0374094481
17.0440566964
17.050220018
17.0619675117
17.0657334639
17.0788726052
17.0969368429
17.1171632296
17.1293961236
17.1306249751
17.1411155654
17.1454933072
17.1530663682
17.1545362467
17.1739096515
17.2264460354
17.2823903478
17.289343012
17.2928474881
17.3063903638
17.3187667452
17.3385493013
17.3480810716
17.3672094894
17.3846639837
17.4046266821
17.4180451687
17.4795754286
17.4969900398
17.5101816583
17.5118212258
17.5159793741
17.5422162878
17.543829189
17.5781411675
17.5889426743
17.6612983499
17.6865817404
17.6896767915
17.7023784037
17.7076648122
17.7258465094
17.7278932413
17.7501895544
17.7922266908
17.8024694628
17.8058639143
17.8155399651
17.8212683265
17.8613632554
17.8858107063
17.8903514561
17.9123981186
17.9156750974
17.9535094338
18.0290196132
18.0341547686
18.0396120558
18.0441268468
18.0450349902
18.045608947
18.0545547877
18.0616149938
18.0625212824
18.0692957947
18.0719073682
18.076586545
18.077735857
18.0858132446
18.0871169798
18.0939606007
18.1014951281
18.1076599821
18.1278200847
18.1424718002
18.1532815217
18.1578057847
18.1855639109
18.2641444903
18.3029744536
18.3119722189
18.3363990489
18.3533535776
18.3649224877
18.3660649033
18.4058704665
18.4314868435
18.4472545463
18.4551601424
18.4568613941
18.4651211754
18.4825217863
18.4975337873
18.5217376086
18.5440472568
18.5957565213
19.0198671884
19.0507808222
19.0829776667
19.0845500213
19.0955376407
19.1320786508
19.1445921911
19.1655959506
19.207943438
19.2134884444
19.2539776115
19.2611646544
19.419312545
19.4425965559
19.4519526455
19.4658549993
19.4733099646
19.481677363
19.5101324519
19.5153276439
19.5218078769
19.5345159448
19.5729408307
19.5822140638
19.5898541951
19.6068317403
19.6152595884
19.6222232896
19.6590330883
19.7121509591
19.7300301248
19.7402443418
19.7691812996
19.7980670347
19.8221974122
19.8949309943
19.9129333653
20.2229503656
20.2602761987
20.2763321748
20.299179799
20.3353081751
20.3522380413
20.3633992383
20.3949299598
20.4083272852
20.4111188629
20.416275868
20.4285896871
20.4343859571
20.4386304011
20.4397508227
20.4410536426
20.449026916
20.4585866511
20.468256585
20.470286938
20.4722619658
20.4826356963
20.4929028909
20.4973567652
20.5074098448
20.5079703514
20.5220263627
20.5303916115
20.5509826836
20.551952694
20.5563550202
20.5657653974
20.5797816298
20.5846770607
20.625029049
20.6378354557
20.6508445617
20.6572282244
20.6634320623
20.671975501
20.6756049319
20.7021883562
20.7115190593
20.7217782026
20.7371732095
20.7621617528
20.7699999183
20.7772136544
20.8250869136
20.8705731997
20.8800105907
20.9110615852
20.9381058135
20.9391925735
20.9489719977
20.9546290295
20.9740753234
21.011947363
21.0383609688
21.0493902847
21.0627712888
21.0645568638
21.0941157509
21.1077873389
21.1317151483
21.13919381
21.1502447247
21.1625719031
21.1772933061
21.1857565927
21.2015308282
21.2165134363
21.2421853484
21.2668198049
21.2899367586
21.3289206609
21.336841175
21.3542580257
21.35667242
21.3871473458
21.5123533503
21.5399623324
21.5697668879
21.6052680218
21.6058519383
21.6097813105
21.6234279254
21.6238968038
21.6252855102
21.6258463117
21.6316632803
21.6435002403
21.660270452
21.6626821465
21.6634862404
21.6704675582
21.6768376944
21.6902028898
21.6910441279
21.6985799772
21.7330641464
21.7397554672
21.8145346952
21.8232373203
21.829420834
21.8349490664
21.8507211631
21.8762183678
21.8803678008
21.8892863706
21.9003745097
21.9061912011
21.9137223875
21.9360497645
21.952099334
21.981945405
21.9857721797
21.9963933489
22.0356013498
22.0514674295
22.0610016639
22.2073687219
22.2306264128
22.257548725
22.3537497005
22.8080269041
22.8162444035
22.8270172047
22.8495977562
22.8531858321
22.8647249292
22.8702546255
22.8819281325
22.8827739567
22.8995592088
22.9057095136
22.9156614152
23.0458539305
23.058541362
23.1072598666
23.1726466631
23.1831315427
23.2003874756
23.2445837108
23.2520393001
23.2672352056
23.2766087457
23.2943231047
23.3129102973
23.328173696
23.3341762757
23.3459581933
23.363253041
23.3723722409
23.381251274
23.3889125986
23.4102059587
23.4547799213
23.4659237142
23.4725628279
23.4787169722
23.501355516
23.5214865037
23.5289343765
23.5432938421
23.5773591201
23.5907265954
23.6313169571
23.6508430836
23.6654355314
23.6972435265
23.7112847305
23.7199665496
23.7598176359
23.78699279
23.7995125746
23.860987027
23.8635597719
23.9369545169
23.9470445471
23.9916192345
24.0052194996
24.0195553405
24.0273246238
24.0284759137
24.1082709016
24.1101021211
24.1230209748
24.1535245364
24.1614945897
24.1626392354
24.1719740232
24.1818830592
24.1903241364
24.194779476
24.2042952737
24.2103181813
24.2289393796
24.2885585872
24.3025776962
24.3084669864
24.319009845
24.3217669779
24.3305695451
24.3370956761
24.3437299581
24.3684841878
24.3970789139
24.4117974983
24.4480161937
24.4562073792
24.4621762229
24.4780521862
24.5660977297
24.6094134857
24.6286514352
24.6411793929
24.6430402997
24.6451335718
24.6770179269
24.687010925
24.7172733773
24.7326666916
24.755093956
24.7578531004
24.7670404807
24.7734274206
24.8249529883
24.856423818
24.8718055964
24.8755303061
24.8848419493
24.9078695647
24.9138954469
24.9380406683
25.126712118
25.137732833
25.2054687044
25.2103250463
25.2134875347
25.220142882
25.2279849819
25.2362315366
25.2414013012
25.247366403
25.2623202078
25.2637762672
25.267502706
25.271980427
25.3059373058
25.3096739175
25.316104229
25.3193541322
25.3247017522
25.5408098325
25.5420354941
25.5523206789
25.5665663276
25.5741669495
25.5904293074
25.607524489
25.6293255024
25.6502126729
25.6709598862
25.6882647807
25.6981052186
25.7132599826
25.755414824
25.7588611883
25.7925384828
25.79927742
25.8633486286
25.8877682354
25.9102433355
25.9304059873
25.9635727478
25.9715395761
25.9971795722
26.0232517178
26.0251521887
26.0378910019
26.0425811814
26.0616311019
26.0700455768
26.0893158934
26.1127050807
26.1472287379
26.1731601624
26.2388819948
26.2430333644
26.266510024
26.2952443121
26.3110563045
26.3239254941
26.3519089177
26.4086711813
26.4239064198
26.4249217684
26.4326966355
26.4669748776
26.5002184961
26.5508644944
26.5586995367
26.5708592992
26.5775923268
26.5970753758
26.6007931894
26.6110831249
26.6197495137
26.6404907449
26.6431877113
26.6599393509
26.6655789267
26.6692078363
26.6739448515
26.6896925035
26.6934031026
26.7051087553
26.710083785
26.7195660845
26.7300556364
26.7474741198
26.7521729892
26.7727562559
26.7747159897
26.7757321724
26.7770782231
26.7855551137
26.7909204806
26.7934606442
26.8057359066
26.8147393259
26.8346357516
26.8681558307
26.8728462056
26.883949428
26.8924690607
26.9120344831
26.9280722742
26.9317494211
26.9392041908
26.9721370932
27.0095661265
27.0322103669
27.0451466856
27.0579974947
27.077884913
27.1026893748
27.1201509502
27.1458663265
27.4694359761
27.5095967983
27.5253032113
27.5527258509
27.5769285269
27.6045727399
27.6090344896
27.6095854139
27.6149098582
27.6300350467
27.632447331
27.6469955199
27.6532866519
27.6542629617
27.660004301
27.6667677851
27.6753448736
27.6891709062
27.6996432606
27.7060344514
27.7162587455
27.7444378803
27.745363572
27.7494981206
27.763397859
27.7680557343
27.8071089032
27.8188827843
27.8271327683
27.8370709696
27.842927837
27.8620068699
27.8975437815
27.9185093209
27.9222908623
27.9452932044
27.963984626
27.9816048717
27.9881007583
27.9943328413
28.0026613513
28.0122057398
28.0155594456
28.0266538888
28.0464442744
28.0490778036
28.0653066697
28.070016558
28.0847528148
28.0993854132
28.1797732714
28.1810358196
28.1938954357
28.2421273521
28.2618784856
28.3080199305
28.3242371871
28.3737125451
28.5381550201
28.5479677751
28.573199584
28.5908099313
28.5986129559
28.6115793427
28.6205838117
28.643726259
28.6597278558
28.6720510318
28.7645680397
28.7672306384
28.7975917976
28.8064143274
28.8068660752
28.8282021599
28.8365562951
28.8428296633
28.846270216
28.8492984563
28.8582784339
28.8643735297
28.8710211248
28.8827303911
28.8946439533
28.9049447832
28.92596783
28.9373310979
28.9462826583
28.9590475332
28.9632903608
28.9775115908
28.9873856489
28.9999455823
29.0198614117
29.0238500485
29.0335288377
29.042005049
29.0516866294
29.0584515112
29.0653135685
29.0758865701
29.0797515789
29.0893733044
29.1256997933
29.2246445478
29.2335690266
29.2346210368
29.2405950436
29.2422607536
29.2493929759
29.2686534089
29.2725806665
29.2796915332
29.3092727411
29.3236872017
29.3419307142
29.343591353
29.3507514513
29.4145026525
29.4389474716
29.5637588525
29.6260274491
29.6530774975
29.6578275897
29.6723700349
29.7016712054
29.7155468423
29.7547999783
29.7654755032
29.7803426538
29.8135227327
29.8250094582
29.9851542612
29.9998257532
30.0025335281
30.0190094895
30.0233586102
30.0274401862
30.0369044535
30.0420538772
30.0456070559
30.0554460764
30.1663404329
30.1714719299
30.1732055746
30.1778546083
30.1921432673
30.1985095166
30.2114900884
30.2272350113
30.2472654895
30.2481659559
30.2593408728
30.2718309925
30.2770135911
30.2876119439
30.2917760409
30.3036581991
30.3120683578
30.3128698156
30.3233988553
30.3307946601
30.3454462203
30.3490155395
30.3599330499
30.3944841018
30.4083248114
30.4153341589
30.4295677216
30.4461769039
30.5031730141
30.5183239158
30.523742613
30.5548459875
30.6667755107
30.6801071278
30.6889636931
30.715447844
30.7262109856
30.7284655856
30.7712049743
30.779697022
30.7956433797
30.8018776105
30.8233212983
30.8248462665
30.8523598559
30.8537537889
30.8871198176
30.9204797084
30.9608027668
30.9665928699
30.9789096937
30.9829296666
30.9998858181
31.022159772
31.0768727241
31.0946177918
31.1049277675
31.1092114911
31.1225103993
31.1457373012
31.1699327436
31.1882400686
31.2061995005
31.2123882905
31.2151926936
31.2190716689
31.2254676099
31.2300579541
31.3400810706
31.3539551259
31.3666383249
31.3802697648
31.3862713699
31.4054906851
31.4199359096
31.4218318122
31.431779123
31.4432434711
31.4443955718
31.4519097174
31.4617911088
31.4725923636
31.4847852324
31.4916821767
31.4961195787
31.5116811865
31.5186399893
31.5218021318
31.5248730077
31.5290598063
31.5388929728
31.5499578426
31.567066917
31.5907366
31.6036691441
31.6181513693
31.9536799553
31.9645387549
31.9804123018
31.9964914338
32.0319552464
32.0565016629
32.0674428487
32.0799540058
32.0961360778
32.1145212019
32.1192554765
32.135706866
32.1574082845
32.1659661436
32.1913238347
32.2691532048
32.303117453
32.3051369933
32.3259389096
32.3376983648
32.3492471958
32.3730410987
32.4116828639
32.4225017969
32.4371692932
32.4476187419
32.4621861233
32.4781528375
32.4842246513
32.4890970514
32.5017224581
32.5039108308
32.5336247132
32.5444489202
32.5626559902
32.5762759044
32.584973248
32.5959163232
32.5984048209
32.6020485706
32.6139864848
32.6205176802
32.6282045271
32.6377395313
32.6465082902
32.6563121321
32.6573707226
32.6637425848
32.6643608802
32.671957113
32.6860107219
32.69932671
32.7407800592
32.7622453391
32.7765452484
33.4332913775
33.4351058002
33.4704771344
33.5102035897
33.5135370303
33.519583489
33.5951591614
33.6207400675
33.6242628685
33.624893678
33.6277737276
33.630536279
33.6335796417
33.640858624
33.6487673865
33.6544283244
33.7053539886
33.7193935972
33.7328104043
33.7400948512
33.7555435717
33.7618181292
33.7701311872
33.7717856751
33.7757346486
33.7828090203
33.7878123891
33.8099737027
33.8150884551
33.8239674352
33.8383089428
33.8910802241
33.925747943
33.9362589843
33.9489507891
33.9752413581
33.9869114726
33.9969933277
34.0162008864
34.0355881347
34.0462739564
34.0887980228
34.1002153572
34.1164530054
34.123879775
34.1313525352
34.1326020652
34.1558149494
34.1627233977
34.1753253499
34.1856051095
34.192629655
34.2230927594
34.2466626046
34.2561539466
34.2588171066
34.2741201919
34.3110120885
34.3680717639
34.3943353837
34.4308319087
34.4475258074
34.4651626235
34.4828494155
34.4931994484
34.5226989593
34.5368478191
34.5720988815
34.6694717713
34.6810064848
34.6973755472
34.7132305529
34.7269894218
34.7292050231
34.7567904421
34.7621383136
34.7817827403
34.8062695635
34.8144586142
34.8240165916
34.8258237473
34.8361930862
34.8395856522
34.8449469717
34.8500347043
34.8533590893
34.8996932406
34.9023450535
34.9110879559
34.915634199
34.9256646216
34.9297896074
34.955842307
34.9596046006
34.9621530148
34.9665075788
34.9728181285
34.9857281462
34.9929191902
35.1297763305
35.1647145511
35.1770769004
35.1844464802
35.1886159392
35.1934665565
35.2094877133
35.2305372366
35.2313825202
35.2417793196
35.2452705237
35.2472287881
35.2656733668
35.2837847344
35.2941365135
35.3242279202
35.3294456635
35.3371616172
35.3626583879
35.3804923751
35.4191462127
35.4431956419
35.4561700341
35.4764647702
35.488803398
35.4913411254
35.4978802778
35.5014102479
35.5976947415
35.6092270398
35.6432041609
35.6650894465
35.6944505659
35.7332309739
35.754646409
35.8274522135
35.8461659282
35.8730946508
35.9439907207
35.9854771491
36.0046022447
36.007768009
36.0134646728
36.0142723511
36.0249691775
36.0361871863
36.0549972194
36.0610241129
36.338191548
36.3467718875
36.3549166691
36.3748608057
36.3939432106
36.4070070474
36.4183961028
36.4286774608
36.4580843259
36.4690364571
36.6573337078
36.6680865297
36.6895411303
36.7113098324
36.7229535178
36.7525219029
36.7695196816
36.7722402596
36.7822425513
36.8037425001
36.8163851623
36.8481251733
36.9004323498
36.9157026148
36.9345848693
37.0148946915
37.0225881387
37.0357849515
37.1024863597
37.1243640274
37.1348117547
37.2125615926
37.2131488276
37.2168064477
37.2276049815
37.2433003096
37.2563013861
37.257841665
37.2741167466
37.2900324335
37.2963922183
37.3079250966
37.3180771559
37.3283075423
37.3346405925
37.3384317065
37.3554712663
37.4949120233
37.5749217912
37.5762337938
37.5934367414
37.5945923187
37.6018733857
37.6134440487
37.620912389
37.6280560276
37.6318629344
37.6495460649
37.6643989986
37.6736247435
37.6946327105
37.7012305002
37.7244704569
37.7329866787
37.7966581367
37.871700112
37.8786165679
37.9207375267
37.9311178119
37.9812297531
38.0091734942
38.0111869897
38.0454204303
38.0467236862
38.0611512621
38.067842802
38.0825873342
38.1010703515
38.1231029424
38.1299941947
38.1529433224
38.1820452318
38.1919895504
38.2096478334
38.2590908779
38.2702287147
38.3154287242
38.3315961156
38.4019130509
38.4058480268
38.4122553407
38.423575706
38.4306563847
38.4436001346
38.4479723936
38.5991342146
38.6090371183
38.6693316139
38.6835995935
38.7016510022
38.7188703902
38.7298538081
38.7378967933
38.7501971542
38.7584560657
38.7777218502
38.8038792515
38.8110795531
38.8432844643
38.8522101915
38.864304328
38.8789802374
38.9040368156
38.9174421825
38.9548580409
39.0054622356
39.0065185383
39.0255207646
39.0286481574
39.0451049094
39.0581777729
39.0751060385
39.1248763185
39.1487967411
39.1521834225
39.154867917
39.1662568935
39.1840731111
39.2157400593
39.2178520043
39.2204151904
39.2539323214
39.3351792481
39.3570476628
39.3641740792
39.3893799688
39.4155755073
39.4207639372
39.4352831283
39.4593897836
39.4835209544
39.4980924101
39.5350328331
39.5501932959
39.5884283367
39.6093468353
39.6532590915
39.6676924451
39.6701928682
39.6740489957
39.6749738541
39.6770360084
40.0164693171
40.0334797311
40.0357613964
40.0495657419
40.0590001004
40.0698155383
40.0919462075
40.1079618295
40.1592493715
40.1756215821
40.2083442709
40.2241710886
40.2462146108
40.262702104
40.2647716997
40.2659848276
40.3278990735
40.3374558415
40.3745285223
40.3919039958
40.3994640366
40.4153080194
40.4594878946
40.4710353358
40.4964856796
40.5642422306
40.5950928281
40.6599148351
40.6948432079
40.6969127316
40.700660357
40.7156965215
40.7402114858
40.7827174265
40.8110753676
40.8763973871
40.879771473
40.8832302871
40.8882558004
40.8982216931
40.9076203149
40.9228600339
40.9234887446
40.9361554753
40.9541206865
40.9698234816
40.9921526309
40.9959787618
40.9990566222
41.0024767227
41.0122082773
41.0877244971
41.0920098703
41.0930881398
41.0960151529
41.0976124822
41.0996452981
41.1097212193
41.1104902322
41.1174414412
41.1196891348
41.1260296076
41.1269386481
41.1352797011
41.1486957112
41.1982204044
41.2029090987
41.2397840535
41.2476665879
41.2590437467
41.2809936161
41.3077235827
41.3219862839
41.3390428474
41.3511552377
41.3534622525
41.4527862993
41.4671415198
41.4744654681
41.4875539042
41.4982229703
41.5429493096
41.5451457526
41.5596215267
41.6299636897
41.6605420053
41.7206779459
41.7412476213
41.7502610347
41.7931338122
42.0013900863
42.0124986601
42.0534006881
42.0607488856
42.0911212662
42.0964435902
42.1036158205
42.1224930534
42.1272935489
42.1406113787
42.1413633774
42.1426993783
42.1686448268
42.1771228533
42.184652472
42.1880174589
42.1955251719
42.205500983
42.2106707666
42.2183938833
42.220138833
42.2315101336
42.2458064946
42.2577280068
42.2666211864
42.2755252935
42.2937501341
42.2998407607
42.3451428685
42.3625577875
42.3646911486
42.3731383848
42.3826066933
42.4035549323
42.4047379168
42.4079487061
42.4118077183
42.4616448973
42.5407259324
42.5590659244
42.5831229372
42.5939727016
42.6133502341
42.6241500602
42.6330966597
42.6626857734
42.6865279152
42.699914376
42.7216913277
42.7504144648
42.7625762939
42.7884095104
42.8055168273
42.8093773187
42.8250061238
42.8430719804
42.8585170052
42.8811447248
42.9627700176
43.0059139657
43.0101130438
43.0607820008
43.0860088577
43.1095746529
43.1235813686
43.1315222168
43.1549592343
43.203937605
43.2147646573
43.2200755989
43.2920560946
43.2993830133
43.3039852598
43.3509714334
43.3663796835
43.3799291419
43.3903815778
43.4056964848
43.4116483324
43.4314185245
43.4371177025
43.4421175123
43.4544905269
43.4554904232
43.4702079046
43.4728794865
43.6169026575
43.6329022158
43.6466362928
43.6845514259
43.6945255768
43.7318183922
43.7732362248
43.7919735035
43.8032515165
43.8302676608
43.8390804534
43.9022037723
43.9240124473
43.9279891912
43.9445738654
44.003392771
44.0075813401
44.009930932
44.019402789
44.0295538078
44.0808196723
44.1040799062
44.1274914824
44.1431146014
44.2669298415
44.2815125977
44.3373282892
44.3587988825
44.4116182892
44.446880923
44.4580763944
44.4586060009
44.4628912022
44.4699839358
44.4748912158
44.4757803669
44.476287414
44.4888135973
44.4985354103
44.5090895806
44.5182918897
44.5435760188
44.5573467681
44.5629615513
44.5723812475
44.5753971912
44.5860420393
44.5894541487
44.6032841549
44.6106752688
44.6180638251
44.625863946
44.6477058282
44.6591488262
44.6901851788
44.6994578294
44.7089738419
44.7188204272
44.7202760101
44.7326619889
44.7415911113
44.7438793856
44.7477481177
44.7598380083
44.7692049338
44.7746935829
44.7840817378
44.81051554
44.8177537866
44.8280233938
44.8300639984
44.8423704189
44.8614200403
44.8884840124
44.8987473543
44.9141971986
44.9150511535
44.9273574185
44.9395631548
44.948863406
44.9807241046
44.9959571337
45.011358833
45.0320611013
45.5521304111
45.5662528657
45.5975151264
45.6025283297
45.6860109576
45.700681808
45.7101107656
45.7198127912
45.7265024862
45.7322329462
45.7466877688
45.7508516454
45.7573686444
45.7699223724
45.779935172
45.7872721447
45.7963698049
45.8123176833
45.8212839681
45.8400216061
45.8514025093
45.8622367766
45.8822295992
45.9139644376
45.9282786313
45.9396586047
45.9407801917
45.9494567395
45.955838593
46.1210469945
46.1223140981
46.1352519133
46.142829844
46.1511439687
46.1726416376
46.194661292
46.2030948252
46.2257995513
46.2477862731
46.3339436114
46.3438987167
46.3537594553
46.3712849606
46.3866404834
46.41176413
46.4402457324
46.5212473454
46.538126016
46.5555332556
46.5815711945
46.6061411164
46.6414907191
46.6629791472
46.7328868677
46.748126396
46.7788698207
46.8067388829
47.0515817096
47.057508082
47.0614833206
47.0656619286
47.0766176244
47.0814107311
47.0988619332
47.1046202775
47.1283069811
47.1437902962
47.1637947086
47.1656697019
47.1728047992
47.1805175797
47.1928336122
47.2069060775
47.2077474099
47.2223816263
47.2444390192
47.2760139322
47.2797468344
47.2871537637
47.301914645
47.312019025
47.3207914327
47.3540661557
47.3587616488
47.3678398743
47.37228256
47.3766837135
47.3977654243
47.4071258583
47.4099447689
47.5572506367
47.5852389097
47.9675482299
47.9749346407
48.0433956077
48.0482897049
48.0617163173
48.0626270064
48.0648564136
48.0734227288
48.0743820611
48.0879273407
48.0890748321
48.1027790083
48.1307373867
48.1352611213
48.1464859663
48.1611821573
48.1655611244
48.1857442249
48.1893331652
48.2103607712
48.225294057
48.2302457531
48.2377016421
48.2488579439
48.2518130733
48.2545605834
48.2635680093
48.2798212748
48.3664423902
48.3715707512
48.3752744853
48.3838298003
48.3954541409
48.4141821237
48.4329746664
48.44507924
48.4615312652
48.4754858462
48.4937432957
48.5010878925
48.5189696846
48.523922117
48.5456145004
48.5635306149
48.5762150972
48.5870139187
48.6040922501
48.6283056961
48.638803892
48.6415786139
48.7721253727
48.8142000802
48.8201416001
48.8771627567
48.9499116541
48.9769569559
48.9805085121
48.9902020775
49.0122817756
49.0427747759
49.0567715972
49.0714533191
49.0820277295
49.2083551108
49.2123677897
49.2137933861
49.221875297
49.2275356555
49.228957951
49.2340289182
49.241108778
49.2450570331
49.2555985907
49.2648337684
49.2778872606
49.2851576747
49.4294962538
49.5313143134
49.537800812
49.5405301254
49.5792117232
49.6051997118
49.6151437326
49.6287095585
49.6346290309
49.6361037536
49.6434325491
49.6459248366
49.6648350719
49.6726379847
49.6870601702
49.7035722992
49.7096264106
49.7210844532
49.742485008
49.7759153396
49.7999728243
49.8873867357
49.9274739132
50.4119176724
50.4281586341
50.4310116172
50.4387204635
50.4423152899
50.4484919748
50.4512126494
50.4557082247
50.4590146695
50.4695199556
50.4751243355
50.4975180823
50.5114843268
50.5189416086
50.524838714
50.5397072905
50.5512742728
50.5609900748
50.5642719177
50.5668933835
50.5793244219
50.5988692282
50.6035975028
50.6165090686
50.6214335933
50.6222209225
50.6770569942
50.6884147158
50.6973436496
50.7233755527
50.7336119561
50.8500646769
50.855882595
50.8767949896
50.8889987719
50.9066440184
50.9227222616
50.9256615791
50.9268453246
51.3670287186
51.4447861007
51.4536201261
51.4563562836
51.5476813819
51.5637823783
51.5658185909
51.5910184924
51.6139100874
51.628679317
51.6450186621
51.6490676473
51.6581890594
51.6842507961
51.6864832122
51.6945801707
51.6985378951
51.7037407168
51.7061767075
51.7117274832
51.7172326041
51.7232686012
51.7294382258
51.7377446816
51.74057492
51.7411053869
51.7468610147
51.7565387132
51.7694785093
51.7815218917
51.7927988541
51.8042507293
51.8097029443
51.8109641537
51.8148396801
51.842843889
51.857131656
51.8632282988
51.8660575031
51.8774635512
51.8915115731
51.8979201778
51.902745588
51.9185914029
51.9326986271
51.9465081201
51.9517911931
51.960496639
51.9789918175
51.998388931
52.0351331964
52.0472982484
52.08985351
52.1081266259
52.1137602135
52.1250863931
52.1563001753
52.1771782947
52.1847521919
52.1949714427
52.2078716067
52.2204291315
52.2424727059
52.249880673
52.2686406997
52.2716793569
52.2737560617
52.2843635502
52.2952983727
52.304716124
52.3186317639
52.3227080672
52.3294826821
52.3487689536
52.3649385531
52.3821164282
52.401704403
52.4166557094
52.4464982378
52.4602230768
52.5219703248
52.5383973047
52.5570658624
52.579493445
52.6003982711
52.6280429125
52.6743434543
52.6978207216
52.7095646311
52.7474782736
52.7580099944
52.7844618922
52.7951645774
52.7984213515
52.8148531741
52.8171214578
52.8245985757
52.8314579968
52.8353295224
52.8394071615
52.8448754156
52.8873803879
52.8905316533
52.8967279332
52.8994319858
52.9031204841
52.9212598488
52.9258519487
52.9295130853
52.944466431
52.9611234337
53.0958259842
53.1008093274
53.1041058096
53.116461505
53.1228257531
53.1263166141
53.1514079362
53.1799153888
53.2139946884
53.2212230459
53.2478742089
53.254644262
53.4762151575
53.510285032
53.5398718161
53.5589594304
53.6082193168
53.6101305494
53.6236026169
53.6710687482
53.708545198
53.7464980319
53.7599128603
53.7792530752
53.820550913
53.8382785236
53.8514704733
53.8682728944
53.8933503405
53.9068564444
53.9353589646
53.9437064172
2179
