6.0020569929
6.00634371458
6.01266071422
6.02010002465
6.02549764941
6.03895041234
6.0487875123
6.0550619853
6.06120868827
6.06274853458
6.07215487441
6.07622312266
6.07891205088
6.08694299945
6.13060437288
6.13884383941
6.14996707892
6.15624892334
6.16118571366
6.18432235101
6.19884663607
6.20735761079
6.21224056534
6.22595857225
6.23372335456
6.2347001064
6.2419350645
6.24554249138
6.25362390893
6.26140947728
6.2648437034
6.27472791219
6.27743944904
6.28456926066
6.2886109978
6.31370715554
6.33529123198
6.3406900167
6.34864970315
6.35580881123
6.36713130422
6.37009904524
6.38716283468
6.39733683344
6.42850550307
6.44104227708
6.45662133309
6.50579568372
6.52214458153
6.52807045536
6.54955826325
6.56196830542
6.60642647109
6.61828923262
6.63263928518
6.66190182377
6.67747846798
6.69173612342
6.83864950261
6.85162811623
7.12459713125
7.12904239068
7.1363670039
7.16941891906
7.20133246662
7.21046449108
7.22397726514
7.23307794469
7.24382450649
7.25390350799
7.25891700632
7.27173877179
7.27919769878
7.2922954654
7.30216779481
7.30556501053
7.30758906362
7.30935483009
7.31756786969
7.31860409966
7.32604183172
7.3308715683
7.3466840975
7.35648666135
7.35715095967
7.36710799479
7.36935329798
7.38657471218
7.40667027999
7.41775363261
7.42033387403
7.43154870903
7.43502520375
7.44851687034
7.46491416342
7.47560406975
7.48688964417
7.50177823048
7.53630293894
7.55099957442
7.55605738249
7.5732169746
7.5782181704
7.59453039842
7.5959724379
7.60389189126
7.71092678804
7.72409834007
7.73591709352
7.8118078626
7.81646194211
7.83036517061
7.83697678529
7.85062715071
7.87052245312
7.87919159066
7.89073953793
7.89762485174
7.93328640445
7.95374371526
7.95806464934
7.984240491
7.98834928957
7.99719642613
8.01269336346
8.0304424692
8.0381017147
8.06090746867
8.06378942186
8.12601767899
8.28019942644
8.31459455449
8.35645400336
8.37967431498
8.38855746456
8.41473542777
8.41737550717
8.42591343284
8.42894866946
8.44104907538
8.44699906598
8.44877853139
8.45436757985
8.46265809252
8.4679100707
8.48559789932
8.48906502725
8.49736811909
8.51198365916
8.57751540042
8.58635707651
8.59005127232
8.59609878462
8.60943330305
8.63530444402
8.63666092938
8.6472122491
8.65936015915
8.66425458299
8.67477298573
8.67799694306
8.69082224914
8.70949328699
8.71605663906
8.72404654305
8.72717955677
8.73825259675
8.74874762034
8.75544396257
8.77102258908
8.782240691
8.80027299468
8.80240125173
8.81450067978
8.91510648198
8.92909182655
8.93042170875
8.94076080415
8.96152662913
8.97790363235
8.99464415676
9.60348256699
9.60751551429
9.6202336112
9.62432563954
9.64574421147
9.65704337422
9.66956346879
9.67209037698
9.6800418058
9.6858374492
9.69860405225
9.70931112676
9.74579115299
9.76591847956
9.77948140364
9.78150196538
9.78763663994
9.79191362777
9.79620642207
9.81662927157
9.82532099875
9.84009445234
9.85158900508
9.86403795389
9.91763283815
9.91966954757
9.94318416622
9.97025202636
10.194700812
10.260150076
10.2838354171
10.3006222438
10.3777881196
10.3951568348
10.4124064573
10.4209018309
10.4231993191
10.441499589
10.4558320294
10.4719726936
10.4760456728
10.5021715546
10.5037819696
10.527953132
10.5516600681
10.5661593637
10.5703098012
10.5929519857
10.6154967744
10.645113094
10.6878538741
10.6941849714
10.7529267248
10.7654472066
10.8997990333
10.9089896012
10.9131325569
10.9449514436
10.9724846524
10.9837815377
11.0021756604
11.01449439
11.0220704801
11.0268230877
11.0299017583
11.0371049579
11.0505360529
11.0573863669
11.0702911753
11.0749127203
11.0837058997
11.1170062676
11.1303803593
11.1346367558
11.1393254715
11.1536812906
11.155475533
11.1698315671
11.190084365
11.1915588574
11.2068047033
11.2162504619
11.2241060996
11.2334458448
11.2598483155
11.2715549998
11.2818316521
11.2845529131
11.3042789924
11.3398377269
11.4343434825
11.4432851403
11.4706303215
11.4869850835
11.5119184169
11.6303262783
11.7461860788
11.7654987237
11.8084998329
11.8436685546
11.8498137052
11.884379465
11.8960591173
11.9988858288
12.0096272051
12.0137505796
12.0179418583
12.0320348448
12.0356517697
12.0423742618
12.0552718893
12.0620191337
12.0748096269
12.0827570882
12.0933100916
12.1005671847
12.1056336624
12.11160096
12.1234362572
12.1355213494
12.1364328877
12.14142204
12.1504684208
12.1635646843
12.1669242129
12.1833645199
12.2014360593
12.2159573684
12.2363814004
12.2443087967
12.2498251385
12.2515063683
12.2636247386
12.2741962127
12.2832503087
12.2883662461
12.2925580293
12.294574245
12.3083190802
12.3288502576
12.3443938152
12.3689588521
12.3835196272
12.3844300968
12.3918533982
12.4326606347
12.4622731346
12.4826735388
12.5796026736
12.6049335706
12.6131008047
12.6294923664
12.6311312654
12.6324957229
12.6436509689
12.6462259069
12.6494823381
12.6573105822
12.6906829693
12.7135857669
12.7217962676
12.7481859533
12.766510967
12.791663033
12.8036406249
13.2008076706
13.2228487094
13.2279243454
13.2349101234
13.2470756974
13.2570362583
13.2628531878
13.273170476
13.2927477233
13.3036701011
13.3114210446
13.325441912
13.3292920902
13.3498786378
13.3669685236
13.367562554
13.3780447609
13.3832863497
13.4129528938
13.4262664539
13.4352417713
13.4450450417
13.4477104501
13.4562698822
13.4688275764
13.4824934256
13.4993573325
13.5163492987
13.525291581
13.6048226712
13.6111140141
13.6297874063
13.6654641113
13.6960095576
13.7008334315
13.7184001652
13.7256951224
13.7384531373
13.7505020407
13.7753388799
13.7941360542
13.8128083074
13.8341918369
13.8527234663
13.8671578975
13.8791246953
13.8974145615
13.9295861221
13.9360265416
13.9569847352
13.9730513845
13.9844503898
14.0364575953
14.0976869113
14.1069830931
14.1173739146
14.1847069495
14.2067711373
14.2505637269
14.2854747881
14.2880556099
14.3071756176
14.3115424549
14.3337483815
14.3409589469
14.3641967226
14.3882745631
15.125551084
15.1457988266
15.1534689199
15.1797017074
15.2180290612
15.2532819765
15.281399967
15.2912722559
15.3178597956
15.371714145
15.4115692869
15.4533757544
15.501789771
15.5598754258
15.6119053144
15.634274968
15.6404962747
15.650556987
15.667237277
15.6756443954
15.6768258372
15.6847077236
15.6857418271
15.6955338873
15.7013392998
15.7168845809
15.7184304707
15.7244132591
15.7359705787
15.7410654219
15.7515718771
15.7626399358
15.7699610584
15.7789228086
15.7977640432
15.7993633726
15.8094680435
15.8548443825
15.862033111
15.8675145454
15.8702698796
15.8888122576
15.8903235155
15.905326632
15.9153184372
15.9309044259
15.9405661206
15.969347671
15.9781855245
15.9962492168
16.013888327
16.0195727902
16.0508194282
16.0587609926
16.0802698789
16.0811774598
16.1041654137
16.130906257
16.1515180296
16.1685932118
16.1747005311
16.1899293136
16.1999416414
16.226944481
16.2563576303
16.2719788349
16.3012728957
16.3251216488
16.8009902668
16.8055241394
16.8171861463
16.8264301163
16.8286458302
16.8296067519
16.8372394522
16.838445275
16.8530699445
16.8628521345
16.8749291069
16.891419674
16.8949725942
16.9091563575
16.9274329778
16.9326935231
16.9511657648
16.9595067317
16.9686181478
16.99446793
17.006572481
17.0096908463
17.0191332322
17.0214411737
17.0315426773
17.0386026078
17.0394607836
17.0490429955
17.0521040961
17.0730196433
17.1447154704
17.1809993418
17.1821153533
17.1911634121
17.1988612166
17.2099639682
17.2231281242
17.2361789675
17.2474476402
17.2486219522
17.2503792164
17.2570657017
17.264055749
17.2724000561
17.3248610322
17.3353348017
17.3452941754
17.3471602966
17.3680256248
17.393877398
17.465015371
17.4697226196
17.4754503289
17.4975832146
17.5107222436
17.5226280564
17.5346363059
17.5401154843
17.5617299348
17.6150394595
17.6294980937
18.006528129
18.013232096
18.0284435093
18.0415029277
18.0633622837
18.0832522986
18.0858786087
18.0927272658
18.0973964608
18.1063581265
18.1283485233
18.1376109008
18.1449256954
18.1511584456
18.1646510348
18.1692687691
18.1758045203
18.1870382649
18.1913498462
18.1969301327
18.206870253
18.2076011035
18.2125023818
18.2198417084
18.2309182816
18.2449436527
18.2624550244
18.2736662597
18.3117937547
18.3207286243
18.3528388542
18.3725705726
18.3835996957
18.4006999495
18.4088262813
18.4278229017
18.4656856575
18.4720838204
18.4883955818
18.5085165718
18.5184815771
18.5468745749
18.6506575474
18.6663609209
18.68642133
18.6989885631
18.7087502808
18.721953007
18.7380240903
18.7532734004
18.7803852213
18.7827036825
18.7839689804
18.7954849493
18.817179286
18.8655939397
18.8916239444
18.9081346451
18.9197766728
18.9340650658
18.9707655906
18.9723977033
19.0010455244
19.0187393468
19.0669718093
19.085040057
19.0905395754
19.0956004656
19.1175397664
19.1676821107
19.2131646929
19.2205613805
19.2249406448
19.2362563761
19.2408025808
19.2849336386
19.2930674145
19.302739839
19.3228487268
19.3338570233
19.3621999089
19.3683835245
19.3708263594
19.3818342307
19.382629728
19.3881059497
19.3991024082
19.5139636173
19.5234127529
19.528793498
19.5309215137
19.5324347999
19.5359495887
19.5441879198
19.560019767
19.5675886388
19.57499655
19.5902876507
19.5936347179
19.6604166471
19.671285553
19.6922655791
19.7051574519
19.7349067222
19.7486715111
19.7646203955
19.7813752115
19.830603812
19.8414525659
19.8470929371
19.8795227563
19.8882721963
19.9073427391
19.9236121686
19.9652487635
19.9857256815
20.0682813626
20.0801455699
20.0933496899
20.1304155621
20.147715307
20.1807485792
20.2007069101
20.2361998326
20.2763871733
20.2903621979
20.3404018761
20.4033347748
20.4099563069
20.4250569014
20.4358778202
20.4443016294
20.4954701535
20.5013908495
20.5101089522
20.5151052783
20.5185097616
20.5243871904
20.5254649988
20.5292196454
20.5315226462
20.536112751
20.5516165761
20.5604916033
20.5644879615
20.5662622283
20.5752191382
20.5903963495
20.5974501657
20.5989667646
20.6096504486
20.6277544424
20.6332260884
20.6345009316
20.635595405
20.6430365039
20.64730394
20.6636180394
20.666975262
20.6943307059
20.7117372924
20.7237578965
20.7359529115
20.7522474949
20.7535806033
20.760380945
20.7773902779
20.7827488189
20.7932102949
20.7996025221
20.8042043255
20.8182401472
20.8204811925
20.8449390676
20.8639534005
20.8843098729
20.8916288151
20.928891898
20.9452249507
20.9530222538
21.0349401846
21.0603678708
21.1325560844
21.1397812034
21.1428330805
21.1621121277
21.1711195563
21.1775428782
21.1890034777
21.211446326
21.2169237733
21.2899854518
21.297731974
21.3001252794
21.3547569964
21.5214256875
21.5490108308
21.5716377862
21.5942952731
21.6083886004
21.6985152244
21.7129063342
21.7184007476
21.7192483582
21.7334740934
21.7437396328
21.7444532861
21.7561929305
21.7595037719
21.7748034997
21.8239743429
21.8329739135
21.8338590767
21.8437680146
21.8467889569
21.8508623469
21.8735556853
21.9062386346
21.9114593666
21.9260418897
21.9463121922
21.9492494117
21.9537406746
21.9981260823
22.0114824162
22.0134503842
22.0482938685
22.0548524397
22.06276171
22.0753032069
22.0901697285
22.120046499
22.1397103773
22.1525582713
22.169716347
22.1814465623
22.1913501318
22.2000927975
22.2169489609
22.2401915367
22.2952944007
22.3373252908
22.3484966402
22.4139014129
22.4340105387
22.4643545171
22.4833901624
22.5088932025
22.5613630644
22.5759304679
22.6048032526
22.6241668846
22.6755782853
22.7082542249
22.8081971651
22.8107171455
22.8149496997
22.8225837578
22.840419313
22.8451472431
22.9005291825
22.9111066735
22.9460970247
22.9547185424
22.9649327509
22.969839971
22.980261928
22.9901966439
23.0012731764
23.0193742728
23.1664924583
23.1737106762
23.1752144025
23.1846087805
23.190246363
23.2052520025
23.2330854121
23.2381300013
23.2597450888
23.2755111367
23.3131468988
23.3646228845
23.3744969416
23.3940828218
23.4167205066
23.4287804483
23.4538381667
23.4612270562
23.4714108908
23.480789568
23.5036057141
23.5270933177
23.5354940957
23.93105329
23.9658749194
23.9868060494
24.0042305465
24.0152329089
24.0220210318
24.0425617928
24.052982619
24.0640330805
24.0753077318
24.0865865996
24.098440991
24.1075276409
24.1176015465
24.1359195431
24.234603628
24.2393392196
24.2441023643
24.2515693578
24.2592684785
24.2764442866
24.2776774158
24.2895503294
24.2967065377
24.3047680083
24.3452544963
24.3546596152
24.3656462785
24.3788017938
24.3930507732
24.4466379402
24.4613337885
24.4796199493
24.5036840286
24.5050927269
24.5365910907
24.5378287077
24.5392986721
24.5535194739
24.5673942831
24.5763311562
24.6091429849
24.6143411917
24.6301399283
24.6572220994
24.6710042788
24.6982814574
24.6995940568
24.7560377518
24.7703947278
24.7803943766
24.8137074618
24.8309879667
24.84038557
24.8999291843
24.9029551749
24.9270236775
24.9582630451
24.9958880756
25.0271219006
25.0379595373
25.1063192854
25.1340824937
25.1616056176
25.1960906016
25.2037241022
25.2134558529
25.2566467771
25.2639233915
25.2662456422
25.2735248589
25.2779631702
25.2825162826
25.2949270309
25.3162334192
25.3381520127
25.3506491692
25.3763939213
25.3855359906
25.3907646845
25.4069835609
25.4857595228
25.5053664802
25.5287981107
25.5295716568
25.5780101588
25.6023033529
25.6210150196
25.6452292248
25.6631253881
25.6805232714
25.6965495494
25.7825079831
25.799899603
25.8014349163
25.8216527408
25.8670142707
25.8875582925
25.8894491815
25.8905920016
25.8942636847
25.8976797279
25.9046151644
25.9881280761
26.0211371318
26.0373472163
26.0472175638
26.0653550743
26.0880824309
26.1290661002
26.1477328473
26.169201235
26.2442881532
26.2908244364
26.3520790008
26.3969072177
26.4081381023
26.4146144423
26.4247965032
26.4362541495
26.4432344491
26.4456495594
26.4509622622
26.4671137658
26.4754102291
26.4845133646
26.4913248895
26.4966042437
26.509141245
26.5141878097
26.5249274826
26.5380123381
26.5436577568
26.5620686674
26.5743950752
26.5798993584
26.592266511
26.6023068218
26.6179691062
26.621888896
26.6311022974
26.6334752682
26.6369359554
26.6524686334
26.6693126622
26.6763033779
26.6899123847
26.6986725399
26.7027879655
26.7103120699
26.7161247895
26.7251432114
26.7263932964
26.7364171035
26.7518672915
26.7639579923
26.7699711055
27.6004777211
27.6040211821
27.6074420165
27.6183847715
27.6271771044
27.6381106613
27.651324589
27.6938212568
27.6983650803
27.7003419793
27.7052632895
27.7099665113
27.7194959542
27.7253671334
27.7316390509
27.7442541431
27.7525726316
27.754747705
27.7658256292
27.7738510446
27.7859944979
27.7911932148
27.8122118707
27.8182051796
27.8199034074
27.8306161926
27.8460664613
27.8573745679
27.8725037588
27.8793168288
27.8908859254
27.8953041798
27.9086257861
27.9222872941
27.9349329279
27.954843142
28.0357854647
28.0379075072
28.0498922422
28.0627803477
28.0697688004
28.1331920134
28.1477234029
28.1621224243
28.1752715301
28.1908463621
28.2072386954
28.2154647778
28.2486748792
28.2542376028
28.2665545875
28.2689656025
28.2749437863
28.2859895865
28.2963823342
28.4603278966
28.4693188775
28.4955395392
28.5081164407
28.5177061266
28.5278488561
28.5583736915
28.5737839859
28.5851278428
28.643161666
28.6733736933
28.6843590697
28.7479210452
28.7670588803
28.7857600356
28.803071913
28.8094301115
28.8158190509
28.8194472565
28.8207419094
28.834084068
28.8397952695
28.8516049019
28.8549581633
28.8618853892
28.8647564207
28.8830000323
28.8878388129
28.8915945039
28.9008263828
28.905662114
28.9157789265
28.9427750223
28.9524831143
28.9696867467
28.9732775168
29.0158044174
29.0222839086
29.0331661814
29.0564036252
29.0659267234
29.0749167123
29.0775911757
29.0875302901
29.0948946021
29.1092090624
29.1123689455
29.131635356
29.1329822593
30.0098285193
30.0239543478
30.064713083
30.0718769845
30.0822480548
30.1066258497
30.1138159275
30.1266107092
30.1400535989
30.1524162666
30.1648477412
30.1865129001
30.2088083657
30.2248517859
30.2510234289
30.2598858053
30.267781287
30.2692537333
30.2800312654
30.2933724483
30.3009956042
30.3055340134
30.3465719933
30.3628266135
30.376636292
30.3911624869
30.4030591217
30.4071793888
30.426496705
30.4401892429
30.4635075774
30.4713658292
30.4895932297
30.4980541639
30.5198085413
30.5342691182
30.5700479353
30.6288412436
30.6301629394
30.6527769025
30.6677970845
30.6692977957
30.6914764601
30.7022699581
30.7159933969
30.7330888185
30.7355623394
30.7462136497
30.7494965924
30.7944839957
30.8331031706
30.8401068492
30.8512443979
30.8543709066
31.2004442657
31.2022797454
31.2133630106
31.2202150298
31.2241638811
31.2280871567
31.2314089675
31.2383767779
31.246236038
31.2478880544
31.2522451634
31.2608366926
31.2647149379
31.271218111
31.2778150014
31.2808197899
31.285341418
31.2902077099
31.297710362
31.3019303392
31.3199144945
31.328388713
31.3405995045
31.3458209217
31.3548567474
31.3593291414
31.3712847827
31.380298646
31.3918413669
31.4068628594
31.4099421171
31.4419941014
31.4560164621
31.4596876072
31.4697307299
31.4864295802
31.5045775719
31.5440496254
31.5502768527
31.5549046185
31.5682545492
31.5819763826
31.5869836209
31.5948342421
31.6065737229
31.6680849752
31.6756947276
31.7289789942
31.7519608534
31.7675186305
31.8115623406
31.8360091098
31.9032680292
31.9291800836
31.9634839144
32.0037920447
32.0059635519
32.0430090069
32.0618816021
32.0673923188
32.081020256
32.1048758851
32.1181185465
32.151354624
32.1779083825
32.1828347092
32.2368014013
32.2791458444
32.3261964989
32.3608896426
32.3725062341
32.3828825235
32.4243940392
32.4321618952
32.4353897715
32.4477843207
32.4566641527
32.457395058
32.4690553005
32.4748769505
32.4782369075
32.4836104076
32.5016156094
32.5061206749
32.5666855895
32.5714029016
32.5725419639
32.5769062364
32.5826735082
32.6207375496
32.6406244851
32.6469912379
32.6502010103
32.6700039785
32.7040106795
32.7106831589
32.7213769619
32.7273197505
32.7359638601
32.743299305
32.7554500877
32.7655229527
32.7736674424
32.783580444
32.797087785
32.8444439123
32.8581854243
32.8599186231
32.8688381097
32.877671135
32.8840929927
32.8917515146
32.9049278986
32.9187254808
32.9301037492
32.9486700519
32.9582338231
32.9976377316
33.0048584914
33.0115557514
33.0243091913
33.0751597107
33.0956640381
33.6156184881
33.6223373165
33.6269141877
33.630105745
33.6412187722
33.644796246
33.6538382686
33.6547704422
33.6615705234
33.6663387798
33.672318601
33.6801948334
33.6895557179
33.6909789667
33.6969930267
33.7086854465
33.7193705018
33.7252176509
33.7341731494
33.7393673638
33.7456162633
33.7576522238
33.7638232407
33.7754035347
33.7796455281
33.794729761
33.7968665939
33.8010060789
33.8174924683
33.825667106
33.8317362279
33.8393638554
33.8442017495
33.8601131933
33.8699070591
33.8942829427
33.8985209142
33.9074408672
33.9437333462
33.9478372451
33.9517616698
33.9635859075
33.9749079608
33.9776077674
33.9895959128
34.0423914104
34.0552078555
34.0738572707
34.0996871592
34.1026304255
34.1278812849
34.1394263687
34.1586183796
34.2033108658
34.2151085916
34.2301099848
34.2522827513
34.3353432096
34.3366940696
34.3484000443
34.8041035463
34.8097716198
34.8108284589
34.8298202479
34.8527070847
34.8618948898
34.8758952272
34.8818285161
34.8838691819
34.8858250782
34.8953487612
34.9069663812
34.9175807133
34.9282368503
34.9344638106
34.9433890407
34.9484800407
34.9498211599
34.9571970655
34.9643799144
34.9692321104
34.9955725072
35.0008818858
35.0090585552
35.0195851713
35.0285275727
35.0389508344
35.0470648694
35.054574415
35.0729440772
35.0809541516
35.0947513836
35.0999082429
35.1095325673
35.1140694058
35.1310359075
35.1394096235
35.1495253393
35.1635096526
35.173891807
35.1824292594
35.1947942252
35.197248383
35.2146326585
35.9916257059
36.0026513123
36.0038994135
36.0132147856
36.0190620323
36.0328273202
36.0651294545
36.0727150081
36.0799976107
36.0874955963
36.0917121983
36.0940672311
36.1030033346
36.1063555742
36.1109925615
36.123012343
36.1257674644
36.1460186241
36.1555432992
36.1725802213
36.1736698454
36.1787922063
36.2006644586
36.207192776
36.246437193
36.2493994041
36.2544703629
36.2675819519
36.3094767599
36.3160717064
36.3176016341
36.3285405014
36.3433744196
36.3462966848
36.3517507572
36.3568289616
36.3577605245
36.4303620405
36.4343826402
36.4427896976
36.4889767246
36.540816284
36.7335374924
36.76105716
36.7647157167
36.7873452017
36.8077266929
36.8680724035
36.8877245028
36.9169201622
36.9186659153
36.9478252374
36.9712114214
36.9747846328
36.9896906979
37.0387179886
37.0519611854
37.0648937371
37.093505791
37.1243781073
37.1384176904
37.164782256
37.1740518012
37.2152820713
37.2236015033
37.2284190305
37.2365239932
37.2462257413
37.2551616125
37.2568635869
37.2635012121
37.2666332221
37.2822261737
37.2860090331
37.2896944592
37.30438136
37.3120080759
37.3176264346
37.332659907
37.3441859705
37.3539056617
37.3585384607
37.369861439
37.3889333896
37.4031187407
37.4076645095
37.413077859
37.4198883201
37.4366490579
37.4798832308
37.5004637936
37.5080815479
37.5169169795
37.5268461425
37.5478355776
37.5562055322
37.5625201754
37.576767084
37.588103953
37.6191212634
37.6341679135
37.8147223787
37.8477392471
37.849605236
37.8722245812
37.888931764
37.9298925686
37.9512488641
37.9710838605
38.0003703257
38.0273997819
38.0314824413
38.0472813397
38.0919037797
38.1103530066
38.1682048708
38.1890116866
38.2672412443
38.2715249345
38.3288823987
38.359835292
38.3816625963
38.4085141941
38.4164193328
38.4314583033
38.4349535638
38.4427392804
38.4557745009
38.4621197554
38.4679322205
38.4686580344
38.4876250761
38.4940077388
38.5031095074
38.5179849339
38.524757661
38.5888137563
38.6016288688
38.624882453
38.627844299
38.6854524228
38.7021062728
38.7030551789
38.7105906997
38.7284174636
38.7591045807
38.7602330284
38.7848832737
38.8019933653
38.8196808424
38.8272729257
38.8331300787
38.8454900326
38.8531730682
38.8716051068
38.8844227554
38.9474488906
38.9531726696
38.965161959
38.9676451884
38.9795627158
38.9977640546
39.0101189173
39.0386590665
39.0482855902
39.0601289777
39.0658340555
39.0736788766
39.0819881194
39.0953221287
39.1084521932
39.133619996
39.1486215847
39.1511143222
39.1751179169
39.18468524
39.1998448028
39.2219769506
39.2355747268
39.2707295081
39.2876306873
39.3007937739
39.3148263691
39.3408455785
39.3523252641
39.3564277829
39.3756968747
39.3861480735
39.4517127615
39.5127441977
39.5282967774
39.5703337167
39.5776398667
39.6017769766
39.606858194
39.6110341165
39.6152770765
39.6190673853
39.6196804497
39.6248602278
39.6282504836
39.6361348991
39.6438219366
39.6473336961
39.6944373731
39.7070336469
39.7386475045
39.7466281189
39.7476555585
39.7677242929
39.7773481832
39.7789832615
39.786186476
39.8004934268
39.8118933941
39.8506493678
39.8717718087
39.8760423648
39.8784086124
39.8833573257
39.8923102208
39.896086754
39.9149690892
39.9333543057
39.9425919838
39.9598175341
39.9649993792
39.9737938513
39.9909419852
39.9966148717
40.0138921684
40.0311069436
40.0354715479
40.0408607398
40.0729269671
40.0917517182
40.112014442
40.1251299684
40.1727341427
40.1871691366
40.3387988079
40.3630299836
40.3824759283
40.393437199
40.4043036113
40.4301485977
40.45247603
40.4820353888
40.5771711181
40.5961834306
40.6183581118
40.6254650203
40.6378039082
40.6459138032
40.6518790243
40.6895873557
40.69670307
40.7215036835
40.7410059694
40.7860540873
40.8024860187
40.8053493323
40.8063409476
40.8163552952
40.8202435244
40.8304448243
40.8423294012
40.8483808485
40.8678248342
40.877949468
40.8836904691
40.8907427374
40.9049608433
40.9133020973
40.9270419038
40.9353972011
40.9407206059
40.9533567651
40.9889150634
41.1460304723
41.1640330693
41.182225951
41.1860354406
41.199574375
41.217397244
41.2259853344
41.2338055912
41.2461576125
41.2576821382
41.2816329418
41.2899637384
41.3275052725
41.329890134
41.3424120533
41.3498806986
41.3737987481
41.3823509754
41.4153430553
41.4341887936
41.5001636226
41.545573027
41.5543534253
41.5796052121
41.619786008
41.6629332854
41.6650961514
41.6719778739
41.6809003245
41.6824234902
41.6968672897
41.7147871193
41.7437522592
41.752399449
41.7731721683
41.782650906
41.7910664683
41.8121387739
41.8229687667
41.8395655303
41.8515489906
41.872753724
41.8935686878
41.936263968
41.9604201608
41.9744890188
42.0149752594
42.0303019481
42.0507171698
42.0541569749
42.0635267582
42.0669218707
42.076506849
42.0801707266
42.0867930288
42.0970316972
42.1004363086
42.1122734483
42.1242142381
42.1308322808
42.1435616913
42.1471201068
42.1499003952
42.1775161056
42.1857205435
42.2192228477
42.2288959859
42.2521363437
42.2606572138
42.2761022781
42.2834479821
42.3008462862
42.3102219061
42.3167500062
42.3259752984
42.3358925323
42.3407423601
42.3446901489
42.3506779986
42.3803144829
42.3921309202
42.9163525447
42.926488601
42.9360986256
42.9521595798
43.0552762618
43.0643594874
43.11612663
43.1408882987
43.2077765893
43.2122764
43.2233474306
43.2274166304
43.2298353028
43.2360005726
43.2485244228
43.2534766299
43.2623627831
43.2712900838
43.2786725109
43.2866556108
43.2885741293
43.2923330048
43.2934995051
43.3054211389
43.3123285244
43.323191465
43.3317101393
43.3407808672
43.351914601
43.3793130418
43.4078503688
43.4130018958
43.4199034002
43.4352881684
43.4537815378
43.485135861
43.4904913238
43.5038415243
43.5346383961
43.5408492325
43.5705036512
43.5849087052
43.6060098211
43.6180482975
43.6359238699
43.7823495682
43.8029898341
43.8142644516
43.8585674667
43.8606363823
43.8697798623
43.8905239595
43.9001837845
43.9347776551
43.9549761447
43.9870007419
43.99286171
44.1645569812
44.1885850589
44.2177958484
44.2300124781
44.3414705057
44.3923187706
44.4188674794
44.4270444178
44.4373009896
44.4423928139
44.4565582176
44.4612904097
44.470247539
44.4729768827
44.4845004967
44.4883960066
44.4927976633
44.4985509652
44.5005950221
44.5079937791
44.5136427906
44.5192379337
44.5417054395
44.5493599527
44.5519290839
44.5579276233
44.5647493729
44.5711184262
44.5815930505
44.5985023104
44.6131056821
44.6144942104
44.6250528299
44.6321403482
44.6458194717
44.6513738701
44.6578622432
44.6651991959
44.6729738492
44.6857484767
44.7039752909
44.7063876768
44.7087368114
44.7199780063
44.7284472818
44.7367577601
44.7455676905
44.7481963327
44.7520875669
44.7586657615
44.7654276378
44.779174313
44.7861086916
44.7946533793
44.8092186632
44.8266136686
44.8369591566
44.8416695349
44.85300979
44.8783588593
44.8921204629
45.430957944
45.4473195382
45.4691994386
45.4898647082
45.5346209979
45.5782937262
45.6022142695
45.6053582147
45.6417102776
45.6471428516
45.6541711708
45.6587540592
45.6657497829
45.6747811848
45.6855798924
45.6868142526
45.7001714234
45.7077774397
45.718503661
45.7294525111
45.7344170017
45.749382021
45.7502184221
45.7549691595
45.7675297764
45.7802915305
45.7878557249
45.8167258429
45.8276642225
45.8804924693
45.9149694607
45.9535959925
45.9630406061
45.9886528336
45.9933723846
45.9992918801
46.0097692318
46.0142111074
46.0150034696
46.0227791848
46.0395147285
46.0659705068
46.0776998273
46.0914235947
46.1120705238
46.1242732525
46.1389014567
46.1584018033
46.8174401044
46.8184646456
46.8281789928
46.8317487097
46.8324296192
46.8485626431
46.8514724949
46.8580972242
46.8639339351
46.8667334297
46.8786657045
46.8924054046
46.8973241543
46.9056646264
46.9208520583
46.924928915
46.9301917814
46.9324611811
46.9369925921
46.9454263491
46.9509966581
46.9594483747
46.9702349088
46.9829091966
46.984161602
46.9851518011
46.9907522386
47.0062423078
47.0140597956
47.0246285424
47.109317234
47.1163787283
47.1319510194
47.1489917253
47.1592203868
47.1678857011
47.1701273094
47.1834712709
47.2049919068
47.2116109154
47.4391513934
47.4482146829
47.4815020905
47.4850243225
47.4932551254
47.5138057941
47.5383357376
47.5433065762
47.5569282018
47.5688128889
47.5831938496
47.6048733494
47.6234476223
47.6310570503
47.6456132085
47.674042083
47.6828101629
47.7079983845
47.7105722746
47.7246271066
47.7751649954
47.7771155986
47.7948919559
47.8225668343
47.8250134487
47.8415293531
47.8667711536
47.907892967
47.9604330749
48.0099421762
48.0137519575
48.0193389512
48.0209352556
48.0404111313
48.0416294702
48.0421872374
48.0803846968
48.0959976261
48.1026658957
48.1209337242
48.1344869027
48.1441305696
48.16877072
48.1851926344
48.1899055064
48.2044729947
48.2119809936
48.2214992527
48.2276894928
48.235887921
48.2382484178
48.2465818449
48.2567515261
48.4364211587
48.4501182466
48.4686316066
48.4822811413
48.5000330348
48.5362423529
48.5411713258
48.5576990356
48.5636519896
48.5737836909
48.5843652799
48.5939744072
48.6214858964
48.6349758458
48.6786730081
48.6978043643
48.7070757432
48.737300377
48.7434281888
48.7498336549
48.7553209269
48.7587069586
48.8238801048
48.9886555018
49.0393159854
49.0787401387
49.1296734996
49.1490720075
49.1913349059
49.2129005162
49.2188351792
49.2287181439
49.244620453
49.2508764225
49.2618052847
49.268645019
49.3043355334
49.3137898727
49.3261431514
49.328726042
49.3411091973
49.3471342614
49.3601814368
49.3694434977
49.4057022411
49.4093068516
49.416833363
49.4405023866
49.4814228968
49.5002367135
49.5159055338
49.5236230286
49.5370414985
49.5432405433
49.5543717834
49.5592838279
49.5918447359
49.5962067402
49.6089458811
49.6302112
49.6389661311
49.6609497103
49.6717311042
49.6736266451
49.6779486807
49.6882139053
49.6961657778
49.7077303121
49.7238675223
49.7495911227
49.7663125596
49.7910022451
49.8214761344
49.8501372732
49.86524245
49.8801245191
49.893542628
49.9324527355
49.9490956368
49.9823646116
50.0011545628
50.0161300204
50.0254403807
50.0271013155
50.0457492204
50.0713391609
50.0967703037
50.1083599385
50.13706503
50.1475106078
50.1512897896
50.1695694948
50.1901827845
50.2295775887
50.2438483652
50.2741802773
50.285587008
50.3258247578
50.3637434096
50.3660267935
50.3779328447
50.4308592581
50.4324799145
50.4474254688
50.4578601892
50.4762849179
50.4868747345
50.4954795187
50.5011004013
50.5072351588
50.5088317804
50.5239424404
50.5312971462
50.5390868289
50.5494145333
50.5601344235
50.5794155363
50.5816430469
50.5827100669
50.5969495688
50.6110366237
50.6199387507
50.6442498929
50.6669310976
50.6885172169
50.7229153599
50.7428191027
50.7538454584
50.8185408134
50.8201550615
50.8249088597
50.8452133605
50.8718109773
50.9199255312
50.9305246853
50.9613215774
50.977665786
50.9985441218
51.0218919823
51.0539495741
51.0758836455
51.0975096902
51.2294425875
51.2594947388
51.2789634565
51.3228934282
51.331398317
51.3631842156
51.3855850648
51.4111901826
51.423750977
51.4778715975
51.4919855632
51.5345652849
51.5531516878
51.5794135702
51.6140535324
51.6171944746
51.6209870518
51.6330569459
51.6337576171
51.6382195549
51.646479033
51.6497751015
51.6545615372
51.6751157708
51.6776521244
51.6877583098
51.6884659503
51.7017391428
51.7070979411
51.7097131942
51.7181030902
51.7210044605
51.7248099754
51.7268719972
51.7411407005
51.7630649685
51.7712342748
51.7786031588
51.7969762173
51.8163847147
51.8224058887
51.8546261377
51.8802691598
51.8840560306
51.9064441829
51.9132231159
51.9233193607
51.9606743393
51.9697889096
51.985376822
51.9915484054
52.008007513
52.0159397062
52.0361376072
52.1100298746
52.1154508008
52.1261246291
52.1311129527
52.1473836529
52.1557521558
52.174556228
52.1912253417
52.2002142051
52.2039527458
52.2346622784
52.2418352922
52.7659907511
52.8171785371
52.8201067401
52.8248167995
52.8275141591
52.8437189242
52.8497917422
52.8549939743
52.8560665294
52.8663674761
52.8679591132
52.8829903511
52.8865418661
52.8980301148
52.9924781962
53.0023921493
53.003683254
53.0097297355
53.0216861156
53.0250304935
53.0512283517
53.0590341522
53.0606920183
53.0777371369
53.0933132608
53.1025583519
53.1034906254
53.1177051397
53.1290753988
53.1341056354
53.1447106319
53.1604180629
53.1705253271
53.1732617786
53.1841646174
53.1852117528
53.1936912941
53.1977796318
53.2103219989
53.2307313158
53.2367041502
53.2632854038
53.2717810716
53.2999001145
53.313981733
53.3148570561
53.320834576
53.3266818041
53.3336797439
53.3358090537
53.3519436822
53.3715619133
53.3744300332
53.4022479306
53.4273217488
53.4414682051
53.4438287766
53.476292723
53.5034798114
53.5192374034
53.5310498268
53.5464733893
53.5601715605
53.5877345828
53.6171407632
53.6524626702
53.6804501004
53.7101133707
53.7415050032
53.7727022604
53.7944610735
2275
