6.0097888036
6.015693658
6.01754949024
6.0209758014
6.02845633229
6.03017939157
6.03759139008
6.04253858411
6.13754676601
6.14055816986
6.15070382669
6.17040012446
6.18034047943
6.1924353644
6.19739089389
6.20823627373
6.22707002429
6.22802911647
6.24135257617
6.25187496563
6.27112701509
6.27684668831
6.27779725417
6.28396282012
6.31470873994
6.32014298816
6.35054834324
6.35601000462
6.37743244996
6.3845160038
6.39412479258
6.45229733732
6.4694511296
6.4711649517
6.48118599823
6.49085206448
6.55853123749
6.57547515802
6.58115345547
6.58791021701
6.59308229409
6.60961421188
6.61543739885
6.62661576943
6.65051318677
6.67221146576
6.68891820837
6.69178778252
6.71405888782
6.73207401207
6.79080101923
6.88114272122
6.89156637967
6.90713421705
6.99554215868
7.03529125149
7.05507566772
7.09267221479
7.11278545425
7.13626172255
7.15790340269
7.17515545974
7.19952917962
7.20702397832
7.21386245966
7.22310672465
7.22608934738
7.2287377856
7.23557408353
7.24794756353
7.27098148949
7.2782749218
7.28896562086
7.29229649377
7.3032354566
7.31009041854
7.3141212167
7.32371329347
7.33810070507
7.36433228843
7.36983053655
7.37564638671
7.37969633516
7.44606583062
7.46129566204
7.46684032377
7.47278093663
7.48675513447
7.48782368617
7.49661171623
7.51721208159
7.54007733199
7.55602458981
7.56400826209
7.58281785365
7.58690964903
7.59222498972
7.60956876015
7.62535143567
7.64195999814
7.64949611805
7.70116977876
7.73070032273
7.74685120864
7.76720362222
7.7795051077
7.78415805425
7.79642847566
7.80112156168
7.91473965117
7.93295837081
7.95115768777
7.98151665425
7.98743313531
8.02013835998
8.03140488034
8.05927433334
8.12834218395
8.13988206194
8.16628910347
8.22173660582
8.23419203051
8.24322657586
8.24634648784
8.26058879142
8.34136843526
8.36072837163
8.36238137234
8.40376694898
8.40979598142
8.41768374641
8.4288515017
8.43792415861
8.44088746742
8.44558351236
8.45207835175
8.45536942135
8.45609557263
8.48617630528
8.49123362995
8.49772624199
8.50018508936
8.5018353844
8.51708837378
8.51909680781
8.52292180502
8.52387676649
8.53768229985
8.5522183372
8.55418256695
8.55582060624
8.57312180495
8.57698282452
8.59357337432
8.60796980176
8.61953017582
8.62758763295
8.63964488791
8.65411830252
8.67668304939
8.68956167648
8.71481554371
8.73024618026
8.73367990854
8.75218742708
8.75823456003
8.76385859912
8.76979095565
8.77410364429
8.79219898405
8.81004524763
8.81445482357
8.83102373062
8.86453552038
8.87290663314
8.90634500192
8.92358739861
8.96338688874
8.98162943136
9.01590596225
9.02218526841
9.03102811075
9.07178343519
9.08148735322
9.09546617194
9.11136907261
9.11401464493
9.1312213228
9.18208045404
9.23065552613
9.24680682593
9.24920344928
9.25090519033
9.2612979422
9.27325440497
9.28213067327
9.28417943778
9.3303984333
9.38454405389
9.40729142796
9.42254882608
9.43342072212
9.49856431757
9.50550728944
9.53681060112
9.57365567951
9.61063788786
9.62239956113
9.62894085585
9.63695684135
9.64493416858
9.65378154947
9.65956501499
9.66571284709
9.67194045497
9.67779678798
9.68864767716
9.69574592946
9.69797546212
9.70394864993
9.70820363906
9.73141652649
9.75952974658
9.77026110878
10.703382347
10.7286476911
10.7559938112
10.7620135436
10.8073238434
10.808558335
10.8196296604
10.8203920745
10.8331833214
10.8541478258
10.8770760041
10.8905625069
10.9105152115
10.9579350046
10.9709215875
10.9784408826
11.0090814043
11.0162595765
11.0179780086
11.0194745083
11.0343072015
11.0390822913
11.0443729518
11.0840035616
11.0883409492
11.0978071927
12.0846445835
12.0852141429
12.0904323352
12.150901072
12.1573378452
12.1648785873
12.1675298681
12.1776213427
12.1863684106
12.207178088
12.2250211201
12.2387207517
12.2426351649
12.2493043547
12.2969997524
12.320195793
12.3296283463
12.3421051338
12.354218215
12.3599981528
12.3664827547
12.3779807543
12.3938824683
12.4000718598
12.4127370359
12.4402567769
12.4412603325
12.4425083862
12.4440378894
12.490722797
12.4952155078
12.5069409107
12.5300792923
12.5372841196
12.5624310911
12.5797156187
12.5849593687
12.5948922603
12.6007209583
12.6114384703
12.6124358146
12.6477625709
12.6624784929
12.6785001109
12.6964715445
12.7098611817
12.7257246718
12.7394530614
12.7652481966
12.7701804634
12.7846356656
12.7958551865
12.8221502033
12.8333625529
12.8634809183
12.8866004194
12.8983955144
12.9172375346
12.9341099696
12.9519221138
12.9630555458
12.9742382761
13.0040425015
13.0439935991
13.1217985422
13.1972184798
13.2075246351
13.2334100395
13.2413771238
13.249195079
13.2564566937
13.270595747
13.40242469
13.4809261699
13.4870958883
13.496744015
13.517413605
13.5339777645
13.5353235417
13.5396094939
13.5474595118
13.5641511724
13.5674467709
13.5757303021
13.5797597931
13.6616197722
13.671689929
13.6833423374
13.6939426873
13.7082859891
13.7160529568
13.7308169082
13.7489235538
13.7745688106
13.7807956741
13.7979802343
13.8031227178
13.8236897821
13.8468390017
13.8530145393
13.8775323218
13.8894210848
13.8991220106
13.9104266255
13.9134961081
13.9253490695
13.9511553507
13.9571680217
13.9658878636
13.9806214439
13.9970454383
13.9990359188
14.0208650126
14.0435768299
14.0452075045
14.1129995066
14.1426512225
14.1569607884
14.1843588353
14.2348058748
14.2552629438
14.2864317685
14.3089586802
14.4028713527
14.4129104242
14.4148144394
14.4202701867
14.4235455041
14.4311144569
14.4361957426
14.4367869176
14.4407690867
14.4415401362
14.4448581512
14.4575672972
14.4666352068
14.4817019928
14.4839269835
14.5000355732
14.5146686169
14.5249567587
14.5355806116
14.5365489348
14.5518724242
14.5652586244
14.5667299407
14.6117055355
14.6363213451
14.6391544806
14.6427689031
14.6568534751
14.6592463698
14.6624948311
14.6910763872
14.6954619596
14.7195988135
14.7214961011
14.7321815854
14.7464999459
14.7480644314
14.7491734973
14.7645655011
14.7673261789
14.7794716488
14.7860320664
14.7909140049
14.8001847197
14.8158735835
14.8219528765
14.8301293217
14.8466014269
14.856629932
14.9019158728
14.9259802932
14.9447861415
14.9486531466
14.9643763982
14.9756487978
15.0045880921
15.0164107947
15.0245648717
15.045889542
15.060240771
15.0647073097
15.0728842468
15.0854085222
15.0997209126
15.1197442163
15.1341164596
15.1967102904
15.2732488176
15.3244724687
15.3263221116
15.4364474418
15.4560424238
15.494460267
15.5215262877
15.5344932944
15.5647101937
15.5899439377
15.6058894612
15.6086011214
15.6143353837
15.6258518482
15.6337819229
15.6485883018
15.7012876235
15.7083558508
15.7148591399
15.7268846347
15.7331024196
15.7446740692
15.7620125187
15.7731135398
15.7860971752
15.7946026427
15.8062165207
15.808523058
15.8207224212
15.8335509355
15.8439825816
15.8526099503
15.8658367958
15.8744000625
15.8890551009
15.8974734809
15.9086644669
15.9615682538
16.0144406385
16.0155294824
16.0257948554
16.0303780532
16.0475704688
16.053832487
16.0660741111
16.0798635222
16.0820389528
16.1033559936
16.2367031805
16.2437549515
16.2596119777
16.2736220728
16.82031541
16.8230586265
16.8465311315
16.8507332035
16.8634267627
16.8698814777
16.8790567285
16.8795463355
16.8900913837
16.9027512662
16.9094579572
16.9180041995
16.9221315732
16.9277634144
16.9321363446
16.9354311139
16.9438150298
16.9614781014
16.9637243874
17.0152100172
17.0242760267
17.0260843072
17.0313952432
17.0323031416
17.0477591741
17.1266692835
17.1375473751
17.1525119477
17.163855037
17.18186017
17.1836886893
17.2122746528
17.2259134552
17.246314028
17.2584512774
17.2790466272
17.2886661376
17.3078380241
17.3283755897
17.3432443324
17.346608147
17.3674629064
17.4143250858
17.4367291316
17.4577569089
17.4947472668
17.5088890851
17.5371301305
17.5484551377
17.5606121323
17.5812043939
17.5900722142
17.6278356285
17.6665158958
17.6857511314
17.6929440993
17.7320514992
17.7532424886
17.797691304
17.8096606818
17.8136956706
18.0049306538
18.0071841798
18.010804364
18.0164867449
18.0245630706
18.0334055292
18.0421281096
18.0526398165
18.067131447
18.0801855105
18.0876852894
18.0884844925
18.0949640818
18.1067944259
18.1075318595
18.1137305378
18.1173015556
18.1327074909
18.1432513068
18.150595529
18.1592687218
18.1690759136
18.1756115714
18.178605248
18.1922763968
18.199429514
18.2011312658
18.2053304347
18.2156085955
18.2202818893
18.2342497354
18.2684703385
18.2721148527
18.2799519665
18.2856415625
18.2983605542
18.311077152
18.3284763851
18.3294772762
18.3365292582
18.3479897209
18.3691100001
18.3782754402
18.3958709918
18.3989668595
18.4025746084
18.4118325986
18.4282066194
18.4511536827
18.474088797
18.4875346763
18.512089201
18.5295499333
18.5386825052
18.5507496755
18.5658128648
18.5797760774
18.5970651907
18.6707438614
18.70878068
18.7349387012
18.7588272679
18.7672738926
18.7908699827
18.795018089
18.8200245101
18.8400845581
18.8626151325
18.875137027
18.8858416235
18.9218744946
18.9409713639
18.9694061428
19.0170277991
19.0295851357
19.0645535988
19.0926333367
19.113764254
19.1240838657
19.1420257603
19.1684999676
19.1965314332
19.2186790504
19.2199087173
19.2284509483
19.2292407835
19.2324384509
19.2429356245
19.2440767431
19.2520008061
19.2527965102
19.2623489301
19.2683415462
19.2753109357
19.2781914809
19.2921668212
19.3031935992
19.3143154157
19.3265834956
19.3508491748
19.3683313135
19.3754876721
19.7888657431
19.8082778551
19.8139920162
19.8212553016
19.8397875071
19.8639525198
19.8861709458
20.0389593974
20.0493624992
20.0648179915
20.0912724481
20.0982033113
20.1157692376
20.1175186622
20.1275529539
20.1324698767
20.1514389763
20.2195435183
20.2509218734
20.2837353482
20.3300707976
20.3696610656
20.402610798
20.4723755116
20.473358582
20.4812667201
20.4897357744
20.4909737521
20.4972789186
20.5082631257
20.6367094553
20.6479119401
20.6526549353
20.6812493854
20.6821247723
20.6981406455
20.7098085897
20.7255659734
20.7285711179
20.743709341
20.7462946924
20.753182768
20.7570958492
20.7709790153
20.775051526
20.7777556112
20.7792013447
20.792973358
20.8127072522
20.8293517397
20.8461088174
20.8595924477
20.9101054991
20.930366227
20.9534030137
20.9951632738
21.0028035445
21.0112665549
21.0223345888
21.0338789949
21.0434057313
21.0451408582
21.0540007229
21.0758728635
21.083793091
21.0876831554
21.0951121551
21.1167485954
21.1525326415
21.172740466
21.1886836864
21.2121738972
21.2207866766
21.2664591822
21.365653325
21.3747654998
21.3768682277
21.6036285914
21.6058635052
21.6079438279
21.6137028116
21.6201250035
21.6351587867
21.6482637222
21.6645468042
21.6779770369
21.6870199511
21.6927505311
21.713139543
21.7169248361
21.7257395255
21.729206377
21.7375191594
21.7431569044
21.7454645793
21.7583076748
21.7623156335
21.7668040991
21.7718458039
21.7760117813
21.7784061604
21.7865627236
21.8076830654
21.8241714608
21.8300469787
21.8319914425
21.8505414145
21.8594478058
21.8746033637
21.9053455722
21.9115395945
21.9159598275
21.9200383931
21.9269054235
21.9314990651
21.9331248299
21.9344086349
21.941625263
21.9547549611
21.957761303
21.9677295647
21.975148798
21.9860311915
21.9948125059
22.0020637311
22.0160391566
22.0307651136
22.0421720956
22.157889662
22.1638843668
22.2234454461
22.24078992
22.251272553
22.3132504506
22.368517104
22.4097298455
22.4198382634
22.4296884967
22.4631442784
22.4759585484
22.5007383588
22.5165233942
22.5200317031
22.5506899718
22.5572122783
22.6054547188
22.6286808337
22.6550663525
22.6615316385
22.6832542667
22.7048596685
22.7325077616
22.7497620196
22.7693230152
22.7960269051
22.808483986
22.809367091
22.8179774767
22.8257557035
22.83099552
22.842831044
22.8512013075
22.8546961327
22.8555698547
22.8562131045
22.8613235977
22.867950323
22.948499186
22.9537107
22.9600125716
22.9746198433
22.9840308538
23.0714991598
23.0761604887
23.0883315761
23.0918776956
23.170389685
23.1748578701
23.1974474848
23.2018535762
23.2065131703
23.2458356703
23.2520588893
23.2625311712
23.2836914351
23.2954029382
23.310098812
23.3175810604
23.3271278752
23.3381002474
23.3497245458
23.3677931898
23.37601604
23.3851577968
23.3923262672
23.4029769138
23.4252380317
23.4316564274
23.4541377684
23.6537280271
23.6819820465
23.6903792255
23.7216128398
23.7432059498
23.7606160348
23.8084877098
23.927498279
23.9309396986
23.9358886178
23.9409684352
23.9740896027
24.0092743726
24.0136845036
24.0142218923
24.047118298
24.0516877813
24.0819973092
24.0848423157
24.0884786609
24.089378847
24.1038005063
24.114297018
24.1270412245
24.1380019332
24.1468868114
24.1539540831
24.1549444019
24.1713748758
24.1814065636
24.197500262
24.209578182
24.2136063969
24.2315920992
24.237528179
24.2396446576
24.2673287446
24.3205105463
24.3282850562
24.3325883402
24.3379449497
24.3395831399
24.3693141319
24.3856428725
24.3867009005
24.398711991
24.42985014
24.4423463287
24.4436294328
24.4561844456
24.4573550039
24.4985731303
24.5060484304
24.5294246638
24.54242566
24.5578202174
24.5613147383
24.5695676386
24.5778290853
24.5931549627
24.5956826067
24.5977280903
24.6109134046
24.6121556056
24.6275911704
24.6371578711
24.6644491954
24.6854778676
24.7045509779
24.7703242203
24.7921456814
24.8976681675
24.9095722012
24.9401002395
24.9533446847
24.9728360078
24.9850427444
25.0368599533
25.0415806061
25.0811794626
25.0940638613
25.1076330049
25.1365551224
25.2021864451
25.2073922752
25.2094366887
25.2309715972
25.2356078657
25.236466459
25.2403270322
25.2704273735
25.2949456833
25.3008768057
25.3201056753
25.3296859892
25.3467824202
25.3552854514
25.3671543644
25.3743716202
25.3824312779
25.3896026468
25.3940780557
25.3958261732
25.3994432933
25.4002165867
25.4056613042
25.4216273834
25.4345776221
25.4412294971
25.4618580478
25.4731412196
25.4781917053
25.4891059453
25.4990954682
25.5717205825
25.6507807307
25.6542200798
25.6654952206
25.6744932351
25.6909356731
25.6920572859
25.6980734385
25.706482212
25.7129998826
25.7418149045
25.7429442967
25.7545872735
25.7599849768
25.7675248851
25.7688113567
25.7896143033
25.7996332599
25.8186574701
25.8331341187
25.8594529089
25.8661038263
25.8780834394
25.8822876243
26.0719254028
26.0738873299
26.099558715
26.148042485
26.2000024546
26.2289873406
26.4045346316
26.4070807328
26.4672625854
26.4713091687
26.5273233231
26.5390491704
26.5461331255
26.5555253019
26.6239361558
26.6245848761
26.6389757429
26.6409365353
26.6462408367
26.6907314335
26.6936660157
26.7036110367
26.7138186746
26.7195758034
26.7305842873
26.7319894155
26.744157692
26.7475220566
26.761507447
26.7661232271
26.7682486931
26.7797964472
26.7842010372
26.7851996471
26.7974698264
26.8030841957
26.8052608547
26.8148687252
26.8300389506
26.8548199911
26.8698395799
26.8939173609
26.9036844034
26.9134518177
26.9192965259
26.9910633162
27.0132782101
27.0317685644
27.0411265012
27.0497784471
27.0645560672
27.0665683841
27.074329759
27.0906523138
27.0959598156
27.0980250704
27.1222108558
27.1375546968
27.1526707465
27.1715212017
27.1868923826
27.3380064522
27.3643573387
27.3883682353
27.4158526071
27.4382017241
27.4410455711
27.4544576594
27.5479270902
27.6049373618
27.6054903433
27.6248982225
27.6276693128
27.6297381493
27.6417720435
27.6599879512
27.6612582117
27.6704610975
27.6730198916
27.6837598532
27.6905054399
27.6937999079
27.6943889222
27.7057336552
27.7079313348
27.7269817941
27.7916595406
27.7957644169
27.8055319333
27.8125289625
27.8285777911
27.9040829055
27.9566733559
27.9587715354
27.9604907139
27.9704810264
28.0052357744
28.0225516556
28.047920024
28.1041641886
28.122755217
28.1266003492
28.1365689436
28.1405647658
28.1487151927
28.1664738646
28.1867585813
28.2210340992
28.2471203235
28.2549092967
28.3174191528
28.3344623251
28.3510841401
28.3663820568
28.3725525622
28.3751660444
28.4007944305
28.4312020726
28.4430930863
28.4586292829
28.478312629
28.5243612729
28.5386200361
28.5872999612
28.5989370493
28.6101178584
28.6206254173
28.624953147
28.6460733401
28.6673207158
28.7175817249
28.7445649132
28.8042863399
28.809514004
28.81097496
28.8293003585
28.8383005911
28.8388511526
29.355598869
29.3736479807
29.4040474842
29.4161502656
29.4307654417
29.4712047703
29.4963191046
29.5042026982
29.5443060045
29.5585685528
29.5926042085
29.5967857585
29.602062505
29.6363659613
29.6430478961
29.675961759
29.7012022023
29.7326033666
29.7436995877
29.7571028232
29.7777165651
29.8207427631
29.835097006
29.9029255463
29.9418205805
29.972545234
29.9944971294
29.9992561837
30.001080572
30.0034141764
30.038075653
30.0385214631
30.0474892686
30.0617858366
30.078642129
30.218194654
30.235144112
30.2367616974
30.2956558854
30.3076611084
30.3830375144
30.3864305699
30.4005015013
30.4071016599
30.4143773447
30.5464753712
30.5594089672
30.5750994812
30.5924091914
30.6039514643
30.6393339827
30.6529348636
30.6761421992
30.6835408485
30.6901064412
30.7090448359
30.7179636035
30.724967474
30.7462687644
30.7514355711
30.810678546
30.8317935658
30.847397481
30.8742364568
30.8918777773
30.906544784
30.9540466504
30.9671645356
31.0051064269
31.0223124089
31.0767442015
31.0800352368
31.1004584627
31.1082774161
31.1234432086
31.1430586632
31.1451228195
31.1704688999
31.1886675469
31.2083253994
31.2115858937
31.2179575028
31.2259926089
31.2288017894
31.2328413354
31.2366212324
31.2402108507
31.2665427873
31.27251735
31.2779710145
31.2833032414
31.2992096843
31.3359331263
31.3505924433
31.3628909517
31.3704801524
31.3774466886
31.3838534611
31.4069967065
31.4121439625
31.4185839879
31.4203630591
31.4312347419
31.4349567054
31.472786934
31.4938688662
31.5260674274
31.5268291505
31.5516734115
31.5541673937
31.581753992
31.6008900173
31.6049772506
31.6252996391
31.6389480321
31.6508948175
31.6831273059
31.6914676559
31.705000777
31.89883667
31.9132820393
31.9439097842
31.9552138018
32.014328132
32.0446863709
32.058121195
32.0730502119
32.0829012563
32.0939758567
32.1864406196
32.2135662636
32.2460181136
32.2587320073
32.2736276789
32.4472608326
32.4500469978
32.492286146
32.4957612026
32.5023905565
32.5246992734
32.5428071113
32.836231942
32.861511305
32.927987654
32.9577158697
32.972946241
33.0393411954
33.0528792797
33.0734279312
33.0937010931
33.0989116638
33.1210741968
33.145542503
33.1503425997
33.1770820419
33.1843755811
33.2536414929
33.2970830134
33.3270093837
33.3486186322
33.3566214626
33.3942336698
33.417718644
33.438149956
33.6382911325
33.6491666849
33.659823851
33.6606347268
33.9334460639
33.9360614395
33.9578081944
33.9589291598
33.9696101765
33.9870997541
33.9962608687
34.012601848
34.0326404902
34.0411827477
34.0543547805
34.0562319315
34.0733919255
34.0931267032
34.0982100595
34.1170251826
34.1381502299
34.1398732596
34.1547350921
34.1629243551
34.1806422008
34.1928136258
34.2105339436
34.2484164657
34.2632928199
34.2657832996
34.2857993065
34.294235323
34.3111111195
34.3362958716
34.3498376368
34.3618506874
34.3871521533
34.4042016899
34.4784717383
34.4927664877
34.5058766002
34.5356055261
34.5575320015
34.5717708864
34.6048371506
34.6209763591
34.6519112789
34.6850366642
34.7343243913
34.7477093968
34.8049783176
34.8112861914
34.8133347438
34.8202827552
34.8228099857
34.8325946812
34.8337245045
34.8372102509
34.8452450696
34.8493492345
34.8500126684
34.854023967
34.8663592186
34.8830427022
34.8909240178
34.9026757467
34.9124682125
34.9150093677
34.9231352353
34.9297205614
34.9325084931
34.9443036832
34.9501217217
34.9512443133
34.9602046547
34.9676290557
34.9784191664
34.9860790447
34.9955764314
34.9983280949
35.0100868615
35.111295828
35.1124143419
35.1229008063
35.1279741011
35.1313183925
35.1322210361
35.1443158912
35.1475628036
35.1672472833
35.1699313726
35.1751296155
35.2080003453
35.222204743
35.2233367731
35.2286632496
35.2436125216
35.251976124
35.3104515242
35.3118014417
35.3270830146
35.5745938866
35.5815004021
35.6035997314
35.6498538627
35.6743405656
35.6891803105
35.8363983273
35.8827334916
35.9059499541
35.9320706247
35.9468488342
35.9775996594
36.0102358809
36.0136605138
36.0283450181
36.0345253384
36.03691144
36.0464769978
36.0540825183
36.0587712046
36.0592792399
36.0631332671
36.0689770969
36.0797612301
36.0881767926
36.0991269029
36.1037910134
36.1298979498
36.1528682829
36.1612566097
36.1659528328
36.1837003751
36.2261525715
36.2844714785
36.2977168292
36.3119548621
36.3171103383
36.3227308781
36.3255259742
36.330116781
36.3469690688
36.367223888
36.3890287146
36.4102154001
36.4298366664
36.4343177375
36.4363141813
36.4525512704
36.4742838668
36.4811175417
36.4835008633
36.4927908872
36.5021361456
36.5080399581
36.5144374263
36.5230874627
36.5364933183
36.5489753224
36.6842354952
36.6911676845
36.7297450347
36.7317048958
36.7475138438
36.8152455887
36.8356417636
36.8499128352
36.8813405036
36.9132931259
36.9881210232
37.0467681249
37.0761461285
37.0905995092
37.1333540054
37.1597688574
37.173400505
37.2681924551
37.269143074
37.2776619125
37.2901283092
37.2974521104
37.3474521963
37.3519550784
37.3605823852
37.4102639683
37.4186644236
37.4340059532
37.4421529619
37.4775957597
37.482605155
37.4868004224
37.4985656129
37.5079960312
37.5151439586
37.5295398157
37.5593078727
37.5766997085
37.5990725778
37.6062751224
37.6205903278
37.6402456391
37.7109206163
37.7450525669
37.770365768
37.7810103641
37.7879342015
37.8124310345
37.8262463391
37.8473393493
37.8646482547
37.8986153805
37.9386623705
37.9923795873
38.0090267491
38.0355026259
38.0520594128
38.1146880366
38.1285106805
38.1662690939
38.1685957633
38.2087798347
38.2482175117
38.2601635478
38.2932097666
38.3049247532
38.3068732525
38.3130634661
38.3372087425
38.3688848942
38.3749551954
38.4032399165
38.4161152277
38.4275152299
38.4400981807
38.443439375
38.4497307601
38.4609829949
38.4973961089
38.50523195
38.5112959815
38.5147839123
38.5274439058
38.537553795
38.5400028484
38.5515869245
38.5540712921
38.5601455561
38.5674425408
38.5714866879
38.5820724055
38.5939551258
38.6145644152
38.6601580264
38.6625342353
38.8936507342
38.8981568052
38.915863509
38.9352103966
38.9555920912
39.0060787771
39.0410387461
39.0657974425
39.0763241431
39.0887623988
39.1662174562
39.199991407
39.2440817959
39.2567623231
39.2916953728
39.337220022
39.3667005372
39.3916640737
39.4057517142
39.4149639663
39.4391641523
39.47011387
39.5017762324
39.5363683377
39.5707720318
39.5734545363
39.5970876268
39.6025628327
39.60330432
39.6101372607
39.6118465831
39.6168667201
39.624611746
39.6318149329
39.6535799672
39.6552275283
39.6621817289
39.6674347931
39.6891788685
39.6999076832
39.7077149557
39.7090640573
39.7097349637
39.7190062203
39.7210307688
39.7251890545
39.7258568681
39.7418596538
39.7539782963
39.7648027945
39.7701734051
39.7819536575
39.7878983331
39.7948603205
39.7960066112
39.8016098729
39.81648025
39.8263607042
39.8328919004
39.8405416729
39.8475689734
39.8531330668
39.9271409536
39.9351319913
39.9371733979
39.9662362175
39.9713208112
39.9836759629
39.9889427212
39.9925005138
40.0158944392
40.0298613729
40.0519055773
40.0582008696
40.1056614433
40.1271488463
40.1422402405
40.1477516291
40.1702513973
40.186060973
40.1896349895
40.2004318817
40.2189156834
40.2316364869
40.2488680207
40.4250331844
40.5127881186
40.5263391063
40.5470617961
40.5598512172
40.6498639837
40.6581306792
40.7017772244
40.7367108225
40.7519329268
40.7891924815
40.8055425026
40.8114603718
40.8180495371
40.833955696
40.8496662082
40.8540662818
40.8579198674
40.8622503039
40.8676818307
40.8684220985
40.8731964402
40.8813071172
40.8887199809
40.9004210262
40.9014574031
40.9083909769
40.9118980271
40.9222430099
40.9260772606
40.9295687214
40.9305126194
40.950916182
40.9605896618
40.9706332198
40.9778907441
40.9892331384
41.0028125089
41.0368187461
41.0409964757
41.193124215
41.1940754656
41.2167339061
41.2375198687
41.3329891564
41.3564307991
41.3581028431
41.396188616
41.4140236993
41.4195516382
41.4318139358
41.4492627453
41.6019381024
41.6036764947
41.6514344725
41.6586592574
41.6842754752
41.6943589093
41.7271941249
41.8787998845
41.8806250314
41.9380087543
41.9639064843
42.0034416063
42.0055040372
42.0137135456
42.0247241433
42.0325076592
42.0387818462
42.0452781066
42.0462466207
42.0519613994
42.0546408612
42.0576982585
42.0609521879
42.0748014404
42.0784354288
42.0922687442
42.0929759913
42.0991434178
42.1107599601
42.12042657
42.1217500206
42.1603837676
42.1675730466
42.1784725648
42.18275811
42.1838880075
42.1935255653
42.2067146171
42.2224581197
42.2271638794
42.2326452316
42.2395811957
42.2502004007
42.2675322153
42.2741329085
42.2870890056
42.2886640071
42.2993535069
42.3175821887
42.3589656427
42.3702220808
42.3801009193
42.383383206
42.3979176721
42.491282666
42.4967309071
42.5093938209
42.5145994629
42.5264916665
42.5434062598
42.5723927908
42.5779567368
42.5967224831
42.6144847562
42.6285599437
42.6389315519
42.651767067
42.6697153126
42.6829065868
42.7579966693
42.769690305
42.7762922766
42.8130008342
42.9403890856
42.9613776607
42.9635864981
42.9781491471
42.991867937
43.0150453623
43.0980587111
43.1147209706
43.1450223231
43.1756703644
43.2121791783
43.2207103848
43.2323329488
43.2428922729
43.2534259727
43.2629883819
43.2660668693
43.2727094332
43.3938105296
43.3999562394
43.4094065569
43.4206570462
43.4276870179
43.4323257379
43.4381351877
43.4502843391
43.4545340987
43.4903146105
43.4938631632
43.5027280894
43.5048482963
43.5149405681
43.5243986788
43.5331578172
43.5492784232
43.600445144
43.6105871574
43.6167074016
43.6256858703
43.6405241865
43.6570678711
43.6706304362
43.796588727
43.8052806971
43.9014132055
43.9066767631
43.9164730927
43.9196598112
43.9216564528
44.1635732431
44.1735346399
44.2061788393
44.214016622
44.2553711066
44.2694747658
44.2905466456
44.3168677962
44.3584335948
44.4048365948
44.4224112145
44.4299843692
44.4312374929
44.4372516403
44.4500248916
44.4573091133
44.4656840579
44.4740216789
44.4772026129
44.4872895334
44.4954397395
44.5042221435
44.5125182481
44.5178666766
44.5245319375
44.5254065348
44.5361355365
44.5414536253
44.5457756811
44.5780302028
44.5869827788
44.5957851698
44.6077059222
44.6172896804
44.6240216024
44.6375815288
44.6508238337
44.6537230319
44.6665956985
44.6907027798
44.7397886506
44.74189846
44.7461910784
44.764780989
44.7667674641
44.7720902108
44.7810588828
44.7823868172
44.7996980707
44.8079377997
44.8378302723
44.8484459938
44.849381052
44.8709870309
44.8804957045
44.8864412845
44.8971537509
44.9079029311
44.9414157828
44.9431243413
44.9613897911
44.9661192193
44.9900858102
44.9950131162
45.0428877189
45.1181067002
45.152034349
45.1794856543
45.1891975265
45.1903674829
45.1977323375
45.2816992402
45.2946862504
45.3446105459
45.3620710938
45.378058936
45.3965941247
45.42283568
45.440675447
45.4774608085
45.4880180003
45.5416929836
45.5531644428
45.5774638932
45.596054585
45.6026331785
45.6179419111
45.6274321536
45.6422012328
45.6471120233
45.9477934738
45.9542039104
45.9640188744
45.9734786246
45.9891832639
45.9998807428
46.0166038614
46.032847771
46.0419918667
46.0513485207
46.0599665288
46.0642740919
46.0853999668
46.123749341
46.147266328
46.1553199141
46.1665204665
46.1711386764
46.195976378
46.2203951856
46.2552060991
46.8072149363
46.8117478302
47.0526709831
47.0603640386
47.074513658
47.0812322452
47.0974512192
47.1002483256
47.1032296736
47.1241193763
47.1384934718
47.1436126264
47.1495530564
47.1681314911
47.1727422759
47.1811717572
47.1846691696
47.1939240203
47.212545581
47.2149241347
47.2250053988
47.2373903499
47.2386615179
47.2467108852
47.2562647527
47.2808388498
47.2952123651
47.2992535764
47.3026187951
47.3320286733
47.3507393537
47.3599036978
47.3819039994
47.4052489481
47.4457492774
47.6687252768
47.6907565663
47.7138681123
47.7178532037
47.7357138679
47.7864065872
48.0067397341
48.0268035987
48.0354759354
48.0368876807
48.0519316671
48.054829304
48.0650354673
48.0777880968
48.0918158947
48.1128712799
48.1189725495
48.1272150677
48.1284584362
48.1344532289
48.1662266013
48.1947889598
48.2000308163
48.2114858754
48.2152823262
48.2237886661
48.2344984904
48.2415565448
48.2524809422
48.2544742039
48.2976812275
48.3056705396
48.3203607582
48.3393302741
48.3469828511
48.6892554349
48.7062355795
48.7247636375
48.7359973071
48.7385129433
48.7477490482
48.789176888
48.8140632963
49.013200662
49.0362045533
49.0438802737
49.0648975137
49.0779676743
49.0796779945
49.1388219367
49.1767999803
49.1931465191
49.2112526015
49.2355294072
49.2438974477
49.2470584768
49.2698364546
49.2792349789
49.2889441508
49.2963563026
49.3055157001
49.3092645987
49.3319664718
49.3460123218
49.3475369548
49.3577089997
49.3653657698
49.3666070654
49.3676622878
49.4047312117
49.4172322439
49.4283868756
49.4318962396
49.4475053815
49.4584935996
49.4874348404
49.4882860421
49.4891245695
49.4935120703
49.5014362272
49.5112181982
49.515086563
49.5203696086
49.5254567498
49.5358225601
49.5530302072
49.5572818858
49.5583739957
49.581914809
49.5975059946
49.6070883397
49.62161953
49.6300496566
49.6464991661
49.6637816221
49.6890284885
49.7075711906
49.7143983707
49.7323533337
49.7479555687
49.7622166912
49.7806362562
49.7873925309
49.7988216212
49.8056265225
49.826157405
49.830424333
49.8523488171
49.8761102874
49.8817058131
49.8928190589
49.9213826359
49.9480992861
49.9494798074
49.9668910796
49.9901644311
50.0073868119
50.0272565609
50.0575194968
50.072919922
50.1104295124
50.1264888068
50.1445331563
50.1459580576
50.1688933231
50.2873412328
50.2982327844
50.3293783659
50.3940983454
50.4006363694
50.4085212069
50.4168384769
50.4454456074
50.4521817256
50.4571430844
50.4642986978
50.468850426
50.4723126108
50.4824733948
50.4878095986
50.4944200048
50.4993931893
50.5073420234
50.5158619745
50.520257618
50.5242923538
50.5329586201
50.729060346
50.7378013069
50.742879434
50.750784235
50.7753787892
50.7843390108
50.7941490773
50.8077228716
50.8149886456
50.8230964705
50.864153165
50.8792072203
50.8932234696
50.8983981182
50.9109592905
50.9343026046
50.9354170865
50.9401397493
50.955569872
50.9625999101
50.9763317214
50.992569667
51.0188494114
51.0379430642
51.0487609034
51.0747288199
51.1035303699
51.1140631228
51.1426510004
51.1639321136
51.1792039795
51.2047030836
51.217918681
51.2210098128
51.4721511378
51.528310865
51.5429982356
51.5839878238
51.6074060834
51.6187235294
51.6345668519
51.6471943627
51.6477996383
51.6504584898
51.6559130731
51.6625119229
51.6656311115
51.670117219
51.6797178927
51.6827222245
51.6887751861
51.6966187323
51.7229909612
51.7333287256
51.7399085694
51.748143299
51.8149399712
51.8324800156
51.8436699007
51.8542566057
51.8601088203
51.8718789345
51.8767152242
51.8892792422
51.8928203148
51.9018276151
51.9381269736
51.9612629579
51.9669997571
51.9808688253
51.9967678658
51.9975288991
52.0082992109
52.0177644019
52.0323465675
52.0515379996
52.05902877
52.0748390876
52.0838864687
52.0933350954
52.1256088472
52.1487869966
52.1632693605
52.1708240649
52.2281741716
52.2479971492
52.2608709391
52.2939877452
52.3012040699
52.3106813097
52.3163041423
52.3348581067
52.3898792711
52.5337643371
52.5547896126
52.5685908625
52.6020016694
52.6101358835
52.6502498184
52.6892545657
52.7006679052
52.8027330247
52.890002897
52.8974237846
52.9058413073
52.9184769529
52.9302998415
52.9313892535
52.9387207542
52.9463545827
52.960436473
52.996205913
53.063808956
53.0672789679
53.0765596995
53.0876074733
53.0999807444
53.1092712675
53.1123408953
53.129251828
53.1797428088
53.187494271
53.1998605761
53.2012319868
53.2093124779
53.21028412
53.2112379714
53.2263055504
53.2511522537
53.2619711326
53.290722589
53.2953795886
53.303295144
53.3771298824
53.7420132402
53.746684564
53.7625217112
53.8268480059
53.8510877706
53.8729982668
53.9161531748
53.9298572521
53.9625218037
53.9710943034
2244
