6.00741331763
6.013934965
6.02038739014
6.03107246379
6.04017094158
6.04297886279
6.05100179148
6.05324416615
6.07355545283
6.08127845227
6.09402365604
6.10461614971
6.1100780628
6.11452974947
6.12972151904
6.22749237592
6.23460929208
6.27589095674
6.28273238329
6.29030281622
6.29425243683
6.3019022331
6.30343031494
6.31064917558
6.33235872222
6.34483750027
6.35152212797
6.3606811269
6.37654517687
6.41977591125
6.43044358057
6.43578418677
6.44613044099
6.46324369957
6.46872722126
6.47098673384
6.49694711558
6.51316586022
6.5216975002
6.53915514746
6.55351011022
6.58474631815
6.70770009236
6.72859606841
6.73347499148
6.75947387771
6.78145295876
6.80697917614
7.16252023184
7.20422851237
7.20743669259
7.21130703003
7.21209216212
7.26155828638
7.27954984477
7.28342497312
7.29038624217
7.51723289171
7.55190124177
7.55403293977
7.56262221431
7.56381082646
7.56981948255
7.57394057575
7.5866743453
7.59120156754
7.60872284714
7.64074300945
7.65098055763
7.65943537675
7.67434671556
7.68385407545
7.6975989151
7.70748464252
7.72154801814
7.73001674777
7.7416561526
7.75192579457
7.76320628756
7.77678720646
7.80425882784
7.81110304146
7.82869255172
7.83029264843
7.83944354446
7.84417808786
7.87638562882
7.8888960897
7.90531412063
7.92620324202
7.95255757115
7.96947087919
8.01035079119
8.02940433974
8.05986287271
8.11275755815
8.13369721258
8.16276493083
8.22887679435
8.24021032094
8.26092220211
8.26910827061
8.30741027878
8.34483258176
8.37198955898
8.38764323154
8.40665130986
8.40997493312
8.42554694436
8.43746602296
8.45592873791
8.46456158544
8.46727116982
8.48282724472
8.48447927969
8.49280914226
8.50592281492
8.52747817287
8.53881033256
8.54758320879
8.55216339075
8.5554763213
8.56810103764
8.57237213382
8.57800748821
8.59233885487
8.59756727239
8.59870643246
8.60311853318
8.61421725446
8.62616599828
8.63202139903
8.66249316319
8.70292790422
8.71576745717
8.72483007286
8.75200835892
8.76325884579
8.78227289044
8.81250515437
8.85414915575
8.86783771931
8.88617685421
8.88836810368
8.89429867268
8.90000456419
8.92453237606
8.93570898863
8.97455658179
8.98294480859
8.99320920169
9.00287983926
9.02618982717
9.03659323124
9.03834820672
9.05429971218
9.08024351295
9.09693483364
9.10084127976
9.15987342214
9.16698371065
9.18169583445
9.18437021623
9.20023376407
9.21897541278
9.24582222951
9.26692816798
9.4166492913
9.43753126745
9.48441149551
9.51980634266
9.55123949084
9.57513707605
9.60207732976
9.60818020064
9.62244388783
9.67051080139
9.6713530621
9.67329037095
9.68110636865
9.695154369
9.69880646383
9.71157839628
9.71919809495
9.97656684296
9.98484323878
9.99726034356
10.0194133154
10.0402775894
10.0440260627
10.0641178562
10.0740397111
10.095830686
10.1123727911
10.2097640291
10.2248976968
10.2440682215
10.2572547281
10.3042544947
10.3052988373
10.3304643281
10.3411363381
10.3567068352
10.3805125159
10.3920128968
10.4107744352
10.4368232755
10.4754216231
10.5018032807
10.520394058
10.5539833363
10.5622560365
10.590055833
10.6337110723
10.6683848428
10.7133978879
10.733091158
10.7406190186
10.7654378387
10.7689991972
10.8069937815
10.8115126413
10.8297813418
10.8324097666
10.8528783006
10.8574403609
10.8642124042
10.8744662499
10.8817751617
10.9012693117
10.9246087007
10.9347423544
10.9460617413
10.9496684145
11.0505063153
11.0689482814
11.0742518206
11.159031438
11.1657982897
11.1729133529
11.1891183367
11.1992427271
11.2214039103
11.2374905553
11.2464998347
11.419384575
11.4488763637
11.5107150604
11.6041515934
11.6174441029
11.642814416
11.6641704481
11.6838883896
11.6856163446
11.6967697662
11.7358134961
11.7574409046
11.7608401391
11.7851126973
11.79808984
11.8068506479
11.8610186835
11.8888211015
11.9014879179
11.9178169266
11.9276667074
11.9654913084
11.967735069
11.9814784551
12.0063138185
12.0079516699
12.0182195848
12.0217506614
12.0297140868
12.0338160461
12.0473614085
12.0567141451
12.058787717
12.0648874908
12.0720286179
12.0753047325
12.0814348563
12.0889104934
12.1008868669
12.1135987335
12.1271452841
12.1373685353
12.1411181159
12.1521253527
12.1638809329
12.175296612
12.1850471484
12.1937683965
12.2117231758
12.2167717099
12.2253866216
12.2301684207
12.2368391963
12.2422687412
12.2619080745
12.2673088966
12.2817274131
12.2852804804
12.2897649143
12.3179759566
12.3194697929
12.3379042207
12.3615451021
12.3825598452
12.3977558088
12.4331702413
12.4639710904
12.4744048068
12.4787808362
12.486398733
12.5176235067
12.531745335
12.5512909447
12.5676700856
12.5901514286
12.625168657
12.6526590307
12.6624460772
12.6862753646
12.7065617149
12.7336441646
12.742876086
12.7577367741
12.7817725664
12.8187784822
12.8554119684
12.8812495548
12.8971452869
12.9073099959
12.9799796197
13.0120173618
13.0400412339
13.0807015909
13.1210886905
13.1490549831
13.2190391224
13.2200656647
13.2299997866
13.2381938669
13.2468770756
13.2485454972
13.256027555
13.2613473551
13.2739994591
13.2794378741
13.2895158421
13.2998948728
13.3215834983
13.3314339051
13.3401578762
13.3535524835
13.5204735833
13.5263605888
13.5300037523
13.5413720557
13.5484799074
13.5672004024
13.5834563703
13.5920053092
13.6145555902
13.6566646181
13.6642362373
13.6800589005
13.6905979054
13.6950789622
13.7130502414
13.7162843306
13.7237991438
13.7693585215
13.7906119509
13.8092537902
13.8172783147
13.8304284981
13.8550734889
13.8589636223
13.8692083535
13.882504587
13.8846128996
13.8951325203
13.9046330738
13.9218687914
13.9330188824
13.9427521428
14.1862382654
14.2681562198
14.3288675395
14.3506012833
14.3530719113
14.4049498404
14.4077060935
14.4169670556
14.4362651377
14.4375852212
14.444056473
14.4701299611
14.4783942709
14.4909904514
15.6086253938
15.6122117541
15.711052985
15.7184217294
15.7259330274
15.7272472203
15.7324203909
15.7397214175
15.759654661
15.7612188121
15.8151123565
15.8315634588
15.8369702363
15.8627877149
15.8720924259
15.885692749
15.8912057025
15.8923319113
15.9073805139
15.916935824
15.9217377182
15.9357681664
15.9523515634
15.9721441198
15.9761113553
15.993521897
16.0948271263
16.1083318569
16.1149930898
16.1236123652
16.1998291257
16.2443713036
16.2579696774
16.2680328329
16.284537395
16.3029943375
16.3566476052
16.4017704476
16.4251126905
16.4266665121
16.4320647203
16.4336113106
16.4745394135
16.4892741066
16.5658151882
16.573442536
16.5988256011
16.623902699
16.6935656433
16.7085476766
16.7315695835
16.7457620178
16.7538683168
16.8038810745
16.8102474874
16.8181583375
16.8252134573
16.8335137591
16.8489876811
16.8560039973
16.8622134224
16.8748157681
16.8853069395
16.8920037207
16.89490097
16.8974487854
16.9065056412
16.9303672774
16.9312525997
16.9405844718
16.9487690209
16.9529131871
16.9989941186
17.0225872492
17.0284742212
17.0375593207
17.0473962006
17.0536220514
17.0642234784
17.0764132585
17.0965593174
17.1239578065
17.1257901078
17.1360680185
17.1508085616
17.1521845982
17.1568286974
17.167700067
17.1812049856
17.1828987124
17.2284197977
17.2323354767
17.2737483179
17.283053
17.3068799512
17.3293540398
17.3544258308
17.3666107671
17.3820045676
17.4030141517
17.4196875134
17.428231045
17.4378840855
17.4489787035
17.4504490951
17.4580917981
17.482335819
17.5030487564
17.5171855755
17.5244033581
17.5396994103
17.5521821958
17.5686858043
18.0980374816
18.0986776313
18.1078006775
18.1183742768
18.1271636211
18.1604912192
18.1693873385
18.1779039641
18.1870834798
18.2098425338
18.2267350087
18.2321828827
18.2718884324
18.2750145263
18.2803169974
18.2925794721
18.313164574
18.3285873106
18.5198965648
18.5693051407
18.5948559722
18.5973173693
18.6067770885
18.6335436379
18.6536559981
18.6724823223
18.6916359022
18.7149340411
18.7278962088
18.747884599
18.7728751512
18.7874860338
18.8040558025
18.8412451659
18.8628078679
18.8995592131
18.905995185
18.9329083693
18.9456934826
18.9523564879
19.072324638
19.0962829792
19.1135392666
19.1369401909
19.2007597607
19.2046904348
19.2079102988
19.2296634809
19.2322183855
19.2598967811
19.2694045538
19.279552333
20.1829823593
20.1988173156
20.2286755198
20.2531133624
20.2987796759
20.3302029629
20.3558822902
20.3916089243
20.4208537725
20.4238432283
20.4254327512
20.4287363964
20.4336363177
20.4345589317
20.4402868328
20.4587560423
20.4806497097
20.4936745965
20.5085705931
20.5473140694
20.5613780399
20.5659983458
20.5802668062
20.5862309385
20.5934748604
20.5982951013
20.6757314903
20.6826903158
20.6919641696
20.7017265983
20.7085091875
20.7181371494
20.7351086593
20.746534011
20.7473754406
20.7531429662
20.7557692066
20.7579212156
20.7670012993
20.7705413153
20.7796897779
20.8591514727
20.8738599224
20.8751726735
20.8990664657
20.9057828172
20.9220194378
20.935895279
20.9769179794
21.0068888873
21.015116302
21.0251992067
21.0515817774
21.0605338239
21.0633471554
21.1076860871
21.1228781758
21.1365696877
21.1629012133
21.1764318942
21.2075803336
21.338321173
21.3463560234
21.3939506421
21.4353475289
21.4847791125
21.5137489884
21.5336710964
21.5550470083
21.5681349297
21.5904070269
21.5954798098
21.6102405276
21.6180818185
21.6281359772
21.6445052977
21.6469242738
21.6508622704
21.6547951499
21.6640187887
21.6785469317
21.6889693289
21.7201342183
21.7273954377
21.7364753386
21.7441158846
21.7513804385
21.7569552958
21.7662109946
21.7752575617
21.7867613791
21.796797172
21.8219160533
21.8240795713
21.8367634068
21.8599197924
21.8824935529
21.8870338422
21.8914269715
21.9008352166
21.9195205788
21.9466389845
21.9487648323
21.9645686327
21.9776285706
21.9872202253
21.9954232686
22.0027653184
22.0230134342
22.0293203948
22.0402173007
22.0645023089
22.0855094552
22.1231650212
22.1245774052
22.144618455
22.150421357
22.2890117022
22.3053285255
22.3167054556
22.3195303354
22.3401438938
22.3571268501
22.3799109773
22.3819740645
22.3964062416
22.4122101973
22.4406490709
22.4515424454
22.471407615
22.4830467825
22.5684161146
22.6703075401
22.7053798953
22.7308536541
22.7756321185
22.7829846738
22.8093571879
22.821202992
22.8349567909
22.8454705947
22.8503989921
22.8546976327
22.8650748923
22.8690449615
22.8753005133
22.8808585386
22.8931911772
22.9139608709
22.9163336699
22.9203090445
22.9328073395
22.94260495
22.9436651394
22.950523361
22.9738619531
22.9779822988
22.9857401303
22.9976963301
23.0125351959
23.0503212148
23.0631937271
23.0639970691
23.0653466195
23.0687566103
23.0734657848
23.0851272068
23.0968979401
23.1101910081
23.1170738618
23.1419097598
23.1526891707
23.1799068235
23.2296184769
23.2432309492
23.2563497884
23.2585517662
23.2854050936
23.3338217887
23.3526072316
23.385131034
23.4157209861
23.4253396712
23.4356944201
23.4574868865
23.4670808482
23.4719161899
23.4922938425
23.4936529567
23.5190789576
23.690341191
23.7010829372
23.7045161837
23.7160718328
23.7677757285
23.7776489133
23.7968428596
23.8095211853
23.8135429563
23.8254880467
23.8337457697
23.8445119267
23.8804604951
23.9434612081
23.9606990009
24.0073444169
24.0251089708
24.0277727734
24.0311703135
24.0440339439
24.0485939166
24.0539043895
24.0622338788
24.0661689649
24.0672740033
24.0749769204
24.0815296057
24.0828264298
24.0848472372
24.0909637782
24.1073455762
24.1283948679
24.1959416693
24.2029368887
24.2134721977
24.2454777651
24.2593090582
24.2787340295
24.2843132939
24.2910232291
24.311256863
24.3203765193
24.3217742526
24.3245995515
24.3278074696
24.3324799168
24.3494276685
24.3549374914
24.3705790599
24.3788742443
24.3870752941
25.0059170838
25.0096737054
25.2061954105
25.2155828215
25.2271209007
25.2296909208
25.2465229463
25.3280511435
25.3593154678
25.371991709
25.376086044
25.377322258
25.3899510354
25.4071383738
25.4162508854
25.4369113571
25.4525799594
26.3711180961
26.3731945473
26.4075126898
26.4154811398
26.4197603361
26.4303718904
26.4358781795
26.4387560687
26.4464911541
26.4549770275
26.4559341118
26.4677257985
26.474673361
26.4891832377
26.4967162678
26.5049165664
26.5058018635
26.5276466527
26.5332564846
26.5581089183
26.5693433484
26.5823412722
26.5996239424
26.7596453232
26.7655326456
26.844740859
26.8589802654
26.8655737473
26.8947022975
26.9076844343
26.9171914674
26.9271469281
26.936435383
26.9399140878
26.9652044181
26.9709099954
26.9815465679
27.007125858
27.0204651894
27.0292721928
27.0573412084
27.0693610487
27.0981593137
27.1075797217
27.11570203
27.1380494394
27.1577471318
27.1631374017
27.6027437362
27.6096931869
27.6103871362
27.6175664614
27.6257586869
27.6343546811
27.6390440265
27.646056899
27.6665949596
27.6702672192
27.6915073954
27.6961594879
27.7042519456
27.7089483562
27.720539759
27.7221001027
27.7247484964
27.732151533
27.7416598015
27.753880846
27.756193809
27.7753118937
27.7818700645
27.7976584676
27.8052729437
27.8256534374
27.8366272886
27.8674977641
27.877849471
27.883119649
27.8927520483
27.9213701687
27.9711565131
27.9786842868
28.0060626851
28.0164384508
28.017347906
28.0294428529
28.0426214457
28.058579555
28.0774754128
28.2189368807
28.2307770315
28.2388568117
28.2503385301
28.2704737392
28.2763484414
28.3004469527
28.3106195898
28.3160101851
28.3390935687
28.3586212234
28.372687047
28.4196422146
28.4219377136
28.4542578514
28.4610792411
28.4800711187
28.5009016223
28.5199869828
28.5504289461
28.5774683482
28.5952060717
28.6027600274
28.6069040856
28.6247118128
28.6275220624
28.6347623349
28.6474434353
28.6787216618
28.8115278179
28.8220369501
28.8257506695
28.8308170451
28.8362003503
28.8371363522
28.8438205842
28.8544534114
28.8562825957
28.8601456904
28.8705317994
28.8773214872
28.8787722221
28.8887601477
28.8981246282
28.908543979
28.927972994
28.9409151772
28.9562621275
28.9673558388
28.9763780872
29.0523045939
29.0728436926
29.0840433614
29.0859162727
29.0958961579
29.1031462567
29.107702885
29.1435531612
29.1496931175
29.1546079298
29.1720608677
29.1929753446
29.2098866335
29.2109566253
29.2182020741
29.2408529482
29.2422356659
29.2443871255
29.2590344129
29.2769705646
29.289311702
29.3546019029
29.3601000307
29.3778111812
29.3804546227
29.3858908671
29.4037086723
29.4266194783
29.4450194669
29.4683698735
29.474125174
29.5012232604
29.511213342
29.5341907335
29.5505388291
29.5551947177
29.558236878
29.585630746
29.6108225139
29.6200326451
29.6366412126
29.6520989108
29.682486585
29.6905131708
29.7297287635
29.7380929769
29.9258703277
29.9744700016
30.0040347819
30.0097229786
30.0106499213
30.0116125056
30.0132203816
30.0139359782
30.0209883894
30.0366930251
30.0402347573
30.0493335093
30.0512016798
30.0525454666
30.0648379542
30.0690105707
30.0725412291
30.1064010138
30.1162268444
30.1269521885
30.1361676046
30.1438221712
30.1515747106
30.1696155107
30.1703088071
30.1799306167
30.1873883965
30.1916399203
30.202842414
30.2162469435
30.232040093
30.2378723006
30.2483288146
30.2552243177
30.2581481683
30.2683671981
30.3189318864
30.3289057868
30.3448149689
30.3459569082
30.3669537579
30.3815562059
30.3863178392
30.3963637055
30.4210701088
30.4741358059
30.4780318671
30.4876915251
30.4902636213
30.5046517179
30.5147874869
30.5208689396
30.5642301604
30.5826344706
30.5996439456
30.6026750051
30.6136867975
30.6362792596
30.6591044136
30.6924133609
30.7107609556
30.7394712879
30.759540068
30.7693960984
30.7871992719
30.794306374
30.7981836996
30.8612536361
30.888998887
30.9144681333
30.9315551127
30.9572436026
30.9678683904
30.9795011636
31.0221940306
31.0550376517
31.0783866862
31.0967063673
31.105285999
31.1443416774
31.1952723658
31.1993916156
31.203642767
31.2084223005
31.2176459632
31.2306463113
31.2359892371
31.246138825
31.2538763086
31.2633423011
31.2661025497
31.2774061667
31.3006847857
31.3013130028
31.3064579355
31.3147652646
31.3307045309
31.3398627522
31.3495767853
31.3605244777
31.3803381278
31.391585744
31.4027608508
31.4129086106
31.42603917
31.4308378876
31.4368617659
31.4492329477
31.4503732291
31.4799938964
31.481501108
31.4908538891
31.5037464147
31.5174157646
31.5183755539
31.5339039491
31.5391282583
31.539886409
31.5577822878
31.5862556106
31.605813451
31.6180398809
31.6851554987
31.692780861
31.7087892567
31.7174733613
31.7376111184
31.8427464777
31.8579429481
31.8717459059
31.8915671059
31.8964563231
31.9271599951
31.944898829
32.0087276251
32.0285371094
32.0562345503
32.0645205581
32.080902881
32.0863702266
32.1071137687
32.1289906576
32.1539959081
32.1622235247
32.1662673038
32.1685669803
32.1784728218
32.1980665443
32.2160124496
32.2197998206
32.2227985407
32.283036823
32.3230170337
32.4055497184
32.4170538151
32.4218793013
32.4244085702
32.4292762239
32.4372983763
32.4520673452
32.4548998861
32.4595175581
32.4636915694
32.4709030189
32.477526943
32.4786674421
32.4838653979
32.4959814784
32.5015565008
32.5038625473
32.5045470843
32.5102725465
32.5165028512
32.5223611378
32.5317866107
32.5457650705
32.5511853181
32.573293564
32.5778946419
32.5937764752
32.5999012496
32.6078942919
32.6205058546
32.6345901707
32.6382525508
32.6530429741
32.66345934
32.6680078896
32.6783786582
32.9887128679
33.6096698613
33.621283161
33.6392256945
33.6431517107
33.6512575445
33.6752628482
33.6828550514
33.6863663353
33.6980775632
33.6988810724
33.7094343372
33.7221521125
33.7267326094
33.7375386288
33.7446455942
33.7525653256
33.7622912058
33.7630353029
33.7658179183
33.7759043534
33.7940435939
33.8023938045
33.8092546038
33.810780605
33.8589768004
33.8735329741
33.8786365747
33.8980897449
34.0052660776
34.0133549933
34.0319279641
34.0493507109
34.0529715776
34.0682263066
34.0754271282
34.0851927343
34.1057375543
34.1240126637
34.1374848783
34.1425600958
34.2110730764
34.2193748951
34.234190341
34.2432327947
34.2670694775
34.3593002362
34.6512931453
34.6619627542
34.6795954939
34.7072644803
34.7540294994
34.7638237291
34.8038733057
34.8053304962
34.8146794829
34.8153029122
34.8176823024
34.8240077504
34.8373468835
34.8452134533
34.8548459358
34.8558149693
34.8588198574
34.8668787725
34.8677369219
34.8716596176
34.8749169213
34.8875301579
34.9027933538
34.9107692494
34.9172861778
34.927941492
34.9388982097
34.9396802198
34.9510749534
34.956218329
34.9568402775
34.969887355
34.973467107
34.9773903948
34.9896316668
34.9948122202
35.0027665046
35.0041735739
35.0123182831
35.0340589315
35.0564180416
35.0596567643
35.1320090011
35.1385906806
35.1421335389
35.1498846938
35.1631231644
35.2226776976
35.2251898788
35.2375616257
35.2396734383
35.2461610749
35.2592440519
35.2702382199
35.2717184695
35.2845685469
35.2933644357
35.3220075366
35.337184901
35.3431029356
35.3597637107
35.3690882952
35.3949729418
35.4029082603
35.4062348247
35.412327494
35.4156405939
35.4274601266
35.4444332687
35.4551531397
35.5400165745
35.5731949842
35.5850979295
35.5877590471
35.7138168787
35.7171350767
35.7419062437
35.7517872369
35.7621428267
35.7836638036
35.7988492138
35.8169118984
35.8193418026
35.8334902369
35.8401773998
35.8827938862
35.8893150074
35.9027632114
35.9466343084
36.0041500328
36.0127190379
36.0195479252
36.0276563861
36.0385111246
36.039513083
36.0637399384
36.0693584331
36.0766030355
36.0836333466
36.1121066898
36.1192183261
36.1337434742
36.1445543408
36.1510172292
36.1573874767
36.1680135139
36.1747256105
36.1828058432
36.2094533282
36.211112782
36.2166136494
36.2746842331
36.2872264985
36.2978454258
36.3090280636
36.3537817727
36.3588880659
36.3601254847
36.3948619344
36.4125104911
36.4171405483
36.4394851849
36.4642480995
36.4731923878
36.4771535318
36.4807385109
36.6788946584
36.702919544
36.7224557019
36.7378027443
36.748216869
36.7675969297
36.8069967256
36.8265427609
36.8707023574
36.9456117687
36.9625340203
36.9871495435
37.0351365924
37.0937920442
37.1349846989
37.1383658707
37.1828629341
37.2018185698
37.2066698715
37.2211059843
37.2552516491
37.2590975058
37.2716603001
37.2731625631
37.2791954717
37.292592994
37.2986421518
37.3109988872
37.3116166352
37.3180285363
37.3186624446
37.3263206293
37.3317091395
37.3396114736
37.3538925301
37.3566096521
37.3667023694
37.3673850433
37.3850552996
37.393390532
37.396992355
37.4217616256
37.4278425021
37.4394805256
37.4529191516
37.5158375448
37.5337592531
37.5530774505
37.5721608439
37.5760075628
37.5974904077
37.6019549158
37.6157637072
37.6556791786
37.6739216192
37.6782507048
37.6946067824
37.7007450761
37.7078813257
37.7248121859
37.7392451036
37.7428352749
37.7498671079
37.7673484303
37.8838483858
37.9078656168
37.9168279367
38.1569115664
38.1621821828
38.1822146334
38.2185443054
38.2594682594
38.2886925192
38.3211287158
38.3252442124
38.338196266
38.3509222469
38.3779761527
38.389958819
38.4027266505
38.4075450192
38.4113683832
38.4219451367
38.4236893478
38.4288820707
38.433438966
38.442757481
38.4559271209
38.4591786905
38.5530065736
38.6432792176
38.6480989368
38.6521607516
38.6552378912
38.6654806648
38.6747394804
38.688522959
38.7055471137
38.7090065166
38.7212133736
38.7392319627
38.7497687384
38.7615166357
38.7702433844
38.8040466517
38.8140421222
38.8359896402
38.8445284063
38.8502488984
38.8676610834
38.8715541865
38.8898805597
38.8997601167
38.9198135628
38.9381679325
38.9410020436
38.9557564216
39.0329138322
39.0505064015
39.0974799026
39.1148408108
39.1797813213
39.2022453117
39.2217159903
39.2337093196
39.2658439972
39.2800067217
39.2926889036
39.3264205441
39.3609767274
39.4131799185
39.4858974034
39.5189208248
39.5374803121
39.5610946268
39.583989957
39.5965142666
39.6166362904
39.6247725941
39.6357055011
39.6548749947
39.6754766736
39.6766591587
39.6792894709
39.6930656096
39.7128899636
39.7270497876
39.7354005432
39.7579643897
39.7744128428
39.7750352607
39.8776035404
39.8893422693
39.8986768819
39.9166485101
39.9293385764
39.9470215811
40.0192925063
40.2279777135
40.2417597784
40.2599589715
40.2817981405
40.3234625453
40.3515784481
40.3773165655
40.3957168379
40.4138312599
40.4249173318
40.4653000836
40.482318907
40.507643523
40.5206580099
40.5416002942
40.5613923478
40.5814264307
40.6040443567
40.6428302082
40.6580377188
40.6596533104
40.6659145643
40.7204023717
40.7448811809
40.7671684054
40.7772495122
40.8023569579
40.8071337611
40.8098328793
40.822359045
40.8321786309
40.8351229976
40.835874754
40.8423720981
40.8478832708
40.8502150761
40.8598020589
40.8660536886
40.86938741
40.8813645204
40.8869368247
40.9003005519
40.9161325482
40.9168247458
40.9212656215
40.9222235852
40.9267140729
40.937622817
40.9385267762
40.9488076315
40.9522449145
41.1058310809
41.1110632393
41.1159369827
41.1167887651
41.1219867445
41.1268387995
41.1358224566
41.2012858291
41.2229785287
41.2280213628
41.2381090032
41.2648750055
41.276974516
41.2993776859
41.3155593542
41.3338819316
41.3499966348
41.356691075
41.3654242355
41.3714849437
41.3992226829
41.4069834929
41.4334899362
41.4405972971
41.4537714925
41.4726039282
41.4914615244
41.5259342941
41.533727009
41.5421948895
41.5453984287
41.5805917875
41.5951201659
41.6482485825
41.6554592688
41.661190585
41.6924227564
41.7018896438
41.724820209
41.7494625542
41.7600701551
41.7985684562
41.8320004879
41.8481760159
41.8687425759
41.8816047327
41.9041116738
41.9061541851
41.973084452
42.0116067901
42.0122124037
42.0311502517
42.042042241
42.0507179741
42.0591427949
42.0606428428
42.0637505672
42.0672432172
42.0795279326
42.0927123737
42.0989460064
42.10542636
42.1133403088
42.1634634953
42.1868827702
42.1910444686
42.1999208215
42.2054859401
42.206288438
42.2225053072
42.2415954377
42.2473839061
42.2499533017
42.2595365001
42.2642682773
42.2699401262
42.2742675934
42.2807808038
42.3122519728
42.323184301
42.3371385146
42.3431042403
42.3558322947
42.362252426
42.373111702
42.3780808503
42.4822447275
42.5156620189
42.5223739868
42.5302830497
42.5377468121
42.5596585025
42.5606945901
42.5932061483
42.618663246
42.6239188454
42.6577727389
42.7855303943
42.7931813686
42.8118532477
42.8375857106
42.8654212027
42.9064539428
42.9536111322
42.9742258773
42.9953566446
43.0067402695
43.0146863811
43.0285997641
43.0950405469
43.1184352044
43.1408134967
43.1555424534
43.1823363308
43.1949401946
43.2076018332
43.2085909429
43.2139039463
43.2153288996
43.2233405303
43.2304346644
43.2400103964
43.2473244169
43.2479140433
43.2492646285
43.2544234607
43.25840737
43.2657472027
43.269779667
43.2734001526
43.2823135163
43.2938015043
43.2981570855
43.3040497304
43.3090830817
43.3137667806
43.3202483588
43.3241643197
43.3287504873
43.3459939169
43.3472686096
43.3693752318
43.3732640858
43.3782929523
43.3827143576
43.393493012
43.4015537002
43.4114639929
43.4319093958
43.43673292
43.4427646349
43.4474567486
43.4534661773
43.4626897028
43.4808281595
43.5232296377
43.5372678845
43.5474418007
43.5484334387
43.5493587405
43.5552726324
43.5608839136
43.5682779394
43.5906593626
43.5995968031
43.6080417309
43.6191118604
43.6374720899
43.6405743729
43.6628020248
43.6687124413
43.6733720376
43.6938866151
43.7009351532
43.7106620942
43.7289140689
43.7980456684
43.8092009989
43.8218502165
43.8491341359
43.9043991035
43.9117757744
43.9295737604
43.9442979427
43.9604975655
43.9690531998
43.9805258944
43.9921648353
44.0022873349
44.022107778
44.0725575469
44.1040566192
44.1058109614
44.1458253756
44.1536095941
44.1860346054
44.198827454
44.2305777222
44.26625224
44.2770062236
44.310871309
44.3139854382
44.3572246237
44.4303334164
44.432393916
44.4391826631
44.4686089069
44.4743221375
44.4770951815
44.4846440575
44.490666156
44.5109316829
44.5215215476
44.5268884674
44.5343222819
44.5470783672
44.5525979771
44.5692092705
44.5735233584
44.5909850674
44.6038757246
44.6097380656
44.6163220186
44.6315799492
44.6334380841
44.6442065064
44.6533857087
44.6585988022
44.6610971076
44.6720577504
44.6784768891
44.6884032
44.7182876051
44.7418153602
44.7559482652
44.7985277739
44.8191475366
44.8247059658
44.8399248311
44.8494906737
44.8576073371
44.8785297754
44.8979354338
44.9034198237
44.9736855024
44.9903288287
45.0036385201
45.0102806969
45.0373475192
45.0714261075
45.099460252
45.1035587299
45.1221384875
45.1497789177
45.1766747743
45.2112245901
45.2249279906
45.2273483501
45.250141754
45.28130162
45.3196896541
45.3372633156
45.3404344546
45.3770414447
45.4027493535
45.4630571199
45.4883518319
45.4982831249
45.5426549102
45.5701838774
45.5767071022
45.6141437407
45.6214122286
45.6474236864
45.6513661205
45.6556019935
45.6711781149
45.6746388659
45.6968232651
45.6997751076
45.7029710869
45.726563847
45.7331745138
45.736125951
45.7395120975
45.7493292759
45.7573650186
45.7654115134
45.7745287317
45.7755016023
45.9023601927
45.908205903
46.409875427
46.4264527504
46.4359140133
46.5225227824
46.5464598328
46.5770459723
46.5876808835
46.5986558716
46.6279013765
46.7048778391
46.720635132
46.7591022844
46.8007449749
46.8052898218
46.8071529368
46.8213045383
46.8221990713
46.8347259257
46.8417552597
46.8460552815
46.8542365652
46.8606203569
46.8672201421
46.8734436954
46.8817471662
46.890466401
46.8979282533
46.9037943342
46.9087510993
46.9138475245
46.9305808694
46.9516192697
46.9576095905
46.9716536554
46.9731944573
46.9799222711
46.9923900978
46.9953136495
47.0061358354
47.0121306048
47.0196314909
47.0294112639
47.0337804644
47.0365574153
47.0429628265
47.0559274132
47.0839373323
47.0915773155
47.1024228077
47.1121241457
47.1142315431
47.1304212735
47.1462990271
47.1522271304
47.1559170447
47.1726965514
48.0097451958
48.0180117319
48.0283580851
48.0517019533
48.054133386
48.0689653848
48.0771528325
48.0781023911
48.0860741549
48.0884688269
48.1024665779
48.1071718644
48.1131943289
48.1205205975
48.1290306734
48.1969305911
48.2029613745
48.2090490146
48.2168645685
48.2309518942
48.2362959697
48.2485575888
48.2559822741
48.2686367514
48.2714967825
48.2804888635
48.2863411231
48.3116451179
48.3164470953
48.3220846394
48.3330096576
48.3467148942
48.3516894091
48.3580153061
48.3646552912
48.4111610133
48.4232379728
48.4464193863
48.4654529941
48.4817295231
48.5446278704
48.565966768
48.5679585989
48.5900253513
48.6146894447
48.6336219086
48.6616912505
48.8085316387
48.8164994376
48.8452677839
48.8473410037
48.8922424528
49.0584623402
49.0857997419
49.2133086284
49.2292007963
49.2416731083
49.245119116
49.2464091991
49.2513111894
49.2594276417
49.271070269
49.3628949151
49.3700900785
49.3900833041
49.4222416095
49.4689914527
49.4700926815
49.4838248873
49.5358856214
49.5567066634
49.5677399976
49.6077888924
49.6197375426
49.6403692885
49.6426886965
49.6491290617
49.6580856269
49.6625325017
49.6736783799
49.686244239
49.6956619062
49.6997232205
49.72138139
49.7264463403
49.7273614635
49.7391834371
49.7612385399
49.8139229473
49.8419941012
49.845617667
49.8832263241
49.9966393488
50.024984322
50.0265571537
50.0370523034
50.1245382701
50.1498952378
50.182368894
50.2018834629
50.2340486456
50.257370222
50.2740363599
50.3109773161
50.3337589349
50.3372197609
50.3683542697
50.3932118085
50.402108143
50.4081610526
50.4182662357
50.4264653212
50.4330030703
50.4449735462
50.4546813533
50.4573487542
50.4659009009
50.4752966257
50.4827678489
50.4922128246
50.5079928175
50.5132036449
50.6925258252
50.6979144313
50.7138648554
50.7152146669
50.7243664038
50.7593015036
50.778177657
50.8298235249
50.8373429231
50.8430335644
50.874348883
50.879111758
50.8966503979
50.9118135733
50.9370832821
50.9383971551
50.9528755496
50.964275678
50.9770203731
50.9998410018
51.0163409852
51.023380893
51.0475427129
51.0883936172
51.1085558203
51.1322573468
51.1671204638
51.1890615955
51.2028021635
51.209824777
51.2148311353
51.2282547391
51.2444330477
51.258834703
51.2608044604
51.2928989698
51.3445922437
51.3752018031
51.4345711753
51.4634552251
51.5531102201
51.5804400598
51.6005974839
51.6043218403
51.6106042071
51.6440644098
51.6546395197
51.6618450472
51.6656975788
51.675632656
51.6795227955
51.6844888068
51.6976497954
51.7086201393
51.7114590324
51.7807645474
52.1451114763
52.1586641934
52.1805880146
52.1953956132
52.221699896
52.2333112671
52.2491762726
52.2552576521
52.2669607081
52.2780811958
52.2882552256
52.3239628454
52.3321198698
52.364970815
52.3690334124
52.4023444193
52.4373429852
52.4562762476
52.5836395883
52.5947035575
52.7310929997
52.8025473481
52.8072594298
52.8293523049
52.8330614489
52.8364977405
52.8467013265
52.8579956312
52.8811586128
52.8887651459
52.8929135805
52.89690003
52.917010462
52.9368657929
52.9459844589
52.9511654081
53.1816387674
53.1858847673
53.1897755723
53.208705503
53.2195873329
53.2207936984
53.2343312849
53.2517996894
53.2736097313
53.2877398549
53.3449566322
53.3726107272
53.4899751851
53.5120690867
53.5318934279
53.549268945
53.5816540766
53.5839442149
53.6083368232
53.615395741
53.6243856711
53.637639941
53.6453065171
53.6655351289
53.6772707595
53.7324752971
53.8111737369
53.8418565659
53.8718807073
53.8979113671
53.9013189255
53.9160815167
53.948538641
53.971697399
2177
