6.01034326602
6.0156601341
6.02663931107
6.03869823191
6.05637109436
6.06026003195
6.06315101945
6.06709794703
6.07945582186
6.08809438455
6.09951869852
6.10470917427
6.11101369909
6.11156098654
6.11941159127
6.12775320348
6.13514494234
6.1388619089
6.16399496178
6.16998279149
6.20758103985
6.22358581029
6.36439872765
6.38820110804
6.39075640327
6.40195913098
6.41069014796
6.41940352765
6.4356050127
6.44217872959
6.44820199174
6.45062194785
6.45643234125
6.46291388416
6.47792478522
6.47887633235
6.48690108634
6.496402555
6.50193948644
6.92679548098
6.95433377181
6.96249428296
6.96861336611
6.98148735921
7.01046285872
7.05424434167
7.05922896049
7.06111016917
7.0957477658
7.20312698198
7.22553342481
7.22784150457
7.23705476233
7.24671177448
7.2477956858
7.25339291331
7.2637909912
7.26805090648
7.27592627215
7.27878185233
7.30942368402
7.31503670942
7.32210245357
7.3479842609
7.37931542283
7.38444316465
7.38685360753
7.38949997033
7.39953636175
7.41380700829
7.42083968962
7.42800157351
7.44352990127
7.44640114162
7.4511054558
7.45969973577
7.46525810653
7.47262073451
7.47761904998
7.48497082469
7.81416558841
7.83942990354
7.86288485814
7.88160722722
7.91550965056
7.9388226861
7.97788215805
7.97960442013
8.00170575049
8.0091191177
8.02351158953
8.04082966039
8.04869672593
8.06867979365
8.08007329583
8.09542465485
8.10789304637
8.13266204
8.16519114623
8.19860983559
8.24195831499
8.28196675458
8.29741077388
8.32423208145
8.34099236659
8.37132833757
8.42390655294
8.42725480391
8.4400516471
8.44938476613
8.46083104546
8.46562847433
8.48698531496
8.51080731591
8.5209132678
8.52654304697
8.52864948692
8.54171806382
8.55108398897
8.5615252405
8.58571052098
8.59043643882
8.60440799133
8.62137678146
8.62565084972
8.63556657455
8.89959725103
8.91035075379
8.91994004146
8.93805228752
8.95528366319
8.97459898
8.98562850309
8.99461930875
9.01785882838
9.03133834462
9.04869566017
9.05843648979
9.06951227775
9.12076161016
9.17450449828
9.20529760656
9.22188847004
9.27724362916
9.29156383743
9.30803650847
9.32659295015
9.33710626187
9.37113692499
9.37413448323
9.46425665943
9.52034772973
9.54496647345
9.55363473266
9.60619536327
9.6180646975
9.62223791368
9.62636672805
9.63780727526
9.64122407071
9.64186451316
9.64952299049
9.685208425
9.69239812916
9.72277967575
9.73209182466
9.73851554764
9.74589211254
9.76535528667
9.796662449
9.80634997754
9.81359181835
9.81816813336
9.86889331519
9.87002508668
9.91388340881
9.94279882823
9.95693932168
9.96182713069
10.4384352661
10.4414676833
10.4838609474
10.488709681
10.5141083443
10.5305195367
10.539229774
10.5837935881
10.6021281123
10.6142600259
10.6336563988
10.7516693088
10.7869541101
10.8132827897
10.8181897004
10.8224350854
10.8272240911
10.8406905831
10.8570311834
10.8643403257
10.873064181
10.8758993362
10.8837060281
10.8919385778
10.9064847312
10.9203948515
10.9272368378
10.9323286213
10.9341884129
10.9456784441
10.9663951091
11.0713087235
11.0765963636
11.0804586298
11.0939326726
11.1052575467
11.1130873251
11.1148629031
11.1193366846
11.1650171922
11.1896402923
11.2057037924
11.2863852982
11.2921439724
11.2931942163
11.3043383019
11.3174732321
11.3269060603
11.3453942567
11.3679791033
11.396724549
11.3984052311
11.4194013384
11.4336430631
11.4524653259
11.4744638987
11.4769599901
11.4890735123
11.5191364855
11.5230728668
11.5265190319
11.5535572169
11.5821310745
11.5894213121
11.631955889
11.6720940882
11.6776611815
11.6814267383
11.7569007195
11.7778705436
11.8196088812
11.874891285
11.904708254
11.9273003496
11.9391923236
11.9494357195
11.9537420964
11.9752521201
12.0034127025
12.0110541797
12.0166776518
12.018668909
12.0206752529
12.0562337461
12.0677514838
12.0795957882
12.0925629143
12.0950988472
12.1014948924
12.1193638118
12.1291192659
12.1459349838
12.1662395177
12.1787122048
12.1808167283
12.1901246518
12.1977592257
12.2043164001
12.2174653049
12.2192737614
12.2202257426
12.2381435082
12.2489155843
12.2604676306
12.2739380357
12.2804049832
12.2895279176
12.290807434
12.2989107843
12.3116016497
12.3279837768
12.3480127104
12.3542393042
12.3711828872
12.3756923518
12.3826522573
12.384295703
12.4414119448
12.4459605167
12.4655660171
12.4705446478
12.4950649554
12.499319679
12.553489358
12.5658152624
12.5716743824
12.5961122411
12.6117661628
12.6682159846
12.6790671322
12.6988094698
12.716285533
12.7441620483
12.7478345784
12.761799405
12.7707562498
12.7814118907
12.7828246478
12.7888195483
12.8377714965
12.8420983793
12.8454560221
12.8810045391
12.8999501202
13.203844134
13.2113941003
13.2149548845
13.2308136483
13.2367843107
13.2407004771
13.2531312397
13.2587299435
13.2694941238
13.2821628824
13.2886776383
13.2978147262
13.3098974143
13.3855527063
13.3891401895
13.3982071672
13.408133842
13.4223981543
13.4330467323
13.4552976796
13.4645392026
13.4652533814
13.5159114759
13.5494523405
13.5538773929
13.5697574366
13.5792969887
14.4097529953
14.4186030821
14.4231652197
14.4335142401
14.4448068081
14.4573225853
14.4675967641
14.472410534
14.4776503382
14.4848691869
14.490628864
14.5130124152
14.518603844
14.5264247778
14.5404141671
14.5530527591
14.5665364706
14.5782913135
14.5876949191
14.5968751238
14.604183672
14.6075924294
14.6403013513
14.6528720406
14.6850912091
14.6960089894
14.7124066311
14.7211161403
14.7287098293
14.7405312554
14.7500533758
14.7631083215
14.7821256233
14.7887119829
14.798114522
14.8182127266
14.8339551686
14.8439637637
14.8519481163
14.869022797
14.9438519583
14.9570594408
14.9730938301
15.0830580808
15.0923878547
15.1926456561
15.2181910056
15.2352451958
15.2681337739
15.3208631128
15.3454912303
15.3485466357
15.3734494298
15.4183130139
15.5437220817
15.6042105613
15.6161177511
15.627556618
15.6513756875
15.6577975545
15.6588857161
15.6691109076
15.6740633802
15.6756020419
15.6839029328
15.6977472485
15.7190196059
15.7209618232
15.7299838837
15.734953158
15.7381678965
15.7746542824
15.7809692172
15.7879100865
15.8827702709
15.8986191484
15.9102024608
15.9204771938
15.9512628043
15.9637775287
15.9769774653
15.9958601017
16.0565392692
16.0791595424
16.0948602081
16.1058538616
16.1082986631
16.1236310604
16.1650342749
16.1720991815
16.1754895351
16.1932611394
16.1997564491
16.2208149757
16.2301590832
16.2612225306
16.2627670846
16.3166598281
16.3182717599
16.3351188735
16.3628525513
16.3987164961
16.4256216682
16.4368965229
16.4719276795
16.4766473286
16.4930354611
16.5269045163
16.5571542479
16.6111773525
16.6314819604
16.6656670636
16.6992296506
16.7192838796
16.7506590921
16.8034803438
16.8112951662
16.8166968891
16.8220259657
16.8263832453
16.8331793241
16.8375405183
16.8469304684
16.8508689827
16.8538340978
16.8630042968
16.8661380073
16.8693256504
16.8806611725
16.8946570406
16.9060779685
16.9069163017
16.9165849158
16.9245702626
16.9265780804
16.9325542249
16.9468797432
16.9611234383
16.9640347138
16.9783790134
16.9854167524
16.9936430649
17.0009615607
17.0165341744
17.0571084015
17.0664546619
17.0749594312
17.0908015111
17.1041056737
17.1081952566
17.1091983569
17.1213881412
17.1294972993
17.1313179343
17.1418502665
17.1723863593
17.1782534355
17.1827295896
17.1873844872
17.210360714
17.2321244672
17.237724543
17.2481149684
17.2646077674
17.2866509904
17.3001449937
17.3313274983
17.3854026988
17.3867408367
17.4019768642
17.4074863981
17.4230194407
17.7148813678
17.722781341
17.7537366081
17.774330504
17.7792799603
17.785591297
17.7943277413
17.8062035795
17.8266203055
17.8530529718
17.8652549258
17.8672027542
17.8781728322
17.8936114999
17.9507021338
17.9643960241
17.9702333705
17.986926563
18.0022821489
18.0040209513
18.0171477501
18.0292692268
18.0489160626
18.0545562848
18.059978275
18.062705499
18.0677073868
18.0741360518
18.0779074469
18.0785954551
18.0898362214
18.0906852007
18.0988240722
18.1112764759
18.5194164534
18.5376753573
18.5671018458
18.5751827686
18.5851102594
18.599483215
18.6366737283
18.6648162734
18.6841707795
18.7937151905
18.8218576969
18.8241236284
18.8262024983
18.893636438
18.9213699899
18.9721611542
18.9888650224
18.9982598691
19.0865948253
19.1011007199
19.1114667761
19.1575344694
19.1751323744
19.2053265235
19.218612117
19.2260584296
19.2307618042
19.3129574777
19.3196680557
19.3302221624
19.3385980246
19.3457289148
19.3535472099
19.359959964
19.3695647799
19.3762430615
19.3838603626
19.399791685
19.4458748311
19.4546417449
19.4601527514
19.4777509167
19.8892647891
19.9167635644
19.9349126279
19.9460405395
19.9485108792
19.9951712498
20.011738005
20.0316950991
20.0465757118
20.0771745368
20.0950902579
20.1246434597
20.1632674171
20.1794113475
20.1968387366
20.2025768878
20.2332118103
20.2543937859
20.2768880043
20.2837416586
20.3887347581
20.4030141098
20.4235907324
20.433753299
20.441840571
20.4472421417
20.4503467313
20.454979295
20.4772727474
20.4894454714
20.5159609548
20.5281735762
20.533226148
20.5347515635
20.5437829812
20.5517988248
21.6072460674
21.614780883
21.6195091542
21.6347353499
21.6403520984
21.6412943686
21.6489121119
21.6539853625
21.6565825554
21.6624925457
21.668402363
21.6980426847
21.7002533014
21.7209811735
21.7396799554
21.765054056
21.7729978492
21.7794654265
21.7853001325
21.7939311119
21.865141726
21.8674175679
21.8896988192
21.9061644916
21.9188812187
21.9233997517
21.9358971842
21.946577788
21.951565645
21.9703035009
21.9752882185
21.9822132256
22.0050474455
22.0129798453
22.0160124207
22.0340090596
22.0492593513
22.0680613348
22.0721648083
22.0924116372
22.1004067284
22.1013548917
22.112134453
22.1186770887
22.1288696843
22.148408393
22.1619959253
22.1766843009
22.2167586795
22.2344569981
22.2745487718
22.2861436206
22.2882459257
22.3260580288
22.3742918802
22.3964593494
22.4081839652
22.4369562646
22.6326038574
22.6484234849
22.7450170331
22.7719325197
22.7900895757
22.7991857594
22.8078112081
22.8099010227
22.8307274085
22.8321033898
22.8555307493
22.858577668
22.8590989677
22.873148651
22.881129435
22.8889704258
22.8952379163
22.9015747647
22.9108494644
22.9446880883
22.9501580028
22.9661856763
22.9804800038
22.9907824484
23.0135858563
23.0279053543
23.0380570446
23.0463527652
23.0538356665
23.0545821416
23.0663644614
23.0711088508
23.0955954779
23.101830556
23.1030269887
23.1072034862
23.1197824592
23.1373651043
23.148478072
23.1634706785
23.1755522052
23.2128268015
23.2191421137
23.2291467062
23.2372981414
23.2382855423
23.2571763113
23.2728624537
23.2888964911
23.2908993977
23.3094552952
23.3287075512
23.3390763685
23.364946432
23.3966302167
23.420170221
23.4287565451
23.43483343
23.4634143718
23.4754533135
23.5397905465
23.5513484987
23.7897012251
23.8107843809
23.8791285594
23.8866054246
23.9377859593
23.965390576
23.9769748404
23.9971970559
24.0050012369
24.0122150292
24.0157399368
24.0202711103
24.035060038
24.038210073
24.0448229752
24.0501759021
24.0731997902
24.0789096581
24.0834386214
24.0968508628
24.1021688051
24.1052032383
24.110691538
24.1170503123
24.1196160368
24.1244539043
24.1252293463
24.1334459482
24.1445699211
24.1493364868
24.1606830801
24.1702739355
24.1763366074
24.1866831422
24.1917117975
24.2054443006
24.2218464487
24.2291575053
24.2344537554
24.2529058248
24.2635647284
24.2645831055
24.2894055175
24.3029348483
24.3107643747
24.3270211475
24.3471592904
24.3669724374
24.3822982521
24.5349910013
24.5487007189
24.557664994
24.5778307865
24.5946683506
24.5995354332
24.6110730048
24.617386757
24.6376106105
24.6653371546
24.6854060531
24.6985316476
24.7068197188
24.7381686489
24.7536957613
24.7734896221
24.7846877705
24.7976714179
24.8180296515
24.9866045142
25.0116820505
25.039913916
25.1621918294
25.1900488422
25.2023159642
25.2382747185
25.2476353148
25.2560934384
25.3378686236
25.3483710552
25.3588343447
25.3699915215
25.3755184319
25.3880338784
25.3940033543
25.4077869989
25.4139644654
25.4243909084
25.4392331104
25.4473421419
25.4564835813
25.4876621014
25.5034496628
25.5661994087
25.5718616651
25.5797833993
25.5821229842
25.5875927706
25.6079689795
25.6247475015
25.6517361428
25.7766546824
25.7894877009
25.8042351408
25.8574388715
25.8842511132
25.9058335493
25.9074470428
25.9189567615
25.9469255286
25.9512298782
25.9684478262
25.9821039295
26.261276297
26.3070563128
26.3216869553
26.3636882513
26.4135752549
26.4222333187
26.4310656267
26.4403345162
26.4634483796
26.4790972274
26.4975946277
26.503439466
26.5130504821
26.5241699064
26.5271008194
26.5283788614
26.530105432
26.5381427104
26.5462818613
26.565397274
26.5811234875
26.591708448
26.5977873327
26.6096588553
26.6149069586
26.6225351224
26.6314105623
26.6324897234
26.641315929
26.6510121465
26.6678310378
27.6068535002
27.63589227
27.6882913494
27.6966059607
27.7096968322
27.7143240767
27.7238159082
27.7331194618
27.7442781341
27.7520664248
27.7727809874
27.7740169545
27.7847677568
27.7901604104
27.793844525
27.8140049243
27.8149054128
27.8359370687
27.8541489444
27.8592718875
27.8703696567
27.8890802073
27.9034947246
27.92194783
27.9363704844
27.9398525841
27.9700944727
27.9774688785
27.9870358667
27.9980676813
28.0114585642
28.0219678829
28.037783485
28.0540329371
28.0675660548
28.1433272247
28.16926962
28.1833916827
28.2038151397
28.2236554963
28.2312355254
28.3377052848
28.3499636525
28.4292811972
28.4528820714
28.4619653328
28.5007075349
28.5138368921
28.5220451873
28.5567782534
28.647519655
28.6607721597
28.6820653974
28.7035775318
28.7167362819
28.8006080994
28.8035601009
28.8168401671
28.824411546
28.8516468394
28.8677844318
28.8758857848
28.8805586594
28.8902107484
28.898171349
28.9006298224
28.9053254206
28.9920930819
28.9935363658
28.9967746539
29.0016895297
29.0047362993
29.010677675
29.0156943862
29.0277906877
29.0402859757
29.0521482088
29.0543279846
29.0633296066
29.065799006
29.0825228591
29.0955412777
29.104921052
29.10990027
29.1170928331
29.1300110037
29.1380356884
29.1461417485
29.1684741829
29.182767056
29.1883448932
29.1903479076
29.1999717079
29.2197784739
29.3517836259
29.3831522677
29.4021415795
29.4257003709
29.4363041365
29.453424548
29.4552273247
29.4693710736
29.5101377424
29.5124783753
29.530633741
29.5404463119
29.5425001403
29.5543304705
29.5951188561
29.6039425641
29.6554184954
29.6658452515
29.6888346459
29.6989148091
29.7161923583
29.7239241138
29.7509816027
29.777915571
29.8133483329
29.8184971228
29.8336973081
29.8734455836
29.8977380631
29.9370503909
30.0057302758
30.0064181261
30.0335254077
30.0339787649
30.0510147499
30.0613137277
30.0653427141
30.0865250283
30.0936258668
30.1036796271
30.1125676331
30.1281079138
30.1324289248
30.1423202271
30.1434653074
30.1499150288
30.1509033621
30.2008449185
30.2231437452
30.323154709
30.3239480054
30.3404740598
30.3500328892
30.3536185518
30.3613410753
30.3779217861
30.3892787666
30.4055069136
30.4125811934
30.4171661997
30.4400378234
30.4547115151
30.4686561663
30.4717827995
30.4813780014
30.5090831968
30.534476334
30.5481575414
30.5631374105
30.5771999542
30.598038168
30.6176433973
30.645433461
30.6738146017
30.6968439551
30.7319728095
30.7335176982
30.7625627778
30.8020491493
30.81098798
30.8219856072
30.831712466
30.8538519359
30.8782657183
30.8973310052
30.9226936818
30.9287796785
30.9546566804
30.9849307998
31.0103380933
31.0986383605
31.128732013
31.1661517852
31.168236447
31.1965371104
31.2167041396
31.2239708834
31.2286522641
31.2608222672
31.2958454145
31.3079650059
31.3208046379
31.3280851852
31.3313609969
31.3406209631
31.3464569374
31.3516509468
31.3968969631
31.4194446607
31.4207133726
31.4245340861
31.4298398619
31.4355687046
31.438969339
31.4483624822
31.4655597486
31.4861458667
31.4924827798
31.4938542356
31.5260726483
31.5952073863
31.5959699126
31.6064982809
31.6229260323
31.6337452234
31.6672169864
31.6774489205
32.4240420607
32.42485109
32.4335312681
32.4366812995
32.4459552001
32.4481927249
32.4561491916
32.4651586051
32.4736562693
32.4742230483
32.479136044
32.4799429203
32.4849952478
32.4894667218
32.4939239412
32.5012742706
32.5027922743
32.5039588708
32.5107715918
32.5191987796
32.5359840565
32.5455693393
32.5874875683
32.6021515615
32.6073981864
32.6200873148
32.622390802
32.6439957482
32.6515566386
32.6572520302
32.665000192
32.6747499822
32.6838562519
32.6997203276
32.7009367073
32.705605885
32.7129096376
32.7227761404
32.7343584062
32.7439041533
32.7692076716
32.7829521676
32.7838356522
32.7966787587
32.8108049987
32.9750889527
32.9931436493
33.000474603
33.0134298829
33.0262735591
33.0570777643
33.0757491362
33.0880154417
33.1132687628
33.1311389914
33.170293711
33.175786177
33.1947557618
33.2123820943
33.2207354552
33.3281061546
33.4145920237
33.4504481171
33.4950015475
33.5322469837
33.547160627
33.6021264048
33.6055380901
33.6193720225
33.6268040305
33.6337627109
33.6459913316
33.6566843384
33.6640430314
33.6721488075
33.6757990735
33.6808007847
33.6872811574
33.6930973401
33.6993763062
33.7085063025
33.7171311603
33.7286210969
33.732396064
33.7525039535
33.7582169738
33.7587543406
33.7751652576
33.7792596441
33.7920098714
33.7980413131
33.8031696272
33.8848150029
33.9069825374
33.9142773732
33.9157748684
33.9557597735
33.9577802296
33.9680756927
33.9827177432
33.9863988295
34.0250191379
34.0461475811
34.0556523051
34.0690286909
34.0822495375
34.3185269029
34.3259828411
34.328470431
34.3295598714
34.3354196522
34.3496369187
34.3669860497
34.8058438625
34.8114133451
34.8308527824
34.8391757067
34.8411198828
34.8471627969
34.8558914442
34.86705656
34.8886909476
34.8998392728
34.9124928896
34.9150079593
34.9188226224
34.9324907684
34.9394146385
35.2436253934
35.2571373462
35.2644217057
35.2742407631
35.290061735
35.30125293
35.3107685612
35.317829499
35.3347007697
35.341141681
35.3473641318
35.3618714178
35.3723848708
35.3853139873
35.3993933709
35.4313303113
35.4365153406
35.4383025701
35.4629319033
35.4743503239
35.4838339854
35.4850668378
36.018306286
36.0265904416
36.0296694204
36.0401162728
36.0614677973
36.0656545156
36.0756515973
36.0790433313
36.08726913
36.0978829061
36.09930184
36.1198257498
36.1435472551
36.1485134548
36.153479077
36.1655274519
36.1766198069
36.1940478361
36.1992474855
36.2281710603
36.2427787097
36.2450361215
36.2678844293
36.2729861623
36.2801476142
36.2985482363
36.3058645295
36.3167720418
36.3224685705
36.332924488
36.3390031674
36.3482655455
36.3568714462
36.3593307761
36.3679285586
36.381076995
36.3924498489
36.4200840267
36.4210142056
36.4324578625
36.4669108627
36.4738224004
36.482562176
36.48851227
36.4992435036
36.5342784014
36.536049316
36.5516577764
36.5530264996
36.5802746436
36.5909348254
36.6088475475
36.6105230727
36.6212913617
36.6311809093
36.6373563996
36.7772920358
36.8008928956
36.8054109553
36.8456329544
36.8738720811
36.8772085628
36.8999582687
36.9164830003
36.9255099971
36.9551365509
37.071836464
37.1457113703
37.1572405127
37.1592946793
37.2045188015
37.2071118428
37.2180923538
37.2240690716
37.2269916875
37.2337322914
37.2359867447
37.2414315126
37.6189738635
37.6225465051
37.6307097009
37.6316923368
37.9210071039
37.9403855282
37.9732719033
38.0031277209
38.0154202858
38.0259988274
38.0518383319
38.1070309307
38.134838479
38.1662292019
38.1919621051
38.2076348394
38.3047825117
38.3384141409
38.3561166093
38.3721805888
38.4022258938
38.4082839078
38.4186691308
38.4219605526
38.4309807058
38.4422016623
38.4472320124
38.4605027747
38.4694271203
38.4822312762
38.485251035
38.4921826749
38.5033530123
38.5090329316
38.515050269
38.5214379812
38.5928591482
38.6473335507
38.6565982776
38.6658515635
38.6718890544
38.6924442277
38.7001687817
38.7504057942
38.760786717
38.7676419796
38.7730076811
38.7810687578
38.8144918649
38.8215673652
38.8930070905
38.9295844139
38.9491073613
38.9682570197
38.996923495
39.0040427318
39.012625492
39.0239523809
39.03554162
39.0444933453
39.0542222353
39.0647263114
39.1964652708
39.2105602985
39.2229645044
39.2586976746
39.2772232633
39.2966962605
39.3054399776
39.3235009779
39.3406054938
39.3772991096
39.4196291854
39.4592634449
39.4860934134
39.505311942
39.610217945
39.6137809666
39.6223804407
39.6493943326
39.6698627936
39.6738839558
39.6753682491
39.6841216652
39.6847584445
39.6961815939
39.705236663
39.7114928149
39.7199367893
39.7273726205
39.7347079947
39.7372511977
39.7380215611
39.7478735879
39.760142316
39.767318722
39.7706923391
39.7829894964
39.7884314618
39.7999284629
39.8069743077
39.8125816954
39.822791749
39.8306731201
39.8437294055
39.8481009477
40.8182788494
40.8245337922
40.8345126515
40.8373482826
40.8439587492
40.8520938021
40.8610539281
40.8636754665
40.868399516
40.8729191739
40.8768637764
40.9173173256
40.9248633265
40.9299666316
40.941165857
40.9493966955
40.9556042778
40.9725327625
40.9944288364
40.996759342
41.0067824016
41.0167836122
41.0449509392
41.0520442625
41.086238393
41.1368927062
41.1580881042
41.159328985
41.1603970737
41.1693535067
41.1795072177
41.1838382606
41.1970811511
41.2187858955
41.2414558385
41.249426492
41.2820890294
41.2836644376
41.3156317138
41.3451872484
41.3774308624
41.3921234859
41.4015076575
41.429492533
41.4334228606
41.465141964
41.479799096
41.4906620987
41.5189632518
41.5359914614
41.5538810468
41.5595265636
41.5794158573
41.5920401289
41.5952494127
41.6280852077
41.6487189368
41.6876102606
41.7025913672
41.739563861
41.7812176608
41.7926933977
41.847129927
41.8703338389
41.9081877457
41.9463084661
42.0083547817
42.0177896081
42.0183431383
42.0347024146
42.0456135483
42.0562114181
42.0670005127
42.0764025389
42.0839928925
42.1132814944
42.1154907928
42.1572414028
42.1606566687
42.1670834737
42.1681094509
42.1847744856
42.1901018395
42.1975025317
42.1994131269
42.2032561137
42.2191395062
42.2423031214
42.2524968339
42.256645153
42.2622226376
42.2695526219
42.2837910877
42.3138467757
42.3243928362
42.3328027949
42.3473928497
42.3610517634
42.3772586646
42.3828606068
42.3946274887
42.4137126494
42.4266999106
42.4424719041
42.489768527
42.4937399987
42.5121578687
42.517182367
42.5968035984
42.6143518241
42.6346500044
42.657748588
42.6756877282
42.7019928506
42.7176331488
42.786589374
43.0715016034
43.0994215582
43.1414427134
43.1661794972
43.1906574969
43.2047852359
43.2059768504
43.2095381842
43.2136766135
43.2191027504
43.2325014418
43.239064442
43.2506855008
43.2544669466
43.2651403927
43.2681346082
43.2900163985
43.297125749
43.3007548377
43.3193009857
43.3231299715
43.3355694225
43.3521155787
43.357473692
43.3773814032
43.3819845565
43.4398529794
43.4564685048
43.4757507871
43.4934891882
43.5093980457
43.518771552
43.5261687099
43.5409267551
43.5506139522
43.5612122768
43.565193258
43.5806230123
43.6024028976
43.603859587
43.6078408989
43.6420198264
43.6734611491
43.6866631002
43.7041267134
43.7288908735
43.7359300275
43.7450624537
43.7555121362
43.7824490176
43.7839448633
43.7992629043
44.1566611561
44.1654354678
44.1973918034
44.2065287001
44.2178667657
44.4020694945
44.4113920891
44.4141026457
44.4195914011
44.4264025111
44.4412519532
44.4429864016
44.4552672288
44.4639601399
44.4717987804
44.4761061719
44.5363147186
44.5404765699
45.60253695
45.6136389496
45.6173309849
45.6236658177
45.6371943697
45.6443474089
45.6517836304
45.6671917967
45.6793820227
45.684818825
45.6890756267
45.7036842523
45.7092708948
45.7691141673
45.7826673628
45.7916437659
45.8014410584
45.8053154552
45.8193489739
45.8311941459
45.8375263664
45.8413112009
45.8585279773
45.8691283601
45.873865728
45.875185867
46.8077798206
46.8178802601
46.8264296583
46.8948929466
46.9089824756
46.9185145586
46.9210823302
46.9344263774
46.9440263791
46.947212534
46.9604017822
46.9643700608
46.9803345376
46.994010063
47.0123899835
47.0218312751
47.026622878
47.0370683252
47.0422144311
47.0577804124
47.0649298624
47.0811326063
47.0871965442
47.1069757514
47.1393619072
47.145878051
47.1614365966
47.187980187
47.1889697157
47.1955919682
47.2076561037
47.2163577962
47.239810611
47.2552049023
47.2603767754
47.2761791387
47.2841034213
47.3069138601
47.3796156002
47.3843257418
47.5061835496
47.5231214863
47.527926415
47.5663451264
47.5724572477
47.6113681956
47.6373284882
47.686049365
47.6968117535
47.7478920602
47.778433052
47.7989960719
47.8143600136
47.8196255452
47.8272092462
47.8605738826
47.8774432418
47.9116691629
47.9248757501
47.9544614372
47.9671661319
47.9924379324
48.0049219323
48.0288343436
48.033335242
48.0473172377
48.0510571684
48.0560347449
48.0623948529
48.0644542745
48.0738382376
48.0856419282
48.0901279676
48.1077856215
48.1179156854
48.1218254607
48.1792499786
48.1870807693
48.2041095226
48.2078607177
48.2250482044
48.2339552168
48.2380338993
48.2542785552
48.2690194716
48.2764501434
48.2914260431
48.305922974
48.3157391015
48.3288179576
48.3388950185
48.3541145411
48.3574047359
48.3591449884
48.3601620641
48.3654633417
48.3749787558
48.380593117
48.3918369861
48.3954975049
48.3973167863
48.4003451493
48.4128667049
48.4275726465
48.4442475231
48.4575473735
48.5463739824
48.5799195312
48.5865587159
48.59724247
48.6147732496
48.6458415834
48.7314075424
48.7385413431
48.7548852178
48.8060197588
48.8159918487
48.8399342223
48.871518154
48.9000261696
48.9167130888
48.9754454069
49.0332301372
49.0509039391
49.0698317584
49.0989371963
49.1330232744
49.170980655
49.190973473
49.2512263579
49.2562337768
49.2574202037
49.2599867919
49.2721662761
49.2751219652
49.2792483305
49.2799785078
49.2833060427
49.2883981355
49.2954163614
49.3045829551
49.3086174179
49.3148577832
49.3266368765
49.3289999008
49.3599154169
49.3736268682
49.377287637
49.3869151563
49.3957815158
49.4064470797
49.4221066043
49.4335193302
49.4413823221
49.4503761103
49.4675280309
49.4773218417
49.4918441219
49.5992765767
49.6110909595
49.6178959503
49.8540480183
49.8672107054
49.9721167859
50.0069109182
50.01579672
50.0379430582
50.0957498909
50.103036279
50.2702250329
50.2813539037
50.3166989295
50.3418760096
50.4106814067
50.4166013645
50.4228828192
50.4278208968
50.4417173527
50.4453210359
50.4490387164
50.4592585545
50.467879478
50.4709496868
50.4716296497
50.4795039666
50.4827270346
50.4872584996
50.4913907949
50.5475698061
50.5540635415
50.5697010622
50.5722224571
50.5758548464
50.5810286355
50.5894703689
50.597527795
50.6040494175
50.6137603506
50.6175585938
50.6200783685
50.6342614076
50.6508649705
50.6900514335
50.7032791365
50.7049626245
50.7150188325
50.7208420941
50.7234416795
51.3980151798
51.4022905539
51.4278331564
51.4300067949
51.5657473805
51.6050636512
51.6229580427
51.6365323236
51.6468442508
51.6656828459
51.6802771881
51.6935030273
51.6944100585
51.697212562
51.7090820378
51.7180363211
51.722606836
51.7252031738
51.7280186689
51.7318771781
51.7365009849
51.7624869356
51.7696331301
51.7933070309
51.7960610089
51.8024819152
51.8108371262
51.8202038879
51.8243248541
51.8600314127
51.8904198633
51.9350357822
51.944962191
51.9536908613
51.9633661776
51.9740987822
51.9787350817
51.9938576402
52.0096461756
52.0173398432
52.0307963502
52.0391893348
52.0450577057
52.0613242785
52.0648501375
52.1208412631
52.1435807455
52.1465592993
52.1649990472
52.1872698362
52.1976200697
52.3492294217
52.4110224987
52.4228829869
52.4247746012
52.4404423431
52.461594784
52.4852128546
52.5055929992
52.5449866785
52.5723217804
52.5908180811
52.5928022498
52.6071609233
52.6569280865
52.6621880198
52.6801725433
52.6841702129
52.7520617409
52.8037982383
52.8051453929
52.8205331377
52.8296127234
52.8376761183
52.8466483914
52.8484188654
52.8493191544
52.8621435987
52.875904889
52.8777901067
1952
