6.01257138183
6.01502367661
6.02491855975
6.03257812653
6.03358122298
6.04468790662
6.04721476896
6.05267751353
6.05688133614
6.09040170744
6.09374675571
6.10858039428
6.11233412726
6.13919687031
6.14235892033
6.1534815485
6.16057854872
6.16263955421
6.16567865946
6.1733940183
6.19257765977
6.20672513301
6.2135678534
6.23710085916
6.25203275329
6.26551012792
6.26647462406
6.27451633961
6.28359001357
6.29995174698
6.32752571643
6.33498683592
6.33971664297
6.35401696536
6.36069478146
6.37793361163
6.40745489833
6.43901766408
6.45791103288
6.46368506494
6.51199315035
6.51384055351
6.52043464319
6.54274381823
6.60694924807
6.61370882801
6.6278936008
6.63734595509
6.64267275661
6.64693283007
6.66384663196
6.6822960089
6.69309169937
6.70609411106
6.72689804318
6.7290789337
6.81241230569
6.84355113384
6.86268347572
6.9141292054
6.93779737092
6.94889940838
6.95224923305
7.07588762396
7.08474179493
7.13247087677
7.13935542691
7.17489423091
7.20070982804
7.20291452535
7.20418969008
7.21411728486
7.22400170685
7.50085859639
7.5061961967
7.50739060955
7.52018376463
7.52778278686
7.53356421272
7.54648592965
7.54837045182
7.55316802526
7.56019722554
7.57053273937
7.57763682694
7.58696271394
7.66921266506
7.68829709595
7.69695542379
7.75617886248
7.76856841565
7.80074659328
7.82271619739
7.83536262029
7.85225014139
7.85752270437
7.88220756536
7.90394896487
7.9124761112
7.92421198131
7.99299031131
8.0931750167
8.12256050678
8.14303353122
8.16885622262
8.19075020141
8.19972147235
8.21174632583
8.28021925792
8.32385056571
8.40429930696
8.41611039482
8.42459394433
8.43264079267
8.43874838697
8.4423617947
8.45729767995
8.46565735126
8.47614533798
8.48312436965
8.48570122861
8.49130259002
8.50594798196
8.51304304101
8.51653002835
8.52781805158
8.53422523176
8.53500632236
8.55239902803
8.55767269169
8.56364691207
8.57857991888
8.58700074772
8.58877254909
8.60631422346
8.6189449921
8.62301699317
8.63126897354
8.63639473427
8.64197622548
8.65229416067
8.66303688556
8.6668103526
8.67344866981
8.68382923493
9.01057531337
9.03944087806
9.05522862212
9.07573555588
9.07982125129
9.10537862575
9.11234498192
9.13969534118
9.18078070408
9.21073549376
9.23694086057
9.24948449357
9.28081041889
9.28325935327
9.31813680068
9.3331629121
9.33627647958
9.38244991311
9.42129880697
9.44751697953
9.45984315742
9.56272803985
9.60488268024
9.6123746917
9.61695926073
9.62249717484
9.63125824842
9.63309265777
9.64114031748
9.65166544186
9.65719040427
9.67287820237
9.69052351069
9.72402820837
9.73664174752
9.73979302189
9.74136389575
9.74740832731
9.75842366685
9.77125359419
9.77276964753
9.7797224056
9.78305786442
9.79493099225
9.79564437938
9.81349075943
9.81600150897
9.82256453701
9.82521750593
9.83808629813
9.84013555056
9.85958377533
10.1497645089
10.1514864358
10.3552165731
10.3918857885
10.4022119239
10.4235017317
10.436244719
10.5806327207
10.5948818973
10.5970764143
10.6003319499
10.6150200845
10.6214746513
10.7134928576
10.7258445804
10.7460452623
10.7742626981
10.8063949241
10.811727588
10.8180435564
10.8202862592
10.8277262713
10.8364786548
10.8450338942
10.8479756418
10.8492168993
10.8639689267
10.866839405
10.8755637233
10.8852411284
10.8957643431
10.8981271137
10.9022326828
10.9073509522
10.9131389211
10.923682506
10.9313645464
10.9452588265
10.9513571704
10.9767432555
11.0266363734
11.030216722
11.0374965645
11.0482287157
11.0570111514
11.072970693
11.1001812991
11.113367148
11.127791084
11.1680699897
11.1852215657
11.1864141337
11.2022920451
11.2067592894
11.2199127953
11.2688166993
11.2834152824
11.2938232777
11.315472239
11.3304227965
11.3445356994
11.3802874662
11.3946637538
11.4710859386
11.479826935
11.5305180867
11.5568421277
11.5680128613
11.5701873389
11.621406435
11.647655821
11.6518003983
11.6750381245
11.6877458845
11.6977954679
11.7153981964
11.7294439165
11.7467031535
11.7661718998
11.795664455
11.8328140712
11.8455450934
11.8548928178
11.8941842489
11.915074547
11.9326162034
11.9799509144
12.0016434248
12.0055808803
12.0185668135
12.0226804747
12.0347810208
12.0392745182
12.0553269105
12.0742935496
12.0822150478
12.0831562846
12.0934454051
12.1172935089
12.1185826756
12.1443274103
12.1571941792
12.1686352273
12.1836582911
12.1910615865
12.1967764686
12.2325344739
12.2459850743
12.2470416003
12.2825635896
12.2928843219
12.3013817372
12.3066999536
12.318579778
13.217034389
13.2224800678
13.2271058015
13.2614784528
13.263669302
13.270044242
13.2782628374
13.3068659191
13.3079328186
13.3569566686
13.3697636774
13.3741159019
13.3773964458
13.3789304214
13.3880628349
13.3927163855
13.4030786502
13.4112549294
13.4192011053
13.4247245726
13.4471517948
13.5147436422
13.5300062289
13.5349624797
13.5873634792
13.6063284556
13.62085731
13.6372203877
13.6520775461
13.6713263721
13.6815951608
13.6984490509
13.7285030281
13.7367029469
13.7641286399
13.7796723841
13.7989496074
13.8104435765
13.8121812107
13.8335590347
13.8474880702
13.9389546296
13.9529127343
13.9697302462
13.9814606437
13.9913114251
13.993536573
14.0128212992
14.025051577
14.0551977962
14.0752540591
14.0929995641
14.1180396595
14.1252739732
14.134625111
14.1391917499
14.1687025703
14.2135255882
14.2370175634
14.242758379
14.2680058863
14.2710909458
14.3888609274
14.4417605841
14.4493153868
14.454331743
14.464823536
14.473847244
14.4775287936
14.4952686452
14.5486075881
14.5498377907
14.5781924115
14.5811937149
14.5879152946
14.60019644
14.6033654596
14.6071503378
14.6116711106
14.6188656848
14.6207093442
14.6296068415
14.6378673849
14.6573339349
14.6718428213
14.6785480678
14.6848926718
14.6965382001
14.7049151758
14.7223799422
14.7277610678
14.7285850142
14.7488171337
14.8254414541
14.8390663733
14.8693455009
14.878677024
15.0202068829
15.0296556096
15.0773985746
15.0917202064
15.0937875845
15.1051256175
15.1086499356
15.1242672456
15.1561732795
15.1840866196
15.1983060904
15.2039387927
15.2351867139
15.397841577
15.4101035019
15.5194229094
15.547633098
15.5754945693
15.5805533977
15.5944775964
15.6069280084
15.607665741
15.6091475135
15.6121496048
15.6184996341
15.6237617343
16.8080993361
16.82575392
16.8335697568
16.8461059851
16.8471631871
16.8504833325
16.8552761457
16.872546358
16.8951678507
16.8962146883
16.8976666281
16.8998844587
16.9118154563
16.9213905191
16.9248357173
16.93292635
16.9400305243
16.9488510035
16.9613753033
17.0002418583
17.0106564665
17.0154979044
17.0164634847
17.0193107068
17.0256061523
17.0314434825
17.0474060549
17.0627155604
17.0720858882
17.1014782825
17.1029743385
17.1192672997
17.1324862503
17.1457194034
17.1538116512
17.1605212017
17.174304166
17.1809047758
17.1922078482
17.1954110183
17.2257370692
17.2473530795
17.2771931319
17.2880348733
17.2933557287
17.3243443501
17.3619250235
17.3637967328
17.3789045387
17.3906194083
17.4102802692
17.4613890493
17.4800329525
17.4936152139
17.5100071537
17.5263925941
17.5421337899
17.54988675
17.5536436654
17.5819034682
17.5866834239
17.6503147406
17.6708763315
17.7157414129
17.7322324815
17.7515172626
17.8106598781
17.8250608388
17.8338112928
17.8362869576
17.8403779982
17.8697733622
17.87922652
17.9423273181
17.9650369858
17.9799768254
18.0056234152
18.0088100109
18.0138838032
18.0151476401
18.0191596155
18.0199071245
18.0238069849
18.0314138623
18.0409727903
18.0493052871
18.058334943
18.0616007718
18.073991565
18.078505034
18.0828173016
18.0981940836
18.1031663455
18.1126702846
18.1343129028
18.1441071907
18.3365528774
18.3416000396
18.3459868818
18.3633813229
18.3777871482
18.3888098497
18.4036953131
18.408392369
18.4145392521
18.4365505835
18.4525270635
18.4594125338
18.4969145347
18.5282829113
18.5603429198
18.5836870637
18.5865314757
18.5927086219
18.6033402845
18.6155094552
18.6371544489
18.6523390178
18.6782644197
18.6948351659
18.720998169
18.7483593389
18.7789363693
18.7889135309
18.8020235982
18.8120130387
18.8538247076
18.8570467489
18.8789117162
18.88228781
18.9175091685
18.9332535293
18.9403718652
18.9604424184
18.9750567437
19.0171489463
19.0604255817
19.0669432845
19.0972940859
19.10741761
19.1217541741
19.1630349629
19.1773489628
19.2054209149
19.2103894352
19.2839103368
19.2888834298
19.3034516686
19.312484954
19.320434542
19.3212551635
19.3280369951
19.3315892425
19.3369280952
19.3471343769
19.3661524515
19.369168247
19.3739330198
19.375948944
19.3854253098
19.3982437421
19.4052536023
19.4273936892
19.4308586336
19.4414440127
19.4449363373
19.4618065063
19.4723817784
19.4822341058
19.489834103
19.5190898631
19.5293123972
19.5402427415
19.5509964718
19.5593063788
19.5688867312
19.6104025735
19.6203116256
19.621932862
19.6258435147
19.6326503448
19.6457177075
19.6475334472
19.6526727825
19.6939092246
19.6972404265
19.707398488
19.7347322633
19.7459325302
19.7592442515
19.7607830633
19.7817063201
19.7934175761
19.8010969975
19.8093375435
19.8842498951
19.9103681723
19.9178138764
19.9412293268
19.962383751
20.1300149889
20.1508102824
20.1525591855
20.1635637486
20.1965117166
20.228433598
20.2669092354
20.2696376084
20.3492828983
20.4027588642
20.4537752752
20.4664298278
20.467353793
20.4754398612
20.4811332397
20.4831986836
20.4847764233
20.4943939411
20.502849436
20.518836166
20.5262706446
20.5335511965
20.5378263057
20.5468503525
20.5610519536
20.570794983
20.5736162303
20.582070481
20.5852921498
20.5896767152
20.5979066735
20.6055669536
20.6725287529
20.6923136636
20.7048611094
20.7265443132
20.7405076205
20.7473805208
20.7550797608
20.7611289319
20.769864105
20.7884832169
20.7995048674
20.8123716381
20.8170289579
20.8220695926
20.8249626127
20.852656544
20.86548163
20.8669720385
20.8892907466
20.9049099604
20.9081189809
20.9149854148
20.9158672309
20.935290018
20.9376590665
20.9568949853
20.9653001609
20.9889612727
20.9924452559
21.0147371541
21.0416028137
21.1171089964
21.1528902362
21.1748493734
21.1926585183
21.2079354769
21.228610192
21.2597705731
21.2755636904
21.2849220064
21.3229171621
21.3394102817
21.3547783153
21.3857885533
21.4033731894
21.4161739419
21.4357192165
21.4525246861
21.4557678193
21.6086630088
21.6136704803
21.6205013745
21.6466230926
21.6597858862
21.688877016
21.6918027877
21.7007443075
21.7179337693
21.7191891363
21.7319101086
21.748182262
21.7605694446
21.7681649842
21.7707041962
21.7776921415
21.7821855022
21.8021335849
21.8134511569
21.8213376226
21.8404329012
21.8678738547
21.8763146022
21.8870253692
21.8956241842
21.8998571259
21.9091797281
21.9201216942
21.932370626
21.9351426408
21.9594565189
21.9641044145
21.9778301893
22.0436462362
22.0613306412
22.0695542193
22.0748379682
22.0764738875
22.1310706952
22.1535706697
22.1812485154
22.1832561963
22.1949572525
22.2100413429
22.2339698129
22.2432315559
22.275990296
22.2853265396
22.2938999284
22.3167283042
22.3252534356
22.3930467581
22.4109536603
22.4764007404
22.4839117852
22.5110257897
22.6333881554
22.6694204007
22.710061047
22.7314497231
22.74758024
22.762581748
22.804039629
22.8131609942
22.8175156895
22.8276275232
22.8309725712
22.8362724119
22.8542006593
22.8602338043
22.8727060743
22.8746235728
22.8832865066
22.8879950506
22.9211739488
22.9229071605
22.9365542364
22.9454311062
22.9534571165
23.5487392535
23.9383311106
23.9575332945
23.9692709869
23.9788318033
24.0153084714
24.0175469161
24.0287136669
24.0312619235
24.0402474624
24.0495873113
24.0638188761
24.0938924729
24.1032822574
24.1084191074
24.1097899221
24.1329757933
24.1349060861
24.1413233062
24.1455172039
24.1602874477
24.1955830031
24.1994110202
24.2091634197
24.2107414793
24.2184387947
24.2420413041
24.2493095781
24.2582202486
24.2644761391
24.2701527667
24.2837142379
24.2873612163
24.2885482892
24.3012572937
24.3143095496
24.322426856
24.3339141069
24.344762615
24.3524987733
24.3600193742
24.360744586
24.3616752468
24.375125965
24.3985324773
24.4134454957
24.4194377734
24.5497251442
24.5796327499
24.5972068208
24.6109217702
24.6182978452
24.6241699317
24.6371301915
24.918492093
24.932578707
24.9373988298
24.9495010577
25.0558144592
25.0947354201
25.1084120372
25.1326756382
25.1803418783
25.2010681446
25.2071078692
25.2153066334
25.2195140016
25.2290527803
25.2335135847
25.2365612946
25.249238866
25.2523399062
25.2616770438
25.2713466167
25.2794333609
25.2805018455
25.2834842058
25.2894735357
25.3175942908
25.3282429892
25.3289795184
25.3364638428
25.3439166382
25.3556031624
25.368018805
25.3802813069
25.3915415321
25.4014454538
25.4080386035
25.4286298809
25.4365433064
25.4916971313
25.4954697023
25.5178931081
25.5257056041
25.5335476872
25.5625895932
25.5788691587
25.5869459229
25.5920502347
25.6078753208
25.6249802161
25.6571962402
25.6640476898
25.6674773667
25.7030550044
25.7274236642
25.7554801742
25.7674116629
25.787884893
25.7945434959
25.8098306442
25.8114868253
25.8434850723
25.8546236633
25.8605830008
25.8902039659
25.9073403559
25.9199715408
25.9694792095
25.9988945254
26.0315495917
26.0600359809
26.0691532733
26.0966665128
26.1263675547
26.1334760435
26.1603221261
26.2187866311
26.2374116014
26.2526950409
26.2851230565
26.2930986401
26.3101737601
26.3414637761
26.372636044
26.4035729069
26.407854476
26.4106608947
26.4181265458
26.440944715
26.4502148079
26.4598097356
26.4859164862
26.4945999423
26.4983863015
26.5190034013
26.543699416
26.5506422262
26.564313836
26.566814786
26.580849702
26.5925060502
26.6111584842
26.6242534772
26.6306457955
26.6420560613
26.6682704273
26.6714941824
26.679302929
26.6857778126
26.6900019302
26.6992194292
26.7192337746
26.738204277
26.7512273078
26.7704677399
26.7841084702
26.80669066
26.8104250997
26.8177967808
26.8199947382
26.8279657582
26.8349242259
26.8410869634
26.8480484917
26.8950742788
26.9569287407
26.9647595183
26.9875465908
27.0166932934
27.0320976842
27.0617552986
27.0795793947
27.0925833419
27.1083463177
27.1235936345
27.1252087763
27.135802431
27.2861117254
27.3136834821
27.3422486902
27.3590496455
27.3707973209
27.4039467614
27.4303824796
27.4360092743
27.4746032427
27.499021083
27.5177987262
27.5443053544
27.5709976037
27.6018551722
27.6246163457
27.6382443368
27.6410278542
27.644897501
27.6568868337
27.6603403268
27.669996242
27.6752952176
27.6792454042
27.6873026096
27.6979353434
27.7042158026
27.7050541098
27.7059812216
27.7222545193
27.7258828115
27.7273489367
27.7281102408
27.7295690048
27.7423375523
27.7518359569
27.7592101939
27.7691660685
27.7829971622
27.7970420297
27.8119207074
27.813087785
27.8200728971
27.8389225225
27.8467872489
27.8855667576
27.8868069027
27.9111831206
27.9207272616
27.9257515856
27.9412336147
27.9516205212
27.9599483328
27.9670127876
28.0753157302
28.0939583399
28.1013692564
28.1333368736
28.135979625
28.1582210442
28.1668442974
28.1792109049
28.220971125
28.2222905412
28.2490693969
28.2779444964
28.2990157447
28.3213173451
28.3489528395
28.3715397397
28.4019539266
28.4520187536
28.4578207711
28.4700809303
28.5452626213
28.5776061732
28.5840858984
28.6543339972
28.7753574724
28.7903028202
28.8066722855
28.8148736017
28.8244719627
28.830998817
28.84103031
28.852537836
28.8611943595
28.8730009411
28.8817312617
28.8957876916
28.9081182515
28.9200128798
28.9419016321
28.9475071406
28.9512972309
28.9605685701
28.9641992544
28.9711359471
28.9719632185
28.9897179468
29.0069037513
29.0163558151
29.0213662922
29.0302853118
29.0343907889
29.0448865032
29.0538776461
29.0582696318
29.0648419061
29.0862080741
29.1138505753
29.1314814343
29.142453855
29.1599985745
29.3395857918
29.3519832386
29.3673017604
29.3789438354
29.4712456051
29.4780964216
29.4879539206
29.4915779954
29.4955612079
29.5101007331
29.5272316669
29.537992495
29.5654724395
29.5747761753
29.595368199
29.602578739
29.6295273492
29.6385153206
29.6502356717
29.6539021481
29.6727362129
29.7376630554
29.7875497946
29.8333618832
29.839023228
29.8482112354
29.8513117774
29.8599953331
29.8922417699
29.9608878463
29.9680445835
29.9981111013
30.0132015328
30.015388211
30.0348419154
30.0460748769
30.0490485159
30.0543959463
30.0625859581
30.0686043432
30.073125168
30.077128117
30.079868033
30.0857827428
30.0972122566
30.1008439796
30.1064363131
30.1293383475
30.1352719438
30.1445250009
30.1493246385
30.1503196849
30.1851642961
30.2010533514
30.211782185
30.2157145892
30.2442839497
30.2556696934
30.26546809
30.2763725885
30.287732655
30.301144523
30.3136415285
30.317839892
30.326501982
30.3361424622
30.3527806562
31.2088287173
31.2386133349
31.2733726558
31.2816410682
31.2906383577
31.2961172252
31.3063601408
31.3132942958
31.3145873854
31.3231255353
31.3300926611
31.3420323243
31.3470486317
31.3528900277
31.3646103536
31.3710347331
31.3880250016
31.388703652
31.4019214413
31.4046386526
31.4188047521
31.4242647484
31.4298185639
31.4448783128
31.4595285417
31.4662724513
31.4743728233
31.4888551056
31.4935331529
31.5034581225
31.5155838255
31.5219793549
31.5253778182
31.5298379855
31.5366804839
31.5702560637
31.5802378952
31.5915030477
31.6089578734
31.6457699764
31.654895357
31.7262948413
31.7409651907
31.747964425
31.7565438171
31.7609399045
31.7766212218
31.7844824099
31.8039836779
31.8272729722
31.8905353721
31.9163452846
31.9177387618
31.9378717081
31.9415806988
31.9590110017
32.1032740532
32.1396178439
32.1611968616
32.1738004125
32.2257983881
32.2633588533
32.3452125407
32.3862875627
32.4015744946
32.4024882773
32.4091295318
32.4360086238
32.4411513319
32.4418180832
32.4520857912
32.4574789647
32.4673018313
32.4796587665
32.4876591978
32.4904508988
32.4998566862
32.5116239418
32.5285972183
32.5391867269
32.5586683816
32.5750170563
32.5835426106
32.6633114388
32.688156718
32.7033803606
32.722576889
32.7413578423
32.7976372689
32.8153044933
32.8406051424
32.8462043717
32.8517171178
32.8538435844
32.8635203392
33.204494983
33.2263580311
33.2710561613
33.3135005061
33.3436393433
33.4299018814
33.4672904597
33.5035701163
33.577423936
33.58772913
33.6081330289
33.6151490154
33.622949966
33.6237510582
33.6262040229
33.6305476711
33.6416579993
33.6484736457
33.6603414199
33.6713510088
33.6799363686
33.6930418605
33.6998939495
33.7022771712
33.7152991564
34.1420996976
34.1501357808
34.1609657552
34.1811427686
34.2061737992
34.2156837196
34.2177312492
34.2397677269
34.2598083651
34.2742022419
34.2900638299
34.3157906903
34.3511965016
34.3575825136
34.3657918509
34.373412407
34.3840318407
34.407517133
34.4121048883
34.4339884933
34.4482074715
34.4656569511
34.4783121232
34.4936510356
34.5095708401
34.5484908558
34.6184984845
34.6625716796
34.6957321902
34.7014371252
34.7306797937
34.75480671
34.7965209039
34.8083284894
34.8148428809
34.8166343276
34.8243075779
34.8294504968
34.8484793147
34.849856744
34.8513302286
34.8618274027
34.8714687406
34.8867041998
34.8879197383
34.8902384091
34.9011584727
34.9066571778
34.9167044077
34.9237965034
34.9333947948
34.9460955128
34.9548411361
34.9715660631
34.9764049518
34.987366881
35.0009147651
35.0015013169
35.0146239203
35.6232678502
35.6753646344
35.6905419509
35.6940839676
35.7059868229
35.7135643945
35.7438137849
35.7633671653
35.7740161485
35.7894707646
35.7945211898
35.8287458336
35.8542629851
35.8649068597
35.8958895039
35.9358260069
35.9421101901
35.9650570641
35.9757136764
35.98204689
35.9875790444
35.9930847982
36.0063532207
36.0164424645
36.017491646
36.0235002777
36.0311594839
36.0745693774
36.0766034333
36.0900549538
36.103305941
36.1083954273
36.1154759694
36.1517476022
36.1866507905
36.1985225607
36.2131961163
36.224250162
36.239729009
36.2557526733
36.2568767703
36.269334351
36.2854563124
36.2893031583
36.2909529944
36.2980589479
36.3184580577
36.320037069
36.4197341039
36.4303976278
36.4416186129
36.4424172202
36.4483726221
36.4706124146
36.4798361673
36.4855041588
36.4915099655
36.4980568222
36.5586406566
36.5729499093
36.5784011097
36.6738666248
36.6852790004
36.7048979722
36.7288276469
36.739050047
36.741956573
36.7555782783
36.8083042944
36.8219053071
36.8508132642
36.8694911706
36.8826850393
36.8930716702
36.9477226041
36.9553071665
36.9619727816
36.9792694079
36.9913324992
36.9931683614
37.0182891642
37.0435867843
37.0477851967
37.0595074008
37.0632926276
37.1023039378
37.1333146375
37.1385444511
37.1691436355
37.1715552637
37.1941261906
37.2062510293
37.2087222307
37.2229373267
37.2339631559
37.2643713684
37.2652124649
37.2784299272
37.2948585437
37.3627380669
37.3681422486
37.3689146887
37.3746534536
37.3875857316
37.4010808331
37.4123088199
37.4265787304
37.4459272122
37.4633318922
37.4698259116
37.5071287281
37.5093718461
37.5179631017
37.5364813277
37.54736391
37.5567767803
37.5677289347
37.5737926112
37.5779035374
37.5814277039
37.5885839479
37.592484183
37.6065176479
37.6275146761
37.6854983216
37.6939346489
37.7080653081
37.7200272989
37.7230930101
37.7292496327
37.7484987091
37.7787856037
37.7909837559
37.8063559629
37.8083882682
37.8206153294
37.8385695199
37.866197449
37.8832816158
37.9016177896
37.9188089121
37.9422153465
37.984526874
38.1619453072
38.1822551624
38.2114429637
38.2425894032
38.2605523274
38.2844561895
38.3550131029
38.380978721
38.3973985308
38.4043276078
38.4287343203
38.4321029998
38.4411333309
38.4435022237
38.4557142784
38.4782647503
38.4969627373
38.4988819706
38.5088516872
38.5101341456
38.5122907829
38.5247648866
38.529850391
38.5401718613
38.5447470448
38.545935645
38.5896713189
38.6015986318
38.6366823806
38.6531334642
38.6659264508
38.6706069874
38.6862895281
38.6967877243
38.7127443064
38.7210723917
38.7229005779
38.7370083217
38.7500312974
39.1360355705
39.1802482285
39.2602316468
39.2669595359
39.3151713778
39.3271727167
39.336497854
39.3439057617
39.3773325853
39.3907559443
39.3973923867
39.4287941414
39.4414540308
39.4469539339
39.4650623111
39.4699243971
39.4927617838
39.578970081
39.601776917
39.6162295094
39.6222229915
39.6248837951
39.6292590162
39.6406756003
39.6449441774
39.6508468692
39.68499663
39.6897280857
39.7099975082
39.7186622522
39.7192761923
39.7222213304
39.7267901517
39.7335086327
39.7453891162
39.7564439426
39.7679833902
39.7771679926
39.8432759896
39.9018702754
39.9177951078
39.9260766941
39.9306417196
39.9520603446
39.9733593243
39.9790426177
40.0080642267
40.0200601022
40.1559874949
40.1631095342
40.1747783969
40.1866642961
40.189392457
40.2150170421
40.2242281913
40.2442553879
40.2957443532
40.3207510351
40.329749307
40.3505077159
40.3864510301
40.3941417181
40.4387214639
40.4560747229
40.5210149479
40.6125625815
40.6447312458
40.677168672
40.6928388202
40.7012042117
40.7106896002
40.7877971752
40.7989789465
40.8276159461
40.8366928736
40.8458216387
40.8564562361
40.8642301117
40.8716148972
40.8767040536
40.8799908384
40.8884686609
40.8913182129
41.2787748889
41.2914798707
41.3006228945
41.3113421959
41.3286423228
41.3352155718
41.3456599788
41.3479531428
41.3630883424
41.3834163185
41.4087699732
41.4382357839
41.4943634353
41.5076982263
41.5193996953
41.554198608
41.5681672681
41.5815105733
41.5848828871
41.6027896384
41.6180654915
41.6312142757
41.643744793
41.8513410669
41.8548188196
41.8578494591
41.8872939834
41.8907130952
41.9125982129
41.9371102588
41.9900859286
42.0113515141
42.0153606214
42.0203378296
42.0237445282
42.0360085342
42.0390498623
42.0437261933
42.0530784463
42.0621375278
42.0668525142
42.0750197024
42.0913190465
42.0974454418
42.120244507
42.1234819718
42.1308981343
42.1383762077
42.1437489022
42.1601872931
42.1745458237
42.1916755597
42.205145864
42.2183715124
42.2456494559
42.2533375579
42.2592484204
42.2608620311
42.2756629005
42.2906378687
42.301797694
42.3028844468
42.3236060654
42.6281771586
42.6725190273
42.6938410781
42.7027300823
42.715644269
42.7245266216
42.7394101557
42.748846587
42.7642704082
42.7977681936
42.8302099424
42.8518851361
42.8648683265
42.9114657277
42.9352416284
42.9555427394
42.9608767093
42.9646067893
43.005371465
43.0345679246
43.0526532528
43.0878226248
43.1007128303
43.1103298816
43.1119437688
43.1366122094
43.1603928306
43.1627923885
43.1966729341
43.209877095
43.2114221158
43.289381915
43.2920036676
43.3133065567
43.3166502462
43.3230412155
43.3247999685
43.3315247615
43.336987895
43.3399186437
43.3496729233
43.3615755534
43.363822565
43.3698367887
43.3811232411
43.3958197035
43.3969032825
43.4051444765
43.4067704671
43.4196260673
43.4322250642
43.4338356308
43.4400921479
43.4503202752
43.4806479039
43.4855250894
43.4982753653
43.5108941583
43.5144613114
43.5184471709
43.5199544845
43.5505946468
43.5525690307
43.5658852044
43.5805361555
43.5815332549
43.6069819936
43.6163142143
43.6202974577
43.626876986
43.6539777095
43.6706350482
43.6886843428
43.7008618341
43.7251484723
43.7384245941
43.7562536231
43.7843333972
43.7905126769
43.8038970804
43.8069833315
43.8344221242
43.8926475339
43.9283546755
43.9380607301
44.0291547807
44.035592208
44.0491737015
44.0667087893
44.0863381611
44.1080479823
44.2106505265
44.2187664127
44.2378260853
44.2462735158
44.2488101328
44.2600195168
44.2623262913
44.2664335735
44.300793565
44.3175677023
44.3302940453
44.4055551352
44.412572239
44.4186858637
44.4380646079
44.4390956412
44.4475363062
44.4499743387
44.4661128912
44.4747487129
44.4822791487
44.4844845964
44.490708509
44.4946671685
44.5032903044
44.5097073447
44.5200738044
44.5257705953
44.5267206135
44.528425574
44.5403244293
44.5477397869
44.5519181638
44.5640105628
44.5734233362
44.5844605593
44.5952661685
44.6003706115
44.6017692595
44.6404383916
44.6583704554
44.6711424266
44.7123308946
44.7187140989
44.7276227864
44.7346462649
44.7523636717
44.753470395
44.8220009032
44.8357832382
44.8502410317
44.8644037002
44.8652550212
44.8888289094
44.8956667453
44.9043342827
44.9260896647
44.9290653128
44.9467687472
44.971103581
44.9962755075
45.0124559081
45.031566801
45.0595406687
45.0845966381
45.0996247308
45.1149576786
45.1333676105
45.1595127814
45.1878369009
45.2227489317
45.2386942198
45.2862747276
45.3014645093
45.6042985198
45.6102123332
45.6219783693
45.6261833217
45.6318820463
45.6361572886
45.6441791481
45.6447369826
45.6530414437
45.6567397064
45.6759100379
45.678801592
45.7039885935
45.7052471299
45.7102882656
45.716264868
45.7324563902
45.7422182594
45.7568535258
45.761613503
45.7753811477
45.7887022262
45.7993164161
45.808672385
45.8146639456
45.8193946055
45.831142632
45.8442699877
45.8634253917
45.8754700136
45.8942649517
45.8955370116
45.8984759427
45.9051366027
45.9649641378
45.9831880043
45.9961319984
46.0001504309
46.0011089927
46.0035301789
46.0084444473
46.0274980357
46.0286409421
46.0347281328
46.0521314087
46.0714516707
46.0751103585
46.1023899233
46.1220021401
46.1408379701
46.1517779964
46.1892856649
46.2444891131
46.3673149978
46.3779986935
46.3883335799
46.4063693855
46.4433465792
46.4591425888
46.4922063346
46.5313930373
46.5529605265
46.5695768711
46.5968150631
46.620923968
46.6359367489
46.6541059195
46.6796309322
46.7067032151
46.7442116294
46.8043024087
46.8063655525
46.8161248259
46.83143171
46.843363803
46.8460274198
46.8490296283
46.8545524128
46.8716753031
46.877543484
46.892739301
46.9010688368
46.9054998507
46.9105907876
46.9465530228
46.9515518304
47.1008295812
47.1086847501
47.1247970958
47.1422687588
47.1489609711
47.1613428172
47.163610891
47.1891986983
47.2086776843
47.2282584622
47.2416456137
47.2454237272
47.2477482264
47.2606188402
47.2766701253
47.3694700684
47.383130296
47.4007370822
47.4047165173
47.4084078126
47.409474738
47.4511467373
47.48473177
47.4951810904
47.5122013632
47.5187062376
47.54012844
47.5638132158
47.5827677911
47.5910343669
47.597334074
47.6239979003
47.6260910911
47.6802148385
47.6913062817
47.7542988655
47.7987361646
47.8643184331
47.8670595269
47.8878908262
47.9016993325
47.9103364947
47.9424764321
47.9563242639
47.975574805
48.0144166838
48.0167923395
48.0282641416
48.0351250622
48.0516303267
48.0550121094
48.0771733629
48.084273588
48.089583058
48.0932958359
48.104479111
48.1108314565
48.4102120645
48.419767957
48.4358973254
48.4703125767
48.5550508006
48.6996993987
48.7225067872
48.7364179895
48.7533882487
48.7689940621
48.7860010905
48.7910404598
48.805512917
48.8107519506
48.8621445858
48.8722042722
48.8978250041
48.9308389481
48.9397115361
48.9451765213
48.9570723496
48.9682850495
49.0696595129
49.0939323087
49.1093420671
49.1199029236
49.1430023498
49.2051374029
49.2171923116
49.2256837213
49.2285468912
49.2296079763
49.2360748399
49.2491920868
49.2560438595
49.261114386
49.2672723401
49.2741897809
49.2811608509
49.2859838199
49.2955854042
49.3162569884
49.3178599327
49.3245805855
49.339710783
49.3561252378
49.3570163532
49.360184024
49.4039129749
49.4141614246
49.4278483068
49.4340864083
49.4515762529
49.4605516502
49.4695834688
49.474273354
49.4856068013
49.4866974552
49.4952747721
49.5107259994
49.5234931396
49.5274758244
49.5360779845
49.5439649908
49.5704748431
49.5899016381
49.6035538274
49.623307339
50.2930099841
50.314948079
50.3601642258
50.3783046643
50.4071104647
50.4131521965
50.41582254
50.4430608971
50.4491114252
50.4558307374
50.4605502372
50.4630938765
50.4700648715
50.5317061146
50.5955241271
50.6096945589
50.6137087165
50.6198367381
50.620560553
50.6264814494
50.6309406636
50.6363639458
50.640081932
50.6580880421
50.6671101988
50.7333926279
50.7425235904
50.7583326825
50.7708891128
50.7813227476
50.8088683805
50.8160934406
50.8214612471
50.8273321431
50.8310600161
50.8352734466
50.8362841396
50.8489456885
50.8573502322
50.8956052985
50.906189943
50.9468076644
50.959422497
50.9948902105
51.0012832915
51.0251959934
51.0712397409
51.0744451004
51.0888488699
51.101924861
51.1037425304
51.1134072615
51.13705572
51.1650894608
51.1770864897
51.1878179097
51.2301810471
51.2681424816
51.2926957909
51.3146090779
51.3369847514
51.3482528392
51.3827272729
51.4411497332
51.6048710473
51.6091128932
51.621579655
51.6227021006
51.6406480675
51.6476244669
51.6568488635
51.6606147705
51.6682570519
51.6691532763
51.6788255823
51.6842684705
51.696267363
51.7009899216
51.7114925337
51.7170286972
51.7223343622
51.7268291377
51.7288709358
51.7792382576
51.8608305157
51.8702810624
51.8871711454
51.8949295153
51.9077706534
51.9100388564
51.9212151096
51.9374321824
51.9576885903
51.9729118635
51.9783515644
51.9937950928
52.0208350017
52.2144277971
52.2208342238
52.2347179992
52.2615158666
52.2763358092
52.2840142938
52.2861215629
52.3117823383
52.3213930125
52.3568840883
52.3744360758
52.3852059128
52.3970590891
52.4328787533
52.4514240217
52.4834874395
52.4897308976
52.571369654
52.5859666578
52.6244048357
52.6299098069
52.6698140754
52.6858698785
52.7010574167
52.7308209987
52.7734392346
52.8066975046
52.8082494072
52.8229399745
52.8264508439
52.8363992229
52.8432254188
52.8523832728
52.8573271949
52.8603723958
52.8716423098
52.8751347038
52.8789100509
52.8870528791
53.0484797694
53.0568116771
53.0628830873
53.0697552284
53.082978635
53.0978736646
53.1106858669
53.1173596668
53.1241124793
53.1399715687
53.162086618
53.1725029848
53.1944439421
53.2106078337
53.2455566941
53.2565543504
53.2717266132
53.3013340782
53.3167345282
53.3293271235
53.3408325429
53.3494369817
53.3675205124
53.3760587638
53.3782233172
53.388715664
53.4044666464
53.4168150332
53.4316840795
53.4688421665
53.4833563508
53.5128649274
53.5553717876
53.5572134091
53.5872550766
2217
