6.00852197758
6.02721765525
6.03432352447
6.05069356649
6.0620142809
6.07609909154
6.08057552687
6.08672483479
6.11089054831
6.11649133666
6.12515645734
6.12984530944
6.13134376949
6.1467982893
6.15509004815
6.15940152031
6.16017411969
6.17198436803
6.17752279065
6.1878521231
6.19304618216
6.20114385638
6.2119004179
6.2165782001
6.23127018732
6.23667584559
6.26588826273
6.27683351605
6.29281910021
6.30254446906
6.34061378676
6.34630678864
6.36137586049
6.37441967628
6.38545046153
6.386579931
6.40451568795
6.40717693873
6.49410007656
6.52177453127
6.5282822804
6.54170347254
6.54302095781
6.56570235077
6.5823841119
6.61965973111
6.62607448768
6.64480675236
6.65578775949
6.66729575434
6.72486812717
6.74388082437
6.7702170142
6.80755044122
6.89951827018
6.92565199179
6.951183414
6.96486603613
7.01363907078
7.01942766428
7.02768630206
7.08893870784
7.20516572307
7.21284382308
7.22109109714
7.22226031433
7.24041874603
7.24593492406
7.25359793982
7.25506928639
7.25732553492
7.27496340123
7.28650172487
7.30409873336
7.31288113483
7.36650238204
7.44543602136
7.45239712249
7.46861223368
7.47880612338
7.48374477989
7.49078574953
7.49225372332
7.54493926755
7.55513856063
7.55937976902
7.67265701188
7.68521182724
7.69323373971
7.69588830859
7.71185925169
7.74101439557
7.74859087157
7.76911267298
7.780592265
7.78238061282
7.81869679509
7.82799280807
7.85553732923
7.86918572057
7.89431388692
8.00447954743
8.01979266624
8.05127942472
8.06876766311
8.08965484438
8.1127365319
8.11439192317
8.13479121932
8.17501743292
8.21208104707
8.33410873041
8.37950830281
8.41457777037
8.41678275842
8.44062712546
8.52006572543
8.53562039608
8.55607076606
8.5820734389
8.59085295618
8.60512234464
8.62896366273
8.63494118325
8.65432663302
8.66518014025
8.67187899183
8.67369527759
8.68306810043
8.69367403044
8.70344388791
8.70972021716
8.71677630697
8.72288877734
8.73392964559
8.74201056304
8.75322357237
8.75911957776
8.76948273814
8.77936345434
8.79692092699
8.81051930875
8.81838586924
8.85798248917
8.8679608626
8.87716588347
8.88296376305
8.88433123891
8.90837431688
8.93312419648
8.94716272711
8.96449300784
8.98735910061
9.29697906748
9.35513681551
9.41495744875
9.48170186361
9.60443807473
9.7376107651
9.7436890516
9.77254833692
9.77770115018
9.79101506689
9.79549367535
9.802426251
9.81029497035
9.82765421878
9.83509383737
9.85175901809
9.85795520164
9.89285880899
9.90757527157
9.91436679205
9.91994794109
9.9244640106
9.9378288542
9.94128395436
9.97152062099
9.98153064749
9.99741120389
10.0046787257
10.0101563857
10.0195087239
10.0592960286
10.0746410296
10.085284077
10.1002426674
10.1240255464
10.1261091094
10.2244387854
10.2432845456
10.2641931427
10.2824116955
10.296565543
10.3046424199
10.3289429133
10.3587439932
10.3686932655
10.3877180636
10.8064076773
10.8191645993
10.8202096188
10.8282123544
10.9280330311
10.9440224961
10.9574259262
10.9715509239
10.9807738518
11.0004372703
11.0012726831
11.0090656121
11.0315886168
11.0409159796
11.0574966135
11.0609757262
11.0661420444
11.0741641705
11.0840701782
11.1362996569
11.1476699798
11.1586743137
11.1609279894
11.1932246284
11.2930929069
11.4021529927
11.4165559011
11.4272256776
11.4713539016
11.4816166847
11.5082573983
11.5281209859
11.5447853088
11.5658812441
11.5999800133
11.6204020049
11.6410357418
11.6556385703
11.6769953751
11.7416797469
11.7954235379
11.813744883
11.8277249351
11.8532289808
11.8903113994
11.9007454154
11.9351372891
11.998869282
12.0073954465
12.0131196924
12.0198805569
12.027018935
12.0411053251
12.0467423491
12.055985581
12.0583852109
12.0657610896
12.067009317
12.0726027237
12.0771353395
12.0913897968
12.0956269222
12.1405632788
12.1428167574
12.145077035
12.1905911344
12.2063175323
12.2123990802
12.2215403552
12.2534515426
12.2669707957
12.2759846727
12.2990687411
12.3178559522
12.3202917181
12.332288053
12.3330593986
12.3434906348
12.3570690244
12.3634164516
12.3791610446
12.3836740732
12.393295291
12.394345105
12.4055296508
12.407411913
13.2082807292
13.2090951975
13.2131956564
13.2259166301
13.2324623797
13.2351848178
13.2388821656
13.2503937483
13.2553133385
13.2585359973
13.2705095704
13.2730940847
13.3459385012
13.3512622593
13.3655390033
13.371481082
13.3756147379
13.3887539738
13.3961033481
13.4174065257
13.4223884886
13.4700067727
13.4805301269
13.4912213349
13.5036199316
13.5154385334
13.5193227463
13.5411201786
13.5580074638
13.5630677803
13.579822639
13.5886131607
13.6317013763
13.6338089898
13.6749269588
13.6943025058
13.7008737276
13.7078060972
13.7212686273
13.7281033223
13.7336432473
13.7624260011
13.7879637167
13.8044992806
13.83657501
13.8533088341
13.8668168165
13.8871862589
13.9213711164
13.9345435871
14.0429238988
14.0549854047
14.0659155825
14.0889327062
14.1066284845
14.1257117001
14.1468101387
14.1635543178
14.1683510865
14.190391632
14.2150051409
14.2295357393
14.241735726
14.2497355413
14.2711962455
14.3654551531
14.3674526128
14.3797893174
14.4071800653
14.4080512495
14.4137203339
14.4227634083
14.4400726594
14.4560241557
14.4661506952
14.475047351
14.4832815191
14.4884652596
14.531011455
14.5315179692
14.5453519318
14.5497722433
14.5514258822
14.5613503316
14.5871553367
14.5912135347
14.6019761326
14.6059022318
14.6179906557
14.6261699489
14.6317409244
14.7746528213
14.7787376184
14.7823872147
14.8046000506
14.8170239038
14.8859131873
14.9000651638
14.9168356733
14.930898328
14.9440784796
14.9831130072
15.0140450191
15.0829484315
15.0990705861
15.1323346418
15.1486993957
15.1661937937
15.1768292407
15.3397357641
15.3547587842
15.3901709336
15.4405925467
15.4824538259
15.5180757478
15.5618399665
15.5706044634
15.6063770366
15.6164518535
15.6260541043
15.634651973
15.6430711341
15.6454135842
15.6511314557
15.6580535325
15.6645893006
15.6745201396
15.6756394317
15.6868587897
15.7004122045
15.7054826203
15.7075074708
15.7235159955
15.7392489075
15.7460491047
15.7491304409
15.7580997852
15.7597866664
15.7664751525
15.7769482265
15.7784564506
15.7791016247
15.7830112842
15.7911886508
15.7987872888
15.8274442007
15.8401147005
15.8540091717
15.8624956468
15.890561615
15.8917645418
15.8939395189
15.903358039
15.9220853081
15.9379019682
15.9589713818
15.9778219103
16.0011518051
16.0308164745
16.040765804
16.0540085791
16.0627425198
16.0740062372
16.0981265228
16.1131481913
16.1174995383
16.128216323
16.1315907976
16.1411802411
16.1613712014
16.2448101877
16.2567771607
16.2674776419
16.2865722882
16.3021016698
16.3152837837
16.3382209813
16.3464563762
16.3663566721
16.3854995893
16.4018604015
16.4328940758
16.4395598021
16.4560410979
16.4682431234
16.495572334
16.5169205256
16.5438865231
16.5713528028
16.5998098296
16.6354098702
16.6689180057
16.705166399
16.7273766527
16.7671894072
16.7850440075
16.8046460574
16.8052907581
16.8113041274
16.865056099
16.8708686735
16.8720642748
16.873948769
16.8748095367
16.8805229298
16.8921831258
16.8960174319
16.9068372543
16.9131421866
16.920856202
16.9221797401
16.9388362586
16.9442971393
16.9517659111
16.9537310487
16.9689446014
16.9703202902
16.975025076
16.9786069688
16.987640353
16.9952357348
17.000877102
17.0073971104
17.0137975842
17.023810588
17.0251092177
17.0434385881
17.0579617225
17.0665634639
17.0796191288
17.0827292332
17.0987034523
17.1034734788
17.1526124452
17.1714066849
17.174869393
17.1829299421
17.1843590307
17.1924258488
17.2169221274
17.2214920973
17.2317783464
17.2403797427
17.2523488386
17.2777162972
17.2872386198
17.3146758283
17.3283766062
17.3416733562
17.3809020985
17.3921759854
17.4047654883
17.4152588792
17.4210532008
17.4310207916
17.4479611523
17.4630585976
17.4910249462
17.5149607767
17.5225090055
17.5306402677
17.5668517876
17.5859915242
17.6223057165
17.6352982081
17.6429084628
17.689793801
17.7243707765
17.7430409709
17.7465331303
17.77341984
17.7835565432
17.7895574739
17.8223742228
17.8461142141
17.93873755
17.9686637506
18.0081519706
18.0801155945
18.0914470658
18.0937897896
18.1232823425
18.1349832748
18.1386507117
18.1415601129
18.1513965622
18.1716581915
18.1978985992
18.2077442881
18.217342409
18.2258430832
18.2463110015
18.2790059184
18.2928898835
18.3084865139
18.3213403496
18.3243164939
18.3381862728
18.3480924554
18.3630915852
18.3639407571
18.3930925828
18.4046216712
18.4177646981
18.4321939642
18.448644657
18.4569355061
18.4712325128
18.4875200012
18.5002009313
18.5165563503
18.5309371697
18.5517953504
18.5846086465
18.6021832327
18.9233656287
18.9431088285
18.9547391946
18.96493168
18.9914164696
19.0041691532
19.029670541
19.0936445794
19.1229135615
19.1414817785
19.1656675446
19.1951140469
19.2041837254
19.2138200333
19.2171111331
19.2236786039
19.2267180936
19.24009631
19.2441432247
19.251124079
19.2598081442
19.3015252414
19.3204915264
19.3253528767
19.339185844
19.3456354748
19.3613694478
19.3621206348
19.3831430551
19.3936143587
19.4098311181
19.4323664768
19.4476077964
19.4944214926
19.4963524189
19.5023264956
19.5084294467
19.5307155769
19.5406891132
19.590637579
19.6057108778
19.6172768247
19.6286546705
19.6345537862
19.6420426119
19.6429507452
19.6472184827
19.6589577352
19.6850060337
19.6973288385
19.707704914
19.7165791863
19.7255888408
19.7392170279
19.7686790457
19.7882815345
19.8243784113
19.8359394074
19.8583947895
19.8880361941
19.9153241065
19.9183774556
19.9203325133
19.9389354175
19.9539293732
19.9631500393
19.9733033134
19.9846676084
20.0039340696
20.0449447482
20.0893028905
20.109746866
20.1373661616
20.1661028547
20.2312318286
20.254948173
20.3847843515
20.4091577611
20.4216070756
20.422726355
20.4517386558
20.4612171855
20.5380769416
20.5425970484
20.5489389064
20.549440096
20.8960445368
20.9111381496
20.9146455584
20.9559249017
20.9624910168
20.9778719899
20.9975524129
21.0121288962
21.0312322005
21.0464949819
21.0488055833
21.0534892844
21.0608604563
21.063370833
21.0866889936
21.1048742703
21.1219976983
21.1793232749
21.1954314667
21.2079808249
21.2245269317
21.2351780034
21.3017317527
21.3031441733
21.3219566399
21.546615153
21.6027108929
21.6042124698
21.6052821783
21.6298041406
21.6328190975
21.6465124626
21.657424676
21.6583060678
21.6622546655
21.6675289313
21.6702317368
21.6741972811
21.6866707747
21.6945853559
21.7103429976
21.7193122478
21.7333162059
21.7487904785
21.7562313929
21.7625092091
21.7730098199
21.8139781902
21.825231052
21.8386400579
21.8536316774
21.8661214178
21.8916622522
21.8968856513
21.9204690447
21.9246291429
21.9341030528
21.9364182111
21.9644719684
22.334494742
22.3409097261
22.3542465561
22.370338991
22.3803092892
22.3952600408
22.4095880372
22.4314464619
22.807279073
22.8304934481
22.8443703494
22.8469406548
22.8518544427
22.8554069382
22.8627012971
22.8947330233
22.9114423069
22.949292506
22.9517559739
22.9646958757
22.9702159841
22.9840715132
22.9918747461
23.0222040346
23.1434047148
23.1636185952
23.1722545076
23.2077886249
23.2156561304
23.2324716801
23.2560148811
23.2665539359
23.2731571222
23.2816676517
23.2933357116
23.3059118126
23.3175860632
23.3449285977
23.3513300399
23.3642673229
23.3771632482
23.3979539334
23.4096716105
23.4270889006
23.4470004948
23.453919129
23.4577063481
23.4794901405
23.5169810029
23.5313968821
23.5443081203
23.5639531208
23.569170633
23.5823213523
23.6078181135
23.6228741106
23.6651223355
23.6708430102
23.6752994174
23.6866655909
23.6988272507
23.7065411341
23.7198344548
23.7455549806
23.7742621795
23.7983088711
23.8228064043
23.8627272841
23.8744746913
23.8919184403
23.8980847444
23.9193860697
23.9435738753
23.9562648735
23.9967106155
24.0205199332
24.0221459583
24.0321904293
24.0366836626
24.0482175934
24.0570399151
24.0733389216
24.0778483022
24.0798013833
24.0949237391
24.1007762481
24.1150853264
24.1242228836
24.1307523741
24.1416732573
24.1565357768
24.1579790569
24.1767900574
24.1906501525
24.1970412838
24.2078661753
24.2197996094
24.2842044432
24.2890936359
24.2987858677
24.3043975352
24.3172235429
24.3230011192
24.3468083609
24.3653621126
24.3740376809
24.377190617
24.3883051866
24.3925243268
24.4101691789
24.4234161514
24.4475983149
24.6019935326
24.6265994664
24.6528505407
24.6697804153
24.6977370305
24.7122760919
24.7263082749
24.7524728977
24.8008006941
24.8195924487
24.8294794035
24.8312900759
24.8338326027
24.8458682464
24.8707302974
24.8973078392
24.9276473773
24.9557047301
25.0282892497
25.0570601663
25.2038522325
25.2120499461
25.2350542083
25.2433160252
25.2551508597
25.2702661455
25.2837036893
25.289421621
25.2933158248
25.3012589439
25.319382045
25.3266840799
25.3297831193
25.3374482167
25.3383824038
25.3516107839
25.3530168538
25.357692939
25.3652643264
25.3762322951
25.3962255109
25.3998903955
25.4181565147
25.4316332876
25.4515692589
25.4724832429
25.4881119823
25.5040454232
25.5252217908
25.5511443677
25.5706269703
25.5963471467
25.6080031557
25.6264367994
25.6323414764
25.640427986
25.6549833811
25.6813139184
25.7443885472
25.7532707002
25.7637260029
25.7932894186
25.7997312761
25.8145230818
25.8187369969
25.8328675744
25.8475985132
25.8549364197
25.8663911903
25.8835182711
25.9094943224
25.9242873131
25.9410270907
25.9464115938
25.973669284
25.9862586097
26.0144285201
26.0231666093
26.0527297042
26.0661122936
26.0766957923
26.0846127113
26.1127700093
26.1542893169
26.156904271
26.1800022066
26.1930406083
26.1958584061
26.2059112516
26.2401425909
26.2535590256
26.2917663706
26.329116514
26.3479797261
26.3555090253
26.4015712074
26.4227758944
26.4295494662
26.4332833807
26.4402810854
26.4432083714
27.137833226
27.1804139603
27.2061979294
27.2169815971
27.4906623991
27.5186534854
27.5561844656
27.5875390026
27.5899452786
27.605718241
27.6183650139
27.6292770286
27.6350115906
27.6372529994
27.6437045448
27.6475432696
27.6582979184
27.6750515852
27.6878171644
27.6934565932
27.6974582053
27.7009252309
27.7158792869
27.7168543875
27.7305953168
27.7450861709
27.7514926719
27.7628249714
27.7635852958
27.7768890557
27.7856273731
27.7940695783
27.8048036721
27.8355086854
27.8589661874
27.8824707992
27.9051441585
27.9070688873
27.9101228618
27.9131230713
27.9285215511
27.9330631602
27.9437908111
27.988332694
28.0020640004
28.0065910842
28.0270033346
28.0345439809
28.0668096715
28.099005463
28.1006398518
28.1114680349
28.1388744761
28.2116785015
28.2294114627
28.258913665
28.2804265068
28.2887352957
28.3689066215
28.374358312
28.4070428212
28.416865144
28.4301840048
28.4582463315
28.474069073
28.4803966538
28.4916379489
28.5272916269
28.649513477
28.6589800866
28.6714301688
28.7170477918
28.7330912404
28.777622614
28.8103446355
28.8130732031
28.818276432
28.8346309781
28.8351803279
28.8370551766
28.8512070633
28.8583255664
28.8720996622
28.8774186309
28.8842684506
28.8953343684
28.8967139679
28.9073429747
28.9103847488
28.9387532762
28.9476286801
28.9499160935
28.9581789457
28.9635745046
28.9673069663
28.9708047189
28.9771549702
28.9831969093
28.9854828842
28.992342925
29.0439450176
29.0532866375
29.0571667966
29.0663914718
29.0771808072
29.0835956051
29.090879096
29.1299932474
29.1810096298
29.18579485
29.202168664
29.2048521793
29.208927971
29.2217669546
29.2333264666
29.2420509429
29.2687925795
29.2797685408
29.3059367205
29.3130903414
29.3275925515
29.3711101067
29.3778700654
29.3964671372
29.3989533225
29.4113373404
29.4224122289
29.4414858443
29.4766157926
29.4946169246
29.5058222792
29.5253221789
29.5363239188
29.5466826039
29.6127085471
29.6193267011
29.6483810633
29.6721783293
29.701958326
29.7216879642
29.7365034626
29.753157929
29.7870487494
29.8028068484
29.8169830305
29.8512261734
29.9064186484
29.9648011428
29.999602668
30.0071908492
30.0105687602
30.0368849107
30.0406346965
30.0468748008
30.047702341
30.0486697009
30.0622422399
30.0693893025
30.0775149594
30.0890209324
30.096221928
30.103908854
30.1078775368
30.114210725
30.1271788329
30.1362143145
30.2983703153
30.3011661015
30.3245298408
30.3710743489
30.3772772861
30.4175741952
30.4230809116
30.4469445542
30.478289224
30.4887537481
30.4982046198
30.507496956
30.5144128498
30.5275202152
30.5321396539
30.5550118542
30.5762101674
30.5917318078
30.6166414798
30.6303486912
30.6432905547
30.6589011491
30.6777060051
30.6903988491
30.7154570815
30.7728012359
30.8070991942
30.8519496995
30.8765464056
30.884832452
30.9109876708
30.9467002949
31.0043193371
31.0084599173
31.0333387249
31.0933200723
31.1277786611
31.1304863649
31.1448127921
31.2025956474
31.2095157253
31.211658145
31.2150842723
31.221662876
31.2234948681
31.22592864
31.2531593997
31.2562117544
31.2838002648
31.2847745188
31.2938278453
31.3015463814
31.3329567688
31.3514871011
31.3691471226
31.4947433995
31.5112086357
31.5239910599
31.5398596408
31.580124128
31.5923167431
31.5955051824
31.601098813
31.6155348669
31.6225044785
31.6367520358
31.643998149
31.6695375169
31.7017214623
31.7484203725
32.044560999
32.0565920483
32.1006548766
32.1190870942
32.2002295592
32.2212365402
32.2541238067
32.2719345784
32.2823048177
32.3203931204
32.3349881885
32.3523624621
32.3707094312
32.3740442002
32.4137247041
32.4147030141
32.4601666976
32.4653722824
32.4712380841
32.4884297578
32.5007267786
32.7012996205
32.7094323247
32.7199432645
32.7473957077
32.7691380356
32.7847476204
32.8881642184
32.9147154445
32.9228387062
32.936483112
32.9492586852
33.2610073757
33.2766949413
33.2861722309
33.3167967982
33.3557652627
33.3616759354
33.374771649
33.4106824223
33.4214778981
33.4431471803
33.6273610269
33.6840640441
33.6877104701
33.6909435081
33.6936297249
33.7083734661
33.7109381192
33.7136025252
33.7255581613
33.7305758635
33.7418631647
33.7475974848
33.7570049252
33.8331119467
33.8369968447
33.8398924791
33.8528809003
33.8669863753
33.876227648
33.9699037446
33.9745110135
33.9777679498
34.0103641567
34.0177299631
34.0203909925
34.0224220553
34.0438714687
34.0543419779
34.0615790107
34.063957645
34.0665037338
34.0723163887
34.084679568
34.1003018833
34.1022935285
34.1104882876
34.1175821622
34.1252060887
34.1436773544
34.2183666884
34.2365516893
34.2473151963
34.2696285002
34.2841786715
34.2864586082
34.2982967735
34.3063922212
34.3269134645
34.3295431889
34.3422534182
34.3556660416
34.3755031278
34.3857382835
34.8049663053
34.8134700184
34.8162017872
34.8194639174
34.8219640454
34.8690321769
34.8739123695
34.8768324441
34.8818149411
34.8868787919
34.8913919635
34.8932571547
34.9085107649
34.917228639
34.9321540829
34.9335951458
34.9508192523
34.961842637
34.9694185698
34.9851033776
35.0193853471
35.0214506959
35.034795035
35.0488484106
35.0648085786
35.0787261068
35.0915957648
35.1005720623
35.1158934937
35.127527319
35.1432355248
35.1528552227
35.1618312368
35.1652681879
35.1717604047
35.2292877271
35.3402291359
35.3650854826
35.3702813235
35.3803231564
35.4040298969
35.4186520311
35.430482189
35.4465209034
35.4553261908
35.4665710785
35.4760289938
35.5385063559
35.5555720294
35.5825288865
35.7800882943
35.7984671498
35.8081213631
35.8902139218
35.9024447213
35.9074173781
35.9216473453
35.9360821726
35.9596849762
35.9804265871
36.0036479666
36.0056281294
36.0086835111
36.0182032163
36.0212222071
36.0263798524
36.0352194167
36.0497576697
36.0556922694
36.1269602241
36.1362790296
36.1440567293
36.178425511
36.1878176978
36.1911994782
36.198466933
36.2264835792
36.2289432775
36.2304512125
36.2346159654
36.2487262421
36.2608050053
36.2738243103
36.2747869501
36.2924865284
36.2982100174
36.3140938509
36.3203004616
36.3426752462
36.3626474459
36.3635284736
36.3702122425
36.3754441457
36.3909119772
36.4188481934
36.5450110531
36.5461111232
36.6825590652
36.689488858
36.813508305
36.81651783
36.8385020239
36.8411707751
36.8604972975
36.8668835049
36.8728152841
36.929176052
36.9484979038
37.0228447354
37.0402585144
37.0633359959
37.0780154351
37.1150204179
37.1358653901
37.1719014403
37.1899001357
37.2050237109
37.2266556963
37.2759822878
37.2868758572
37.2962981452
37.3070531749
37.3158494011
37.3221195642
37.3283502593
37.3309613575
37.3385708952
37.3468186921
37.3629603329
37.3702948608
37.4062803618
37.4078192659
37.4137438072
37.428350654
37.4343111312
37.435111742
37.4647669614
37.465833936
37.4731718058
37.4812268409
37.505027257
37.5141425383
37.5217658752
37.5306491552
37.5381274705
37.548240119
37.5567980783
37.5725623815
37.5768841949
37.5987992217
37.6063937732
37.6199612926
37.6275773152
37.6513496626
37.6816857873
37.6838009755
37.6855115229
37.6971949043
37.7057122628
37.727573259
37.7343684744
37.7489099446
37.8010202897
37.8093843153
37.8108552461
37.8406653202
37.8480322867
37.850016788
38.0490429942
38.0730633012
38.1423802036
38.1506759705
38.4047880869
38.4416011192
38.4557436833
38.4583012972
38.4800101196
38.4972399786
38.5233488446
38.5242499217
38.5307025768
38.5341043945
38.5524625904
38.5675217064
38.5685490028
38.5790300574
38.5970819316
38.6097395826
38.6106417153
38.6235678742
38.6267044666
38.6441252027
38.6552268334
39.6052783933
39.6058456271
39.6143131348
39.635416187
39.6375958187
39.6473844474
39.657607949
39.6621262908
39.6663779377
39.6727889842
39.6761226443
39.6796766511
39.6855695213
39.6990173815
39.7140103114
39.7291143227
39.7371441086
39.7409412812
39.7449702877
39.753657255
39.7639567714
39.7775558733
39.7920444723
39.7945698391
39.8003828537
39.8217818802
39.8271869128
39.834329093
39.846606715
39.8593941991
39.8672866869
39.8733810393
39.8806275925
39.884201705
39.8894323677
39.8950531492
39.9242960763
39.9447688131
39.9505932574
39.9545170571
39.9719500345
39.9924367143
40.0095061874
40.030724164
40.0332061025
40.0398820966
40.0530283235
40.0751246713
40.0791442329
40.0972884194
40.1143487124
40.1266888533
40.1355877798
40.1564051769
40.1979973337
40.199147879
40.2171507316
40.2245866548
40.2568559324
40.2744902354
40.2831361484
40.2942145424
40.3121228256
40.3368036184
40.3729190099
40.3763819855
40.3840671274
40.8582690471
40.8651214607
40.8737821752
40.8761074899
40.8874844012
40.9110847452
40.9248443518
40.925808352
40.9265486481
40.9442441853
40.9724462861
40.9938702017
40.9963613641
41.0001450277
41.0257558916
41.0449298761
41.0529031829
41.0643185574
41.0857796583
41.0957558416
41.1010749653
41.113960332
41.1219058858
41.1331812088
41.134231671
41.1441891481
41.1791838345
41.1832310036
41.1900105621
41.198078084
41.2104982154
41.2166399647
41.225301057
41.24536418
41.2555993657
41.2958092584
41.3034372658
41.3112048918
41.3283473645
41.3624665575
41.3807699686
41.4385631866
41.4836000332
41.5083850154
41.5311971927
41.5591367595
41.5821109715
41.587363136
41.6018995626
41.6031535242
41.6090079582
41.6311211652
41.6497140222
41.6646238134
41.685622422
41.6881801111
41.6915917013
41.7379041424
41.7614014363
41.7841416029
41.7965532352
41.9209329706
41.9568956134
41.9957744018
42.006448189
42.0128319278
42.0190221515
42.0197414497
42.0219776176
42.0267723132
42.0279007923
42.0356959381
42.046351686
42.0950946368
42.1390533729
42.1448069333
42.1645796147
42.1696495312
42.1728266625
42.1807889409
42.1916604775
42.1971090315
42.2064259919
42.2185092014
42.2194367324
42.2349232416
42.2705222857
42.2805704414
42.2882665737
42.2993468969
42.3267063507
42.346328082
42.4934939567
42.5364552218
42.5525188974
42.5586168122
42.5676958481
42.573963766
42.5945455904
42.6120202167
42.6311542981
42.644633967
42.6642060258
42.684599889
42.7054565992
42.7270316313
42.7577994617
42.7784354878
42.7844794384
42.8187045057
42.8486729939
42.8649515432
42.9132321226
42.9151155815
42.9409672241
42.9620622468
42.9889971471
43.0068250292
43.0347759675
43.0690700204
43.1167220233
43.1185482385
43.1296437856
43.134712024
43.1787372677
43.2086575713
43.2135135642
43.22832717
43.2466863137
43.2473963634
43.2540539052
43.2584760585
43.2677687893
43.2709497476
43.2750043669
43.2854492189
43.2967041348
43.3226575408
43.3269741262
43.3419705387
43.349052094
43.3581889574
43.3656903146
43.3678540071
43.3801941296
43.3828119033
43.3897316501
43.3980559822
43.4039995
43.408913922
43.4161931946
43.4204400186
43.4308327919
43.4439967182
43.4446747215
43.4494598291
43.4558197215
43.4608119078
43.6142519425
43.6209508347
43.6317879431
43.6707468724
43.6890721617
43.7000025635
43.7086593474
43.7121285354
43.7495352367
43.7609137716
43.7722740546
43.8042723098
43.9194727668
43.9361750358
43.9509159711
43.9949138206
44.0221394547
44.0422327751
44.0702156109
44.073065456
44.1211709064
44.1473636213
44.1534909698
44.1616080782
44.1770689345
44.2065682355
44.2370266047
44.2686361356
44.2760196336
44.3115294711
44.3366861822
44.3723311453
44.4056162666
44.4116865632
44.41577224
44.4277493576
44.4329350933
44.4433648511
44.4589995995
44.4663994493
44.4707401603
44.4779862135
44.4967252492
44.5042857047
44.513835779
44.518753467
44.5223968109
44.5304381627
44.5344576
44.5424329837
44.5482902824
44.5852792292
44.5914522691
44.5987453958
44.6064069384
44.6282562213
44.6363771087
44.6598957501
44.6632621489
44.6864849606
44.7038378009
44.7123588672
44.7421312429
44.7590714097
44.7778001976
44.7810829188
44.7879628835
44.7937201007
44.8013354531
44.813450817
44.8247066971
44.838434981
44.8400971969
44.8441777398
44.8537028552
44.8682439815
44.8750409846
44.8906081891
44.9019227411
44.9271552776
44.9485398842
44.9602305978
44.9705932371
45.0227578304
45.1152098631
45.3746947161
45.4033722901
45.4137070366
45.4307351864
45.4438125432
45.4518423926
45.4925887945
45.5326527152
45.5721851037
45.6105818668
45.636338522
45.6409119197
45.6447773402
45.658733588
45.67177935
45.6848797722
45.6854813276
45.6884416024
45.6890956931
45.6936192636
45.7016408632
45.7100126117
45.7203610474
45.7241668687
45.7368765736
46.1707166381
46.184963073
46.1988339092
46.8163606183
46.8252105392
46.8355256126
46.8443066487
46.8522531245
46.8597978531
46.8663159075
46.8758602657
46.8783160648
46.8929654387
46.9076597965
46.9128197322
46.924118728
46.9318609553
46.9378599463
46.9505709227
46.9621727974
46.9656217351
46.9671321115
46.9755981326
46.9834333949
46.9993479152
47.0102777023
47.0111876338
47.0796461392
47.4316060723
47.438726019
47.442525015
47.4541265321
47.4647442701
47.4775810995
47.4970335852
47.5128604372
47.5383429341
47.5577197481
47.5609171018
47.5814112654
47.5941124095
47.6076774749
47.6223411558
47.6240242335
47.6353799689
47.647754216
47.6585516983
47.6813834361
47.6968294596
47.7064588476
47.7404134107
47.7607615993
47.7931955755
47.8177615552
47.8389936884
47.8631000384
47.8647205178
47.8984270658
47.9304014597
47.9332214636
47.9818106195
48.0107204845
48.0220481576
48.0276674111
48.0340997255
48.0707044037
48.071205096
48.0827980268
48.083555419
48.0934460895
48.1142747591
48.1149939416
48.117303828
48.1231475856
48.1297086073
48.1316462709
48.1385728648
48.1486640707
48.1531216747
48.156753967
48.1589626612
48.1599415143
48.1685315231
49.2924390209
49.2945405522
49.3254210981
49.332724609
49.3675548234
49.3814015757
49.388046624
49.3928908995
49.3999369823
49.4094678322
49.4176402845
49.4227768122
49.4266643176
49.441443857
49.4591406844
49.479181004
49.4827685489
49.4980951129
49.4989765285
49.5084825885
49.5140896589
49.5236429588
49.5308552911
49.5463366668
49.5473259052
49.5917088946
49.6069748494
49.6150345062
49.7148743118
49.7212629797
49.7378039969
49.7624303617
49.7798780849
49.7862952329
49.8199073815
49.8273061942
49.877941065
49.8872714848
49.8954165436
49.903712615
49.9180565692
49.9316125599
49.941381235
49.9437182597
49.9471132847
49.9745384073
50.0064061305
50.0222739385
50.0238144598
50.0559828469
50.0662240794
50.0739709734
50.0917921569
50.1136826117
50.1151378058
50.1272679479
50.1347526547
50.1518737961
50.1763469516
50.1777223018
50.2235429095
50.2513577908
50.2707407419
50.3079200231
50.3118352138
50.3456215596
50.3762227406
50.3962149398
50.4211214352
50.4461591606
50.4568235918
50.4732024128
50.4886180101
50.4946409748
50.5074973578
50.5126030631
50.5186620673
50.5438552618
50.5474503995
50.5623876258
50.5816192833
50.5848382294
50.5862440099
50.611678354
50.6151403456
50.616078696
50.6344564509
50.6491484622
50.670711789
50.6837169251
50.7012235443
50.7026571765
50.7116713488
50.7160718491
50.7204273589
50.7340449134
50.7433940062
50.7501319639
50.7521444386
50.7551334241
50.7679235669
50.7964992022
50.8003249532
50.8389354899
50.8513840542
50.8640272162
50.868600353
50.8806563945
50.8946587893
50.9128655095
50.9407177672
51.00163459
51.0071873823
51.0088533432
51.0147783623
51.0592773986
51.0659659925
51.1242260647
51.1406683886
51.1420971379
51.1530955664
51.1913249593
51.2068146624
51.2169457406
51.2297013392
51.2684762746
51.2837036164
51.2928983219
51.3149449019
51.3746507968
51.4558044748
51.4884564634
51.4981834963
51.5447291521
51.5677646276
51.6018767719
51.612753428
51.619521961
51.6218584826
51.6320734457
51.6898222775
51.7127271735
51.7165480958
51.7246410336
51.776497077
51.7889653997
51.790452381
51.796373385
51.8029598093
51.8198673532
51.8291208139
51.9156875407
51.9251359852
51.9559834024
51.9671721903
51.9812944109
52.0051061905
52.02713667
52.0490989691
52.0562296345
52.0819595014
52.1013472885
52.1632861952
52.2957056266
52.3392035678
52.3957309266
52.4321891583
52.4344068786
52.4498469296
52.4589487872
52.4715734421
52.4919720312
52.5109636874
52.5214473511
52.5443097502
52.5590766012
52.58188208
52.6159064538
52.6431402007
52.6537612392
52.6715290095
52.676626368
52.743231555
52.7504459563
52.7641222444
52.826003185
52.8564266402
52.8606356737
52.8824343893
52.8862224524
52.8904747157
52.9069546755
52.9195960646
52.922468064
52.9280139716
52.9437767864
52.9926462465
53.0101314909
53.0240212339
53.0295017629
53.0349365272
53.0712869064
53.0869574016
53.1024878632
53.1163499105
53.1346448994
53.1384480798
53.147261266
53.1618709566
53.1728229375
53.2222277149
53.2342873441
53.2410508528
53.2534911326
53.279199142
53.3257340484
53.328452398
53.3717381564
53.3729208998
53.3937907433
53.407934104
53.4284427969
53.4534726586
53.4664171793
53.5900435999
53.6242404735
53.6646862728
53.6698365725
53.6889367637
53.7163722255
53.7400127875
53.7784272512
53.8262915599
53.8306110494
53.8505982346
53.8618974192
53.8902203976
53.9290852237
53.9497131624
2139
