6.00667099976
6.03088231173
6.0990234074
6.10003682414
6.10346575064
6.11094459945
6.12812033611
6.13342697955
6.19583018634
6.20422906332
6.2101725187
6.21577288652
6.21884923917
6.22901353815
6.23312700624
6.24371647865
6.24508163282
6.25433454246
6.28744478991
6.30165519824
6.30533261931
6.30658785277
6.31361532918
6.32735313058
6.33708074049
6.345155758
6.3466330392
6.35433907215
6.3585744962
6.3626708434
6.36776457952
6.37792076876
6.43286851489
6.4496259582
6.46898374736
6.4733962585
6.47812991044
6.48405505565
6.52969650934
6.53860289429
6.56635988573
6.57056421832
6.57993660117
6.60483482207
6.62598178938
6.62969597012
6.63102541679
6.63936005706
6.65466922129
6.66111663101
6.75912367168
6.76243662115
6.85857422052
6.89265029664
6.93224859896
6.94837848571
6.95769440971
6.9606606268
6.97989683692
6.99649407671
7.00583064803
7.0225326684
7.04231572475
7.05624147944
7.06846864969
7.0764668622
7.20458709173
7.21528786693
7.21908369805
7.25193951155
7.27813243647
7.28835164696
7.29661371376
7.30743108689
7.31338981851
7.31729635855
7.3180934823
7.32704653061
7.34021818034
7.98878195125
8.09051384166
8.10577718122
8.11709767964
8.18257651306
8.21960799806
8.24271474944
8.2699654391
8.30902177813
8.31980269538
8.3345388275
8.37751333294
8.4035700051
8.40787985777
8.41120933584
8.41623363864
8.41826662386
8.42402653641
8.42836177249
8.4375717308
8.46385580814
8.46732578657
8.4734421735
8.51807348001
8.52315001441
8.60151147925
8.62476642457
8.62788850597
8.63691937263
8.65024193315
8.66033276775
8.67562115917
8.69120022839
8.70241435058
9.06855510133
9.08590108379
9.09954934401
9.15024551111
9.17302816002
9.22284347856
9.23361788347
9.27237483384
9.27405386939
9.33650710995
9.33945379832
9.36757350038
9.37353245514
9.39481931756
9.45627190048
9.52256329329
9.5363268455
9.55202166903
9.61054901555
9.61143424746
9.61423640156
9.6731930154
9.67558402169
9.67918485649
9.69306232076
9.70350221249
9.71510489366
9.72503229072
9.73928968842
9.74734910665
9.7623838684
9.76343399485
9.7726967359
9.77559685511
9.78923385267
9.80156858993
9.81902834185
9.83042303944
9.84381091212
9.85399970216
9.88029746354
9.88606624589
9.90255079496
9.93244890603
9.93619060734
9.9589799927
9.96216468607
9.97191549154
9.9798819345
9.99285597681
10.0127130573
10.0166606826
10.0270916825
10.1113641099
10.1209842184
10.1496184356
10.1772174927
10.2075654139
10.2176844316
10.2460814418
10.3000047098
10.3056066368
10.3246052567
10.3482998674
10.3647568737
10.391295391
10.4491491356
10.4888288223
10.511300912
10.5200027704
10.5524187252
10.5670637039
10.6114474395
10.6427491084
10.6637378652
10.7046781678
10.7195324027
10.7470294931
10.7892118755
10.8108186178
10.8214049788
10.8358499076
10.8450873482
10.8456769901
10.8552508905
10.858325369
10.8708306291
10.8716400039
10.8787877976
10.9052309575
10.9132159558
10.9174780647
10.9196836414
10.9252344033
10.9301288787
10.9464432913
10.9507818786
10.9541793798
10.9584916637
10.9599426743
10.9714173903
10.9742214727
10.9787426788
10.9885611363
10.9992388743
11.0075023793
11.0106292444
11.0291200917
11.0383852573
11.041062603
11.0480299886
11.0625259907
11.0733743714
11.0888388815
11.1045356296
11.1265393956
11.135609723
11.1454495586
11.1552001582
11.1908980633
11.1968791704
11.2071572389
11.2244381851
11.2256686915
11.2431004132
11.2512668207
11.2688273737
11.2839120477
11.2897844286
11.3074239578
11.3312900198
11.3360140335
11.3499775108
11.3519662494
11.3935412746
11.4073024803
11.4310918137
11.4530238657
11.4787537697
11.4946752469
11.5017330108
11.5139741565
11.6159211753
11.6223109808
11.660772476
11.6701783631
11.6988697964
11.7254830544
11.7425117871
11.7474388576
11.9761327112
12.010570288
12.013275557
12.0221172443
12.0288762166
12.0294193192
12.0336001755
12.0406474289
12.0572353866
12.0611180559
12.0690944225
12.0738723721
12.1057208176
12.1100108689
12.1775212946
12.2407233746
12.2521966617
12.2820590521
12.2939891993
12.3195645742
12.3300624783
12.3509781357
12.3711857687
12.3726058963
12.3900156701
12.4029496725
12.404216856
12.4238429455
12.4418869238
12.4578567992
12.46677772
12.4723191802
12.4769335442
12.4839661908
12.4865859417
12.5159875105
12.5195943844
12.5213970211
12.5431538186
12.5606593432
12.5780126814
12.5914294554
12.6012679032
12.6143829141
12.6312190834
12.6423823325
12.65777449
12.6714261415
12.6955913583
12.7161665745
12.7239267304
12.7357071652
12.7572987111
12.7889437717
12.8119816212
12.8345814083
12.8565947761
12.8880154052
12.8922912138
12.9084563419
13.003226471
13.0692209891
13.1122541944
13.1178330278
13.2183822808
13.2421658016
13.2511713891
13.2570447779
13.2630500309
13.2638238867
13.2722266735
13.2801115137
13.617842748
13.6598030235
13.6731186047
13.6797677181
13.6857874899
13.7154739395
13.7361486048
13.7526647973
13.7736565548
13.7992735455
13.8100773196
13.8261344848
13.8807946075
13.8889637906
13.931523486
13.9529315677
13.9771274937
13.9915982185
14.00639714
14.0242081888
14.0402729656
14.0495251056
14.0617918222
14.0856418958
14.0951215121
14.1483153433
14.1649633778
14.1722557616
14.2470458172
14.2492627929
14.2649368649
14.3520659665
14.3621881771
14.3784862669
14.4198922828
14.4211401939
14.4282054441
14.4433943606
14.4650369905
14.4706993244
14.4803329119
14.4881662023
14.4967176636
14.5151357207
14.520087852
14.5306842215
14.53663686
14.5442567904
14.5491078323
14.5539091105
14.5681230601
14.5741487381
14.5812274666
14.5831758456
14.6149645582
14.628953292
14.6359024369
14.6633014706
14.7045072927
14.7131152373
14.7276764106
14.740989544
14.7421925694
14.7471685048
14.7486387227
14.7582145087
14.7718543542
14.7898729369
14.7939471049
14.797533386
14.8044549698
14.809758289
14.8139808827
14.8208102901
14.8246314574
14.8362456676
14.8531269511
14.8625116844
14.8781865355
14.8885791884
14.9487188905
14.9662112223
14.9882086538
15.0230503838
15.0579939097
15.0645350826
15.1931361904
15.2306031577
15.2823981649
15.3332225837
15.3549816538
15.3710378637
15.3815090772
15.578926791
15.5831599342
15.6006536412
15.6112476024
15.6117883125
15.6216991887
15.6299472191
15.6538139789
15.6590076081
15.6644019411
15.6782618681
15.6854422711
15.7034142518
15.708489987
15.710655376
15.715592019
15.7185903681
15.7219257585
15.7324302802
15.7647791523
15.7895422153
15.7965815725
15.8077757715
15.8145873085
15.9257700013
15.9305642683
15.9424937677
15.9536099685
15.9633252914
15.9728589524
15.9800829211
16.0007568734
16.024658204
16.041454671
16.1825913947
16.2019191741
16.2374548599
16.2501402969
16.270885893
16.3054359643
16.3492985818
16.3723336711
16.3951830181
16.4694734167
16.4714600563
16.6080746811
16.6183614552
16.6339810227
16.65020037
16.6751278424
16.7041663989
16.7236277889
16.7360826322
16.7517186841
16.7986965479
16.8005365228
16.8168347183
16.8353662481
16.8408062994
16.8461749944
16.8591320418
16.8612086372
16.8775560455
16.8839966151
16.8924940953
16.9007602467
16.9103711146
16.949262725
16.9734308408
16.986946535
16.9920760008
17.0213126895
17.0300016625
17.0713736128
17.0834137662
17.0907404166
17.1020762417
17.1571655047
17.1878831843
17.1893304021
17.2071974448
17.221071704
17.2286139227
17.2416016035
17.2552820762
17.2681491892
17.3746849746
17.3834697941
17.4062459496
17.4286272517
17.4366710686
17.4853002941
17.4959280814
17.5035078125
17.5067314089
17.5768164191
17.5919550665
17.6146543482
17.63518879
17.6901560391
17.7068975099
17.7214915887
17.742277712
17.7439580219
17.7692905971
17.7859068072
17.7937853423
17.8235829996
17.8267353758
17.8413301079
17.8430084543
17.8862124852
17.9208218921
17.9885451773
17.9907551752
18.0045127434
18.0170365322
18.0177501819
18.0224425057
18.0234462252
18.0292276575
18.0584030495
18.0629162398
18.0751573095
18.0994288645
18.1035854252
18.1100999586
18.1181921518
18.1242967795
18.1426949828
18.1490022038
18.1559427572
18.1615197961
18.2700875864
18.2782777967
18.2854150723
18.3004562836
18.3143626625
18.3224628523
18.3324692595
18.3483622235
18.3674428783
18.3687045841
18.3992919103
18.4029105319
18.4290717871
18.4482642214
18.4802029152
18.4924809341
18.5011283242
18.5217228802
18.5351031632
18.5530281422
18.5685188644
18.5820453848
18.5952191233
18.6155617729
18.6450520692
18.6587984601
18.6910562085
18.7021345968
18.7224164723
18.757995631
18.7732774562
18.8073504815
18.8346117794
18.9118199052
18.9302327561
18.9779731236
18.9865645611
19.0373249917
19.0762295564
19.0972284431
19.1219529696
19.2131406093
19.2242758108
19.2777109353
19.2945117291
19.3185457884
19.3266288002
19.3302763467
19.3573032603
19.3890817644
19.4006433726
19.411519511
19.4202252758
19.4256633892
19.4337533101
19.4402869546
19.4552284272
19.4700789956
19.4958771265
19.4969186191
19.5085203947
19.5106643326
19.5147348682
19.5167297621
19.5211019427
19.5324942585
19.5340321193
19.5458658537
19.578986807
19.5849342756
19.5975806814
19.6049479752
19.612657055
19.619301058
19.6429659118
19.6457851891
19.6609411913
19.6830963121
19.6884442529
19.6994357885
19.7034714197
19.7272813605
19.7285285794
19.7400775405
19.7610941956
19.7707850463
19.7718859448
19.7887089257
19.7983785298
19.7998807266
19.9548077591
19.9775491432
19.9843443905
19.9939657979
20.408835533
20.4096713085
20.4272924692
20.4378477529
20.5204649627
20.5320994251
20.5332501134
20.5555859944
20.6300716903
20.6350455492
20.6409607887
20.6467286103
20.6572332889
20.6648111397
20.6680685026
20.6808970363
20.7005299548
20.7059073459
20.7186125606
20.740204071
20.7555164524
20.7607859911
20.7645542203
20.7730397119
20.7964696904
20.8001241856
20.8025302254
20.809302941
20.8291993987
20.8404207025
20.8574328302
20.8743806836
20.8921017729
20.8994819682
21.0870763738
21.1183422744
21.121646405
21.126696586
21.1367849537
21.17079707
21.1831035178
21.2038246891
21.2077475651
21.2247726607
21.2266243188
21.4220309457
21.4390342064
21.4589846777
21.4882384229
21.5100373055
21.5248813096
21.5494578166
21.6126032405
21.6164478868
21.6322269481
21.659442666
21.6674079243
21.6686361337
21.6809679891
21.6869601639
21.7219028746
21.7244423801
21.7379750311
21.7453883229
21.7587230639
21.7875542065
22.1954807526
22.2109996804
22.2305814515
22.2450886221
22.2521571877
22.2725849344
22.302728878
22.3499684116
22.35233331
22.3805870046
22.3911858538
22.4021257602
22.4501973167
22.4605461296
22.463313888
22.4907777835
22.5226744528
22.5645862016
22.6127301221
22.6763563424
22.6887976921
22.7141572969
22.7363728157
22.7495420848
22.7736144921
22.8446472772
22.8605372551
22.8614115605
22.8684880209
22.9051974257
22.9410510443
22.9546519207
22.9640873638
22.970023543
22.9721256594
22.9810677032
22.9820834935
22.9900952461
22.9960738744
23.0038064453
23.0119172769
23.018157688
23.0310156606
23.0503062617
23.0952114877
23.1009274744
23.1083226627
23.1131969927
23.1220834708
23.1284804174
23.1393993829
23.1556556617
23.1731202871
23.1905141772
23.2046836892
23.206741973
23.2236126952
23.2773189453
23.2782795548
23.2899051116
23.3006340292
23.302141553
23.3221962387
23.3255455311
23.3425689697
23.3588220415
23.3719810676
23.42972628
23.4543886224
23.4949075221
23.5020081775
23.5127927714
23.5215874936
23.5430350319
23.5452142751
23.5501052877
23.5630694363
23.5937478515
23.6455231601
23.6723225033
23.7110678848
23.7298955395
23.7571954518
23.8287477431
23.8625227472
23.9090686035
23.9504662934
23.9812661063
24.0200171188
24.0310632428
24.0420259412
24.0445289533
24.0551182657
24.0574060719
24.0709705481
24.0735486368
24.1594167926
24.1746569144
24.2119547076
24.2227945608
24.228560258
24.2303301171
24.2443710374
24.2469239108
24.2596387341
24.2632474419
24.2892949377
24.303558441
24.3236190443
24.333800183
24.3358561239
24.3436693621
24.3714678478
24.3741963271
24.3919798122
24.4015015855
24.4122548404
24.4167265171
24.4428494179
24.455780389
24.4670267492
24.5139929751
24.5157730308
24.5485842281
24.5725950348
24.5772326097
24.6009017567
24.6092263488
24.6137838403
24.6579494847
24.6818067003
24.7957402397
24.7977622944
24.8967204211
24.9117971404
24.9429948673
25.0223570306
25.0349481695
25.0420001866
25.0698198027
25.0891390474
25.1107270155
25.1137881354
25.1275048942
25.1992767874
25.2127189444
25.2227915184
25.2597351045
25.270927951
25.278157388
25.2812214324
25.2876937044
25.2943839616
25.314337717
25.3207022553
25.3587551863
25.3645512599
25.3721953167
25.3738165766
25.3925729108
25.3978032538
25.4118482172
25.4129116547
25.4188392539
25.4209223112
25.4475380521
25.460133594
25.4763459212
25.4846405059
25.4987561399
25.5146507395
25.5287784553
25.5453849489
25.5482957801
25.567647681
25.5688772734
25.5742759803
25.577740963
25.5922934986
25.5980895678
25.6360237089
25.6376495188
25.6505565413
25.652266244
25.6607462508
25.6692132606
25.6808653321
25.774198817
25.7856716252
25.8050297863
25.8367653184
25.8519845082
25.8679536913
25.8799679136
25.9055547242
25.9149243702
25.9405444623
25.9502705647
25.9814547205
25.9918512535
26.0303504557
26.0334579259
26.0522243028
26.2221941232
26.2422280571
26.2774592539
26.34402832
26.3557257606
26.3747123127
26.4024218503
26.4135488519
26.4197544303
26.4279234322
26.430214624
26.4392381464
26.4447234745
26.4488688711
26.4566098872
26.466370623
26.4669789485
26.4761261261
26.4849227123
26.490152045
26.4986398718
26.4993174044
26.5151211273
26.5182882043
26.5322080494
26.5366521768
26.5487296625
26.5560912768
26.5590744373
26.5722711073
26.5851831535
26.5924816029
26.5960246238
26.6023459608
26.6124199753
26.6211622382
26.6410523982
26.679781025
26.6959114832
26.7165522522
26.7255730684
26.7340369919
26.75792781
26.7758185755
26.7777028737
26.7897125696
26.7979931159
26.7993069466
26.8057181395
26.8098075391
26.8110792412
26.817419857
26.8285251431
26.8443406634
26.8514608014
26.8719861444
26.8896203422
26.9144979811
26.9178582317
26.930679685
26.9470650384
26.9711804364
26.9726435406
26.995407192
26.9968587175
27.0354833085
27.0596521558
27.0799429606
27.0849007458
27.1338310395
27.1349544246
27.1570002019
27.1702120628
27.1734107419
27.174710692
27.2363810399
27.265738067
27.2712651482
27.2894671068
27.3080077743
27.4064016022
27.4260269071
27.4352619953
27.4711768892
27.5362486662
27.5743997472
27.6060460813
27.6151662237
27.6198942148
27.6372214056
27.6449872868
27.6516638404
27.6617567053
27.6673446935
27.6760009421
27.684193843
27.6914631864
27.695551962
27.6962241244
27.7082490806
27.7171475176
27.719314283
27.7253163006
27.7304367989
27.735624475
27.7434805109
27.7470325989
27.7952150612
27.7995228047
27.8459767766
27.8613323288
27.8626984162
27.8713288578
27.8823300405
27.8844367993
27.9015123136
27.9286023235
27.9465596797
27.9713908577
27.9814133728
27.9931350508
28.011722193
28.024125037
28.0453862959
28.0544911026
28.0804949724
28.0927032445
28.1295501689
28.1498035823
28.151636636
28.1698979365
28.184842351
28.1974382313
28.2141634807
28.2579456257
28.2674043401
28.2735142888
28.2974390878
28.3057005308
28.3117618234
28.3147231223
28.3374245235
28.3686394533
28.3706821854
28.3865465262
28.4030157929
28.4427360944
28.4568770468
28.4813184557
28.4949672714
28.5323679243
28.5457433131
28.5703705639
28.6018842872
28.6828114987
28.7010307209
28.7387381454
28.8093875992
28.816470183
28.8183613631
28.8424372243
28.8595945084
28.8692251049
28.879397649
28.8836343443
28.8867462864
28.8978779996
28.9033881926
28.906019269
28.9124255999
28.922646976
28.9298723005
28.930985685
28.9419144533
28.9427515637
28.9526293829
28.9714215464
29.013693614
29.020999613
29.0337421994
29.0423861213
29.0439724908
29.0718461629
29.0816164451
29.0898002477
29.0951182406
29.0969943165
29.1072783644
29.1228168934
29.1445595308
29.1519932363
29.1632786779
29.1761456938
29.1811425852
29.7538231442
29.7876299441
29.803497693
29.8491593023
29.8707033348
29.9000869058
29.9383786164
29.9475083926
29.9991768821
30.0041905804
30.0082771099
30.03570206
30.0389658528
30.0444616709
30.0499957376
30.059256967
30.0666357002
30.0694402107
30.093319963
30.1029977969
30.1096999193
30.1241391171
30.1287407914
30.1451964684
30.1461842441
30.1588364987
30.1731356252
30.1789675369
30.2535530096
30.2581250754
30.2623478573
30.2871855359
30.2996206454
30.6231972245
30.6380333985
30.6920203744
30.7186800041
30.7517265643
30.7543424358
30.7691221223
30.7766821224
30.8055909116
30.8425558772
30.8594282993
30.8889511644
30.9157153539
30.9342674371
30.9713665708
31.1230501459
31.1649994311
31.1915630758
31.2057773755
31.2085450864
31.2114928078
31.2203692905
31.2243654694
31.2340531574
31.2513285894
31.2534968762
31.2744955147
31.2824759188
31.2874358591
31.2912352772
31.297206134
31.3177682509
31.3256026249
31.3297721612
31.3347421448
31.3361697829
31.3428251273
31.3475695133
31.3493828739
31.362569272
31.3688089668
31.3783225337
32.3208932292
32.3855437753
32.4054242993
32.4097212298
32.664225511
32.6735023948
32.6821452775
32.6926801525
32.7062802535
32.7221603465
32.7286319399
32.7506550307
32.8316381658
32.8567980355
32.874404688
32.8809750023
32.894737296
32.9050205511
32.9082078381
32.9096456635
32.9824312785
33.0086442835
33.0952754454
33.1207630294
33.2232154384
33.2287536059
33.2638806236
33.2782934366
33.283194514
33.2992972721
33.6010170379
33.6014877096
33.6065007278
33.6208767098
33.622387395
33.6229070472
33.6277074906
33.6356461679
33.6430362551
33.6649847349
33.6678899213
33.671796467
33.6794304789
33.6888867967
33.6919803234
33.8251215411
33.8442977034
33.8571354859
33.8749661302
33.8941301662
33.9188962754
33.9355876814
33.9517689787
33.953607222
33.9568677012
33.9621752712
33.9892866396
34.0056720136
34.0085363801
34.0253442392
34.0392940867
34.0462305442
34.0608368652
34.1348793341
34.148526411
34.155021602
34.1677533572
34.1862407505
34.2014611899
34.2119717562
34.2211275375
34.240246047
34.2509034795
34.2634926839
34.28539662
34.3114530272
34.3266684721
34.334954464
34.3979995239
34.4101164335
34.4177241832
34.4483256964
34.4769808876
34.4816146006
34.4996298453
34.550223973
34.553249133
34.8029996647
34.8042975673
34.8304325957
34.8355647104
34.854843818
34.860413945
34.8800635616
34.8813401364
34.8919893835
34.9089854161
34.9222577546
34.983337962
34.9899452642
35.0077677235
35.0083730592
35.0251743895
35.0349511534
35.0454833744
35.0566506255
35.1005591702
35.1074471792
35.1169952734
35.1195286312
35.1203327307
35.1357067389
35.1542829195
35.1577548144
35.1675035559
35.1889913279
35.1959005332
35.2038112512
35.2076458314
35.243982971
35.2516107896
35.2663258594
35.2843311825
35.2921289197
35.3314354907
35.3421790507
35.3436094504
35.3517511236
35.3647802793
35.3848203281
35.4045341364
35.4065221266
35.4208148276
35.422321824
35.4312767081
35.4444040652
35.4698693248
35.6603507115
35.6706563118
35.6987762139
36.0040720569
36.0088502105
36.0111555964
36.0122691985
36.019243879
36.0275967288
36.035741106
36.0398165042
36.0506931364
36.0563818236
36.0885638504
36.1076241156
36.1122587533
36.1168439962
36.1224240521
36.1670437643
36.1696318387
36.1726981923
36.1887902674
36.1938559684
36.1989826514
36.2059735505
36.2261093968
36.258726781
36.26227603
36.3032873894
36.3127267476
36.3396326792
36.3408058634
36.3501613005
36.3683033194
36.3909801207
36.392251203
36.3982708514
36.406846852
36.4106694633
36.419985544
36.4375901797
36.4626010669
36.4881617657
37.2013234316
37.2046616476
37.2131832279
37.2623297998
37.2682080326
37.2717923806
37.2853987986
37.2909169776
37.2980774761
37.303573817
37.3149788849
37.3241319482
37.3315053239
37.3357374512
37.3368920335
37.3391094677
37.3444154699
37.3517750301
37.3572253889
37.3673549946
37.3795126382
37.3912844983
37.4386477861
37.4414829936
37.4471536408
37.45238676
37.4691072796
37.48260738
37.494977858
37.5092369992
37.5202721233
37.5346356958
37.5407654592
37.5471508509
37.5549322209
37.5602348848
37.5848758165
37.6073306379
37.6195096655
37.6207991985
37.6230180646
37.7564051132
37.7687184658
37.7748835097
37.7840024379
37.8100915498
37.8149671323
37.8265927191
37.8482629682
37.8695675669
37.8716304061
37.8852322855
37.9109545039
37.9381552955
37.9502184424
37.9554911854
37.9855570832
38.0130121657
38.0656020919
38.069080275
38.0933847069
38.0956304796
38.1293685544
38.1860759336
38.2022471196
38.2039471792
38.2067000629
38.2213081054
38.2605582967
38.263902663
38.2896618469
38.3199491709
38.3561127922
38.3749351158
38.4123124827
38.4269649895
38.4341211002
38.4380741803
38.4466585786
38.4476675931
38.4488727891
38.4616361762
38.4657708383
38.5034494511
38.5120100248
38.5177726738
38.5188053289
38.5320386451
38.5407262194
38.5468202575
38.5549173384
38.5648996407
38.5774547375
38.5831208057
38.5993341347
38.605809189
38.6156108407
38.6225394494
38.6364407695
38.6492767784
38.6633117782
38.6647501013
38.67899707
38.707014261
38.7236670264
38.7372689536
38.7524925011
38.7829933316
38.793865816
38.8008550429
38.8225916
38.8372603258
38.8484926348
38.8659561301
38.8725969427
38.8914734025
38.9056735088
38.9124076092
38.9408556339
38.9586456303
38.9648907024
38.9758305036
38.9938491769
39.0085113645
39.0157842911
39.0339907104
39.0834262364
39.1535185185
39.1915538863
39.2059289292
39.23305891
39.2565749877
39.2815182182
39.3113372381
39.3178934306
39.3336115217
39.3677751783
39.3975414185
39.4623448007
39.4903762648
39.5084520216
39.5158254062
39.5829763589
39.6108033203
39.6153253181
39.6227899658
39.6286507018
39.6310536446
39.6372535126
39.6465220288
39.6507764628
39.6632710391
39.6655480971
39.6758317319
39.6813787114
39.6870738132
39.7003267725
39.7092885204
39.7121981671
39.7206409997
39.7238932555
39.7325372233
39.7589966482
39.7685023078
39.7717764349
39.7825588103
39.7956809697
40.114777461
40.1257902186
40.1424270398
40.2141831214
40.2866468043
40.3109084885
40.3301653734
40.3421091553
40.3494234436
40.3636667119
40.3651657817
40.3919060623
40.3936328996
40.3987582816
40.4348002372
40.4498078713
40.4657273092
40.4778318207
40.4907693947
40.5050841964
40.5371818482
40.5427008594
40.5824418431
40.5937418928
40.6719568029
40.7161594953
40.7286781288
40.8107033766
40.8156479728
40.8228386312
40.8307474607
40.841902961
40.8568385772
40.9145924715
40.9156541043
40.9299388955
40.935954196
40.9418903526
40.950614967
40.9547408411
40.955655919
40.9663693693
40.9729553209
40.9770978048
41.0174137214
41.0211056691
41.033275407
41.0434778505
41.0455332551
41.0510736025
41.0681986697
41.0940352437
41.1121575426
41.4501676411
41.4752177612
41.9387867543
41.9585252514
42.0118144018
42.0180351407
42.0224471421
42.0254048296
42.0377292155
42.0402410407
42.0557653004
42.0670249803
42.0772181365
42.084654863
42.091827063
42.101066268
42.1145142748
42.1276628323
42.1371813721
42.1458321785
42.1558296061
42.1599442911
42.172960873
42.1829002149
43.2058159027
43.219612103
43.230291938
43.2384279493
43.2439735468
43.2516672523
43.2572241243
43.2646467147
43.2674661888
43.2723562397
43.2756951621
43.282876866
43.3351410479
43.3387874686
43.3507703971
43.3610468654
43.3662621317
43.3709057905
43.4056139132
43.4211654296
43.4313104408
43.4417688612
43.4428815093
43.4603713221
43.7299508535
43.762148882
43.77521335
43.7843345327
43.7918342742
43.8144064788
43.8161280438
43.8405750499
43.8524932958
44.4030774629
44.4143516686
44.4304138323
44.4516329941
44.4661023463
44.4702148763
44.4770200951
44.4803635293
44.4827115847
44.5177279021
44.5647989538
44.5707546308
44.5765900655
44.5818630626
44.5929520495
44.6226568238
44.6250508773
44.6349470549
44.6483042785
44.6588735118
44.6699170056
44.6748802707
44.8527494796
44.8737983974
44.8837743351
44.9089372706
44.914955272
44.9389682779
44.949188699
44.965692767
44.9733507782
44.9881464201
44.9893311284
45.0090431233
45.0252241051
45.0640654808
45.0802504001
45.0953650389
45.1012214575
45.1774140262
45.2466659767
45.2589677481
45.2999714232
45.3344169893
45.3543271688
45.3679487653
45.3830991971
45.3994477049
45.4073982242
45.4585975657
45.4692497441
45.4963784798
45.520829849
45.5403066303
45.5771994407
45.584159967
45.6067805165
45.6096968198
45.6182670787
45.6291210169
45.6354385505
45.6379701471
45.6616363022
45.6689002169
45.6714777026
45.6732746016
45.6797177052
45.6898465693
45.6994888537
45.7114217548
45.7198122306
45.7245991188
45.726063111
45.7315408406
45.7427040213
45.7459589304
45.7562898428
45.7788189
45.7827462674
45.7922258258
45.8012529956
45.819320785
45.8226553722
45.8244368913
45.8317621561
45.8362747987
45.8444016482
45.858226088
45.8650091398
45.876447941
45.8858506509
45.9082679877
45.9171951194
45.9214270071
45.9280980133
45.9409841731
45.9524178729
45.9576466228
45.9656512742
45.9729376562
45.9813999974
46.0249120457
46.0360735017
46.0518544811
46.0730844023
46.0836853654
46.0945038058
46.1643415388
46.1708503208
46.181797266
46.1949554198
46.2326672628
46.2340073535
46.255783498
46.2818915203
46.2923952159
46.3104465103
46.3460893623
46.3863754121
46.4121881912
46.4356200334
46.4483615016
46.4533968342
46.4920081425
46.5057464507
46.5226251202
46.5641982964
46.5940016004
46.6120422604
46.631050646
46.7089242762
46.7231973048
46.7408999255
46.773348899
46.7858321824
46.797885308
46.8067813803
46.8103351068
46.8209231687
46.8489286659
46.8498029034
46.8540413964
46.8574792782
46.8650290725
46.8680528795
46.8746810395
46.8799902819
46.884547478
46.9061143103
46.909695738
46.9238369348
46.928525242
46.9391676962
46.947530853
46.9613603009
47.0559846152
47.0602455943
47.0612442215
47.0776779703
47.0811808439
47.0948396224
47.1012376146
47.1183119119
47.1294900802
47.1323216745
47.1397367078
47.1447184147
47.1578149426
47.1817821856
47.208154239
47.2159403841
47.2213005053
47.2375327496
47.2447883335
47.3184683749
47.3323800407
47.3539132177
47.3937741146
47.4141713142
47.4315375848
47.4391998864
47.4683406231
47.5130319333
47.542953582
47.577980053
47.6054573041
47.6310370055
47.6357146926
47.6392845622
48.0047202512
48.0159555691
48.0272670427
48.063496628
48.0725071067
48.0746672915
48.0757385863
48.0784573715
48.0923129465
48.0983965894
48.1064892679
48.1115225576
48.1232785404
48.1290983985
48.1714967661
48.179068263
48.1849055852
48.1969185487
48.2075502675
48.2187732071
48.2194839941
48.2291843963
48.2347033451
48.2455449986
48.2533116458
48.2606582765
48.2655181656
48.2869135838
48.2983692545
48.3149470063
48.3346076098
48.3491931103
48.3734114034
48.3853666379
48.3918529077
48.3944418899
48.4283790612
48.4491215694
48.4506815914
48.4631290357
48.475587909
48.4822352879
48.5230711024
48.5721139602
48.5849437684
48.6202697301
48.624590473
48.7094916897
48.7239652673
48.7287853649
48.7411497276
48.7857242255
48.8038447011
48.8092106042
48.8212498202
48.8470588821
48.8755713717
48.8997602285
48.9177672385
48.9553737022
48.9582887268
48.9758126248
49.0022191522
49.0087790594
49.0413588054
49.0827006252
49.1207341329
49.1274772549
49.162859721
49.1645428591
49.169455851
49.186748275
49.207899599
49.2146394891
49.2213089139
49.2919402106
49.2950435664
49.2999354692
49.3061021436
49.3096457497
49.3211978071
49.3262290983
49.3360866676
50.400872119
50.4048830214
50.4067977857
50.4118313709
50.4163602542
50.4300745623
50.4343813952
50.4350949654
50.4362976053
50.4422576726
50.4480671624
50.4503619589
50.4547144442
50.4609358366
50.4682360876
50.4730790465
50.4763766118
50.4909110025
50.5020077698
50.5175610636
50.5989927477
50.6095003133
50.6133503672
50.619240098
50.6252354288
50.6402302594
50.6447976615
50.6505379311
50.6620129273
50.7006062214
50.7097258998
50.7152685668
50.7165908146
50.7249874788
50.7287680727
50.7295126468
50.7493796488
50.7567300949
50.7594982577
50.762582774
50.8308622498
50.8584671448
50.8791840597
50.9176007194
50.9187999028
50.9297669493
50.9341528902
50.9487760356
50.960396875
50.9771098851
50.9904451912
51.0014855285
51.0109632799
51.0207452583
51.0274520669
51.0515142801
51.067075193
51.0808071182
51.0919114324
51.1150597583
51.1349585893
51.15376445
51.1594143416
51.1706683831
51.1809797697
51.2075113169
51.215404108
51.2428993695
51.2664160593
51.2899051841
51.3117809514
51.3346773457
51.3611985111
51.396619321
51.4171039284
51.5014792705
51.5104435349
51.5793408649
51.6081491805
51.6129785493
51.6222441242
51.6310689373
51.6411644849
51.6418379481
51.6543021679
51.6677943998
51.6686059644
51.681953457
51.6959087539
51.6964670702
51.7017378719
51.7064888571
51.713412052
51.7173182786
51.7189584112
51.7322858011
51.7459166642
51.7763905555
52.8081007178
52.8091676612
53.3932632432
53.4050993723
53.4112666447
53.4191001764
53.4410423339
53.4585380553
53.4732710533
53.4877304196
53.5149408131
53.5253035963
53.5575419157
2033
