6.01686941303
6.02022301372
6.03685008845
6.03768956457
6.04538092887
6.05307497034
6.05426212119
6.06534911277
6.07229552317
6.07411523335
6.0764457583
6.08141909621
6.08485322886
6.0854314587
6.08853854716
6.10142104532
6.11513110775
6.11596194813
6.12047778223
6.12678362606
6.13475330376
6.13763658138
6.14694339725
6.14883985761
6.16085538185
6.16973103778
6.17296122629
6.17713196808
6.18709428179
6.20605570102
6.21444509484
6.2244499507
6.22575749825
6.23111522598
6.29879080929
6.34255620982
6.35223834577
6.37397042155
6.38352823374
6.38450209841
6.39300913518
6.40370096042
6.41717731426
6.42567521871
6.43585668161
6.45790088778
6.45892890398
6.47244964126
6.4771993667
6.56275245863
6.57850398771
6.59056430291
6.61165358247
6.63195252314
6.63899031509
6.66893184933
7.02579630995
7.09230008348
7.15660598151
7.18276662048
7.19414912343
7.21344963104
7.23515610951
7.24121438934
7.25643835525
7.25896177888
7.26268973414
7.267766415
7.26864787066
7.27471612188
7.27838037434
7.28712435468
7.29317579752
7.30126161289
7.31428474218
7.31942987096
7.32791431383
7.34121921137
7.34755361207
7.36460529644
7.38420324661
7.43837274654
7.44597436446
7.45563621683
7.46512526133
7.49554036113
7.50841963606
7.52711259568
7.53403192972
7.57180203415
7.57889427954
7.95088035057
7.97053322186
7.98553083241
7.99333368985
8.06981498267
8.08894854346
8.09911120068
8.11435308407
8.16336712052
8.17414850557
8.19329889851
8.23072776031
8.27578237416
8.28573603197
8.31825558645
8.33579387245
8.37607815687
8.39166705947
8.40191575088
8.41337384397
8.41952510798
8.43442100332
8.44805075805
8.50497049874
8.51461561272
8.52119094405
8.61019539523
8.6221861324
8.62428951993
8.63167541403
8.63849650633
8.6522621583
8.66069558744
8.67630259674
8.69007723481
8.69882468748
8.71407000303
8.74619676454
8.75838836173
8.77080443899
8.77962545359
8.79807006358
8.8096603675
8.84822369258
8.86095208371
8.87899216142
8.88221803964
8.90105697245
8.91222785488
8.92198130561
9.00843472448
9.01155353788
9.02443393039
9.02618282365
9.03512273477
9.05057227098
9.05898218466
9.07116738625
9.0788794575
9.09325760377
9.09440818738
9.13061659773
9.15043191245
9.21599550908
9.23709217538
9.25701187533
9.28249282232
9.28396070183
9.29886602029
9.32243240307
9.60277405328
9.61176665094
9.63245932654
9.63681182245
9.65291042442
9.65992356615
9.66586735654
9.67840669693
9.68115173797
9.68422347601
9.70391044736
9.7094751035
9.75645812622
9.76247953516
9.76725967256
9.77234718755
9.77531432668
9.78538537394
9.78793609325
9.79087216549
9.79638710811
9.80622066203
9.81421838088
9.86936606229
9.94027598799
9.94682233644
9.95431564006
9.96802089707
9.984853804
10.0031155023
10.0072322389
10.034654566
10.0464609354
10.0518286752
10.0966181183
10.1377163387
10.1458056948
10.1499672226
10.1567949482
10.1647578481
10.1803695874
10.1979174408
10.2350236243
10.2395636342
10.2464288636
10.3178589574
10.3816108758
10.410173436
10.4475269427
10.4623648942
10.4877913529
10.5025252247
10.5250950959
10.5784673612
10.6371915088
10.6484455551
10.6876044427
10.6963803813
10.7068490691
10.7197742909
10.7478316841
10.7504669266
10.7903573342
10.820991839
10.829339258
10.8317718434
10.846954583
10.8480486252
10.8561385226
10.8629927608
10.8715301507
10.877466516
10.8828821806
10.8862758257
10.910714027
10.9635876384
10.9649464329
11.0672713641
11.0753643256
11.0806431072
11.1255521645
11.1540613267
11.161630953
11.1731500852
11.1868923535
11.2063499547
11.2234628136
11.2429919184
11.2549936896
11.2759905508
11.3041335567
11.312826856
11.3259103051
11.3285862719
11.3352085943
11.3483156909
11.3587604661
11.3688477962
11.406445487
11.4155743954
11.4622514337
11.4653723345
11.468854647
11.472157784
11.5722273481
11.6013137271
11.6173141402
11.6345771404
11.6646735716
11.7381832077
11.7662394454
11.8165592266
11.8467272566
11.885527531
11.8986387786
11.9063429141
11.9168090975
11.965302158
12.0098492069
12.0111072197
12.0117405369
12.0219679911
12.0335612296
12.0357168399
12.0475767182
12.0503928266
12.0601634722
12.1943272986
12.1982304631
12.2029342616
12.204194517
12.2186945242
12.2292053438
12.2415345921
12.2643317819
12.2767465853
12.278416244
12.2809774309
12.2994460928
12.3051541654
12.3066040779
12.3319788469
12.3391192991
12.3781476473
12.394344484
12.568487915
12.57260651
12.5901317613
12.6203392584
12.6317326577
12.6534101721
12.680331199
12.6933344668
12.7079661073
12.7193128114
12.7218295072
12.7494121297
12.7621248902
12.7692500119
12.8024624118
12.8210516563
12.8258291717
12.8628013221
12.8654224753
12.8904185237
12.9078330188
12.9282220642
12.9341007638
12.95936958
13.054525148
13.0821006384
13.1325378832
13.1670650395
13.1730802913
13.2062152355
13.2090754458
13.2130996206
13.2233003163
13.2337596876
13.2445141467
13.2557075727
13.2601882344
13.2693871874
13.2720284554
13.2805188683
13.2835850015
13.2882284682
13.2911636899
13.3015983625
13.3205244923
13.3290635382
13.3363543404
13.3415585389
13.3792957221
13.3900097844
13.4012802255
13.4100059439
13.4473311925
13.4502899386
13.4798216455
13.4806959336
13.4877051573
13.5145229152
13.5769377451
13.587703556
13.6008048662
13.7704057574
13.778183663
13.7843247347
13.7959298371
13.8132825187
13.8221496098
14.3467963233
14.3877457494
14.4054602709
14.4090601239
14.4162119343
14.4229733908
14.4337590363
14.4483264119
14.4634920625
14.4758507168
14.4831096869
14.4836776822
14.5043266105
14.5102385231
14.5109067091
14.5207171251
14.5775015277
14.5990707488
14.6196462957
14.6666783465
14.6677937107
14.6723276134
14.682020813
14.6978321243
14.7016101691
14.7110437906
14.7201854138
14.7329558298
14.7380044279
14.7467269897
14.7932327604
14.8695732137
14.8920275061
14.9004872927
15.0747509905
15.0954390263
15.1203974107
15.1222837786
15.1285317271
15.1467491104
15.1495082828
15.1528870119
15.1765357388
15.1794019798
15.184623557
15.3103010661
15.3361238051
15.3480082783
15.3923875879
15.4040641254
15.434999905
15.4685817257
15.4934575433
15.5431836079
15.5674434133
15.6208332465
15.6256171106
15.6339495042
15.6536115024
15.6708388503
15.6767602368
15.6806879322
15.6840417831
15.692907188
15.7049764455
15.7218753459
15.7236367594
15.7308421115
15.7380875336
15.7512235811
15.7595338441
15.7682453908
15.7757750741
15.7803407851
15.7828985498
15.7879649621
15.8074659195
15.820916857
15.9308484063
15.9435919989
15.9597633495
15.9658831988
15.9672541851
15.9763848796
15.9783673697
15.9903811037
15.995251721
16.0038079474
16.0570107499
16.0982541081
16.1239190134
16.1321082634
16.1440297317
16.1509958403
16.1618974868
16.171015494
16.1950800225
16.2163628619
16.2456005595
16.2590203925
16.2669350313
16.2776242926
16.2987799948
16.3148474125
16.3260286318
16.3715309974
16.4012244098
16.4241391909
16.4338545225
16.4536348798
16.4789184528
16.4980400077
16.8007486601
16.8042993293
16.8057542302
16.8161996866
16.8219002675
16.8275199384
16.8323530521
16.833013397
16.8427284808
16.8438912973
16.8469205115
16.8535982365
16.8689975393
16.8724058898
16.8746511015
16.8879031348
16.9649643535
16.9740867402
16.9856610557
17.0074698034
17.0189003553
17.0375514244
17.0558714814
17.1365737976
17.1405318068
17.1431017039
17.1589188542
17.1933403783
17.2206404632
17.2427792613
17.2542303573
17.2686405742
17.2898747042
17.3076871146
17.3201080476
17.3217654051
17.3943825853
17.4100256371
17.4287753091
17.4656334782
17.4716573113
17.5138799446
17.5364524406
17.5535082149
17.5951154243
17.6027677188
17.6216505456
17.6524821818
17.6609139874
17.6976667651
17.6997672721
17.8650904707
17.8784646273
17.8962595098
17.925498045
17.9458223203
17.9567096606
17.9587060049
17.9852400851
18.0071006243
18.0223895636
18.0314416147
18.0365842746
18.0468578738
18.1006731701
18.1051972831
18.1142105333
18.1266697891
18.1309066779
18.1347762288
18.1427153876
18.1554939032
18.176115926
18.1866982826
18.1873927215
18.1894154304
18.1903443551
18.1971924813
18.2045499816
18.2054079455
18.2293269666
18.2363226931
18.2403072211
18.2548043482
18.2621990278
18.2700320467
18.2753860001
18.28788074
18.2895781578
18.2911047849
18.3009768942
18.31739778
18.3451702266
18.3500559409
18.3582972958
18.3622155382
18.3890504009
18.4043925643
18.4056577117
18.4163606533
18.4176089353
18.4252086131
18.4345123023
18.4454835288
18.4578252352
18.4774268761
18.480964773
18.5495249311
18.5638545289
18.5820276481
18.6004896029
18.61877746
18.6207490778
18.6320978654
18.6589631879
18.6600117941
19.2065866845
19.2271042232
19.2420814866
19.2489446082
19.2508099717
19.2619010465
19.3433135529
19.3567186011
19.3655833088
19.3664811002
19.3786331964
19.3807443429
19.3819471575
19.3899990783
19.3988981392
19.409622588
19.4198886045
19.4256579039
19.4309383621
19.4407869594
19.4448917889
19.4691350516
19.4712690849
19.4750162984
19.492349214
19.5057533552
19.5274509841
19.541988464
19.5767343113
19.5840846298
19.5867616153
19.6049783365
19.6092639559
19.6213852245
19.6264861924
19.6357227746
19.6525765718
19.6654859494
19.6919503902
19.6986430096
19.7104391282
19.8445526564
19.8568047742
19.9731280484
19.977267278
20.0167185405
20.2456614239
20.2760447846
20.3019728057
20.3067180469
20.317424095
20.3837338014
20.4030651148
20.4146941963
20.4192479772
20.4449122409
20.4535989758
20.4694587435
20.4769304934
20.4834534747
20.4904008158
20.4939275117
20.4952102004
20.4996284579
20.5185968717
20.5321794156
20.534223291
20.5390559751
20.549467713
20.563075552
20.5677304067
20.5820806025
20.5854315402
20.630546576
20.6315762347
20.6382435472
20.6418773879
20.6539725923
20.6618715932
20.6773037191
20.6863790712
20.7024694794
20.7142913795
20.7344581209
20.756175949
20.7644409601
20.7788568217
20.7892656528
20.8027505512
20.8078719666
20.8255045236
20.8266786072
20.950461287
20.9864698973
20.9876603509
21.0017677363
21.0336363738
21.0432611921
21.0634838783
21.0787724138
21.0905559574
21.0921993016
21.1178957614
21.1688273427
21.1905208326
21.2023031341
21.2036492909
21.338803848
21.3525863617
21.4563808524
21.474221908
21.5577379592
21.5885936254
21.6023514282
21.6063859638
21.6180367564
21.6277737945
21.6306136365
21.6521827341
21.660830851
21.6664841058
21.6817072161
21.6839075305
21.6924969863
21.6986460252
21.7352840731
21.7441092043
21.7453080409
21.7540010161
21.7613885367
21.7695001612
21.8301835713
21.838893653
21.8466778732
21.8602934652
21.8919024176
21.9275453849
21.9587919766
21.9640573099
21.9728508445
21.9896105243
21.9944710879
21.9963362227
22.0161211852
22.0214197722
22.2244772489
22.2376226465
22.2494554132
22.2612708847
22.2671771011
22.2754953665
22.2841747909
22.3100451066
22.3385482706
22.3569820618
22.3585981543
22.364727906
22.4048305777
22.4890921944
22.5128263734
22.525886407
22.5818009579
22.5877205807
22.6203615638
22.6229390745
22.6371269317
22.6890096129
22.804588741
22.9287784038
22.9748016671
22.9769000211
23.0009208671
23.0019453278
23.0158185739
23.0326609468
23.0501290269
23.0586909404
23.0709442151
23.0754178557
23.1040026856
23.1209669763
23.1860214261
23.2462176431
23.2519738372
23.2672674416
23.2694670469
23.2915256371
23.2948802017
23.316214121
23.3239902332
23.3321267155
23.3527923902
23.3618068765
23.375679465
23.3961884719
23.4131966047
23.4396268137
23.4588929423
23.4606267585
23.4851738576
23.5052463071
23.5321795918
23.5440921924
23.562389775
23.5808210606
23.589348403
23.6045828043
23.6608254915
23.6695297204
23.6970721544
23.7217069906
23.7352307688
23.7423868693
23.7876964378
23.8776293904
23.8973005336
23.9150964744
23.9352987101
23.9444474524
23.9616873886
24.0106126236
24.0128235103
24.0184781165
24.0222535037
24.0536938995
24.0642462083
24.0688843388
24.0782077687
24.0829002806
24.098302106
24.1130503491
24.1185440415
24.1226764509
24.1258938831
24.13566185
24.141813653
24.1566383606
24.161683566
24.320651042
24.3250785982
24.3277214125
24.337828325
24.3450647283
24.3465595678
24.3587111572
24.3814480769
24.3900172808
24.4041781401
24.4093546287
24.4282971674
24.4305748922
24.436780604
24.4468057573
24.4591603855
24.4753405167
24.4837248917
24.4922082898
24.553918422
24.5580122974
24.5722799596
24.5872692958
24.5943382237
24.6179440567
24.6262938682
24.6408973023
24.6622678069
24.666227662
24.6693218359
24.6886795672
25.154454
25.163409886
25.2164477426
25.2336511187
25.2378318516
25.2419258127
25.2429495483
25.2514356009
25.2576256795
25.2687519855
25.2769915768
25.2820960495
25.2860339641
25.2999626487
25.3107479869
25.3176201569
25.3185818386
25.3193728506
25.3207530462
25.3558560236
25.3773275811
25.3809367805
25.3868407061
25.4081741649
25.4147741615
25.4220690523
25.4252874841
25.4262359382
25.4387829986
25.4558207108
25.4675112954
25.4837685295
25.5026978583
25.5153819366
25.5334138913
25.5515287564
25.5634224887
25.5673782891
25.5777065103
25.5828932984
25.5930866405
25.6012024612
25.6058090139
25.6198710038
25.6326155017
25.643177298
25.6588042373
25.6931688312
25.7303921174
25.7347715914
26.3457945692
26.3718021262
26.393608839
26.3988516443
26.4056685347
26.4127868587
26.4173318403
26.4231516245
26.4327061576
26.4404249781
26.4495173625
26.4505917053
26.4589546127
26.4664695881
26.7779488708
26.7936216074
26.8109365985
26.8217118117
26.8382142088
26.8430071547
26.8522036682
26.864490225
26.8783015295
26.8992762954
26.9169295421
26.9320763599
26.9377504469
26.9443582741
26.9624088131
26.9696842877
26.9921413702
27.0008403272
27.0132065751
27.1286613671
27.1431462341
27.1550158037
27.192155199
27.1954146048
27.269333281
27.3349580942
27.3400270222
27.3736893019
27.3814305497
27.4058148695
27.474447592
27.4895160861
27.6041084003
27.6120301967
27.6459751028
27.6471444829
27.6514332466
27.6550305653
27.6658153596
27.6807110399
27.686207582
27.6887569592
27.6930158923
27.7108815262
27.7156296908
27.7174693954
27.7181040368
27.7222864594
27.7323871402
27.7368789759
27.7499351233
27.7699337934
27.7726538869
27.7760179377
27.7811118625
27.7822596351
27.79081102
27.814004032
27.8256405297
27.8367102253
27.8467821093
27.8555454538
27.9933704507
27.9969100217
28.075199903
28.0847044357
28.094105226
28.0997014606
28.1134873565
28.1759863346
28.1841623285
28.1895707237
28.1993338196
28.2027090489
28.2394701215
28.2889306619
28.2984522643
28.2997139927
28.32581748
28.3476729573
28.3531138781
28.8056512696
28.8093641993
28.8101651948
28.8139742753
28.8193139438
28.8306328252
28.8342448594
28.8508597836
28.8584752596
28.8660076497
28.8723614555
28.8816949945
28.8875197299
28.8990540652
28.9113840071
28.9357490604
28.939742504
28.9445831064
28.9465009148
28.9550797328
28.9672611937
28.9775858058
28.9866707748
28.9912375722
28.9943945248
28.999616215
29.0043605041
29.0070201503
29.0178822213
29.0288218126
29.0375690026
29.0503909646
29.0623439948
29.0723262824
29.0853443624
29.1219996711
29.1352334125
29.139661608
29.2549862052
29.262173199
29.2719298452
29.2954809833
29.3015303386
29.3249875984
29.4386725299
29.4434524411
29.4752601835
29.492264167
29.5083566399
29.5259069358
29.53266953
29.5579928686
29.5673414696
29.5867765871
29.5897342615
29.6044236103
29.7915247651
29.8052587506
29.815429379
29.9059981942
29.9234382214
29.961518992
29.986147556
30.0190113288
30.0306677103
30.0408891657
30.0442654919
30.0494279762
30.0775708113
30.1092197369
30.1161662867
30.1271809936
30.1397662588
30.1456210591
30.1671903526
30.1787852597
30.3630527531
30.3688288304
30.4009037846
30.4590703531
30.473084257
30.4864845853
30.4938394861
30.5159899498
30.5305694883
30.5492459159
30.571499238
30.5838994202
30.6109510054
30.6451009107
30.6574820532
30.6799941474
30.6922704702
30.7176105385
30.7576639868
30.7754323044
30.7915343951
30.8016851616
30.8120004795
30.8252193974
30.8567923686
30.8817437446
30.891683728
30.9138177066
30.9339357507
30.9447698279
30.972638063
31.0547655238
31.1108972241
31.1217196128
31.1464823683
31.1681942679
31.1761515404
31.2044870056
31.2085271398
31.2194191338
31.2332902679
31.2346100321
31.2448889855
31.249750262
31.2599003743
31.2672207788
31.3018113315
31.3252736815
31.3328391365
31.3534769148
31.3644308096
31.3716425642
31.3799858196
31.3823528002
31.4001773112
31.4072000775
31.4173155633
31.4305871196
31.4319359487
31.4361104976
31.4495829208
31.4559384225
31.4663583815
31.4769299563
31.5208870702
31.5268350166
31.5410346346
31.5488040197
31.5934504778
31.6058756409
31.6125235459
31.6326460851
31.6497670812
31.6534131461
31.6686315126
31.6753198999
31.72993754
31.7344459706
31.7405458739
31.7509748924
31.7844264495
31.8144871907
31.8275268041
31.8293746208
31.8508603382
31.8664700625
31.883407811
31.8927412713
31.9037447967
31.9166725083
31.9419971271
31.9781759011
31.9897267863
32.0034714538
32.0121594362
32.0762511294
32.0991454845
32.1126859391
32.1267017983
32.1775887885
32.1799087896
32.1936572888
32.2149210076
32.2283487846
32.2572309404
32.2947323543
32.3176738926
32.3195974086
32.3502451309
32.409316503
32.4209037836
32.4263635211
32.4325137001
32.4378248319
32.4477849467
32.4531556368
32.4604834537
32.4616322157
32.4748590242
32.4789192555
32.4847465448
32.5182722606
32.6610751676
32.6688713245
32.6810274684
32.6826708216
32.6835266883
32.6884264911
32.6989545812
32.703662545
32.7134743097
32.7324818774
32.7597156672
32.7690249282
32.7814677351
32.8026176952
32.8210613138
32.8369019038
32.8463131327
32.8658076506
32.8674382954
32.8686682611
32.8735503849
32.8917774477
32.8925823641
32.8938266115
32.8986352381
32.9037839021
32.9049186304
33.0185091997
33.0406922801
33.0594019981
33.0618919465
33.0683111886
33.0810622928
33.1034081827
33.1230593189
33.1376122161
33.1666416566
33.5154816014
33.594402591
33.5962380313
33.6094338636
33.6104746341
33.6196378345
33.6281686234
33.6488808869
33.6539548634
33.6917851084
33.6964890805
33.7007291786
33.7142177031
33.7171548198
33.7338095128
33.7461188533
33.757882071
33.7736304402
33.7848207219
33.7963009437
33.8115336547
33.8150563273
33.8244958832
33.8399150891
33.8601685879
33.8658918505
33.8806757786
33.8911083764
33.9211901598
33.9353267844
33.9462070742
33.9563109655
33.9607123566
34.0762559357
34.0999171171
34.1045517229
34.1091814461
34.1129898748
34.1213272037
34.132585559
34.1783259973
34.1884104471
34.2033311966
34.235001386
34.2381193192
34.252901803
34.3448492242
34.3855701728
34.4190579888
34.4552858104
34.4810839911
34.509164018
34.5116948345
34.5743601198
34.5904694144
34.6006663786
34.6128526733
34.6226214554
34.6443517312
34.6633829461
34.6828368235
34.7098456386
34.7118980421
34.7257487356
34.8048928117
34.8105088898
34.814299523
34.8149493128
34.8274663932
34.8304650854
34.8390941755
34.8538232636
34.9151518781
34.9271389432
34.9333840527
35.0064413229
35.0094324211
35.0196578761
35.0341056469
35.056903772
35.0683353367
35.1002178778
35.1172294094
35.1191721333
35.1228532639
35.1495163065
35.1502656976
35.1606757274
35.1812759493
35.1869989559
35.205392062
35.215995597
35.2220403439
35.2339508774
35.2457938271
35.2984152746
36.0066535382
36.0100409331
36.0127232701
36.0151723075
36.0251095663
36.0303515164
36.0360560177
36.0462920151
36.055931795
36.0593224175
36.0799620965
36.0866537713
36.0928582539
36.099188512
36.1022839117
36.1123041883
36.1222432179
36.1274378916
36.1581729347
36.1588329822
36.166225195
36.1731046103
36.1792680962
36.1808267198
36.2095993824
36.2272954525
36.245312485
36.2809857562
36.2861855922
36.2973810716
36.3021441611
36.3409273393
36.3473759435
36.3562518549
36.3748630635
36.3856244711
36.4121834937
36.4246492312
36.4339944333
36.4494410727
36.4563026953
36.4633721777
36.4742762816
36.4767272692
36.5253502624
36.5527307252
36.5626175074
36.5663515374
36.5759590718
36.5942574807
36.6012402995
36.6206602257
36.6448742411
36.6829748301
36.6896193601
36.8725252898
36.8874656585
36.9097478896
37.0207843351
37.0560600219
37.0725578001
37.1021517062
37.1415176697
37.1453377389
37.1882073852
37.2057033931
37.2150577354
37.2292731684
37.2413834492
37.2529232676
37.2612843822
37.2744888571
37.2830206324
37.2854213017
37.3038841627
37.3138149003
37.3258388323
37.3919518792
37.4166586929
37.4266702509
37.434686136
37.4382090703
37.4419341753
37.4527437587
37.4595904116
37.4777174742
37.4810692232
37.4931704757
37.5042317967
37.5112209899
37.5185640115
37.5336156141
37.5355354955
37.5467856195
37.5582261355
37.5710114152
37.5849387745
37.6126235672
37.6158761697
37.6366284835
37.657231883
37.6598371165
37.6968984909
37.7028560259
37.7158014152
37.7278689004
37.7439838144
37.760702788
37.7680563872
37.7821447691
37.7841738572
37.789064694
37.8149750212
37.8233595596
37.8489177422
37.8669448485
37.8835538472
37.908121803
37.9306824993
37.9361837771
37.9431098209
37.9640554946
37.9735150666
37.975389847
37.9939231632
38.0076793475
38.0283697216
38.0594360289
38.103449938
38.1482883663
38.1617286908
38.1768071288
38.1955959724
38.212301269
38.2360055574
38.2442848639
38.2591182601
38.284325188
38.2934969353
38.322662156
38.3939990315
38.4053070862
38.4596885061
38.4666949104
38.4710903734
38.4743128873
38.4766110163
38.4867939539
38.500358226
38.5062669699
38.5165238516
38.5221209003
38.5267472451
38.5383036937
38.5845196456
38.5928222239
38.59791089
38.611729421
38.6129522555
38.6216771677
38.678014406
38.692042684
38.7244988731
38.7318450481
38.7408533224
38.7467887381
38.7524767083
38.7582296221
38.7791109271
38.7801587076
38.7920438855
38.8089360254
38.8258134494
38.8315319277
38.8386163917
38.8420337964
38.848172217
38.8774212382
38.9016296822
38.9167895423
38.9334767889
38.9485899603
38.955663406
38.9664930344
38.9791266032
39.0055833858
39.0393348784
39.047603828
39.078218971
39.1121857894
39.1203668035
39.123366428
39.1492025859
39.1607811992
39.1803071988
39.2400843514
39.2468347678
39.3333864143
39.3618742975
39.4050895172
39.4356399023
39.447533498
39.4493003976
39.4669414641
39.4887986954
39.5297820071
39.6042366382
39.6097777499
39.6964677571
39.700742518
39.713610127
39.7221134517
39.7270783917
39.7446196526
39.7676891492
39.7710050139
39.7802803194
39.7890722397
39.8033041
39.8265551747
39.8404523416
39.8440168847
39.8536804394
39.8723002952
39.8734057179
39.8748245634
39.8807778403
39.9000044381
39.9151459748
39.9271541524
39.9375775643
39.9728659213
39.9940992345
39.9982458951
40.0373597742
40.0664966235
40.0837325026
40.0887525448
40.1081862476
40.1279936151
40.1425992543
40.1603379967
40.1822987973
40.2642210799
40.2819666414
40.2852512859
40.2968628409
40.3188076436
40.3680338365
40.3821507713
40.4067699953
40.4227828845
40.4485564815
40.4662933069
40.4776249825
40.500985658
40.5110145418
40.5344805986
40.5564350089
40.5916248614
40.6168505558
40.6389114144
40.640738282
40.6712148314
40.6857313955
40.7103813881
40.8068280297
40.8130043274
40.8152169964
40.819997354
40.8257269053
40.8405727366
40.8575973631
40.8635988341
40.8642734278
40.8649718766
40.8698836804
40.8721030863
40.8886188992
40.8998940393
40.9114373154
40.9340932657
40.9401422912
40.9469185446
40.9525112738
40.9634658659
40.9690335862
40.9761524534
40.9793305014
40.9906877559
40.9971199124
41.0037606417
41.0826762198
41.0875756392
41.0928110956
41.0942923269
41.1023901376
41.122228342
41.1293946698
41.153796235
41.2287770644
41.2569638435
41.2705618288
41.3291254488
41.3454918754
41.3699659556
41.3814509241
41.4048445513
41.4255147342
41.4323365682
41.4493527694
41.472133116
41.4929085466
41.7703337573
41.7824427334
41.8008682325
41.8302609104
41.8526142699
41.8709910025
41.8902859985
41.9246321638
41.9477891671
41.95757159
42.0106375146
42.0463379351
42.0500575305
42.0570816911
42.0651954606
42.0676898671
42.0709094803
42.0977363716
42.1016145165
42.1051340566
42.1149598134
42.1186256584
42.1250987363
42.130796729
42.1405020466
42.1514274544
42.1568640784
42.1645625159
42.1747709049
42.1807791093
42.2003313911
42.2152041857
42.2166676213
42.220977019
42.228022761
42.2546698957
42.2929014998
42.3022736459
42.3247892006
42.3300179975
42.3308284595
42.3369618482
42.3611946345
42.3657484312
42.3680285006
42.3801395157
42.3964511674
42.4117795993
42.4206632164
42.4330312215
42.438611297
42.4555180631
42.466303756
42.4701566085
42.4773369511
42.4847653782
42.4902192633
42.4943067296
42.5106776867
42.532633899
42.5473074864
42.5989945901
42.6411126125
42.6634835395
42.67866646
42.7031123197
42.7234655213
42.7469108135
42.7536883489
42.7554508476
42.7599269528
42.7779315619
42.79348173
42.8063507695
42.8300912643
42.8384471754
42.897729233
42.8998358224
42.9064115122
42.9205480651
42.9422323286
42.9639642489
43.0005774999
43.0402961609
43.0652573637
43.1100396726
43.1551963632
43.1675553546
43.1862861092
43.2110032734
43.2206760487
43.2293819238
43.2354152014
43.2373498525
43.242270212
43.2477313229
43.2513017401
43.2772744145
43.2788980816
43.2869510289
43.3078977874
43.3209688119
43.3301440795
43.3361929722
43.3448674717
43.3471223925
43.353784748
43.3656173387
43.424263341
43.4349949918
43.4547006053
43.4608822636
43.4681896663
43.4870152015
43.5022535005
43.5080405556
43.5127181692
43.5429674972
43.5529003955
43.5685078898
43.5748438873
43.5833077191
43.5910992547
43.6058164705
43.6152313504
43.6308914371
43.6403220781
43.6533086167
43.6581514579
43.6694914977
43.6826134833
43.6931151181
43.7090826588
43.7544270717
43.7576050029
43.8585666022
43.868925485
43.8981498592
43.9118243197
43.9297096284
43.936726957
43.9687302678
43.9704134094
44.0031029464
44.0266009566
44.0493449347
44.0697622774
44.0997067571
44.1129387213
44.2951037996
44.3007536876
44.3268521012
44.3568183596
44.4030597527
44.4065800051
44.4127016764
44.4183704484
44.4299059474
44.4684990215
44.4763549004
44.4806120043
44.4847215655
44.4949916513
44.4985277779
44.6919689131
44.7111981662
44.7246874516
44.7302216048
44.7489206409
44.7525609404
44.7702629416
44.7727350171
44.7903456269
44.7918195663
44.7946882021
44.8199614635
44.8264275066
44.837173555
44.857090282
44.8587445816
44.881186486
44.8946509363
44.8969972168
44.9156710192
44.9288064073
44.9449556466
44.9576176183
44.9800725579
45.005578706
45.0333003373
45.0517705984
45.1923056996
45.2043486416
45.2139975085
45.2336392803
45.2725603489
45.2865025341
45.3266754752
45.3318001129
45.3401125485
45.3593127187
45.3723683837
45.387592607
45.4120902307
45.431588343
45.4467932701
45.6098188421
45.6184747981
45.6203787652
45.6322085622
45.6494214087
45.6615071897
45.6668466021
45.6689754284
45.6743888366
45.6945142313
45.6975793916
45.7019072577
45.7131769352
45.7167690935
45.725527558
45.7263483298
45.7305373299
45.7421780228
45.7475575355
45.7547793893
45.7553678612
45.7672546569
45.7697591073
45.7811146693
45.7907203215
45.798131614
45.8037876808
45.8171658002
45.832618765
45.8368170436
45.8484317282
45.8499214627
45.8727631647
45.8945986529
45.9330655142
45.9482994986
45.964586613
45.9738312125
45.981640088
45.9850607334
46.0290474856
46.0312411479
46.0332180091
46.0587003847
46.0669571233
46.0725495242
46.0738073911
46.0751396777
46.11076763
46.1120225316
46.1276579726
46.1434654929
46.1621020759
46.164676512
46.1899447291
46.1949829399
46.2048579959
46.2565286639
46.2818488361
46.3326841443
46.3640766391
46.3800652047
46.3834296668
46.4076771346
46.4282400465
46.4491943746
46.45842607
46.5262533325
46.5489722147
46.6007596469
46.6152306748
46.6502828853
46.6592978334
46.6825145484
46.698861416
46.7080582059
46.7242832896
46.7296016154
46.7578617738
46.766084549
46.7942940108
46.7972864753
46.8087507607
46.8393758709
46.8555363168
46.860952574
46.8832754054
46.8901132701
46.8979640015
46.9239032453
46.9338818328
46.9488878487
46.9577319742
46.9643987444
46.9736533067
46.9772301077
47.0126373023
47.0205052254
47.0268840037
47.0313429463
47.0425303228
47.0511514534
47.0543093242
47.0560468522
47.0643896533
47.0794656061
47.0843649642
47.097122807
47.1049703531
47.1122429661
47.1153796167
47.1255513595
47.1329940542
47.1586075581
47.1691071607
47.1832074745
47.1931270965
47.1977595938
47.2046011431
47.2173589326
47.2248907905
47.2401991838
47.3474951705
47.3566746855
47.3789883616
47.3813310641
47.4032943704
47.4331871727
47.4514745019
47.5242221329
47.543719168
47.5481261148
47.5537756236
47.5596143524
47.5691834838
47.5870343145
47.589470794
47.6154263923
47.6438343719
47.6524074073
47.6829713303
47.6976645505
47.7004003315
47.7078366413
47.7342120074
47.803055813
48.0110712983
48.01663459
48.0286365326
48.0381088985
48.0417779653
48.0478174597
48.0614844462
48.0701054721
48.0727674997
48.0774204672
48.0783283156
48.0879836951
48.10063167
48.1199136088
48.1235375279
48.13551568
48.516018462
48.5237204956
48.7320525424
49.1010083771
49.1279291465
49.1647325242
49.2059748285
49.2086704595
49.2108965054
49.2114966527
49.2121135074
49.2131699411
49.2217634657
49.2242055892
49.2358379191
49.2379605716
49.2489489185
49.2638681118
49.2689705944
49.2729296271
49.2870940642
49.2906239293
49.3028796675
49.3111069822
49.3441233942
49.3517725644
49.3675674999
49.3769927324
49.3803747516
49.3922657495
49.3964627451
49.4396728408
49.4578865813
49.4636592381
49.4722616178
49.4905741212
49.5002728557
49.5109055238
49.5146380582
49.6426436226
49.6539950924
49.6695103984
49.6870445138
49.7063463699
49.7178478685
49.725368018
49.7557550286
49.8764043482
49.9010058316
49.9470893821
49.9572216594
49.97402526
49.9974507266
50.0130522234
50.0548225855
50.0565761971
50.0821730242
50.0915020584
50.1123470398
50.1167573983
50.1409629781
50.1752299193
50.1972266522
50.2276635376
50.2357407898
50.2537380892
50.2687830038
50.2882931581
50.3149465451
50.3523353754
50.3973218015
50.4022969606
50.4087149633
50.4311623116
50.4352047135
50.4526645194
50.4799311374
50.4908183248
50.4988582789
50.5145441162
50.5172029039
50.533571478
50.5374798956
50.5460554496
50.5549637607
50.5572344748
50.5634588734
50.6395870651
50.6403745692
50.6450352975
50.6593599644
50.7355321392
50.738151347
50.7704327038
50.778340652
50.7791551326
50.8041787889
50.8109011979
50.8223231504
50.8494885585
50.8532941006
50.9210896441
50.9240436763
50.9268946342
50.9445773034
50.9610927924
50.9753187151
50.9914928154
51.0609625572
51.5348823789
51.564479875
51.5784397969
51.581858456
51.584577855
51.6111817924
51.61870547
51.6234324401
51.6314002802
51.6368649864
51.6440283039
51.6599491551
51.6740664822
51.7105925061
51.7134150336
51.7360675623
51.7398405331
51.7514462175
51.9529440549
51.9817384452
52.0132826041
52.0193539882
52.0276975417
52.0492898025
52.0525031953
52.0728913536
52.0762851388
52.0881948127
52.1425379992
52.1541204729
52.1585542967
52.1934351783
52.1954162108
52.2285398584
52.2397281381
52.2608936742
52.2659590488
52.272038256
52.2933588818
52.3229467527
52.3500318216
52.3785640621
52.3903857959
52.3928560288
52.4196350742
52.4410404191
52.4717697867
52.4898847857
52.5417986333
52.5618934613
52.5798401391
52.6154888846
52.62433569
52.6561991769
52.6756089367
52.7203994465
52.8065781804
52.8125691964
52.8253234721
52.8477874345
52.8523188708
52.8700812757
52.8808115053
52.8832697213
52.8943366002
52.9044175291
52.9084742521
52.9741183556
52.9840118369
53.4299014668
53.4357973747
53.4470086831
53.5014737195
53.5148164618
53.525428194
53.5503061749
53.5636491492
53.6135262294
53.642644014
53.6474565036
53.6681876815
53.6783708001
53.6990190865
53.701146083
53.7082789632
53.7227643635
53.7333843343
2223
