6.00309193879
6.00588205439
6.01050891206
6.01474005876
6.01780983911
6.02500217513
6.03471119353
6.07539194629
6.07762859113
6.08351865875
6.09318885532
6.09854123568
6.1092181937
6.1181647064
6.20003526737
6.21415121646
6.24472572742
6.25263532298
6.27169807369
6.29593509283
6.31524583583
6.32757447162
6.33609734698
6.34505295975
6.35091091335
6.35384797558
6.40855928184
6.44357851937
6.44665583227
6.45294121423
6.47296711624
6.50960330241
6.56086192331
6.57251806174
6.64159347306
6.65630678232
6.6717517802
6.67925545382
6.72238476624
6.75225018314
6.76851730039
6.7807437619
6.80875536375
6.8175471002
6.82668224474
6.82845348912
6.8440797888
6.8746745556
7.01035078388
7.02699153195
7.03829431933
7.0667954378
7.09154759477
7.09887418059
7.10201455835
7.13658674451
7.21385441516
7.22421236477
7.23183058464
7.23822650777
7.23979697914
7.26499248238
7.29088492484
7.29345862703
7.29858581294
7.30453187031
7.3162979329
7.31743660044
7.32041658573
7.32902945356
7.33734307326
7.34507535424
7.35596010256
7.35997999787
7.40081905611
7.40372221211
7.41271391974
7.41806258478
7.61420562007
7.62741369257
7.63904835159
7.64250995133
7.76573812177
7.78186255581
7.80433871383
7.83271142487
7.85842715294
7.86737708113
7.8798022691
7.90659564769
7.91132171206
7.92396953482
7.93342927641
7.94332505579
7.96463357644
8.02954265406
8.0469520695
8.07838586549
8.08213504535
8.11530172102
8.13442960442
8.1633943251
8.19503647011
8.20262571941
8.23660040318
8.25240336247
8.26475962835
8.34969141331
8.360752594
8.39969324753
8.40229172549
8.40939221759
8.41402873769
8.41711513747
8.42043536622
8.42719011099
8.43488456663
8.44040264074
8.44776803257
8.4532905328
8.47919562618
8.4822134921
8.49091354552
8.5461204708
8.54689668847
8.55348067888
8.56140649368
8.57783173436
8.58420373545
8.58901771021
8.5904819161
8.59645240901
8.60359471185
8.62731265356
8.64388937503
8.64633142811
8.65024613388
8.6610077518
8.67005501458
8.67516113233
8.73966663689
8.75471571779
8.76190574334
8.76392943075
8.7838886731
8.79593553412
8.80329300842
8.80561116254
8.80750775607
8.82275601409
8.83400004773
8.84660162126
8.84792179952
8.86166538902
8.88117548256
8.9369515062
8.95466394862
8.96667746869
8.97232754012
9.00630142644
9.0252196739
9.03780811044
9.06154397306
9.06953252029
9.08640830558
9.12182680071
9.13519217165
9.14644917124
9.16618000194
9.1919216476
9.21113791368
9.22248678344
9.24217822546
9.25759543646
9.60776888805
9.61168693329
9.61353213872
9.61842666637
9.63002079446
9.64320794736
9.6439184001
9.64472807357
9.64772693854
9.68045761695
9.68654536989
9.68741582203
9.69185425215
9.69833342846
9.71269926678
9.71969447463
9.72096854256
9.72653317673
9.73661895677
9.73909381962
9.7511302135
9.756342771
9.75760288914
9.76332621558
9.77483136485
9.85525512589
9.85847777206
9.87254726374
9.88184590871
9.88305011221
9.8865992453
9.89800194046
9.90051254466
9.90194862564
9.90449175455
10.0179159489
10.0647497674
10.078767638
10.0920444768
10.1057493166
10.1661046876
10.173349537
10.2102718593
10.2267281618
10.2325744224
10.2389154902
10.2451544456
10.2702386904
10.2824787115
10.2838051563
10.2913465783
10.29659743
10.316020657
10.3239140165
10.3321224829
10.3400162182
10.3893699732
10.3951739979
10.414706039
10.4303419188
10.4461176174
10.4611731826
10.5483124876
10.5960661527
10.6109936314
10.6401358185
10.7161398484
10.7490949974
10.7571631407
10.7894550989
10.8024621727
10.8164226465
10.8311198667
10.8366103129
10.8403593643
10.8506454629
10.915669189
10.9238064336
10.931161811
10.9592200813
10.9646742895
10.9888615255
10.9997421813
11.0150700051
11.0224523348
11.0332561155
11.053762365
11.0591752264
11.0625302708
11.0708183473
11.0824311347
11.0881468708
11.098689802
11.1172898915
11.223165367
11.2241757278
11.2373034835
11.2460765053
11.254055469
11.2576886486
11.2668459897
11.3044386492
11.3874227377
11.3887639992
11.3996146054
11.4159198478
11.4480041165
11.4627181115
11.4679753082
11.489309439
11.6137318533
11.6366745554
11.657392082
11.7000097818
11.7084527734
11.7245847512
11.7450060707
11.8034752541
11.8221285541
11.8443593966
11.8521642545
11.8662315475
11.8697299953
11.8827850512
11.9140003564
12.0089507472
12.0116098181
12.0195794415
12.0265642178
12.0390776091
12.0577836257
12.0711353978
12.0820545249
12.0911542195
12.0918235088
12.0940616359
12.101665449
12.1060929057
12.1149152994
12.1270371284
12.1311337076
12.1370012902
12.1506474671
12.1605554317
12.1676480568
12.1875076604
12.191340134
12.2047115892
12.212583009
12.2135666707
12.2152070685
12.2245493469
12.3326726049
12.3462616928
12.3473547759
12.3599878112
12.3614694834
12.4101900576
12.4140756368
12.4368944065
12.4415511569
12.4595271917
12.4730010617
12.479074796
12.4934473187
12.4958565956
12.5033846261
12.5202221827
12.5516785374
12.5532277939
12.5590025346
12.5753242377
12.5820160334
12.6108407527
12.6334800209
12.6498395489
12.6621442
12.6865529845
12.6895069543
12.7025390327
12.7488405693
12.7578799007
12.7851281777
12.8015595792
12.8125258364
12.8219575361
12.8421636584
12.8480067124
13.0324457729
13.1152840165
13.1304947832
13.1526653198
13.1823585807
13.2103911146
13.2148600834
13.2528496456
13.2563282216
13.2590417491
13.2685503019
13.2720448834
13.2731051806
13.2822634689
13.2844706561
13.291723196
13.2973571783
13.3007505878
13.3099492826
13.3374233964
13.3478858581
13.351544326
13.3677310882
13.376408076
13.380956915
13.3896507727
13.395243494
13.4094061978
13.4190924149
13.4222795034
13.5576570237
13.5725738891
13.5829040682
13.5887926773
13.6038381549
13.642162958
13.6560043269
13.6826640118
13.6947041711
13.7049481382
13.7378587509
13.752521856
13.7733445307
13.7761944431
13.7840246797
13.7883741524
13.8028945635
13.832350069
13.8545490918
13.8901636366
13.9170463549
13.919872688
13.9391579548
13.9615602155
13.979001999
13.9879723866
14.0135784088
14.026658763
14.0634111633
14.0843301297
14.1278298162
14.1649400046
14.1752676562
14.2076499635
14.2222829058
14.2757581811
14.2805675272
14.2911769683
14.3218542562
14.3869805981
14.403720256
14.4150522919
14.4212257399
14.5050070474
14.5193006407
14.5252340917
14.5445800265
14.5452723796
14.5492593475
14.5749462098
14.5768909165
14.5782324425
14.589396017
14.6096306739
14.6165501146
14.6240718131
14.633000654
14.6409935096
14.6416954755
14.6499680266
14.6520732782
14.6547472024
14.6711710912
14.6796864786
14.6899004987
14.6916981078
14.7024956032
14.7211423332
14.7242261575
14.7352426377
14.7422712616
14.7520720698
14.7578741309
14.7786632964
14.8238489485
14.8353677048
14.8562436515
14.8676380949
14.8744423211
14.8821319044
14.8892263623
14.9112047722
14.9180257337
14.9345885326
15.1273611622
15.1413302249
15.1670327371
15.1818276958
15.1967103215
15.2092948856
15.2316340546
15.2511001438
15.2682370607
15.2697134682
15.2744067896
15.280147175
15.298651534
15.3108496775
15.312694476
15.3501519727
15.3916039517
15.3996136073
15.4793468558
15.4820090669
15.5022482046
15.5290245909
15.5600787279
15.5824573912
15.5897899942
15.6095646009
15.6114652557
15.6159849666
15.6268261892
15.6318686215
15.638971731
15.6394594936
15.6746347517
15.6818753493
15.6878374277
15.6987937493
15.7054240691
15.7077380945
15.7108407124
15.7241016285
15.7423667777
15.7466152983
15.7569532252
15.8221670556
15.8242088918
15.8421434417
15.8438770725
15.8604326155
15.8708362157
15.996079421
16.0081992579
16.0108655335
16.0250476386
16.0392418832
16.0690315935
16.084535385
16.089957416
16.0939941027
16.0990086244
16.1208357258
16.1376863306
16.2074507854
16.2207903933
16.4014136259
16.4115071022
16.417389168
16.4303934943
16.4629982547
16.4657537301
16.492236411
16.5014775466
16.5577359733
16.5770176215
16.5880530705
16.5912824002
16.6122045916
16.6345658723
16.6635728504
16.6897231469
16.8116944128
16.8164700494
16.8214987239
16.8330109158
16.8396234092
16.8474328664
16.8583527306
16.860572965
16.8642318503
16.8700625519
16.8757810842
16.8805742201
16.8983486423
16.9200744704
16.9277691719
16.9466396803
16.9506183012
16.958997938
16.9792659599
16.9831734884
17.008815584
17.0127173043
17.1125699731
17.1186769539
17.2124588989
17.2258341576
17.2497173147
17.2539057224
17.2636033212
17.2727727684
17.3182841214
17.3428650593
17.3572299773
17.3757692299
17.3896495424
17.4112864318
17.4211580089
18.0089245392
18.0113198324
18.0213350752
18.022389899
18.0244218499
18.0249787786
18.0310021218
18.0417053059
18.0474001666
18.0610376649
18.0776742206
18.0812053528
18.1025890907
18.1183428266
18.1255886552
18.1370534413
18.1444481699
18.1457717547
18.1613641273
18.2072828079
18.2236916331
18.2340389171
18.2460478058
18.266499684
18.2697021781
18.2780283654
18.2929195389
18.303651888
18.3675607223
18.3881287484
18.3986314718
18.4063308238
18.4071957234
18.4152958109
18.4354412123
18.4963245382
18.5029774513
18.5202179067
18.5381358119
18.5516365768
18.5799253269
18.6344239007
18.6439460128
18.6663285008
18.683043576
18.6859851261
18.8664656948
18.8822380397
18.9071205889
18.944366962
19.0415671353
19.1391682936
19.1728171334
19.2006874265
19.2012404922
19.2045370355
19.2115349809
19.2149611266
19.2317651834
19.2389991364
19.2478171793
19.2529028668
19.2763539326
19.3003409819
19.3539367601
19.3578093583
19.3630535554
19.3782174934
19.3844554102
19.6042767694
19.6682789813
19.6890167807
19.7090048745
19.7215609002
19.729191139
19.7378253928
19.7482125382
19.7607549479
19.7699192996
19.7717955637
19.7961105457
19.8095573117
19.8108570534
19.8158468598
19.8234026954
19.8392833927
19.8585572349
19.8662584335
19.8769125144
19.9007357137
19.9222230681
19.9237806131
19.9414518347
19.9952635637
20.0559103212
20.1380875045
20.2062096598
20.2729750746
20.3254881888
20.3417714461
20.4102016173
20.4174814914
20.4271362895
20.4443079093
20.4449963161
20.4485391686
20.5049289195
20.5077494773
20.5189572552
20.5211425481
20.5319778498
20.5397583968
20.54059522
20.5657788246
20.5674287002
20.5683886698
20.5869780666
20.5940964241
20.5998281475
20.6045951164
20.6160812153
20.6236523918
20.6599642358
20.677005381
20.6777655323
20.6854698388
20.711515202
20.7487157203
20.7662128921
20.7791240332
20.7942404486
20.8008013995
20.8200434026
20.8340140188
20.8455923782
20.8576367049
20.868724566
20.8857283464
21.6119713035
21.6158279427
21.6341501095
21.6356695486
21.643468635
21.645794992
21.6491549603
21.6724046784
21.689389877
22.0723385444
22.1040325037
22.123256514
22.1258731007
22.1613758101
22.1647399239
22.1805801553
22.1962749083
22.232176237
22.2526822263
22.2598160322
22.2958859229
22.3190065005
22.3263216435
22.3491039884
22.3720097922
22.3979990441
22.4268589016
22.4547829191
22.4661264596
22.4803215988
22.4975402693
22.5372559009
22.5728892125
22.6243708509
22.633925434
22.6513069267
22.7050091732
22.8139333769
22.8175794291
22.8200117088
22.8218579427
22.8286122235
22.8365614053
22.8392125222
22.8699235597
22.8800524523
22.8874094034
22.9120782234
22.9166329605
22.9220566911
22.9362066047
22.9684803633
22.9791790469
22.9923836649
23.015941938
23.0241732016
23.0378118486
23.0391883507
23.0524050991
23.0618365858
23.0794725005
23.0808602624
23.0851102479
23.1005187708
23.1062231213
23.1544670877
23.1722671059
23.1830801451
23.1997595427
23.2169913682
23.2205817826
23.2354458344
23.2609773806
23.2654507463
23.2920029752
23.3103382706
23.332528211
23.3432601438
23.3601289978
23.3617311224
23.3705056744
23.3885143011
23.3991251595
23.4065745686
23.4238815291
23.4294675318
23.4559064656
23.4770811707
23.9462061686
23.9714819704
24.0246318532
24.0256207389
24.0266294711
24.029475828
24.0444304096
24.0632512453
24.0638516306
24.0717211457
24.0800881153
24.0878560152
24.0956805973
24.1129514436
24.1172821284
24.1281509368
24.1290144818
24.152043374
24.1615475372
24.1681866597
24.1695784599
24.7028383318
24.7089399033
24.7229233147
24.7526720256
24.7866579193
24.8018917743
24.9293098152
24.9412714884
24.9680857451
24.981955665
25.007631798
25.0132778337
25.039838458
25.0587853037
25.0841784972
25.1012630505
25.1116018876
25.170655473
25.1782420481
25.2172286565
25.2193961271
25.2257857725
25.2369415983
25.2459146706
25.2529002885
25.2613920182
25.2630845662
25.2660692781
25.2860755168
25.294000132
25.3009974316
25.3289311251
25.3384901011
25.3486715372
25.3546608406
25.3662725217
25.3719649533
25.3766692012
25.3785845866
25.3890555721
25.4019724926
25.409589516
25.4204436353
25.4271899573
25.4345414651
25.4473140232
25.4480201481
25.4569149287
25.4727188731
25.4818051167
25.4963253463
25.5265161782
25.5291726428
25.5402276033
25.5503108792
25.7023045171
25.705388876
25.7089477057
25.7204543497
25.7214092093
25.7265282766
25.7488556253
25.7537619606
25.7693588214
25.7883073492
25.7952744317
25.8028108543
25.832606459
25.8519441907
25.883253091
25.9104091711
25.9172345162
26.027529633
26.055135816
26.074216182
26.1352197331
26.1518629237
26.1636579359
26.1913278317
26.2574988998
26.3354540252
26.370668241
26.3886588917
26.5550550117
26.5678249993
26.5715638072
26.5750268813
26.5768415623
26.584253445
26.6037115223
26.682359237
26.7063577733
26.7076656183
26.7129024283
26.714925769
26.8554965517
26.8666845317
26.8719759481
26.8916567022
26.9676227219
26.9817466885
27.0131043807
27.039342509
27.1781222877
27.1872727363
27.189034072
27.6029108941
27.6060245524
27.6105927625
27.6155641099
27.6283520067
27.635373095
27.6464503645
27.6529770295
27.6679290347
27.6719668316
27.6778493477
27.6844133301
27.6868656085
27.699742742
27.7106348325
27.7157468006
27.7170070541
27.7285314454
27.7500714652
27.7541095618
27.7712180673
27.772365427
27.7759069165
27.8880643714
27.9064650415
27.9115011376
27.9148019683
27.928984477
27.9445592209
27.9453834138
27.9640930394
27.988272221
28.0166326391
28.0298099581
28.0376908301
28.0597287244
28.0648118654
28.0806541414
28.0959692792
28.691838323
28.7038839004
28.7365758123
28.8124715823
28.8173199371
28.8269005312
28.8306013049
28.8376724643
28.8498637831
28.8610593863
28.8707804322
28.9018092608
28.909296248
28.9195451828
28.9293581141
28.9354387719
28.9926264553
29.0018155741
29.0147917598
29.0192262069
29.0295453108
29.0441200983
29.0650834809
29.0737127787
29.0865926131
29.0957104673
29.1030962898
29.1347482996
29.1431339766
29.1606484656
29.1859972694
29.1900722967
29.19615588
29.2043130968
29.2323936654
29.2340820548
29.5360470065
29.5633500165
29.6191348108
29.630051716
29.6434020711
29.6449615091
29.6668000741
29.6932952964
29.7118145799
29.7509819496
29.7659749528
29.7836624856
29.7996366142
29.813331669
29.8476424781
30.0039584444
30.0076575828
30.0104817121
30.0136089731
30.0164295612
30.0255930034
30.033563404
30.0525529662
30.0570994286
30.062019461
30.0711112512
30.0791078815
30.0802711225
30.0828002975
30.0859611601
30.0927071
30.1080370842
30.1126547014
30.1191336023
30.1259212423
30.1359403514
30.142749688
30.1456693606
30.150404137
30.1549107055
30.1639095411
30.1788619982
30.1850464199
30.1961456549
30.1988867621
30.2038000119
30.3987941174
30.4227478354
30.4380994514
30.4520523191
30.4530792717
30.4595196499
30.4727660723
30.4740147607
30.4820668749
30.4865131181
30.5150607842
30.5313154351
30.5762603954
30.5938137939
30.6080470508
30.6735900867
30.7048566306
30.7819531849
30.8065585807
30.831907827
30.8739239157
30.8755317215
30.902291704
30.9065985929
30.9274535309
30.9551293973
30.9637877306
30.9748688105
30.9911649351
31.0052404691
31.0330731284
31.0458940043
31.0613737161
31.0834223723
31.0928763852
31.1014981314
31.1075697047
31.1392617851
31.1678750722
31.2087432131
31.2151919529
31.228981415
31.2432471348
31.2558843738
31.2948408906
31.4315401156
31.4455893439
31.4639980375
31.4665195291
31.4926726594
31.9731233147
32.02667164
32.0461237063
32.0669589476
32.0799665032
32.0920317309
32.1005056794
32.1028506335
32.1216104924
32.1388329187
32.1536908996
32.1621057836
32.2045834416
32.2253517667
32.2397222607
32.2524226202
32.3766925871
32.4031751847
32.4118425873
32.418120102
32.4261071557
32.4333412046
32.4416582359
32.4524253603
32.465159671
32.4661560114
32.4821124609
32.4898295555
32.5140614163
32.5849946818
32.5982979851
32.6131554529
32.6355692895
32.6361929409
32.6658199736
32.6732535414
32.6952400581
32.766568188
32.7703839512
32.8587795825
32.8631006435
32.8773070115
32.8855621655
32.9084518133
32.9180100284
32.9489599334
32.9563583561
32.976538381
32.9903494954
33.0009297475
33.0190884518
33.1600937655
33.1866496834
33.2056075332
33.2164479565
33.2263311251
33.2515467532
33.2788143493
33.2854256502
33.3051058986
33.3083272707
33.3519671228
33.3739289156
33.391516353
33.607394853
33.6122448208
33.6165211417
33.6252296233
33.626392823
33.6442468417
33.6623699793
33.6640279249
33.6800933663
33.6830785299
33.6990412317
33.7054664079
33.7161615747
33.7245472777
33.7336235468
33.7400400046
33.7596387596
33.7735094652
33.7760127137
33.7792030225
33.7951634898
33.8688234617
33.8770843536
33.886299374
33.9303131328
33.9886852237
34.0067571519
34.0389012914
34.0786022696
34.0941710881
34.1293028859
34.1714896665
34.1992019237
34.2246997078
34.2288841392
34.8114155301
34.8152237313
34.8196749074
34.8271545867
34.8552269636
34.8786410446
34.8903529003
35.0764607533
35.087711819
35.1093572834
35.1236156259
35.1343723272
35.1368642308
35.1435726118
35.1602701385
35.1653654432
35.1715707503
35.1983471072
35.2052088674
35.2086098832
35.2279294231
35.2526711857
35.2839018472
35.2945234017
35.3006593147
35.3067083672
35.3220352936
35.5584131838
35.5680014399
35.6270443992
35.6392886357
35.6430726565
35.657526374
35.6865746739
35.8465640462
35.8908285521
35.9191691769
35.9219863257
35.929133573
35.9328247871
36.0106489251
36.0126780139
36.0170592968
36.0295040327
36.0326284177
36.0457421484
36.0509078855
36.0645625341
36.0658690273
36.0710078632
36.0731191729
36.0784056414
36.0997410968
36.1034436675
36.1205322662
36.1260956808
36.1542375674
36.1644692791
36.2064968049
36.210747932
36.2159792748
36.3419877332
36.3467775461
36.3507992143
36.3535559743
36.3553994048
36.387403525
36.626740154
36.6369029829
36.6672817969
36.675251738
36.68330099
36.6854255629
36.7091709579
36.7416818262
36.7433562015
36.7577832181
36.779601578
36.7949266526
36.8122594302
36.8296025561
36.8385589161
36.8440650978
36.9950437809
37.0040552258
37.0171372221
37.0390310759
37.0860219557
37.1418516893
37.1742889336
37.2121713752
37.214635577
37.225231346
37.2327647199
37.2364943858
37.2393986132
37.2441592696
37.2526541888
37.2651114861
37.2816175439
37.2821746337
37.2904007384
37.30412502
37.3204831121
37.3333280806
37.3432152518
37.3523400816
37.35380651
37.3583894203
37.3740004535
37.3783964963
37.3850753496
37.4418645652
37.4455561117
37.4494459842
37.4561054086
37.4635885244
37.4704340041
37.4802756048
37.4962441913
37.4998137906
37.50502058
37.5223302899
37.5375990675
37.5523064575
37.5645351918
37.5731628402
37.5935864222
37.6050439294
37.6076694997
37.6190752819
37.6274730668
37.6432314072
37.6488080586
37.6605911779
37.6663874701
37.6837961526
37.6933637449
37.7204086562
37.7315457532
37.7679138211
37.7799670407
37.8010060294
37.8094579442
37.8231917736
37.8440015569
37.8658572194
37.8846555632
37.906321819
37.9143414055
37.9255433647
37.9706874912
37.9728274037
38.0035109161
38.0300453915
38.0326586157
38.0478180114
38.1014319601
38.1233178757
38.1350864563
38.1463758653
38.153808455
38.1597540876
38.1710036956
38.1806305248
38.2130748827
38.2239121573
38.2542000361
38.2781946974
38.3051887463
38.3669461792
38.4065301674
38.4169721189
38.4191552263
38.4245206397
38.4265700443
38.4322122767
38.4351538457
38.4499825752
38.4534699197
38.4653695726
38.4660733495
38.4758113686
38.4785890758
38.4874385012
38.5668277534
38.643297718
38.6557056631
38.6664110363
38.6827983698
38.6904378156
39.2146431444
39.2424208132
39.2615333048
39.2784506352
39.306358357
39.3328168232
39.3426823201
39.3794801782
39.391895764
39.4086789387
39.5329099841
39.5406777796
39.5507465663
39.5979585607
39.6131578563
40.8531983718
41.2049350465
41.211751593
41.2319396665
41.281100336
41.2903801427
41.3039002473
41.3168143529
41.3359229229
41.3477666868
41.369359609
41.3787309213
41.3885569019
41.4010480033
41.4153414737
41.4431065425
41.4749634493
41.4882822567
41.4966690314
41.5144361809
41.5272664702
41.5859210538
41.5885828647
41.6047435119
41.6152443197
41.6262437736
41.6303017294
41.6323139946
41.6609146406
41.6650247678
41.6805889906
41.7269987764
41.751941368
41.8049414405
41.8382749829
41.8938409805
41.9163779449
41.9306076065
41.9532992592
41.9711854235
42.0097730096
42.0162433577
42.0209028568
42.0415571217
42.0558927393
42.0646430767
42.0733381895
42.0767948659
42.0866963834
42.1084636827
42.1639783356
42.1698151969
42.187577113
42.1903772771
42.2075161714
42.3183192814
42.3239766714
42.3315304604
42.3366799451
42.3418233725
42.3491639692
42.3714170991
42.3787525757
42.3838877021
42.3975416042
42.4127281546
42.4362927896
42.4421939709
42.4556935207
42.6875319213
42.6987070139
42.7243073816
42.7338878679
42.7368444236
42.8080288632
42.8891198268
42.9071946465
42.9087399497
42.9325114369
42.9472354354
42.9676007502
42.99783126
43.0178158948
43.0317990211
43.0513437928
43.0714230036
43.1330644541
43.1460489179
43.1643440196
43.1803401871
43.2101695594
43.2138049014
43.2184668518
43.2197143487
43.2417844757
43.2528699729
43.2543754984
43.261544292
43.2688702514
43.2893120671
43.3036282368
43.3111580502
43.3138663687
43.3226111562
43.3366853106
43.374427661
43.3758328717
43.3829347473
43.4003447861
43.4100304276
43.4191792838
43.445157062
43.4488989736
43.4622150862
43.4692664517
43.4873166388
43.5000274991
43.5136006558
43.5264522382
43.5396084085
43.551242917
43.5739236613
43.577491697
43.5852958816
43.6110782456
43.6232647264
43.6261486762
43.6632142176
43.6695227666
43.6756808031
43.7119237644
43.7201579809
43.7343693679
43.7429723665
43.7619171991
43.7937796264
43.7998666321
43.8070504345
43.827953689
43.8453509958
43.8548790449
43.8564719027
43.9070521797
43.9314025244
43.9446179732
43.9574467602
43.9777934028
43.9968518739
44.0323166479
44.0484404408
44.0636307088
44.0955872405
44.0997231185
44.1202111986
44.1304742319
44.1367622428
44.1818785038
44.201414476
44.2317630404
44.2486257045
44.2537583416
44.2783151109
44.3115276699
44.3457646332
44.4098801375
44.4238433412
44.4266911176
44.4422979962
44.8600403467
44.8751033751
44.8952259863
44.8986010089
44.9208527986
44.9260607869
44.9531109464
44.9867604021
45.0369024744
45.0389502058
45.0610930289
45.0653121895
45.0929697434
45.1022353548
45.1125468047
45.1267533932
45.129294216
45.1521848601
45.1841384855
45.193214601
45.2186741444
45.2294581993
45.2432018775
45.2524757333
45.2624470879
45.2899817389
45.3515634728
45.3999317268
45.4341979386
45.496124523
45.5164816352
45.5345322884
45.5453375673
45.5727940179
45.5805744675
45.6105737508
45.6141679389
45.6252597061
45.6378625373
45.6480372194
45.6522449811
45.6529070584
45.6536249712
45.6598969196
45.6666889429
45.6723473307
45.6729207338
45.6811021166
45.6928471552
45.695527564
45.7039254326
45.7087498444
45.7145320404
45.7350889578
45.7475072826
45.7511538187
45.7757951326
45.7894128
45.8036546626
45.8192527045
45.8266832491
45.8284863787
45.8356628766
45.8420901295
45.8521906477
45.8580712157
45.8860794324
45.8915064933
45.9010474277
45.920955882
45.9268849649
45.931079361
45.9437376719
45.953593302
45.9598079298
45.976501914
45.9890319571
46.0048189348
46.0089149916
46.0215821776
46.0419329896
46.0473822064
46.0598551628
46.0732149143
46.0844159245
46.1036462183
46.1159938244
46.1187207811
46.1292138121
46.1364148531
46.250535972
46.2576901621
46.2957631889
46.3090875074
46.326743674
46.4075245098
46.4523400695
46.4759773815
46.5146251481
46.536369149
46.5720785974
46.5834913239
46.5984732146
46.6009955672
46.6077594585
46.6124979383
46.6265552014
46.6451696922
46.662938592
46.7052976242
46.7680337706
46.7856124068
46.8055123391
46.8115093407
46.8198155397
46.820449909
46.8299366523
48.0074095956
48.0131083133
48.0204250003
48.0253861489
48.0352482497
48.0434801678
48.1663691532
48.1768539291
48.1887991387
48.2048612751
48.2109117777
48.2123420748
48.2280067593
48.2343705326
48.2423617299
48.2539383631
48.2565023105
48.2889027505
48.3023194093
48.3223414597
48.5259028506
48.5561381145
48.5639026415
48.5906731252
48.5987174179
48.6054371973
48.6480888488
48.6915491563
48.7073650291
48.7395811456
48.7420011294
48.7482801255
48.7648524742
48.813381606
48.8266498021
48.8419969261
48.8627511972
48.869730422
48.88701875
48.9155800317
48.9366098768
48.9581589298
48.9620217934
48.970842863
48.9906719635
49.0180601639
49.1257136253
49.1465276648
49.1841520162
49.1989421559
49.2055179277
49.2109313752
49.2149256006
49.2175582269
49.2260235341
49.2475254127
49.2533669676
49.2602947406
49.2667426415
49.2693860298
49.2805506969
49.2863625581
49.2868943011
49.28913873
49.3608303953
49.3734306714
49.3765220813
49.3820954599
49.4053298783
49.4243764596
49.4712667762
49.4782857999
49.4859142937
49.5123230729
49.5158820692
49.5264038487
49.5323804468
49.5482359836
49.5591376657
49.5752670622
49.5822881631
49.5877405304
49.5890138508
49.5965633147
49.6064376326
49.6192129098
49.6243808329
49.6329450781
49.6586222729
49.6604769412
49.6898979892
49.6951638928
49.7038452417
49.7544362559
49.7770052064
49.7959453435
49.8223524857
49.8309957977
49.8492503413
49.8801211017
49.8859567098
49.8975548071
49.9082648994
49.9168444461
49.925929024
49.9410901409
49.956566573
50.0126119007
50.1842467225
50.1960563862
50.2137096949
50.2442100282
50.273226905
50.2948124648
50.3187533913
50.3206267148
50.3448827742
50.3588876619
50.4098280179
50.4106078867
50.4217468295
50.4323105436
50.4815675946
50.4844275368
50.4918241905
50.5001730166
50.512071887
50.5261706994
50.5292111795
50.5337721772
50.536264806
50.5469223901
50.5667917187
50.5734552537
50.5778307157
50.5861159361
50.5980920992
50.6056121538
50.6199380122
50.6209285469
50.6688054238
50.6765038052
50.6884748082
50.6948734896
50.6957110347
50.7069624717
50.7156382806
50.740515847
50.7570367184
50.7664017217
50.7864060182
50.8046563372
50.8191667584
50.8254373276
50.8757586109
50.8900876633
50.9034244172
50.907412119
50.9112507369
50.9126053963
50.9384552687
50.9577370965
50.9734843431
50.9845860489
50.994218976
50.9953439991
51.0093836597
51.0124506887
51.036472869
51.04331974
51.0589166169
51.0741058272
51.0861052419
51.1014004781
51.1561916437
51.1708510776
51.1756283814
51.2081000964
51.2347628377
51.2512606356
51.2701678707
51.2874174955
51.2923897388
51.3405089944
51.3430840374
51.3772439687
51.3805404895
51.4232663218
51.4616302634
51.4756376827
51.4990555649
51.517902885
51.5699168142
51.5845008633
51.6096883804
51.6308941098
51.6342483586
51.6425885156
51.6534818878
51.6595869322
51.6638098297
51.6647030629
51.6654456211
51.7111939883
51.7207347968
51.7357797041
51.7480962511
51.7575398603
51.7666634095
51.7697042065
51.7913724224
51.807178244
51.8163037935
51.8203803393
51.833163439
51.836845287
51.8764902968
51.9097908289
52.0451593422
52.0686714658
52.0715994721
52.08729746
52.1029148065
52.105145494
52.1169459862
52.1664695353
52.19104309
52.2094387359
52.2183236984
52.2614563455
52.2852503433
52.3069844371
52.311118477
52.3299631863
52.3496211188
52.3593966159
52.3693382008
52.4029897442
52.4151903381
52.4432191244
52.4812210721
52.4908335414
52.4940657846
52.5217328668
52.5253791003
52.5296774064
52.543906171
52.5743418711
52.6984484514
52.7104127198
52.7327818429
52.7702406035
52.7798576968
52.8053051661
52.8484461722
52.8543480871
52.860831873
52.8664257825
52.8909967905
52.8962015818
52.9025408409
52.9061227429
52.9101660766
52.9164782482
52.9232075536
52.9323752871
52.9405130191
52.9466680424
52.9552969199
52.9596549135
52.9604850203
52.9633835154
53.2061908802
53.2145457194
53.2267880143
53.244222447
53.2479642618
53.251270902
53.2637463687
53.2809580789
53.2937327147
53.3012091549
53.3051107738
53.313487283
53.3435235086
53.344884642
53.3560468115
53.3624647402
53.3710264539
53.3780972543
53.4053660001
53.4347394496
53.4449783516
53.5335669404
53.5410809203
53.5455888425
53.5740892516
53.5845340891
53.6226336376
53.6306750501
53.7028722311
53.7536618441
53.7700022159
53.82795007
53.9329832035
53.9829175945
2012
