6.00295648512
6.00731784026
6.01291930674
6.01684889849
6.01776086449
6.03877766484
6.04727144365
6.04987577555
6.05995444557
6.06700470999
6.07407335357
6.09732172369
6.10819676626
6.11247863945
6.12000655308
6.14632211252
6.32542284619
6.34667914099
6.37082425207
6.3731027615
6.38697332391
6.39282017376
6.41062787255
6.4507250315
6.45892888008
6.46826473818
6.48591967361
6.50184873522
6.51793312705
6.52542627774
6.58217455522
6.59478009034
6.61526360222
6.6310856809
6.67205545819
6.70217498194
6.71362441679
6.71903635945
6.72037501377
6.78673260326
6.8105494997
6.81763953891
6.82272292642
6.86422977386
6.88355538524
6.88565971051
6.89195200891
6.90905627053
7.00792278522
7.03089315332
7.03262641269
7.0491049064
7.06117234006
7.08191941917
7.17770867974
7.20704342128
7.21275801893
7.6067257527
7.61848397414
7.63194189792
7.64283404719
7.66288001379
7.69421372787
7.6991969298
7.70128045512
7.74184447381
7.75005412192
7.76651567388
7.7806056232
7.79403707201
7.82426570039
7.83677282472
7.84906495339
7.8976027121
7.93728469504
7.94328752534
7.96607690428
7.97451656747
8.03090667349
8.06016367101
8.06403108946
8.10067128693
8.12343794959
8.14913800496
8.24065985895
8.28539454356
8.29286054871
8.29858872415
8.3526942618
8.37985325811
8.40503250421
8.40922547308
8.43852900621
8.44693116337
8.46180223504
8.47792536102
8.48323641894
8.49584329949
8.5041168638
8.51424149146
8.52638209246
8.53666837911
8.57910851965
8.5959756079
8.69998472978
8.71103044385
8.72553467631
8.76315727113
8.76977242689
8.77620619466
8.79322991191
8.79464338492
8.81049335505
8.81176726927
8.82915006258
8.83465987659
8.84804844818
8.87090532686
8.87515940481
8.88909091095
8.92940457519
8.93585474715
8.94616434141
8.96023276098
8.96189542407
8.97186204467
8.98995338637
9.00317511793
9.01370868218
9.01953014273
9.04243188098
9.0588651631
9.1107596235
9.11215939946
9.12987086573
9.14453262508
9.15166277216
9.16962470481
9.19937378975
9.24095138549
9.26818800305
9.31615262537
9.32938095383
9.34244961377
9.36793094159
9.38544022135
9.39478760756
9.42797612572
9.45504889905
9.49353805433
9.51261186069
9.51469235368
9.5233613252
9.60903350787
9.61284376524
9.62134230121
9.62811588644
9.63926794335
9.6514628014
9.65559846751
9.66076947136
9.66679426203
9.67455973419
9.6772507235
9.6856239363
9.68905911525
9.69436854865
9.69913871131
9.71859069156
9.73636795892
9.74367194399
9.77560367332
9.82613116272
9.82828769796
9.83208709658
9.83795702957
9.84868175078
9.85761748878
9.86901928868
9.87501285087
9.87858197066
9.89475656827
9.90362993965
9.91353618424
9.96142972045
9.97018684548
9.97223320185
9.98123148804
10.0228761307
10.0317951267
10.0367881699
10.0541908348
10.0883482352
10.1076751998
10.1161703603
10.1265815276
10.1299703858
10.1471903106
10.1565488016
10.1693978947
10.1792603662
10.1807162109
10.2135856478
10.2330236947
10.2580544136
10.2681803995
10.274163442
10.2794965096
10.2903805985
10.3009095931
10.3235110642
10.33467783
10.3494082529
10.3508211791
10.3578841633
10.4032017463
10.4376455741
10.4499512684
10.4554681721
10.4905870645
10.5436522204
10.607143986
10.6327675769
10.6576771567
10.6899608098
10.7292156431
10.7408792379
10.7436156164
10.7665170163
10.786340389
10.8130474986
10.8238550026
10.8247280513
10.8716270212
10.8728984721
10.8829199475
10.8877611716
10.9276914969
10.9452043276
10.9538528681
10.9613699542
10.9698671055
10.9718968362
10.9813458073
11.0211235862
11.0904186284
11.1044938527
11.1234732529
11.1281455993
11.1393025297
11.145151274
11.1547474231
11.1669468054
11.176239282
11.23342713
11.3009362056
11.3240669098
11.337805713
11.3940926689
11.4126813336
11.4165059401
11.4217684366
11.4277940815
11.4408053536
11.4639829465
11.4680407202
11.4902967084
11.510400834
11.5125058449
11.5689153125
11.5783858363
11.5917906097
11.6204941507
11.6528146203
11.6807999745
11.7133657725
11.7226147592
11.7238863423
11.7402481597
11.7418935532
11.8676521628
11.9072043445
11.936437732
11.9514711653
11.961350629
11.9855178619
12.0070963215
12.0087922637
12.0096475205
12.0127153543
12.0163299891
12.0307654589
12.0344402938
12.0403030877
12.0409381474
12.0464846014
12.0496642177
12.0583560063
12.0636208003
12.0696118761
12.0754469937
12.0799771858
12.0873215311
12.0926321583
12.0974045293
12.1029355288
12.1115343497
12.1133374452
12.1249345753
12.1266042349
12.1346345983
12.1529012992
12.1588616172
12.1635974394
12.164716032
12.1714063413
12.179144124
12.1837385473
12.207283272
12.2126589285
12.2252297021
12.2306381265
12.2476862196
12.2652118407
12.2807360557
12.2934110793
12.3096363708
12.3135691254
12.3183279317
12.3198491175
12.3419254776
12.3509911005
12.369160888
12.3753322621
12.3797222186
12.3943871677
12.4027219799
12.4081043822
12.42042221
12.4364779919
12.4463327934
12.4618267708
12.4828851141
12.5008399578
12.5210517507
12.5355369981
12.538856755
12.5496672829
12.5567967405
12.5726949877
12.5829602833
12.5880113787
12.5893655808
12.656974844
12.6622764105
13.1465753709
13.1648971452
13.235910862
13.247783865
13.274177624
13.2833965602
13.2882219471
13.2925185258
13.2987272962
13.3109300659
13.324224121
13.3277684913
13.3396033389
13.6121844432
13.6311582275
13.6535988208
13.6869134646
13.7088944465
13.7203525839
13.7350205175
13.7566216208
13.7875641008
13.8006751067
13.8163772365
13.8299579597
13.8496737238
13.8694242072
13.9467979855
13.9780789552
13.9867814905
14.0019245585
14.067741539
14.0929308113
14.1182487415
14.1404609161
14.1540876626
14.1781300651
14.2067739809
14.2403878227
14.2588646556
14.2768706194
14.2794763065
14.2994569719
14.3278772352
14.3315607154
14.3411852593
14.3772043199
14.3882137276
14.3905238397
14.4088416488
14.4181697125
14.425966294
14.4481813103
14.4508026382
14.4617801654
14.4658444642
14.5284687355
14.5293846393
14.5334217059
14.5418084331
14.5444454441
14.5633736641
14.5645664267
14.5690629206
14.5842464605
14.5860172158
14.590625216
14.5964643087
14.602014463
14.6111060112
14.6212821617
14.627867332
14.6502759279
14.6510454036
14.657380227
14.6664187517
14.6801301445
14.6885895756
14.7040313533
14.7128428729
14.7337256285
14.7476907724
14.7558839487
14.7952579286
14.7967719965
14.824348857
14.8395946623
14.8556905547
14.8716986305
14.9017917438
14.9282480053
14.9582264795
14.9705634611
14.9780159751
15.0095308153
15.0421043386
15.059147541
15.0640637112
15.0700300012
15.1045493058
15.1342925427
15.1470777199
15.1625566304
15.186672918
15.2061613332
15.2320146469
15.2526708705
15.2948367954
15.3125737
15.3519722032
15.4491326089
15.4798815287
15.5036109675
15.5064689465
15.5147026241
15.5342349758
15.5763398105
15.6005082763
15.6086770871
15.6117258973
15.6159097254
15.6197199431
15.6287582719
15.6545340485
15.6552959431
15.6622650088
15.6628444586
15.6674591056
15.6748600558
15.6838130242
15.6925876768
15.6958150628
15.702187014
15.7138416264
15.727535874
15.8086050427
15.8103096251
15.8181635616
15.8531778397
15.8683629789
15.8747493963
15.8896028697
15.8957598852
15.8995401539
15.9056703407
15.9066076792
15.9198882702
15.9308683356
15.9453661483
15.9538356875
15.967401659
16.0071674839
16.009423239
16.0224598806
16.0311144456
16.0363900379
16.0393092117
16.0533624416
16.0558635602
16.1605247589
16.1752113776
16.1762628993
16.2091481142
16.8025725314
16.8142974292
16.8216880696
16.8621293904
16.8627956703
16.8745125686
16.880637691
16.8866855376
16.9003716455
16.9072227013
16.9220664488
16.9291083156
16.9319527841
16.9389935573
16.9482475632
16.9596306356
16.9612291536
16.9731560941
17.0428620092
17.0607165063
17.0832654389
17.1056785822
17.1209876752
17.1333753559
17.1347062204
17.1718093354
17.1809442952
17.209713206
17.2128614007
17.2442537394
17.2493289081
17.2672093556
17.2737722708
17.3353784823
17.3491918465
17.3540409436
17.374723155
17.3806698624
17.4206959851
17.4843684991
17.5054978421
17.5244532984
17.5796829789
17.5926214173
17.621446622
17.6426113492
17.6441617615
17.700832522
17.7102785926
17.7194631217
17.7282541326
17.7636558151
17.8031382783
17.8077434819
17.871947101
17.8898954345
17.9078214898
17.9121535177
17.9347863337
17.9514218534
17.9630708017
17.9721786368
18.0008531598
18.0055966595
18.0107170217
18.0262599876
18.0290342925
18.0335405709
18.0376754849
18.0455334178
18.0584323481
18.0625888598
18.0710772013
18.0785038534
18.0842820283
18.0960684326
18.1144363745
18.1322602582
18.1425639123
18.156685372
18.1612409182
18.1672354955
18.542600519
18.5442228965
18.5538265556
18.5618417213
18.5697150587
18.5955608138
18.6009915318
18.6167749792
18.643146118
18.6447559786
18.6541227563
18.6780158659
18.6798078537
19.2110306184
19.2147750225
19.2178031274
19.2208412677
19.2520127733
19.2536650518
19.2755735224
19.2884472878
19.2932047377
19.2985174509
19.3005677325
19.3021202802
19.3085592618
19.3201101453
19.3216276152
19.3389514122
19.3517242119
19.3731014793
19.3770277691
19.3855710578
19.3949738661
19.4031940107
19.4120982033
19.4204817184
19.4274276316
19.4958398
19.5080062742
19.5096235261
19.5164499227
19.5244529331
19.5354388924
19.5553027324
19.5988105184
19.6030208893
19.6080681096
19.6264239493
19.6325451059
19.6420479743
19.6542894269
19.6595007859
19.6721161669
19.6900607544
19.6946618625
19.7193535116
19.7348710334
19.747848546
19.9097924213
19.9335199775
19.960787626
19.9933705771
19.9975117277
20.0061119802
20.0387811601
20.0622820322
20.0706298035
20.1099092448
20.1138740044
20.1507414792
20.1888022439
20.2376172148
20.3202044841
20.4036024424
20.4115383501
20.4120622346
20.4343334369
20.4645026323
20.4712685938
20.4826386827
20.4973210137
20.521879144
20.5293034277
20.5325778171
20.5331656482
20.5565209091
20.5634282586
20.5783606573
20.583745525
20.6094917394
20.6179426325
20.6194229566
20.6228307317
20.631964666
20.6456162801
20.6585146302
20.6613015657
20.6717668475
20.6854251621
20.6931869656
20.7024536597
20.7082487054
20.7137123936
20.7163009136
20.7313962741
20.7434152635
20.7457027294
20.747957162
20.7601045389
20.767735207
20.7988975589
20.8137463502
20.817694349
20.8348875583
20.8531969989
20.8625027448
20.8800767618
20.8946668068
20.921715697
20.9292111156
20.9435740271
20.9457901768
20.9681216993
20.9827624604
20.999656495
21.0156722915
21.0268960213
21.0444733316
21.0543420717
21.0695347884
21.0858106235
21.0964435172
21.159005487
21.1681853972
21.1699446454
21.1925341614
21.2007423841
21.2105373002
21.2408860062
21.2500113962
21.6059961885
21.6071867252
21.6252816137
21.6293156197
21.6343031481
21.6410053816
21.6444521218
21.6570556502
21.6667274715
21.6741400436
21.677847785
21.679207068
21.6996560097
21.705099838
21.7092114757
21.7215236839
21.7310135085
21.7404125551
21.7414894385
21.7445372613
21.7548957766
21.7885224326
21.7896370299
21.8051909087
21.8124938999
21.8178219822
21.8210095135
21.8301225828
21.8382728171
21.8436861126
21.8483063119
21.8563273328
21.8622347618
21.87984813
21.8916789804
21.8931773409
21.8969768173
21.9004556871
21.9033824096
21.9164732937
21.925416328
21.9301374489
21.9387641397
21.961880799
21.9639961899
21.9813198118
21.9893057738
22.0027276298
22.0267142501
22.037162708
22.0528158736
22.0543036887
22.0557802326
22.0620679663
22.0957116407
22.113801712
22.1186560683
22.1442316451
22.1584457013
22.1768552064
22.2273413668
22.2390845758
22.2534025234
22.2707003066
22.3558817868
22.3834515344
22.4045858366
22.4145145578
22.4299044076
22.4389697216
22.4469220816
22.4886809133
22.4974220287
22.5085254747
22.5716648964
22.5744617086
22.5880745732
22.6310884893
22.643286745
22.6729366222
22.692952967
22.7173433339
22.8203100478
22.8371411773
22.8444457554
22.8851812171
22.8955296758
22.8988764988
22.9048196954
22.9100170643
22.920970851
22.9496010219
22.9608863538
22.9644290656
22.9708306098
22.9797107106
22.9862077805
22.9975584475
23.0109064295
23.0141588026
23.0267720474
23.0418747063
23.1965699456
23.2191314223
23.2319544623
23.2336713419
23.2360768374
23.2546924728
23.257317238
23.2585293548
23.2595709476
23.280533388
23.3066817666
23.3143177162
23.3383656619
23.3481022184
23.3629728769
23.3734377293
23.4038030639
23.630975619
23.6477299653
23.7342647908
23.7567036257
23.7924842217
23.802824303
24.0046869246
24.0140390467
24.0208403976
24.0479523015
24.056839768
24.0603986261
24.0802723384
24.0896111504
24.090644994
24.120869531
24.1322408724
24.1660457949
24.1722388112
24.177244982
24.1839835885
24.1978673633
24.2327918563
24.2702807805
24.2734453976
24.2754003031
24.2870937602
24.2962609009
24.3115093659
24.3231109228
24.3292426093
24.3447412456
24.3517682273
24.3687107111
24.3756000374
24.3845502732
24.3873021331
24.4006462688
24.419493579
24.4387035122
24.4429612081
24.4522567914
24.5811892935
24.6108289558
24.6189551825
24.6296029512
24.6473356291
24.6678843031
24.720907828
24.733160722
24.7406310998
24.7538482896
24.7739581323
24.7895992896
24.8156811611
24.8235074685
24.8449839194
24.8555229751
24.8841938596
24.8938778677
24.9252811061
24.9465406744
24.9850924916
25.0058607243
25.0320787693
25.0922719864
25.104872939
25.1210978574
25.1331517404
25.2064686735
25.2143662588
25.2206903669
25.2266630299
25.2342592919
25.2438131553
25.2492602366
25.2517491704
25.2598877631
25.2764245115
25.2781227112
25.2825357762
25.3237480452
25.3269628559
25.3360995977
25.3470525682
25.3571536881
25.360860109
25.3696646141
25.3708718892
25.3715610632
25.3722408368
25.3783574158
25.3842831551
25.395546808
25.4038516735
25.4230097203
25.4303386665
25.4906193341
25.4964757197
25.5251413944
25.5274604058
25.5388681905
25.5550463864
25.5697584568
25.5876027496
25.6151250785
25.6160794531
25.6275668014
25.6381719121
25.6392120311
25.6546611882
25.6585985015
25.6634393895
25.6882171897
25.7048331839
25.7172004039
25.7234587973
25.7397413076
25.7555585683
25.7712198072
25.772261083
25.773959619
25.7860595101
25.7998773258
25.8111289478
25.8492575866
25.8626415584
25.8912699032
25.893333611
25.9018236588
25.9229715075
25.9316314267
25.9406564654
25.9770970862
25.9865947523
26.1347440667
26.1808536299
26.2123438087
26.2571756996
26.407637496
26.411957366
26.4284642596
26.4538720013
26.4636145333
26.4692317826
26.4711656037
26.4737936602
26.4802748369
26.4884819418
26.5469490804
26.5630385719
26.564758741
26.5723348656
26.5803483554
26.5917131835
26.5962553963
26.6008525136
26.6147335984
26.6153740552
26.6227741698
26.6275220207
26.6418064029
26.6566318891
26.6626121614
26.672424663
26.6825281529
26.6907918879
26.7047218048
26.7206419458
26.7258736659
26.7333665738
26.7655454817
26.7801556439
26.7998745312
26.8680241012
26.8714022181
26.87748427
26.8881304404
26.8939718537
26.9259564428
27.6102786331
27.6240489299
27.6338377429
27.6388863572
27.6417179363
27.6539675773
27.6545158013
27.6634546132
27.6741663798
27.6791962802
27.683167514
27.6899904977
27.6953534798
27.7076656256
27.7145424878
27.7172825474
27.7184794328
27.7335655552
27.7408138093
27.7499891125
27.8600336364
27.8647516922
27.8698378049
27.8867626121
27.8956840553
27.9013912982
27.9112570724
27.9177887764
27.9305242495
27.9378947533
27.9487672247
27.9590292713
27.9670029375
27.9768873424
27.9802172197
27.9839893571
27.9896748932
28.0054436505
28.0197134603
28.0255381865
28.0396057322
28.0570493845
28.0624131128
28.0810450429
28.1095366524
28.1289301916
28.1299952161
28.1507495023
28.1642511083
28.1761644099
28.2027342991
28.2192540663
28.2318370008
28.2415234131
28.2445594854
28.2573594808
28.2613563173
28.3164619272
28.3181286249
28.3300390389
28.8066469371
28.8126557133
28.8188281091
28.8245983401
28.8355301271
28.851497474
28.8561980395
28.8667059295
28.8677424784
28.8804351193
28.8835969952
28.9130483047
28.9211921605
28.9336461136
28.948225629
28.9552360923
28.9673390096
28.9757840974
28.9764094714
28.980980489
29.0257581125
29.0358665402
29.0493283849
29.0540133225
29.0586874154
29.0727042797
29.084436126
29.0904636573
29.0966097823
29.1079351986
29.1213289273
29.124789398
29.1422414564
29.1489138608
29.1589473853
29.1799193016
29.193994201
29.2074383153
29.2287591197
29.2344258591
29.2399929054
29.2474202731
29.2826057693
29.3054564587
29.3596808548
29.3798753466
29.3935784053
29.3951562141
29.4093787107
29.479912943
29.498263826
29.5005952898
29.5301997398
29.5389895611
29.5600396664
29.5700464093
29.5821418995
30.0043393051
30.0212282908
30.023149649
30.0331732024
30.037233359
30.0434448055
30.0483699005
30.0489038013
30.0514660438
30.0653500089
30.0748466383
30.0823359696
30.0944805364
30.1057092399
30.1116146754
30.1168696524
30.1332154217
30.1474038129
30.1704847402
30.1798326961
30.1846028039
30.1909133327
30.1974793799
30.2255821224
30.2340262473
30.240477155
30.2566703217
30.2647672817
30.273570257
30.2792280981
30.2804023084
30.2892480719
30.3008066945
30.3027081205
30.303786843
30.316442151
30.3386139264
30.3454732325
30.3644914848
30.3948638326
30.4104985227
30.4173304074
30.4195102492
30.4453374952
30.5050715739
30.5116172855
30.5456512648
30.5522760564
30.5590608818
30.5830832614
30.5926515623
30.6023455381
30.6105152376
30.618876857
30.6842216511
30.708015669
30.7221699052
30.7428630916
30.77642756
30.8775228961
30.90245635
30.9308392199
30.9516500726
30.9652215088
30.9683074755
30.9862545598
31.0131599258
31.0348100109
31.0377693553
31.0472075564
31.0861963205
31.117747432
31.2070772327
31.2212618472
31.2573651141
31.2644265802
31.2742802317
31.2789172182
31.2887927251
31.32480962
31.3281691449
31.3313095276
31.3434669423
31.3504511294
31.3735153136
31.3809731763
31.384608002
31.3901631926
31.4041636812
31.4072219153
31.418169778
31.4278927834
31.4379952682
31.4387540957
31.4972705711
31.5022889339
31.769925363
31.7729820461
31.7901014053
31.8104724624
31.8317567148
31.8417271752
31.8547301405
31.8661080661
31.8779812497
31.9254946219
31.9491262319
31.9792471007
31.9999468492
32.0015176407
32.0046046156
32.0298993485
32.0525758668
32.0769973984
32.0980874544
32.1124154643
32.1208401096
32.13249676
32.1582014808
32.16366359
32.1932002473
32.397681232
32.4129508178
32.4751961302
32.4923065878
32.5393029869
32.5555791877
32.5591704783
32.5815903084
32.5860121702
32.5879515126
32.5957485261
32.5973938598
32.6023806239
32.6123838668
32.6213983953
32.6226082898
32.6328499185
32.6448185345
32.6574761766
32.6988066976
32.7192070969
32.7354826848
32.753379754
32.8140782034
32.8237161792
32.8544962384
32.8565416634
32.8662302734
32.8687692724
33.0129725009
33.0463874091
33.0911315516
33.1112546475
33.1367776735
33.1478768573
33.1559131564
33.1725446614
33.1991135271
33.2208359004
33.2395201186
33.4090234366
33.4132091016
33.4363995719
33.4501336176
33.4587212201
33.4755407618
33.4851868436
33.670543821
33.6843924761
33.6914399897
33.7001353654
33.7062370283
33.722606754
33.7248384999
33.730235531
33.7350985293
33.7370282741
33.7452914101
33.752467644
33.7674041162
33.7784387608
33.7906079091
33.8003718546
33.8021433281
33.8103246087
33.8190172186
33.8219609828
33.8276652132
33.8408786129
33.8446529118
33.8506327254
33.8754510462
33.9138490789
33.9228697198
33.9366964003
33.9546828805
33.9797911959
33.9922489928
33.9972066164
33.9988137235
34.0005960378
34.0157467663
34.0296300801
34.0385572166
34.0634698902
34.0940047134
34.103104219
34.1193522517
34.1228957296
34.1344254246
34.1452256314
34.1503274471
34.1605124446
34.1764938136
34.1879804556
34.2071236333
34.2678524766
34.2889027358
34.2993724874
34.3251993832
34.3451942552
34.3849243776
34.4046664845
34.4297923127
34.4596023907
34.473119148
34.4797213306
34.5271827299
34.5780778414
34.6097516528
34.6325157609
34.6637167089
34.6824054365
34.7176204057
34.7388153307
34.7829006809
34.7945433099
34.8024542206
34.8087936152
34.8214977724
34.8248032566
34.8349505466
34.8428936807
34.8599356392
34.8685392233
34.8763071459
34.8883453718
34.8903770658
34.9009532426
34.9125787726
34.9698692607
34.9874603156
34.993524555
35.0067379784
35.0079861572
35.0215834622
35.0287203218
35.0388943391
35.0420001258
35.0543108797
35.0575239885
35.071522139
35.0981357933
35.1294671866
35.1305293349
35.1645394865
35.2015686689
35.2099548814
35.2294822162
35.2555630625
35.2938038727
35.309256442
35.3254138254
35.3347350963
35.3382195466
35.3480032408
35.374239682
35.3941727157
35.4151017844
35.42928731
35.4513083222
35.4692659338
35.4734271632
35.4855814181
35.490798785
35.5002498916
35.5176889658
35.5451662858
35.5790727844
35.5887234696
35.615865345
35.6386964587
35.6755688006
35.7027538979
35.7048750351
35.72572763
35.8011554513
35.8044931163
35.8254883161
35.8646091732
35.8698019526
35.8742568653
35.905479149
35.9300088944
35.9527214572
35.9905134855
35.9970348188
36.0128325383
36.0280043768
36.0349593432
36.0416591756
36.0506863147
36.0513858668
36.0863483336
36.0884281451
36.0998730214
36.1140697479
36.1180043821
36.124697589
36.1345462283
36.1421566656
36.1452645033
36.1536661127
36.1614865765
36.1672985562
36.1835068843
36.1868736278
36.1942022971
36.1989798784
36.2046640504
36.2787328608
36.2857059929
36.3034972324
36.305484277
36.3193708947
36.3437465584
36.3530462689
36.3666174329
36.3826468234
36.47594534
36.4847239762
36.4966921104
36.5104607918
36.5212957578
36.5349108885
36.5685820591
36.5883215684
36.6185963629
36.6211184897
36.6292632996
36.6405263052
36.6448088387
36.6459652265
36.659064628
36.6674584197
36.6922445031
36.7131986858
36.7352106147
36.7521683587
36.7766487461
36.8242433957
36.8582044364
36.8719309659
36.9449643673
36.9466000515
36.9810757517
37.0204678888
37.0520315078
37.061798441
37.0704933974
37.0892023897
37.1120727614
37.1258698804
37.2081310722
37.2120166876
37.2124250364
37.2138174117
37.2306486519
37.241062811
37.2454868663
37.253553576
37.2611591336
37.3135111874
37.6566373162
37.6809400455
37.6914102026
37.7013446942
37.713231826
38.4037814256
38.4152513984
38.4176142934
38.4363489825
38.4424284832
38.4479566283
38.4520027473
38.4529826105
38.4728880586
38.4805228999
38.4882325946
38.4929437539
38.4962248618
38.4981905392
38.5192040215
38.5324225002
38.6079552041
38.6134834992
38.626163053
38.6445244725
38.6452567802
38.6592823932
38.6642281457
38.6768453198
38.6937017416
38.7145670783
38.740881162
38.7515184669
38.761478386
38.7731914299
38.7957994826
38.8185071928
38.830919904
38.8902414142
38.9060387943
38.929248187
38.9446749385
38.9540010409
38.9589457815
38.9850396554
38.99342436
39.072725866
39.1014030066
39.1042088344
39.1190043726
39.1297387368
39.1360097283
39.153823945
39.16487071
39.1703761291
39.1896234709
39.1981781651
39.2080407548
39.2245687851
39.2372693802
39.2630360622
39.265993801
39.3105847838
39.329037642
39.3630499489
39.3723655706
39.4067641408
39.4340222221
39.4540439948
39.5355833713
39.551464878
39.594773587
39.6009273365
39.6513087719
39.65379209
39.6572171895
39.6611846985
39.6670391466
39.6820582828
39.6826946288
39.6875225981
39.6999054131
39.720831647
39.7307264008
39.7376061851
39.7433976376
39.7448801033
39.7580378585
39.7644177717
39.767377618
39.7712979096
39.7830629066
39.7937649861
39.8040217364
39.8095244921
39.8229106995
39.8251018603
39.85258643
39.8559514336
39.8656982982
39.954291579
39.9743130502
39.9880432014
39.9969736142
40.0115433029
40.0221556978
40.0404447284
40.0673446597
40.0798778499
40.0974776525
40.1157241625
40.1267291255
40.1741245648
40.180012373
40.1943824025
40.2098637511
40.2563520105
40.2862150369
40.3351746604
40.3698214301
40.3897266828
40.3997940179
40.4143396279
40.4364325599
40.4666435928
40.5242397998
40.5326051132
40.5605741481
40.5792667112
40.5989256372
40.6339033877
40.6488144932
40.686725773
40.7629922585
40.7822252238
40.8009716941
40.8017015957
40.8032271482
40.8070918975
40.814369233
40.822097597
40.8228568272
40.8254112935
40.831845476
40.8392584656
40.8422316368
40.8489568031
40.8559952808
40.8596444749
40.8707987407
40.8738669797
40.8755992608
41.1569144401
41.173884638
41.2609850898
41.2835671494
41.3164290845
41.3355723771
41.3471113094
41.3600345072
41.3813452757
41.3891488244
41.4040054558
41.4161937098
41.4321623475
41.4499841269
41.4610616696
41.4833848767
41.5058273447
41.509897948
41.5114972442
41.5145687923
41.5450918549
41.5863341529
41.5931873192
41.6068779518
41.6190025174
41.6260165977
41.6460895683
41.6777544637
41.6890317487
41.7156356735
41.7202986975
41.7583002498
41.7634793516
41.7866899134
41.8120214837
41.8236170115
41.8339952198
41.8380016523
41.8446682172
41.8579956214
41.9119365906
41.9332905744
42.0050228784
42.0134540259
42.0179517934
42.0201365732
42.0340264224
42.037375291
42.0396853464
42.0430168703
42.0437835009
42.0494992488
42.0505546844
42.0605603538
42.0747421545
42.0854006402
42.086495726
42.0962038906
42.104203511
42.1129492718
42.1156299073
42.1443068058
42.1580733169
42.1899853835
42.1962906419
42.2040645406
42.2116067232
42.2289138116
42.2373730632
42.2558115054
42.2576964251
42.262740088
42.2774017545
42.2855598584
42.3003617862
42.4127667711
42.422131256
42.4259250974
42.4396367714
42.4409456948
42.4479363768
42.4761133047
42.5243712755
42.5308444616
42.5487663892
42.5564209725
42.5596839383
43.0888592588
43.0939845868
43.1079111175
43.1221921686
43.154581844
43.1707984858
43.1966690588
43.1986040873
43.20128199
43.2870560196
43.2954985349
43.302614667
43.344078455
43.3529917914
43.3595332454
43.3638784748
43.3659287764
43.37272173
43.3802264904
43.3985678318
43.4065297365
43.4155051174
43.4216377344
43.4355757696
43.4595807488
43.4669928423
43.4888816686
43.4936960046
43.5122061045
43.5219321757
43.5333975428
43.5510652592
43.558543007
43.5740997956
43.575450404
43.5908063134
43.5947877724
43.6055436651
43.6205308613
43.6223149006
43.6361628109
43.6380796024
43.6495822608
43.6573473243
43.6652035487
43.745872938
43.7521086637
43.7787338426
43.7964698435
43.8283718896
43.8609286555
43.8761988333
43.8842990434
43.8891178605
43.8927558036
43.9864528911
44.0218054978
44.0303790518
44.0406019996
44.0646173817
44.0795706338
44.086062848
44.1162976471
44.1332691136
44.1461861242
44.1576450557
44.1938291336
44.2116109259
44.2777281625
44.2818647816
44.3194091999
44.3538689096
44.3859454283
44.4016786451
44.4027179341
44.4100727201
44.4157695826
44.4211874174
44.4243097994
44.4359972866
44.4810194869
44.4882357051
44.4953123904
44.5144881039
44.5155173964
44.5282249046
44.5466323037
44.5580666781
44.565156536
44.5687853673
44.576712715
44.586405986
44.6050410474
44.6161390416
44.6202683335
44.6834270659
44.6924959601
44.7058796419
44.7407735498
44.7665249116
44.7749099118
44.8038031186
44.8194288041
44.8400957301
44.8456972506
44.8668775722
44.8692157188
44.8852787438
44.9028431158
44.910400902
44.9202013276
44.9292115697
44.9481890016
44.9678542807
44.976956133
44.9976271506
45.0003700723
45.0103623161
45.0156428972
45.0275905951
45.0554881113
45.0706542369
45.1104061335
45.126945006
45.1520795636
45.1610970833
45.1745918311
45.1854434768
45.2085385635
45.2949639253
45.2983083776
45.3266102864
45.3362197541
45.3709772976
45.4085320604
45.5244080889
45.5750068665
45.5817595234
45.5991521316
45.6069580286
45.6175385969
45.6215734264
45.6393460044
45.6436979424
45.6449115471
45.6509626262
45.7038838776
45.7112389718
45.7183510588
45.7411298538
45.7483795623
45.7584728812
45.7710917936
45.7866583041
45.8028074527
45.8096630413
45.8655976982
45.8734602874
45.8863005295
45.8989011442
45.9035756312
45.9333656861
45.9473685148
45.9569129042
45.9996386247
46.014259212
46.0325672332
46.0350720571
46.0445346675
46.0685634227
46.0700987531
46.084593483
46.0898883869
46.1082398993
46.1097465772
46.1332619933
46.171639732
46.1762708314
46.1928830397
46.2014750451
46.2138320112
46.2349857621
46.6030051343
46.605790582
46.6225932376
46.6447843007
46.6734899442
46.6857037212
46.6970376207
46.8038630487
46.8067376998
46.8128446023
46.8181403159
46.827574265
46.8383865943
46.8611856115
46.8755431686
46.8913400396
46.9022935301
46.9096494327
46.9121612951
46.923838939
46.9325138627
46.9347058876
46.9384740193
46.9440885122
46.950660467
46.9615514493
46.970839207
46.9893749481
46.9938270118
46.9966556654
47.0866516755
47.0882250386
47.0922740059
47.1035108632
47.115710778
47.1223042464
47.1335168544
47.1632008782
47.1659007956
47.1793600632
47.2130308969
47.2288741238
47.2382173397
47.2754847954
47.3381901852
47.3418234872
47.3529471397
47.3761425736
47.3844294833
47.3867376355
47.3947039265
47.4154944448
47.4446051814
47.4552586957
47.4663096754
47.4708303052
47.4841413844
47.499359078
47.515301656
47.5256860996
47.5410654538
47.5542337024
47.606249423
47.6372392835
47.6440366197
47.6661252867
47.7206912631
47.7366460189
47.9381411963
47.9467468193
47.970511897
47.9884005183
48.001565556
48.0114389265
48.0266531034
48.1141003065
48.1482283463
48.1610389216
48.1693542972
48.1814393231
48.2161117079
48.2274886651
48.2597848049
48.2699503825
48.3620538624
48.3701487186
48.3840980657
48.3924023715
48.5721249296
48.5825276234
48.5851788629
48.5916096278
48.6052525517
48.6139154683
48.6167659926
48.62510604
48.6392028665
48.6494680531
48.6655651136
48.6905985522
48.6920744508
48.693949751
48.6967713114
48.7107401354
48.7301755535
48.7414260136
48.7637246171
48.7761417431
48.7872801167
48.7923344062
48.7967644446
48.7982126164
48.8016802784
48.85369933
48.9380760201
48.9715226138
48.9807613741
48.9831946881
49.0024700277
49.0293604752
49.0594964927
49.0733267842
49.1001628481
49.1058546068
49.1134770578
49.1211234363
49.1401472382
49.2142262128
49.2173158567
49.224296482
49.240239113
49.2407595902
49.2412550446
49.2449647691
49.2457073823
49.2546747004
49.2678374608
49.2864821592
49.3078844576
49.3111904734
49.5590507269
49.5702849895
49.5845026873
49.6044939956
49.6238850088
49.6416468258
49.6514846804
49.6540400728
49.7714759506
49.7806558298
49.829795669
49.8717734034
49.886644251
49.9376104915
49.9529292822
49.9917262083
50.0146723356
50.0473429406
50.0672395038
50.0803318321
50.0957212855
50.1165995788
50.2577609335
50.2851785287
50.2898264202
50.3093415099
50.3518420575
50.3725748496
50.3920058429
50.4162091298
50.4214803117
50.4366981344
50.4425182137
50.4469870316
50.4489134182
50.456259531
50.4572919063
50.4652033382
50.5355447596
50.5480254156
50.553042201
50.5642334089
50.5737762612
50.5764367272
50.5772305557
50.5790273312
50.5795755641
50.5860305616
50.5959861252
50.6096882524
50.6231009704
50.6277952005
50.6349160916
50.6418039659
50.6641549334
50.6739640187
50.6805316143
50.6927242182
50.6999970686
50.7103097103
50.7219102264
50.9874487194
51.0140283186
51.0428959122
51.0483327497
51.0658091992
51.0736938408
51.1048682142
51.140975256
51.1536393029
51.1640380399
51.18556855
51.1869156166
51.2002387822
51.2449262507
51.2677015803
51.2692407161
51.3007106405
51.3288133096
51.3600165766
51.3958626516
51.4326910075
51.4522088418
51.5048563783
51.5364737473
51.5545124926
51.6054792244
51.6108976291
51.6145092398
51.62067834
51.6240677555
51.633743984
51.6360367561
51.6415829803
51.6487655408
51.6495045422
51.6502866024
51.6641676699
51.6729585854
51.6764052179
51.6884231347
51.6892121485
51.697793805
51.7013809603
51.7208376264
51.735237641
51.7392987332
51.7622656876
51.7761791022
51.7822433748
51.8387896466
51.843147215
51.8474712997
51.8554408968
51.8633559322
51.8646446486
51.8769731346
51.8912218079
51.9061294263
51.9171619173
51.9269989697
51.9361535021
51.9498698312
51.9643579659
51.9701273767
51.9861309864
51.9943612163
52.0000906174
52.0070509801
52.0238050769
52.0266807949
52.0379360746
52.0667136055
52.0740587231
52.10428877
52.1334657547
52.1448425937
52.1624416507
52.1742023345
52.1924501873
52.2041200436
52.7934171653
52.8154117184
52.8158819839
52.8280832356
52.8546548182
52.8623133616
52.8695865048
52.8781806121
52.8899413403
52.8965951615
52.907471018
52.9121215051
52.9234399303
52.9332782854
52.9450465852
52.9524351408
52.957414405
52.9644438058
52.977981046
52.9892567667
52.9938211445
53.0045853413
53.0172236367
53.0665402047
53.0774679622
53.0792832346
53.0824855751
53.0835201019
53.0945483954
53.109939615
53.1149337734
53.1233774287
53.1342785305
53.1485725021
53.1571213268
53.1730423454
53.1890010205
53.1919634667
53.2011535907
53.213367229
53.2387102504
53.2666805974
53.281073827
53.4450623025
53.4578613636
53.4707835351
53.4839203023
53.4850198304
53.494193963
53.6996428498
53.7143788848
53.7268767838
53.7366556124
53.7800581732
53.7831516848
53.8428029
53.8805098636
53.8968805184
53.9207765914
53.9284459731
53.9399248487
53.9646862658
53.9758666395
53.9991350991
2307
