$ Stimulation Interval(ms): 1200
$ Delay(ms): 0.000000
$ Number of data : 327
$ TSTOP : 12000
$ PN stimulation current max : 0
$ LN stimulation current max : 0
7.95000
12.50000
30.55000
40.37500
50.15000
65.10000
71.15000
85.07500
92.20000
117.80000
138.92500
151.85000
162.27500
168.62500
193.40000
212.05000
220.95000
246.00000
253.37500
288.85000
350.87500
363.72500
389.42500
403.27500
421.27500
484.97500
521.17500
531.35000
589.75000
595.32500
617.70000
646.85000
722.27500
743.27500
1280.97500
1287.02500
1307.92500
1323.45000
1340.35000
1346.60000
1365.20000
1414.97500
1419.50000
1431.85000
1444.60000
1449.17500
1485.55000
1507.10000
1513.45000
1532.37500
1542.57500
1575.65000
1599.62500
1654.85000
1686.70000
1760.15000
1826.57500
1844.00000
1877.42500
1929.97500
1937.75000
1963.17500
1979.55000
2083.85000
2121.32500
2156.12500
2176.20000
2205.40000
2239.60000
2302.67500
2341.87500
2358.30000
2377.20000
2410.80000
2449.70000
2468.12500
2484.72500
2490.15000
2496.00000
2513.85000
2519.97500
2557.15000
2564.97500
2573.37500
2596.87500
2618.90000
2642.05000
2666.07500
2693.37500
2699.62500
2710.82500
2719.05000
2776.40000
2999.97500
3042.97500
3062.42500
3066.00000
3075.97500
3109.12500
3125.80000
3149.70000
3245.97500
3290.42500
3299.35000
3407.67500
3412.00000
3478.12500
3504.12500
3545.10000
3620.12500
3630.52500
3646.02500
3655.92500
3673.50000
3706.30000
3709.92500
3732.40000
3739.27500
3756.80000
3781.25000
3801.42500
3867.37500
3879.50000
3891.85000
3907.75000
3919.87500
3930.00000
3956.05000
4059.27500
4076.30000
4095.60000
4119.80000
4566.47500
4806.60000
4812.82500
4841.90000
4861.47500
4878.12500
4895.90000
4906.45000
4914.65000
4923.07500
4939.07500
4961.52500
4973.87500
4979.95000
4986.77500
5007.30000
5023.82500
5035.67500
5044.40000
5058.05000
5075.55000
5091.97500
5104.67500
5130.30000
5153.90000
5167.05000
5185.25000
5210.97500
5223.45000
5245.00000
5269.42500
5291.65000
5311.72500
5347.15000
5375.75000
5394.00000
5397.70000
5449.35000
5470.00000
5489.52500
5539.52500
5588.27500
6010.37500
6017.87500
6031.50000
6046.50000
6051.77500
6071.75000
6081.62500
6095.97500
6101.40000
6159.22500
6174.20000
6189.02500
6208.67500
6225.35000
6263.25000
6283.87500
6310.67500
6324.95000
6374.57500
6383.05000
6405.62500
6423.57500
6443.32500
6485.12500
6503.90000
6522.87500
6526.40000
6549.27500
6558.00000
6576.65000
6590.02500
6621.05000
6633.45000
6648.90000
6672.32500
6718.95000
6738.95000
6882.95000
6895.05000
6904.87500
6944.47500
7002.12500
7047.07500
7057.17500
7111.50000
7135.47500
7165.37500
7183.50000
7215.80000
7219.72500
7848.52500
7897.27500
8126.72500
8186.37500
8220.67500
8316.30000
8321.70000
8371.12500
8410.42500
8418.72500
8426.07500
8441.05000
9497.90000
9539.25000
9587.45000
9591.55000
9604.32500
9616.12500
9624.87500
9631.10000
9639.85000
9653.82500
9776.75000
9785.12500
9802.20000
9809.02500
9834.87500
9846.60000
9850.55000
9924.15000
9932.55000
9957.10000
9978.40000
9985.27500
10004.17500
10023.87500
10086.60000
10103.27500
10115.55000
10136.20000
10163.90000
10192.95000
10219.55000
10228.12500
10251.50000
10269.30000
10331.62500
10348.30000
10374.05000
10396.07500
10409.25000
10419.40000
10433.17500
10539.02500
10547.17500
10561.80000
10596.17500
10613.47500
10637.40000
10668.92500
10680.15000
10695.77500
10807.32500
10857.90000
10868.75000
10887.05000
10898.27500
10926.52500
10949.20000
10968.17500
10978.40000
10983.90000
10994.82500
11005.30000
11012.40000
11024.20000
11037.55000
11238.05000
11247.30000
11272.15000
11290.97500
11318.30000
11343.55000
11374.02500
11387.42500
11428.52500
11451.25000
11479.60000
11499.57500
11503.87500
11561.77500
11577.70000
11620.42500
11650.40000
11683.00000
11758.45000
11792.75000
11804.05000
11830.87500
11861.25000
11882.20000
11935.25000
11983.35000

