6.01977095151
6.05519140065
6.07388013138
6.12269545105
6.25937486655
6.28778982374
6.30724952608
6.42107311929
6.47099829853
6.53499131963
6.59443840666
6.64308455334
6.66172063547
6.77634026681
6.79002760629
6.79640384689
6.81916833889
6.87209398042
6.96309958758
7.04393966692
7.06258559792
7.1037752291
7.14856022931
7.17343612069
7.24832675735
7.35559156354
10.7652113117
11.035264652
11.3148793947
12.1807947786
12.4569345068
12.6290603346
12.8945774801
13.121478798
13.4230617315
13.7737317122
14.9782984311
37
