6.02540612639
6.04968427306
6.06822228531
6.07247898468
6.09983321417
6.11421261402
6.12639314504
6.14219531609
6.14756826614
6.15906703387
6.22328126358
6.24442109927
6.26979444097
6.29854448153
6.45354816519
6.49401783336
6.52925946782
6.57377691123
6.61965372327
6.76338907199
6.79566401441
6.8081705814
6.95061633471
7.05961895953
7.24261016602
7.59139531025
7.91253716009
7.99095530895
8.14316310143
8.22387916279
8.39902980824
8.4409191296
8.5083289102
8.96514738485
13.3632606877
13.4294443562
14.29558878
15.0287929198
38
