6.02391707907
6.05826710771
6.07672528952
6.09243100171
6.1079568755
6.1404901779
6.16502268886
6.19802735488
6.21002640791
6.25586008534
6.26965969389
6.35916814074
6.39286221927
6.44162647686
6.46841037869
6.48947589845
6.55385201558
6.60844541044
6.65064811567
6.76445017994
6.79726084045
6.83899957258
6.85878756889
6.87906323168
6.95245091899
7.08399977303
7.19574926909
7.21950731391
7.2329186324
7.31771213719
7.37064423888
7.61584478147
7.72458591963
7.84641823878
8.03212732443
8.04775106466
26.6251557538
37
