6.01737629508
6.02545679471
6.04892506878
6.05250352251
6.06633313718
6.09607814093
6.12249070192
6.14968570022
6.15585320597
6.19550213502
6.23045009259
6.29119972241
6.34506328055
6.44649646563
6.47674191103
6.51159544212
6.56049090518
6.57532704378
6.60671833818
6.78526013466
7.04977344059
7.05510360998
7.12889559647
7.19649914226
7.21968712466
7.29391928599
7.38801410125
7.53690596667
7.54648208822
7.68861473316
7.91043066337
7.93255295934
7.97195129059
8.13507196619
10.0254339279
10.1025202334
10.2708446916
10.4380024285
10.6350543933
10.922721286
11.2064823072
28.0508675143
42
