6.00930162433
6.01879256978
6.2020699603
6.22159007021
6.2660966564
6.29379418847
6.43160612241
6.47736402181
6.53172560422
6.59724849974
6.60914696223
6.69203019872
6.73866837757
6.85440670811
6.92507590642
6.96469861524
6.97442697237
6.99973929357
7.07081294303
7.07897144982
7.23911062651
7.25690467536
7.64645602782
7.75170454341
8.20118868225
8.3489781217
8.42678438973
8.43568719208
8.56855809537
8.79098491033
8.89777110626
9.15458430984
9.18580514844
9.36266365128
9.52479741812
9.79615615231
9.84514980109
9.97702087801
10.3161554953
10.4901684036
10.5183396857
10.7076849023
10.9495888636
11.7594391077
12.3924594311
12.5119088316
13.0992629953
13.329245401
13.7659442912
15.7294417166
50
