6.0059509626
6.02304468908
6.03768063878
6.06944732152
6.08226966212
6.20351411916
6.21627046041
6.27803414621
6.30976731096
6.37138819536
6.45208498653
6.47665952212
6.49054536179
6.5236423396
6.6030152035
6.64683727479
6.67832272356
6.69317788637
6.71779113345
7.08138998438
7.17594548314
7.26924724303
7.27721509144
7.38572080011
7.4868720031
7.5462644939
7.69304884618
7.70007635363
7.84756393897
7.97380392694
8.13060262897
8.25432159362
8.5444726705
8.62923919554
8.69164257548
8.8742636146
9.09241846625
9.11142180378
9.19779757344
9.38498894201
9.47934176043
9.54903005918
9.84358699957
10.2924338427
10.3921779551
11.1035164191
11.4757646685
11.8498168944
12.0392543755
12.2608703809
12.3178200261
12.3458471587
12.8951974664
12.9865274315
13.4028366091
14.0168568481
14.0955880082
14.3507806573
14.4236695963
14.5142807012
60
