6.00384673141
6.04648933586
6.07192516517
6.19343589482
6.20606817618
6.22777634324
6.2346122424
6.45072993067
6.50156862996
6.56768879908
6.60448768523
6.63534130226
6.68763755686
6.70882194406
6.77604275422
6.80637254927
6.87163984387
6.89212821215
6.97365011346
7.04024616651
7.38431725217
7.49251145473
7.54933715783
7.71059425039
7.83582065837
7.92887415542
7.94427262311
8.09784128226
8.2263612246
8.46292343665
8.51438153212
8.76105016944
9.97243007005
10.0232314121
10.1118159569
10.2684506858
10.6180221036
10.7527033181
11.2817791114
11.3487350833
11.9325109681
12.2878143925
12.7382253559
13.0131831064
13.4176242839
13.4697235396
13.8158024479
14.6045849288
48
