6.04575687987
6.05541512653
6.11027047424
6.13072610455
6.13722810016
6.19286439946
6.20922240584
6.27636183933
6.29064297364
6.31110343168
6.33578289959
6.34175390354
6.4099040244
6.42995266623
6.45312648664
6.45662911067
6.47642224655
6.49043914794
6.5167945561
6.541126166
6.59760521859
6.67744027723
6.72004353275
6.78751892772
6.82459361982
7.55009179222
7.61501310022
7.760475261
8.20833137186
8.30581059948
8.32094338345
8.47836028548
8.68288599935
8.87063819
9.0019854777
9.16983593104
9.36142279085
9.52334473813
9.6985665426
10.3984811257
10.477569016
10.9515090539
11.1471986144
11.1794070215
11.2241119428
12.1579434868
12.4896256828
12.5134045281
12.8853225897
13.6709841501
13.8887800479
13.9587696201
14.2579223569
14.5676158704
54
