6.04351757461
6.06253350535
6.21282755052
6.23154806027
6.28379825616
6.32857975494
6.39303216517
6.42515142445
6.44027555487
6.5450949743
6.56904861168
6.62492961764
6.66955147063
6.70773320481
6.71459216712
6.76494512804
6.89146778609
6.91640321487
7.04786363897
7.05797721578
7.13383282558
7.17569381803
7.25098606109
7.52416306213
7.65416183618
7.75685509303
7.90080004467
8.0017600418
8.02293136696
8.1238392005
8.15034238891
8.24509597385
8.36677999204
8.43005149525
8.53592701471
8.66364980682
8.8966846143
8.93615379421
9.14249251083
9.24019920015
9.26344791799
11.336885295
11.3930428827
11.6159460639
11.8242103381
12.9490229386
13.1413959215
13.6632835913
13.7018913686
14.9605686333
50
