6.00699340168
6.0665836975
6.08824477864
6.1478709278
6.18293686641
6.22925403219
6.27475360965
6.27930080966
6.51241754247
6.56917926773
6.6221655032
6.75860871816
6.77113724821
6.79566339895
6.87612824337
6.92293527688
6.98450115822
7.03975768046
7.17574024792
7.30330519565
7.3340942889
7.42465348618
7.46182653017
7.62988523146
7.71696620111
7.7764848063
7.87506331417
7.88833962258
7.99283795928
8.09320650483
8.17558120238
8.39083439113
8.40224159103
8.49167755773
8.70564996415
8.79327290322
9.18038592467
9.23820776024
9.38417436018
9.53140639856
9.58348991711
10.0110736093
10.1012790915
10.5549853952
10.6474622024
11.0835080664
11.5092252407
11.7539485449
11.8770559614
12.3211617444
12.9203232423
13.5176291838
13.9538883324
14.2227100534
14.6182022115
55
