6.01731436077
6.04476818657
6.0541617137
6.06857456892
6.1050141753
6.15164277999
6.17913681112
6.19200133931
6.20188396822
6.22782657029
6.32235072644
6.35056373667
6.40206312154
6.41001492584
6.51425796284
6.55844317994
6.57746972423
6.60981477836
6.66185254686
6.77927048573
6.87644963411
6.88095071249
6.89105090182
7.00986877345
7.08203050266
7.15066049569
7.1676361522
7.18105148212
7.27224157018
7.67959972254
8.84990690511
9.14948652227
9.26664896417
9.29582418419
10.155781395
10.391502524
10.4684128622
10.6941244924
10.8805571569
10.9852609901
12.7829779006
13.3657927837
13.4713599943
13.6318809526
13.8929537101
14.2083216321
14.711585994
47
