6.00638058439
6.16316702795
6.20407114408
6.26107524611
6.27960805697
6.32941268153
6.4149877294
6.42501840948
6.46354051874
6.48829312058
6.50791709861
6.52788722276
6.64322454692
6.6588124724
6.67082270244
6.69986345242
6.73733658594
6.76380109828
6.87676873127
6.95214090716
7.02436099301
7.09631769135
7.26201292729
7.36091709134
7.52712615423
7.62405310479
7.72455269208
7.83544617745
7.91233258663
8.0639264338
8.29634686925
8.31565189207
8.38982726849
8.4566433514
8.57336643194
8.75106336005
8.94659216153
9.25496224602
9.33167401443
9.40246465684
9.57733001393
9.62620059927
9.76308984643
12.0556413668
12.9118352667
13.0925033901
13.5776214034
13.6398614912
13.938988089
14.4365195376
15.3765439246
51
