6.00598330858
6.03729541366
6.0631583003
6.10515187131
6.19539399912
6.25756622925
6.27065323919
6.32929616534
6.36334279985
6.37958559623
6.59637184377
6.74348906621
6.76519030043
6.80110102778
6.87155760991
6.91146019072
6.97574419631
7.06269252756
7.22650814836
7.37777742308
7.4767522686
7.50834991456
7.68369926283
7.70574453845
7.82292795863
7.86253428306
7.91828878493
8.01325936858
8.1503227083
8.32576788504
8.33528528149
8.62022041105
8.84152631503
9.14668063621
9.32066393575
9.46493941204
9.73382451966
9.7763023756
10.5659569539
10.9028124585
11.1889346719
12.5798511435
13.4998864506
14.3793218974
17.3029663164
45
