6.02852614688
6.05873328667
6.15698403193
6.17494636583
6.18726603971
6.23734504958
6.24430597991
6.26261263006
6.28461766168
6.37475924467
6.45012064354
6.48200380174
6.52167199765
6.56618345286
6.60385556668
6.67672040069
6.72404860546
6.74680591894
6.77784260859
6.79546734921
6.82627552123
6.86510571632
7.06041838098
7.14870285341
7.72929562137
7.73769365449
7.76043297597
7.84096066316
8.02640835486
8.06208289026
8.26069814464
8.41767457803
9.10070331462
9.15456281202
9.29734645065
9.60887424079
9.82712746022
10.1113661151
10.2329956668
10.5597493091
10.864574868
11.0640813159
11.2534446423
11.5769944923
11.7469113929
12.2556335911
14.3641384117
14.8857908865
48
