6.02141762487
6.02809659729
6.23757698526
6.25292145036
6.29813693688
6.32294356395
6.34434048828
6.38660981592
6.43009846958
6.4444555777
6.47742387645
6.78918507255
6.82158698649
6.85002315692
7.47823934973
7.54011946068
7.85476826183
7.89810510935
8.15407917039
8.28939110676
8.47200027341
8.60983336294
8.74347522305
9.05251875245
9.10003256128
9.36535620741
9.48907053093
9.57272048148
9.71768894929
9.74090514053
10.4544418932
10.7074040714
10.8837157469
10.9069195768
11.0183887737
11.048964675
11.342404515
11.3744907279
11.5011055687
11.6273754768
11.9823715506
12.0722294117
12.8064646435
13.1500599718
13.4223839004
13.7101484853
13.9239806079
14.3715467587
15.0153057911
49
