6.03853559928
6.07477742652
6.07846686957
6.12571128664
6.12930640617
6.14662926073
6.22206075163
6.25243132551
6.43945771111
6.45092313336
6.48579086798
6.50208497186
6.5555532945
6.74472411286
6.81573674217
6.87475901394
6.89768379382
6.92441321111
6.95703291625
7.04133546113
7.0655907197
7.15685847984
7.1736180557
7.29716993595
7.41493983268
7.52373956301
7.62736886002
7.69767533337
7.85467333183
7.86196134233
8.07560745138
8.22430374088
8.25262960677
8.39103509817
8.45284357208
8.52553638167
8.69094831982
8.94013972779
9.06913843784
9.44632566926
9.4859362692
9.55422322295
9.58479699728
9.81792334202
9.96286830894
10.159865812
10.2152425191
10.3328949599
10.7953640451
11.3106479713
11.3629951249
11.5610717782
12.5671272078
12.7113481411
12.901806534
13.0600212348
13.3546363006
13.9307024689
14.7969193308
59
