6.00433260447
6.01813756567
6.14401849804
6.16107931551
6.26420370373
6.34624031905
6.38810945657
6.39740956449
6.45669627852
6.4734624374
6.50439613776
6.55305673486
6.57014943732
6.59242414461
6.60521682278
6.68416557952
6.70621717968
6.73892754814
6.78332144251
6.82104315009
6.84655699006
6.85877312573
7.68054758121
8.52108782133
8.61851672203
8.8434663961
8.96244199745
9.82504056913
9.86330877843
9.91972317615
10.1998117458
10.8302905523
11.2711179331
11.4834870912
11.9505324283
12.2675100981
12.9237808426
13.3949811168
13.6341842345
15.0740588002
40
