6.03266551426
6.05553203329
6.08790631663
6.1076145197
6.13845117517
6.15693635943
6.17234107887
6.18133806226
6.2325333291
6.25511257606
6.2914166685
6.33010590873
6.35129745902
6.40324284095
6.46322080251
6.52039283783
6.57776937169
6.60612781402
6.65586505509
6.69481188289
6.70633136701
6.71848928943
6.77203302953
6.94004697841
7.01170704826
7.12205556837
7.13393595291
7.22432910189
7.2384265119
7.27492489243
7.3339884063
7.42834487268
7.45891090443
7.57125391476
7.67071017487
7.72057983891
7.79671997557
7.91185245572
7.98849601823
8.05623733677
8.38614636811
8.49268556762
8.64836653418
8.79984739546
9.40355883676
9.66789802568
9.89991618001
10.4088470466
10.4300986749
10.7484747123
10.837638013
11.0848083344
11.2240403861
11.252183613
11.5690781034
12.1091704571
12.6097956235
13.9162708437
14.1497129469
14.4868413531
14.9753681894
61
