6.01067570908
6.01972760842
6.5281661041
6.53544246701
6.57410575131
6.6195465717
6.71223575505
6.75357601396
6.79549815248
6.82894850695
6.88103341115
6.92556892822
7.11413912545
7.18362849836
7.24597755295
7.31233717513
7.34658882667
7.3723706554
7.61663598228
7.79151090737
8.04309349943
8.19767624113
8.25183156816
8.52425554718
9.28240257709
9.51593055871
9.53030544542
9.76618757573
10.0198571088
10.4281385615
10.5154207856
10.5629551162
10.7387842688
11.2064834782
11.5295581844
11.713412833
11.8761626698
12.0183895205
12.2007442821
12.5308649543
15.1899742893
41
