6.00509053385
6.01338614894
6.05416983773
6.10059542039
6.1344994672
6.16449006653
6.18219610664
6.20334987823
6.21734888407
6.25683258322
6.296482879
6.31100147794
6.40720306793
6.44960619272
6.48405510069
6.50262164364
6.59253911764
6.67142157726
6.7036752993
6.72396272584
6.7777386148
6.79157654762
6.81614012972
8.20711735902
8.53447437327
9.33557396431
9.44574745416
9.66878985915
10.0286964217
10.2767716716
10.4540116695
10.8497887585
11.1375731107
11.3933131807
11.5544493133
12.3356189111
12.6318472148
12.7537826052
13.0548718484
13.4476333139
16.352949972
41
