6.04006135961
6.04822387861
6.09210741897
6.11054463822
6.1178295957
6.13722898043
6.15178306528
6.15893379469
6.18529158195
6.21144418322
6.21877074913
6.23492038115
6.24322070892
6.27264404194
6.29614015616
6.33394373896
6.34803714863
6.51829035563
6.53748629177
6.55996515001
7.00408880558
7.03750777369
7.4767361197
7.8113607246
8.00741648608
8.13214509575
8.45630695089
8.59758236928
8.87131557737
8.89414578341
8.93659048087
9.14971288698
9.34626584503
9.56237926914
10.66005439
10.7337145595
10.9780336874
11.1689282535
11.7394706736
12.4419911216
12.6099291266
12.9571052916
13.6208846073
13.7618856923
13.9302131173
14.5168663558
46
