6.01925013048
6.05492553697
6.06294767103
6.08718761796
6.09361306475
6.13202151848
6.14013237799
6.14877105019
6.16131676785
6.20202042559
6.24077241741
6.27913963471
6.32839960426
6.33344007232
6.34468488917
6.36284699122
6.39465114734
6.80413336839
6.86156748181
7.10173593915
7.27002530504
7.35333078762
7.41324138531
7.62885108709
7.69675582956
8.1554414703
8.4520683317
8.55653568774
8.66709254553
8.80055275693
9.05830189139
9.19405955816
9.40959104157
9.97155196379
10.163878804
10.3346311129
10.4676153254
10.7304063541
10.8518485367
11.0451815238
11.2662512978
11.4943897579
11.9548334304
12.4698719854
13.0142511043
13.1352346734
13.2223954047
14.1216459929
14.2115209691
14.536249978
50
