6.02068445349
6.04813642482
6.07395344744
6.0978289147
6.13531246677
6.14483174045
6.2888306244
6.3350208764
6.35025910206
6.36513631346
6.40599558961
6.41460794383
6.43052030856
6.46169392761
6.48771682152
6.51256202558
6.53120200688
6.55205066523
6.58781478473
6.63023637815
6.66409743249
6.73710752203
6.77190478218
6.88091423114
6.92748399967
6.97687199424
6.98932539893
7.07042370952
7.18602599066
7.25886395379
7.30805376415
7.41263272362
7.43503110298
7.54678370327
7.60572543245
7.70463159383
7.87650258632
7.9438976177
8.02129292145
8.03160201497
8.15089773852
8.24124012933
8.41659743947
8.55115018504
8.76522054278
9.13565858044
9.39554015668
9.41580554732
9.85049800259
10.0787630163
10.3241429854
10.657187358
10.8803076463
12.9248692816
13.7175236222
13.7756780507
13.9773638388
18.7579575322
58
