6.01261803076
6.02113327246
6.03815463029
6.06069411677
6.06463192812
6.13045363221
6.16222086745
6.19506902382
6.2452987194
6.26567267589
6.2994515002
6.308285021
6.35454368123
6.38251986083
6.44174395579
6.48261490307
6.48905022452
6.55216891584
6.62645998871
6.70935098786
6.75154901442
6.88829260868
6.91979674598
6.93676152191
6.94353162921
6.94931867259
7.25077270187
7.40183197112
7.40784722574
7.43542118162
7.51801708828
7.66101227476
7.67351578509
7.7515803308
7.83574105296
7.96432863321
8.01632220985
8.22721815196
8.29722850396
8.66678640868
8.80543108438
8.92840363566
9.06720263732
9.34016824651
9.46202864062
9.77383478577
9.79789371806
10.0126910056
10.4193576446
11.3916540845
11.5643133116
11.8701789434
12.0801094354
12.4586496318
12.495716568
20.0991270557
56
