$ Stimulation Interval(ms): 1200
$ Delay(ms): 0.000000
$ Number of data : 696
$ TSTOP : 24000
$ PN stimulation current max : 0
$ LN stimulation current max : 0
7.67500
22.75000
41.10000
55.75000
67.20000
70.90000
1208.62500
1222.67500
1234.40000
1249.02500
1283.00000
1301.90000
1376.37500
1417.97500
1433.62500
1454.65000
1460.00000
1471.30000
1480.02500
1652.60000
1766.67500
1789.40000
1833.92500
1880.32500
1915.20000
1935.72500
1952.17500
2049.85000
2059.80000
2099.77500
2111.95000
2140.02500
2188.15000
2203.55000
2251.95000
2292.32500
2360.55000
2413.20000
2421.60000
2441.97500
2530.57500
2541.47500
2557.62500
2580.77500
2593.07500
2608.15000
2632.15000
2751.60000
2770.10000
2790.35000
2810.65000
2857.17500
2865.25000
2876.30000
2891.35000
2912.62500
2967.27500
2975.35000
2989.60000
3619.10000
3626.90000
3634.65000
3639.52500
3664.45000
3674.37500
3679.07500
3783.50000
3796.97500
3820.35000
3843.52500
3851.77500
3859.15000
3872.15000
3893.57500
3917.40000
3925.57500
3951.12500
3960.27500
3964.62500
3977.07500
4018.92500
4026.37500
4059.30000
4071.32500
4081.32500
4099.20000
4162.07500
4175.05000
4185.20000
4209.72500
4235.55000
4268.77500
4290.00000
4324.50000
4341.67500
4367.77500
4415.85000
4533.70000
4538.25000
4646.67500
4686.32500
4690.37500
4753.47500
4762.75000
4850.92500
4878.95000
4922.47500
4926.87500
4965.80000
4977.75000
4984.75000
4995.80000
5000.72500
5017.35000
5021.07500
5055.62500
5082.25000
5091.55000
5107.47500
5138.30000
5170.05000
5393.00000
5413.37500
5484.40000
5499.82500
5516.77500
5557.85000
5578.37500
5809.87500
5860.45000
5881.15000
5905.90000
6007.20000
6028.47500
6064.22500
6074.00000
6259.62500
6276.00000
6284.02500
6288.85000
6305.27500
6323.20000
6335.10000
6338.67500
6361.05000
6390.87500
6396.62500
6444.50000
6456.10000
6496.30000
6500.20000
6527.92500
6543.25000
6602.35000
6633.75000
6651.50000
6683.32500
6702.27500
6735.20000
6770.07500
6806.92500
6867.60000
6874.52500
6885.97500
6919.85000
6957.05000
6974.70000
7003.32500
7048.17500
7113.17500
7159.17500
7188.50000
7208.25000
7217.00000
7221.45000
7242.62500
7253.17500
7258.12500
7267.20000
7272.35000
7287.50000
7317.27500
7321.50000
7344.90000
7348.30000
7352.90000
7359.30000
7365.05000
7390.40000
7440.22500
7459.65000
7548.15000
7557.87500
7590.17500
7595.42500
7610.37500
7626.95000
7630.37500
7651.95000
7669.87500
7721.57500
7751.60000
7756.12500
7809.75000
7818.32500
7825.45000
7849.85000
7873.20000
7897.05000
7904.02500
7928.02500
7971.05000
8202.10000
8225.05000
8286.35000
8342.12500
8399.75000
8419.02500
8428.52500
8445.05000
8478.72500
8495.72500
8500.00000
8512.25000
8522.77500
8528.85000
8533.67500
8548.15000
8558.10000
8576.60000
8603.70000
8608.42500
8645.62500
8690.27500
8842.32500
8859.07500
8884.12500
8895.30000
8924.77500
8945.95000
8949.57500
8988.37500
9001.05000
9023.37500
9051.85000
9091.55000
9109.17500
9144.60000
9148.87500
9159.50000
9199.35000
9233.42500
9311.30000
9340.52500
9384.50000
9478.30000
9502.10000
9531.35000
9610.67500
9616.37500
9638.15000
9641.55000
9655.85000
9684.25000
9695.55000
9706.35000
9711.40000
9729.35000
9764.67500
9769.27500
9775.50000
9785.30000
9816.55000
9823.52500
9839.35000
9843.20000
9857.87500
9886.20000
9908.10000
9940.02500
9946.87500
9958.15000
9984.75000
10003.30000
10014.67500
10223.55000
10261.92500
10296.07500
10342.05000
10368.30000
10372.32500
10401.52500
10425.67500
10439.25000
10465.32500
10479.00000
10544.07500
10658.32500
10684.60000
10714.57500
10791.35000
10804.45000
10819.87500
10831.90000
10841.85000
10857.90000
10877.20000
10888.75000
10899.45000
10909.35000
10925.97500
10931.25000
10993.35000
11033.42500
11046.22500
11056.67500
11061.47500
11069.30000
11083.27500
11239.85000
11277.12500
11333.27500
11345.07500
11348.65000
11364.85000
11405.32500
11439.90000
11468.75000
11492.72500
11505.82500
11550.07500
11571.42500
11609.10000
11733.50000
11779.75000
11795.15000
11809.40000
11822.80000
11938.60000
11950.47500
11961.32500
11987.92500
12005.35000
12012.20000
12097.82500
12106.97500
12114.20000
12130.37500
12136.57500
12153.85000
12179.47500
12196.97500
12202.97500
12301.15000
12318.62500
12343.37500
12360.25000
12855.47500
12859.22500
12869.85000
12927.87500
12960.42500
12994.80000
13022.10000
13113.50000
13157.50000
13194.50000
13224.70000
13266.25000
13283.67500
13292.55000
13311.10000
13337.77500
13346.77500
13373.20000
13376.85000
13406.60000
13428.25000
13437.50000
13441.10000
13456.62500
13533.20000
13545.15000
13560.32500
13575.30000
13583.97500
13599.70000
13609.02500
13647.00000
13665.82500
13680.80000
13705.62500
13731.22500
13868.67500
13918.00000
13945.35000
13974.10000
13991.62500
14048.32500
14087.75000
14123.15000
14182.80000
14234.92500
14262.85000
14314.77500
14338.00000
14415.12500
14431.25000
14458.55000
14471.90000
14476.80000
14489.40000
14492.95000
14502.65000
14507.72500
14691.30000
14711.25000
14717.97500
14735.72500
14763.02500
14778.50000
14783.52500
14849.05000
14869.75000
15004.95000
15011.10000
15110.15000
15113.47500
15134.62500
15152.47500
15187.37500
15242.32500
15379.02500
15404.47500
15438.20000
15609.37500
15612.92500
15616.50000
15625.30000
15711.52500
15715.22500
15741.02500
15780.77500
15799.87500
15835.15000
15871.75000
15885.72500
15901.70000
15997.07500
16041.47500
16120.80000
16127.17500
16173.12500
16202.90000
16401.97500
16405.72500
16430.12500
16500.20000
16528.65000
16558.30000
16580.17500
16624.32500
16644.12500
16655.87500
16735.75000
16804.00000
16819.82500
16833.62500
16847.87500
16863.65000
16867.20000
16873.95000
16895.55000
16911.57500
16927.07500
16948.35000
16958.27500
16975.32500
16981.72500
16994.27500
17009.52500
17015.20000
17047.05000
17055.87500
17439.82500
17476.70000
17495.87500
17530.30000
17540.92500
17576.20000
17615.57500
17637.47500
17652.00000
17722.65000
17773.90000
17792.62500
17823.20000
17827.90000
17861.77500
18033.42500
18060.32500
18069.67500
18085.57500
18100.07500
18113.17500
18123.52500
18127.80000
18138.22500
18149.02500
18154.42500
18174.27500
18255.32500
18276.17500
18287.60000
18314.52500
18322.27500
18347.55000
18365.92500
18377.50000
18421.75000
18441.92500
18472.82500
18526.42500
18574.77500
18586.47500
18614.87500
18639.92500
18654.90000
18686.87500
18731.30000
18757.85000
18795.67500
18933.60000
18960.42500
18991.10000
19024.92500
19110.55000
19140.97500
19161.62500
19218.60000
19235.55000
19245.82500
19278.47500
19296.75000
19308.47500
19313.77500
19333.67500
19348.22500
19359.42500
19366.15000
19370.32500
19389.00000
19400.27500
19411.62500
19432.15000
19439.02500
19450.05000
19480.67500
19501.15000
19509.00000
19528.47500
19542.65000
19565.75000
19590.15000
19594.02500
19602.97500
19621.50000
19673.35000
19707.50000
19729.32500
19743.52500
19780.37500
19790.10000
19809.82500
19827.72500
19866.42500
19900.27500
19928.97500
19953.77500
19987.72500
19993.80000
20036.17500
20062.77500
20067.72500
20127.87500
20194.45000
20229.17500
20234.22500
20283.50000
20314.45000
20358.35000
20369.65000
20414.57500
20425.65000
20442.45000
20487.52500
20498.10000
20515.85000
20527.10000
20550.05000
20558.87500
20564.97500
20585.65000
20601.85000
20611.15000
20652.57500
20662.42500
20668.42500
20764.42500
20790.35000
20806.47500
20813.32500
20820.15000
20840.12500
20854.17500
20858.17500
20876.95000
20927.07500
20966.37500
21006.15000
21026.87500
21047.22500
21051.67500
21078.10000
21095.22500
21122.77500
21141.45000
21151.65000
21167.12500
21205.75000
21245.00000
21262.27500
21315.17500
21364.95000
21401.62500
21567.95000
21590.07500
21625.15000
21634.65000
21638.20000
21651.35000
21655.92500
21663.62500
21674.72500
21695.80000
21731.70000
21809.82500
21822.42500
21847.87500
21861.05000
21913.82500
21931.77500
21969.52500
22039.20000
22059.77500
22114.57500
22209.32500
22220.97500
22269.42500
22279.75000
22321.77500
22334.97500
22339.15000
22369.32500
22388.10000
22417.67500
22445.10000
22479.40000
22495.00000
22514.75000
22540.92500
22591.25000
22693.17500
22729.05000
22806.60000
22827.10000
22834.85000
22852.52500
22868.40000
22928.65000
23000.10000
23020.47500
23035.87500
23046.02500
23063.07500
23070.70000
23087.70000
23102.15000
23141.30000
23189.60000
23200.80000
23715.40000
23748.22500
23860.95000
23907.90000
23985.35000

