$ Stimulation Interval(ms): 1200
$ Delay(ms): 0.000000
$ Number of data : 322
$ TSTOP : 12010
$ PN stimulation current max : 0
$ LN stimulation current max : 0
19.57500
38.52500
271.10000
293.45000
317.12500
331.57500
339.97500
365.02500
421.77500
428.62500
432.97500
450.25000
475.65000
514.75000
533.57500
544.27500
555.97500
566.50000
592.05000
613.97500
626.02500
667.30000
686.72500
699.07500
726.45000
747.67500
761.92500
788.70000
831.62500
835.40000
850.40000
975.92500
1030.32500
1087.60000
1118.72500
1144.50000
1188.32500
1213.05000
1216.87500
1232.02500
1241.37500
1258.82500
1264.10000
1273.95000
1290.75000
1314.57500
1318.57500
1332.05000
1349.62500
1367.40000
1379.72500
1385.57500
2416.17500
2422.60000
2429.80000
2460.57500
2472.40000
2484.60000
2494.40000
2539.97500
2556.27500
2562.02500
2588.35000
2594.20000
2612.02500
2619.60000
2652.90000
2688.27500
2712.97500
2730.10000
2755.27500
2774.15000
2811.82500
2824.25000
2835.45000
2839.77500
2861.65000
2868.40000
2910.60000
2939.25000
2970.82500
3003.30000
3033.40000
3093.65000
3480.77500
3537.95000
3576.45000
3589.52500
3607.15000
3627.10000
3647.42500
3657.45000
3665.50000
3672.95000
3687.50000
3693.52500
3719.12500
3727.85000
3815.92500
3823.10000
3836.55000
3848.40000
3875.10000
3887.50000
3897.47500
3958.47500
3975.87500
4002.67500
4024.12500
4049.87500
4064.72500
4074.95000
4174.65000
4192.37500
4204.55000
4236.97500
4264.80000
4289.40000
4385.10000
4413.52500
4809.20000
4813.10000
4908.22500
4926.00000
4933.35000
4949.02500
4955.20000
4958.90000
4974.32500
5003.02500
5012.70000
5028.12500
5035.85000
5046.92500
5075.97500
5096.90000
5105.22500
5110.67500
5140.90000
5167.95000
5197.80000
5206.72500
5223.17500
5664.62500
5713.27500
5811.65000
5935.12500
5964.02500
5988.10000
6009.32500
6026.77500
6039.72500
6050.37500
6059.87500
6068.50000
6075.25000
6081.97500
6095.82500
6102.95000
6108.62500
6115.25000
6120.87500
6136.60000
6147.30000
6162.45000
6257.45000
6268.60000
6282.00000
6304.05000
6324.32500
6345.65000
6351.02500
6458.35000
6467.85000
6492.22500
6515.95000
6522.02500
6646.55000
6682.32500
6817.87500
6881.17500
6913.27500
6956.25000
7019.82500
7214.92500
7234.70000
7250.07500
7272.47500
7288.10000
7300.37500
7314.00000
7362.85000
7387.92500
7402.72500
7420.85000
7438.82500
7466.10000
7486.27500
7506.82500
7528.15000
7534.85000
7540.17500
7566.22500
7572.37500
7586.07500
7654.30000
7694.22500
7710.27500
7732.30000
7753.55000
7769.25000
7803.80000
7886.60000
7912.05000
7944.75000
7969.30000
7988.87500
8016.37500
8042.40000
8066.20000
8414.47500
8490.50000
8608.17500
8616.87500
8643.35000
8648.90000
8679.52500
8693.20000
8702.30000
8714.87500
8732.87500
8752.17500
8762.00000
8805.05000
8818.52500
8824.50000
8846.95000
8879.62500
8892.47500
8917.02500
8958.27500
8985.37500
9000.90000
9067.42500
9079.10000
9110.25000
9123.42500
9142.37500
9237.30000
9284.07500
9623.57500
9636.25000
9654.82500
9664.17500
9729.60000
9743.27500
9764.95000
9772.70000
9815.45000
9917.77500
9938.97500
9968.47500
9996.90000
10015.12500
10025.40000
10034.62500
10044.97500
10075.15000
10110.75000
10138.90000
10160.32500
10190.67500
10253.27500
10290.90000
10315.50000
10336.85000
10367.52500
10403.47500
10419.15000
10461.77500
10478.72500
10502.12500
10511.27500
10519.17500
10546.45000
10561.70000
10618.40000
10680.17500
10743.95000
10773.47500
10803.65000
10826.95000
10847.57500
10855.75000
10881.10000
10892.67500
10907.92500
10926.95000
10935.55000
10940.27500
10964.37500
10978.57500
11002.27500
11032.72500
11046.95000
11052.37500
11066.85000
11070.65000
11122.80000
11133.07500
11136.55000
11163.10000
11173.95000
11181.22500
11409.70000
11425.85000
11567.90000
11607.07500
11654.47500
11666.65000
11962.07500
11988.97500

