$ Stimulation Interval(ms): 1200
$ Delay(ms): 0.000000
$ Number of data : 94
$ TSTOP : 12010
$ PN stimulation current max : 0
$ LN stimulation current max : 0
93.47500
107.17500
133.07500
228.20000
451.92500
499.77500
527.60000
688.72500
789.95000
1308.30000
1325.87500
1353.10000
1380.30000
1656.92500
1769.57500
1811.57500
2223.77500
2517.45000
2560.02500
2598.70000
2865.77500
2975.40000
3104.40000
3638.15000
3658.97500
3715.82500
3749.25000
3933.77500
3954.95000
3987.32500
4164.92500
4179.70000
4662.95000
4952.05000
4971.15000
5002.05000
5088.15000
5220.57500
5339.10000
5426.65000
5613.45000
5633.17500
5670.20000
5790.32500
5937.22500
6014.92500
6116.07500
6140.97500
6162.90000
6180.42500
6231.27500
6487.07500
6785.97500
6807.47500
6907.05000
7254.57500
7327.27500
7342.17500
7388.67500
7459.52500
7528.82500
7613.05000
7791.30000
7811.72500
7836.57500
7979.75000
8409.62500
8482.85000
8506.75000
8546.05000
8560.40000
8577.90000
8591.25000
8619.27500
8851.92500
9082.62500
9198.62500
9251.12500
9278.45000
9604.77500
9620.22500
9646.70000
9682.35000
9766.85000
9783.35000
9855.87500
9967.05000
10057.07500
10727.20000
10843.62500
10885.62500
10940.65000
11090.82500
11804.42500

