$ Stimulation Interval(ms): 1200
$ Delay(ms): 0.000000
$ Number of data : 114
$ TSTOP : 12010
$ PN stimulation current max : 0
$ LN stimulation current max : 0
83.45000
142.25000
153.85000
169.90000
191.00000
225.27500
264.67500
376.60000
583.67500
745.22500
945.37500
994.20000
1014.92500
1046.82500
1070.92500
1325.15000
1381.52500
1429.05000
1677.62500
1919.67500
1946.82500
2091.27500
2184.00000
2466.80000
2510.17500
2597.70000
2651.97500
2686.25000
2939.32500
2977.22500
3159.65000
3359.77500
3449.32500
3534.75000
3610.30000
3746.62500
3789.02500
3916.72500
4039.75000
4073.30000
4179.50000
4231.82500
4516.32500
4788.00000
4847.72500
4971.72500
4991.85000
5004.02500
5029.42500
5062.97500
5237.05000
5419.85000
5571.05000
5670.22500
5770.85000
6009.32500
6110.62500
6141.85000
6179.10000
6241.65000
6333.25000
6531.00000
6544.57500
6696.67500
6835.92500
6982.80000
7326.60000
7356.62500
7397.95000
7458.72500
7500.05000
7516.40000
7557.87500
7978.32500
8104.60000
8419.47500
8513.85000
8549.72500
8591.52500
8610.42500
8753.85000
8825.62500
8962.67500
9022.55000
9093.67500
9196.92500
9252.22500
9628.37500
9664.82500
9685.65000
9710.50000
9741.10000
9767.75000
9783.10000
9810.70000
9943.85000
10295.05000
10457.35000
10573.85000
10658.92500
10685.27500
10780.92500
10818.22500
10881.72500
10941.55000
10992.60000
11025.97500
11056.72500
11074.85000
11156.32500
11306.80000
11559.62500
11647.47500
11740.47500

