$ Stimulation Interval(ms): 1200
$ Delay(ms): 0.000000
$ Number of data : 137
$ TSTOP : 12010
$ PN stimulation current max : 0
$ LN stimulation current max : 0
81.45000
95.05000
107.50000
154.17500
173.17500
207.72500
220.30000
237.70000
315.32500
400.62500
438.15000
489.90000
540.85000
614.07500
727.37500
898.67500
1046.10000
1139.45000
1298.37500
1313.92500
1363.70000
1443.37500
1471.45000
1626.12500
1769.20000
1833.90000
2022.55000
2213.45000
2326.05000
2476.72500
2500.37500
2559.00000
2642.25000
2746.82500
2939.60000
2977.27500
3017.40000
3159.60000
3179.92500
3195.07500
3214.37500
3299.12500
3396.05000
3429.10000
3450.07500
3639.37500
3746.50000
3763.20000
3787.47500
4151.40000
4268.70000
4386.45000
4429.90000
4591.70000
4726.20000
4801.15000
4916.37500
4959.17500
4982.27500
5035.75000
5120.90000
5314.52500
5596.82500
5645.70000
5670.72500
5901.35000
5991.90000
6157.75000
6194.00000
6207.82500
6359.85000
6388.77500
6411.67500
6457.55000
6480.10000
6508.60000
6526.65000
6578.95000
6753.27500
6809.62500
7111.10000
7228.35000
7275.72500
7313.82500
7341.55000
7389.75000
7729.75000
7978.55000
8030.75000
8084.50000
8370.55000
8408.85000
8467.17500
8497.65000
8549.90000
8590.75000
8659.42500
8696.25000
8713.92500
8780.87500
8807.65000
8823.05000
8842.70000
8977.27500
8998.42500
9106.12500
9292.97500
9539.15000
9622.35000
9665.57500
9683.20000
9709.97500
9830.32500
9868.55000
10043.17500
10254.85000
10341.22500
10429.12500
10651.40000
10677.70000
10767.62500
10895.45000
10942.55000
10996.47500
11058.02500
11112.92500
11166.10000
11267.75000
11489.32500
11576.72500
11663.00000
11766.15000
11802.30000
11816.72500
11871.10000
11902.82500
11976.57500

