6.01213291753
6.02069986896
6.03918090585
6.05705837202
6.14805217964
6.19275810268
6.4310330977
6.5554471077
6.58574399203
6.60046149181
6.62139623662
6.63063367961
6.65425908836
6.67053233411
6.70227958567
6.72899115383
6.8362044556
6.91445227712
6.92151547381
6.99792229283
7.05716906293
7.08301007302
7.19741193574
7.22852110155
7.2576809437
7.31428938546
7.3329162268
7.40848151837
7.4385879766
7.46781575904
7.89293968923
7.94871858367
8.00631348578
8.1417266431
8.14806118557
8.23773937635
8.35074674102
8.36104235925
8.37570892379
8.44451746705
8.47877893327
8.58056970063
8.73991921087
8.88337570219
8.94087261421
9.19283424667
9.29845779212
9.51740784973
9.64411998116
9.70411094254
9.71608905327
9.77455302116
9.94811383815
9.96354498503
9.99389845316
10.0624439223
10.32654534
10.4340915826
10.8373553931
10.8819701386
10.8893008679
11.0599836927
11.4011412593
11.589802766
12.2987920486
12.3128871033
13.3136889535
13.4712572778
13.8068090966
14.2275572101
14.5146887638
14.5303102336
15.0172019501
15.4320726629
15.6784463811
15.7506031176
15.9303976575
16.0277838537
16.8923572392
17.2042579508
17.4272013719
17.696996481
17.8749409981
19.1489113564
19.3324115007
19.6403943581
19.8275620268
20.2816987504
20.3562897602
20.5359901415
20.8498432662
21.0683168628
21.2759196929
21.7936965792
21.9336471952
22.0124288155
22.0778851338
22.4118016594
22.6797051414
22.7261758679
22.9429794047
22.9523968812
22.9628686994
23.1297286857
23.412236696
23.5421747658
23.6680592942
23.8985882578
24.1746178844
24.1909761017
24.5977903663
24.7016861038
25.1837071254
25.2151754922
25.4504990997
25.5482400925
25.7295390828
25.8486077582
26.0080975766
26.3597381568
26.4522295525
26.5200158695
26.5966180205
26.6914301706
26.9065871862
27.3147171161
27.6332381093
27.7086991863
27.7986512913
28.0367375349
28.9389657873
29.0238371102
29.0569710748
29.1524185914
29.6564917561
29.9426662316
29.9996371574
30.0188918496
30.0462241505
30.0948856316
30.2958748586
30.5568405434
30.8697371141
31.3266303729
31.5176197872
32.05002673
32.5213534359
33.3421818311
33.9114088505
34.1388027766
34.4540936572
34.8145822788
34.874267763
35.1483601691
35.7227590308
36.2310698365
36.3481237984
36.6116304394
36.8076526232
36.9341333993
37.2261282211
37.2694112916
37.4426078846
37.6283514784
37.8594907364
38.1039920542
38.4211740338
38.5516617212
38.5799923376
38.5960594124
38.6949084846
38.7706989316
38.9926420784
39.0428857908
39.0686234242
39.3236641776
39.6685230574
39.7297323657
39.8952031094
40.152609851
40.1672390282
40.4437960699
40.7913947318
40.8761895776
41.0484666416
41.1995592721
41.2897373603
41.4631315256
41.6737385757
189
