6.00865867549
6.01594806657
6.03430723644
6.04164693097
6.07500052608
6.08021523932
6.08405635974
6.09529898716
6.11455149675
6.11931936084
6.13916149141
6.15668006448
6.22095497617
6.23802261002
6.2426832836
6.33682129634
6.37089580945
6.48085413599
6.51794784492
6.55459785591
6.62209066848
6.69115393664
6.71034096375
6.73716874407
6.78101596559
6.80094972375
6.91780496066
6.93204196172
6.96059044645
6.97515685919
7.04877229721
7.08173124688
7.12634773381
7.13580476047
7.19336253696
7.232751726
7.26913412249
7.29764931141
7.33121200154
7.49935405558
7.55134964272
7.60231817826
7.66511421566
8.40820153961
8.43715745485
8.47670670285
8.75500949364
8.82840283446
8.83586181566
8.93037979723
8.9660266673
9.0640815266
9.27740605408
9.55346889604
9.62954101748
9.77145964016
10.0064799234
10.1146460062
10.2075117808
10.8244858503
10.8750812535
11.1437390578
11.2560325935
11.7423091088
12.1430933885
12.2149496304
12.2522298646
12.672668422
13.0093721123
13.1972557297
13.3266631744
13.6001265087
13.6891955565
13.9485790015
14.0325391267
14.7281446528
15.6392948969
15.7022463615
16.2543330149
16.3785988315
16.7219281283
16.8932506668
16.9801880906
17.1011020421
18.025456699
19.2667902404
19.9818895784
20.5285553334
20.6901373733
21.0905052151
21.7495800337
21.8188350676
22.026951196
22.080337555
22.2666908577
22.4013576789
22.5578584806
22.8134617675
22.8565083877
22.8939597859
23.0377793356
23.074150646
23.3043386511
23.3539343708
25.2956534443
25.3622634217
25.7310534034
25.9265543765
25.9895442468
26.0179207233
26.3351176023
26.4903157907
26.6020217704
26.6886202157
26.7742856642
26.9147199613
27.0518806247
27.2591907811
28.111984251
28.6586152457
28.960782005
29.0636649902
29.1598014981
29.4171642182
29.6467614397
30.1899320737
30.4005437579
31.3016236633
31.3749624111
31.532663409
31.6915537665
31.9949537309
32.2420518484
32.4785674453
32.5270302506
33.0002096456
33.4380155946
33.7836711303
34.8481145028
34.8567246417
34.9299915519
35.8419245202
36.0163015468
36.0731526927
36.126700083
36.4004658627
36.5177595013
36.5839055097
36.7828321557
37.0747174095
37.2476927029
37.6543016967
37.9684425629
38.2699174115
38.4265684188
38.4722266084
38.5199731345
38.8715759454
39.0898513463
39.1891501757
39.4397709187
39.6234188999
39.7969653943
39.9778217053
40.0954828488
40.3846270378
41.0500702471
41.1578912571
41.3134972943
41.4717564108
41.9028626011
171
