6.00642703913
6.02059965289
6.03419820806
6.04028635278
6.06639291752
6.2423743345
6.39749573151
6.42828702748
6.44095291482
6.45064959474
6.585536981
6.63830063174
6.66407468218
6.68944158875
6.6957293253
6.81272232587
6.84442681221
6.90078428771
6.93946732595
6.96810304708
6.97656870874
7.00137313303
7.04279349506
7.08411671134
7.12609379476
7.14469899856
7.23971535936
7.25562333293
7.26336665425
7.27214590702
7.28052444932
7.31763441399
7.33336840494
7.39125611159
7.44597499282
7.4641384553
7.51264797302
7.52449529456
7.56442624128
7.77984355646
7.7850070796
7.83976772622
7.87989473825
8.26247802723
8.3362037208
8.47191285292
8.49559381196
8.56305147842
8.59292946909
8.90278438955
9.24073073153
9.34468373245
9.51254730154
9.69848234819
9.79575906897
9.83456943401
9.89498533835
9.90517126673
10.375955937
10.6446183549
10.8549497163
10.9211029332
11.0511753509
11.351459335
11.5187471469
12.0913632305
12.2794004283
12.4005067909
12.8845911368
13.0527830807
13.2169243416
13.4041887887
13.5552212288
13.7552099955
13.8533439593
14.0369588217
14.0553066806
14.4423976851
14.6276146908
14.8548083357
14.9008864441
15.2300461066
15.4364865259
15.6367857771
15.6874291867
15.9294567992
16.0702705265
16.7463894081
17.0860696405
18.042831909
18.0636642547
19.1181767638
19.3466601175
19.4170141467
19.438357544
19.712827034
20.6500654648
20.8741805361
21.3084735259
21.6234684451
22.0499656989
22.2372935765
22.4359266893
22.9057499999
23.6855377975
23.9166145473
24.0288047081
24.3169241392
25.1573977395
25.4777880169
26.5017344796
26.6651342638
27.8628219023
28.1401385816
28.8755081936
29.0217353986
29.1510808244
29.4021122155
29.6993420548
29.7838484628
29.8093245571
30.0820458251
30.2481563091
30.3883319957
30.4758481885
30.7121900445
31.3491198784
31.5058401981
31.8529973197
31.8810009776
32.2519765765
32.5753382928
33.6773772599
33.7742643457
33.7878012589
33.8906923633
34.8581672642
35.0705008943
35.5788322339
35.632035778
35.7060939678
35.9252386748
36.1975730863
36.2694233105
36.4604418285
36.7377805792
36.7641903028
37.227648053
37.3161026441
37.4205511647
37.4634712489
37.5300393188
37.9003533245
38.0835391707
38.4850396158
38.6642655926
38.7404334071
39.565294964
39.7803729039
39.9863952802
40.0856184925
40.1208740302
40.2049449851
40.6792302566
41.7189637945
165
