6.01199506876
6.02880098978
6.03464395579
6.04934572465
6.057874805
6.07111132206
6.08087298851
6.09734529959
6.14998615262
6.15502929638
6.17112167587
6.18153639756
6.22041655642
6.23570492016
6.25784021068
6.27799301508
6.28479428915
6.30551997758
6.33726973569
6.3642958651
6.38448733803
6.7622149597
6.79358408397
6.83838158701
6.85299414015
6.86685784815
6.87939982333
6.90371006322
6.95277477615
7.00026105377
7.07153330782
7.11883051202
7.14027461665
7.17572906385
7.19811382442
7.20416821605
7.21198564336
7.28215670284
7.40281255193
7.43140928482
7.4525374445
7.51116215666
7.51697981434
7.53269812558
7.54066475506
7.56161561512
7.61137230614
7.61890515012
7.67507535549
7.68946270677
7.69518078492
7.72888720935
8.15416420895
8.19298874503
8.44050903467
8.45779421437
8.63566863529
8.70695081144
8.73123191831
8.8001795694
8.92495653613
9.09822658851
9.40518159461
9.46426186086
9.63484246236
9.68234385344
9.74174674116
9.76287492333
9.83837773824
9.97657017068
10.0937547044
10.1820702043
10.5236664598
10.8456038069
11.2259985921
11.4048947147
11.6003562177
11.7811071773
12.1337502724
12.3278844323
12.7109751239
13.289856177
13.3033435124
13.414743441
13.6507577867
13.8198406024
13.9396662215
14.005212878
14.0809256629
14.135110273
14.449747815
14.6470646859
14.7303409576
15.1220837459
15.2937676094
15.7614054184
15.9670148774
16.1223164099
16.3137464735
16.4483568629
16.6428294925
16.9321449397
17.070366485
18.0673078165
18.3319539898
18.5183134919
18.9943052859
19.0563242164
20.4781770689
20.7379804324
21.0865166091
21.4803128418
21.610602425
21.7721016423
21.7885407346
21.9140329525
21.955277197
22.3399176133
23.0073079462
23.1565475156
23.1912087736
23.5156898743
23.7897127677
24.1040951088
24.2145250142
25.2586948207
25.398182892
25.4913500654
25.6205588254
25.8462827728
26.1433536709
26.4809238602
26.849248768
27.0105430547
27.5869931779
27.660680054
27.6704099921
27.8160100405
27.9884697134
28.3097224827
28.8528238619
28.9404569783
29.1003093928
29.266847433
29.7132583645
30.076554841
30.1326430165
30.2308556557
30.8894250383
31.206750512
31.2309756924
31.4257498003
31.5116061318
31.6737492562
31.965716014
32.5882789012
32.8742229428
33.6776139629
33.7676641804
33.9397697396
34.1826516866
34.8474523262
34.9803282105
35.0273818201
35.1351069781
35.2214966084
35.6744931228
36.0832577573
36.1445211142
36.3967034903
36.45621896
36.4824144659
36.6253743386
36.6607139024
36.9324473832
37.2635724026
37.307882935
37.3373986313
37.4939806375
37.7671754471
37.8950304523
37.9969659862
38.3719537813
38.4321100424
38.5133140943
38.6276391581
38.8403647746
39.1415780803
39.8035817015
39.9645054263
40.1795640314
40.3320125959
41.2486300993
41.5165373131
41.6612038827
41.9592556161
196
