6.00405530399
6.03863001452
6.06469327211
6.0682804431
6.07527747392
6.09800723928
6.10818197098
6.12579599857
6.22908148909
6.24738759279
6.2694419554
6.2821065764
7.05378826156
7.07727557552
7.13187436488
7.13881863328
7.15629402638
7.1869865078
7.22911399248
7.25452199732
7.27752831989
7.34276106102
7.39181589881
7.40891914271
7.46607289244
7.4793341017
7.65915771633
7.69987850063
7.72757563979
7.76507007296
7.84575815248
7.96433324447
8.02696495622
8.08155802432
8.42857969335
8.53990925468
8.6498038177
8.96933406561
9.47867046144
9.69111867885
9.77452674233
9.84603852702
9.8541791132
9.91366871533
10.0017516093
10.3036486411
10.5037023253
10.5459812412
10.6974807906
10.7289393576
10.8362902307
10.862340894
10.9038508083
10.9843097343
11.1676960593
11.4906140279
12.2030337812
12.2918020955
12.490265424
12.6539337356
12.99495875
14.6338029251
14.8492746809
15.0256449994
15.3719734542
15.6404230992
15.8706589139
15.9399085335
15.9761527894
16.0384752429
16.4725495402
17.0735872285
17.511352752
18.0175467403
18.0697198347
18.5636664519
18.8133687583
19.3745521333
19.4620168733
19.6324259917
19.6725366557
20.0722350023
20.5496546161
20.7192718864
21.1125986202
21.7621341216
21.8590395503
22.0978244809
22.166004629
22.5100825013
22.5597103533
22.7524560788
22.9296579585
23.0191391162
23.2712238808
23.3738648404
23.4215571654
23.6070271335
24.2859098763
25.2940741391
25.3040710928
25.5203929857
25.6548510249
26.2083874677
26.5221778224
26.6190856192
26.7155437083
26.8038027186
26.8698113163
27.6602807672
28.8251915906
28.8771613636
29.0147266959
29.1832682724
29.3891593529
29.5470680449
29.850233161
30.2182936847
30.3886929319
30.488710184
30.6832424569
31.0031468789
31.3071286579
31.5335047202
31.6053966513
31.9132521194
32.3137906061
32.7212770966
32.7351853114
32.7518321172
32.9391810221
33.0806760666
33.3166295723
33.5874740481
33.8651661686
33.9904792293
34.3260200125
34.6184922523
34.9500581991
35.0659189966
35.1572719331
35.1772957648
35.1955542822
35.322971131
35.7081906102
35.8449668446
36.212724411
36.7178503077
36.9864569785
38.4684827542
38.5586979632
38.6160302865
38.7770260647
38.9096278652
39.1137352556
39.1488114685
39.245740593
39.6594554791
39.8336365953
41.2239339582
41.2945821361
41.4656911645
41.6148792836
163
