6.01306306727
6.02581940284
6.03075393188
6.04198055442
6.0500608864
6.05809860045
6.06270125499
6.07296126919
6.10870121408
6.13672796344
6.14478356214
6.14999618848
6.15875094036
6.18923198258
6.20917203031
6.22778660727
6.23440778831
6.26534964101
6.27871602888
6.32539663169
6.33269931084
6.34002967925
6.36422748284
6.37397679479
6.38530656895
6.39372781722
6.41968360536
6.44566041983
6.44959829049
6.48373454237
6.48846423806
6.51634223115
6.5751983422
6.61536559833
6.63096180495
6.63867353109
6.66028392941
6.66382661524
6.66742805966
6.74892811891
6.78385529403
6.81707075905
6.8973677036
6.92925586741
6.94535994498
6.97497858402
7.04579997023
7.09706948582
7.15316974388
7.26951216685
7.30819787221
7.41795454597
7.43366269694
7.45141712761
7.45894228874
7.51211178954
7.5331889732
7.60005614507
7.70652389706
7.75375351845
7.90301388294
7.96923836928
8.00189857672
8.08096167961
8.19180758808
8.24195414678
8.33037702537
8.42920430975
8.43424577521
8.48197646536
8.49090557062
8.54487468782
8.55461311114
9.31856292575
9.39770956788
9.43845526116
9.76177741112
9.81246961358
9.8608779908
10.2304943183
10.40508277
10.4969340823
10.6538559324
10.7776794446
10.9245235412
12.441660795
12.7154720042
12.9888520922
13.1199125384
13.2725427079
13.2872229758
13.4291484226
13.5081070358
13.5566238573
13.6958021087
13.9399799257
14.3379446486
14.5682872956
14.7071462093
14.8559844326
14.9541765926
15.0480887929
15.1893615779
15.5748247749
15.667885271
15.7547068526
16.0894039993
16.1955897561
16.6652945978
16.8373075658
17.2505188121
17.5007336342
17.6031377632
18.2280498923
18.4047649046
18.4931393129
18.6265809038
19.0107980411
19.2097496803
19.3301926785
19.7041468411
19.9479072178
20.1730941023
20.4941780392
20.6379477655
20.6718457064
20.9095297764
21.0274195578
21.3051468156
21.3781945605
21.5908822113
21.6671640453
21.6801315092
21.7684311819
22.001356079
22.1555805449
22.3035577084
22.495383793
22.8404993088
22.9004828268
23.0581880267
23.1165358808
23.1731465772
23.4041433346
23.4854077317
23.8871475556
24.0670597907
24.1120985068
24.2972925701
24.4450395938
24.8708856873
25.098207073
25.3606583278
25.4338260396
25.8253039459
25.8619436139
26.1130239081
26.2870769739
26.7561716572
26.9417440213
27.0006852358
27.2169529645
27.6542890834
28.004762219
28.9709276337
28.9841382243
29.0692327183
29.769673491
30.7125569902
30.881831546
31.301777277
31.4144050509
31.6095568963
31.8489355781
32.2708816289
33.8199923385
33.9367214495
34.1077833012
34.769403473
34.870503754
35.0552382622
35.0769122662
35.1586040606
35.4275202817
35.6371050225
35.9691185562
36.0405148561
36.1118299031
36.2734808139
36.4014198421
36.6340271159
36.7790346532
37.1383742918
37.2725574107
38.5599516187
38.6361700602
38.7797002504
39.1167916049
39.2266506716
39.7724815843
39.8138212886
39.9463803387
40.310345962
40.4221226828
40.6299850414
40.7953210667
40.833705543
41.3673937216
41.5528634029
41.8252981187
210
