6.00433114626
6.01767743368
6.66517270536
6.85381525804
6.89940060792
6.92676805215
7.11992598218
7.15008934991
7.23443994247
7.29201264918
7.30503975933
7.39351959528
7.45616943281
7.49419243071
7.50217575634
7.58028402174
7.59970340555
7.62905876599
7.65894050932
7.71760286634
7.72283802904
7.74455417466
7.75269265578
8.04265372341
8.11766143112
8.24738705662
8.33512408958
8.45904668133
8.52251362285
8.60780019268
8.72402102142
8.84875659603
8.93643750788
8.97738424495
9.11160144684
9.23335166467
9.4227181059
9.64008714728
9.6466251773
9.70866602682
9.78679455039
10.0033586283
10.0605115901
10.1992889466
10.2836978525
10.7325268103
10.9513566261
10.9915073717
11.1424654477
11.4625455161
12.1331635681
12.2482763157
12.4453546535
12.6074115426
12.6937315682
12.8230669906
12.988403717
13.2126746459
13.3085496904
13.4752771713
13.5944225343
13.7960681193
13.9841727595
14.0028970042
14.3760815563
14.6933975759
14.8061009807
14.9947153368
15.7371081282
15.8075769427
15.9497452618
16.0463289929
16.3548994327
16.4803932214
16.7018211984
17.0180592028
17.1320907826
17.3385647226
17.4126599167
17.572326976
18.1288933222
18.4002892204
18.5046439312
18.6855568946
18.9222102516
19.0298974963
19.1718030255
19.2995949392
19.4526352683
19.4981941573
19.5153518012
19.825400971
19.9778475473
20.0796203586
20.3853164984
20.5290631262
21.2369206142
22.280585217
22.3234411759
22.7728038214
22.9327849795
22.9463946066
23.0169641947
23.1237147854
23.5259792979
23.7454702655
24.0445554811
24.1467605925
24.4975379953
24.8727901644
25.439728437
25.5103879566
25.6601953233
25.7940428881
26.2657364591
26.6106724708
26.6283603524
27.0106057158
27.0584740989
27.3898006747
27.6781847367
27.8135963931
28.2679530871
28.6040775283
29.7975192996
30.6975652627
31.0170604649
32.4744396946
32.6182978928
32.7695984422
33.0047467609
33.1534231433
33.6126874964
33.6360099792
33.7597297296
34.0196363703
34.20548292
34.6390301028
34.9864151319
35.156151589
35.4156545624
35.5451686856
35.8163307611
37.3868106203
37.5125937881
37.9328843343
38.0675476478
38.4290157933
38.520691491
38.9047262037
39.1459833764
39.6937815354
39.8039027361
39.8992737608
39.9920894599
40.3841297639
40.4310853483
40.5145106652
40.8602273704
41.25397616
41.4563386899
41.5828631366
162
