6.00985947192
6.03304473302
6.05337623457
6.05976968729
6.07821344952
6.12856281333
6.13976981671
6.16182864142
6.18903444911
6.21378373858
6.22361867456
6.23779460988
6.24499647893
6.26801700299
6.27571402495
6.29666667131
6.30689727907
6.33692087107
6.36972038762
6.38518633372
6.40953405338
6.44087853619
6.4511351075
6.46385997328
6.49460429068
6.52623796329
6.53796633401
6.5614934151
6.59667054792
6.60331302642
6.62230173004
6.63220969651
6.65674256672
6.70190396716
6.76210480437
6.80767449963
6.81933841559
6.87163927894
6.90395044032
6.93686571925
6.96029804557
6.99485046688
7.05004925511
7.07026655095
7.12491898552
7.14479373086
7.17034005932
7.17452486542
7.210717451
7.24790818095
7.33804105779
7.39040806197
7.41693839429
7.47106923407
7.49139136305
7.54931625536
7.6087778472
7.65034582335
7.72193157927
7.75484558239
7.79032304574
7.86788613519
7.92625410665
7.99335354186
8.44675328288
8.46887786655
8.50827525386
8.67647056502
8.75866199478
10.3158214174
10.6029691939
10.7999487641
10.9109125253
10.986288833
11.2328607381
11.3431710559
11.6676005856
11.8391141778
12.114885028
12.2573166679
12.6403507173
12.855127061
13.3310253805
13.5101734506
13.6076612173
13.8262451011
13.9277124902
14.3039678087
14.4303050627
14.6124348381
14.7358222062
15.1360076077
15.9000102624
16.137895768
16.3669646853
16.65101286
17.0018873529
17.0262460504
17.0888705818
17.1058849761
17.2618585816
17.49644546
18.0920624178
18.4951672291
18.6638447116
18.7071394311
18.816291665
18.8370265072
19.2120007615
19.2515776601
19.2920499939
19.5525807105
19.7247228335
19.8705924518
20.0405811134
20.31495551
20.4909110325
20.6534907646
20.7934473046
20.9901409897
21.0426423878
21.5016769824
21.5591736804
21.7797648028
21.8929061001
22.0457596031
22.2582663369
22.4816827354
22.9829390213
23.0462323321
23.2503722253
23.401270772
23.7281389156
24.0822360901
24.244044427
24.4116111099
24.5736410065
24.8657758661
24.9283256467
25.2163842069
25.2920442863
26.5271562053
26.6679345315
26.9574143633
27.2534836776
27.2739527149
27.5008407335
27.7900321581
28.0326912873
28.1641859697
28.5354834478
28.7136310929
28.9222799657
29.0454153107
29.1675565859
29.3168567487
29.5396705232
30.044820826
30.1629050973
30.2726828339
30.6629883444
31.2755531004
31.3546996831
31.4544019011
31.5704104463
31.8735725213
32.4270248712
32.6022111255
32.9842966658
33.0871950968
33.2540196477
33.4042081955
33.6477223989
33.6634778576
33.7751704093
34.0141405328
34.3534424167
34.4784589635
34.8937401339
35.0819598568
35.1328963357
35.1564665403
35.3005375366
35.3730023144
35.5434066276
36.007462815
36.45814447
36.5886241712
36.9404175782
37.1700289608
37.2508052223
37.334471108
37.6431451529
37.7300966285
37.8286518921
37.8900561228
38.0946941945
38.4600388052
38.6262806978
38.8079626678
39.1828405736
39.4028607076
39.6554308622
39.7756864011
40.1408024161
40.1616875434
40.4608785721
40.7107880111
40.8864246416
41.1092722132
41.2241183931
41.4380678259
41.6185923269
41.777654213
214
