6.0273936695
6.08381943739
6.11317062577
6.14141798234
6.15403459385
6.17675346253
6.20968894856
6.21585306022
6.23205303114
6.26929606891
6.28625787685
6.29464358341
6.35462354643
6.36723889767
6.3936969727
6.42345294575
6.45212298881
6.46302942163
6.49733566621
6.51231235224
6.81394675304
6.83815826629
6.8513720577
6.88930376648
6.90907617854
6.93900956596
6.95487284506
6.98707410219
7.03271721635
7.04506103282
7.06362851603
7.11192507077
7.12665414907
7.19362663817
7.25444365635
7.29705168667
7.41164983888
7.44740355703
7.47869515933
7.50260646942
7.51292649061
7.56983620597
7.71572585216
7.82896636598
7.83330317373
7.85381487397
7.93907279269
7.99643100432
8.05651404012
8.0644837302
8.13903521232
8.1932275383
8.29836690712
8.38869498183
8.4827104982
8.52536268146
8.57818669968
8.66156507828
8.73092301613
9.60962719974
9.67139420382
9.69534950041
9.78919169101
9.90945613263
10.0428101623
11.201963058
11.4960851241
12.0798207102
12.2017122321
12.5805215073
12.6881074472
12.7680812193
12.9254964423
13.4102745858
13.8286417909
13.9580129075
14.1524038556
14.4752854804
14.5594140473
14.6576105187
14.7783109915
15.0143842462
15.1278587919
15.2336383553
15.5788030854
15.7207370073
15.7897046593
16.0879200437
16.4271147889
16.4815732827
16.8228379674
16.9010770415
17.2072619175
17.5139487202
17.7364953894
17.8356105513
18.1888411902
18.5037571061
18.8850370843
19.2472725727
19.3307193352
19.6453240634
19.7123615728
20.1906901061
20.4796924047
20.928645416
21.6658610412
21.7348597894
21.9660055726
22.0371286892
22.1344670291
22.5337829814
22.6785844786
22.8528320207
23.0868793796
23.1434400419
24.0683007629
24.2110741201
24.3670499522
24.6028912038
25.2440234233
25.4044883657
25.5435722515
25.6527696594
25.7515083596
25.918588493
26.0375200606
26.1244696232
26.5747655153
26.7203163784
26.7938223282
26.942128526
27.176538216
27.7331881857
27.8259658004
28.8799338269
28.9956973733
29.1273563451
29.3665085726
29.4668794865
29.766381133
30.1301083561
30.3213700871
30.6518485163
30.8487389926
31.0757643507
31.1559686568
31.259553397
31.4534176716
31.6380112986
31.7759561463
31.8705705883
32.3708282504
32.568265123
32.6193773369
32.681803041
32.8184146149
32.888448434
33.6567992036
33.7549027154
34.0523661146
34.1856112802
34.3753493831
35.0570063311
35.5470363974
35.7117824173
36.0408612002
36.2279155772
36.3572955646
36.4209957315
36.6916394043
36.8201346107
37.2108082051
37.2196516348
37.280065284
37.3656398525
37.4107702914
37.4593576326
37.7441121386
38.0856325275
38.3087216818
38.5296346882
38.6697836044
38.7659653274
38.8245960647
38.954436921
39.4691765188
39.5411995147
39.6945457133
39.7069074851
39.86676437
40.085965069
40.820912837
40.8814685981
40.9676205197
41.1647141613
41.3963302956
41.5392138339
41.7659283261
199
