6.00801171774
6.02184181314
6.03330437708
6.0398100017
6.05430754462
6.19723763913
6.2262451986
6.29561349762
6.31811234778
6.34222175213
6.35657540261
6.40031961754
6.41327903017
6.44504427735
7.24384090572
7.28951245392
7.30847673102
7.33017425996
7.3472417528
7.37798323251
7.42957385169
7.43509096458
7.48524347342
7.61731806905
7.65613899247
7.67129315532
7.74309605045
7.83872367146
7.86046320747
7.92619968131
7.98205848653
8.00492647924
8.01300592929
8.47099171753
8.60519578233
8.72588273827
8.81783166726
8.86386208185
9.0631360772
9.13929168689
9.28591541566
9.45068078428
9.68578684534
10.893116379
10.977810394
11.1566908505
11.2991283209
11.5149305359
11.8933128956
12.1249213782
12.2458580041
12.2927691036
12.4667168697
13.0611085541
13.3340530922
13.3473354549
13.4339558314
13.723172475
14.020220099
14.2921074749
14.4995137575
14.7115032811
14.7398915435
15.2263886573
15.4311161201
15.6107960424
15.7886916725
16.1333683967
16.4719118873
17.0142861773
17.2568293242
17.4630966831
17.786890471
18.1532474824
18.1809163257
18.3302018371
18.6415054663
19.3591403059
19.6428092332
20.2340215569
20.4366162733
20.4985441152
20.6193221876
21.0935084093
21.137180499
21.448679951
21.636139812
21.7000751736
21.8511871965
22.0219735305
22.1283518618
22.2745277679
22.8864857237
23.0543141329
23.2448928627
23.4223298097
23.8038410191
24.1256915133
24.3386311103
25.0047770114
25.2472611767
25.3019065886
25.4461400114
26.2836919503
26.4436149607
26.631045579
26.673452187
26.8219569857
27.1041806343
27.3001827263
27.4598109809
27.6900194031
27.899094719
28.0548892391
28.2483449603
28.3077744484
28.5672743924
28.9731406494
29.097895111
29.3054419172
29.3895248042
29.5425819353
30.1502307645
30.227494827
30.3620169612
30.4382745473
30.5297694557
30.55471842
30.8474238483
31.3597121751
31.5566002981
31.9773959225
32.1705266599
32.5155341632
32.6378905235
32.8635961637
33.0444812004
33.235306511
33.7012944949
33.8215371379
34.2629188033
34.4581855456
34.4928390037
34.901475852
35.058789473
35.245159882
35.6134371941
36.0900833375
36.2323516075
36.2598386037
36.5068117181
36.8541262018
37.1190931262
37.2911541848
37.4014648771
37.5390237744
37.6252705211
37.7049923263
37.7234081446
37.8042622696
38.1080174207
38.4585940319
38.8003418934
39.0466522313
39.7442918065
39.7682742239
39.8466891484
40.0470980897
40.3126123296
40.54374917
40.5746860519
41.1593134227
41.3656195223
41.6110729746
41.8093168317
175
