6.01159151768
6.03559704137
6.06000778379
6.07713959503
6.08626459761
6.09747302649
6.13042336726
6.13890013167
6.15238368165
6.1816669778
6.19339963129
6.21483500346
6.22470183427
6.24396967804
6.26189261183
6.28013502878
6.29804510056
6.32106997808
6.334785997
6.35421281454
6.37518734748
6.39349435401
6.42197200248
6.43370962231
6.73754475373
6.7531853139
6.85976672164
6.88126963346
6.95433662693
6.977446912
7.05158819309
7.07228959101
7.09134993646
7.10734627149
7.15704442947
7.19920616728
7.32498581386
7.34529493026
7.37665891959
7.49807005993
7.56225433714
7.58698112006
7.73743067673
7.76523835902
7.81362368486
8.05500794353
8.21818623143
8.38319666763
8.4929097129
8.61251119239
8.65069774389
8.70010243727
8.81888976189
8.8487874924
8.98625846791
9.08504857743
9.09513680234
9.17413044899
9.37850729409
9.63585669502
9.78372326915
9.84599944689
9.89831178694
9.94171931873
10.2021553054
10.7544361156
10.8531986288
11.0336074661
11.1653962094
11.3352273855
11.5300480111
11.8325357633
12.137466833
12.2565700865
12.4845582392
12.901693719
13.3045894232
13.3565432356
13.447735001
13.573323766
13.6587950778
13.7504220105
13.9611722443
14.3198141924
14.5688389539
15.3084269988
15.5980094609
15.7231750241
15.8908060884
16.0230035575
16.3927713613
18.0659900916
18.2159148506
18.3121102413
18.5074372426
18.6105148115
18.6724393394
18.8734787135
19.2631640501
19.4307628849
19.6796051239
19.8746079006
20.3828652915
20.4239944373
20.4334114951
20.5756014261
20.5958579994
21.766690934
21.9054502436
22.0381439906
22.2331923465
22.2755343283
22.7017558469
22.9187805425
22.9366614594
23.0271452915
23.096283466
23.2594651282
23.5763459707
24.1105075086
24.4137842862
24.7372523858
24.7988819894
25.2208609662
25.3373336983
25.4129667605
25.9341989531
26.5230939496
26.5882299698
26.978798014
27.1129852902
27.7317089039
28.0563443067
28.6215842065
28.9350498924
29.0652348212
29.1583473446
29.3797540379
30.1473777082
30.216287445
30.3645352926
30.7289858842
31.2341955001
31.2619934235
31.3268896877
31.3457201393
31.5762990444
31.725713212
32.0277704092
32.2024185469
32.4811488429
32.5961928345
32.7473510115
32.9807666749
33.05562026
33.2305962274
33.4839823252
33.756760121
33.7788414524
34.1670003934
34.2570638615
34.5879758485
35.3200085897
35.5263783533
36.1088955069
36.526319675
37.0448120325
37.1923735919
37.3408627893
37.4182399227
37.704415646
37.7731311542
38.4619070456
38.4698751264
38.6654924067
38.7239578194
38.9579728505
39.1863819041
39.5852254274
39.7143425158
39.7950302382
39.8074397116
39.9078823769
40.1801404971
40.4814030531
40.8637768723
40.9635512215
41.1644564003
41.6035608286
189
