6.01044718304
6.01431924038
6.02627186178
6.03826602101
6.04941256675
6.06128753316
6.07622478363
6.080575027
6.09875500134
6.11166700161
6.11612795945
6.1310462412
6.13937520226
6.14731317337
6.1633374049
6.1784064881
6.19750368046
6.21635804193
6.25579490683
6.26592077868
6.29251681294
6.31601519397
6.32554752008
6.34341871151
6.35843487445
6.38400302605
6.39231480954
6.41254456201
6.43180808154
6.45334395854
6.50423442173
6.51530822034
6.54713374477
6.62994451778
6.64005574511
6.67189280755
6.67540936713
6.70843151542
6.72860262353
6.73323605845
6.77551497476
6.79089735372
6.8461829102
6.88288369286
6.92764077884
7.02591845927
7.08875299624
7.14196375409
7.17133206719
7.23136788277
7.24602076399
7.25077088452
7.28955974775
7.30672915072
7.55018996776
7.58728936786
7.69212002998
7.75023595245
7.76814423674
7.86529523067
7.89737526349
7.94372619923
8.01885798571
8.05020739795
8.12217858889
8.21320596847
8.31250629116
8.43062751892
8.48886068097
8.54594069843
8.74267789044
8.82616649951
9.68391154778
9.74707767735
9.8025434228
9.97669465354
10.0271074107
10.0824973571
10.382225186
10.5070470842
10.5778707776
10.6766798777
10.9621519814
11.1784323774
11.2104350685
11.3960900694
12.0970525592
12.3514736778
12.3888972557
12.706193052
13.6859924546
14.0487291264
14.2307572002
14.5406556745
14.5958010755
14.7961604748
14.9760799582
15.0633949383
15.298988915
15.5686881403
15.6702388321
15.7989652116
16.1887768857
16.2916553426
16.798366541
16.8278945714
17.114342289
17.2535009933
17.6259753615
18.0396083955
18.1639644243
18.2354282666
18.4441873989
18.7534586533
19.0496484652
19.2884584772
19.3526230516
19.4583776832
19.644032089
20.1037301843
20.3293538216
20.5719045465
20.6240821627
20.6584252409
20.8448426703
21.2423649317
21.6761841939
21.8102163268
21.855703799
22.0068954655
22.1225871978
22.4195779903
22.5301434286
22.9151696533
22.9714784065
23.0785670491
23.2549268617
23.4149825081
23.7433078311
24.0565200667
24.2721075877
24.7185142286
25.2173458072
25.4086959141
25.6004550895
25.8917188267
26.0484914601
26.3210272581
26.4596541681
26.5712572119
26.6091551931
26.7692616154
27.056910556
27.2068401124
28.8920776195
29.7919970975
29.9892704114
30.0611975736
30.1424885842
30.378153764
30.7163654562
30.8496130152
31.0548396622
31.4073611146
31.4570658116
31.5497273487
31.7179239409
31.9797684466
32.1152656355
32.4596055991
32.6342404501
32.9466790687
32.9624582221
33.1181107038
33.1587214398
33.4622731767
33.7478862777
33.7583157555
33.8580559345
34.000869287
34.2731085929
34.5805862037
34.8525865314
35.0146821526
35.1818738158
35.4368272204
35.65137587
36.2194640218
36.2983460836
36.356898015
36.4419983785
36.4595222104
36.5807322776
36.6526891013
37.0162384121
37.3458714643
37.6781023564
37.7856455395
38.0290004069
38.8431762548
39.2022248732
39.4384278879
39.6326872069
39.7303262581
39.8067686204
39.9501665089
40.1549895577
40.9352352433
41.0782992941
41.2958968719
41.4865932312
41.7761364461
212
