6.01113584331
6.03305811911
6.07607934143
6.0956912887
7.2222307568
7.24025814653
7.25175979912
7.33843262571
7.3903920717
7.43410342317
7.47032319058
7.49206034337
7.55038915715
7.6072211219
7.67695725987
7.71743856571
7.74515696768
7.8171276056
7.90077874024
7.96456685448
8.05547019619
8.06079280722
8.20438459759
8.23682563807
8.37507038786
8.44680841449
8.48293986583
8.58922110947
8.63833519999
8.70115899732
8.76231022779
8.86489042943
8.95493158247
9.22997108989
9.30930595258
9.54844034795
9.67539116875
9.72714734313
9.81836138543
10.0695976924
10.2764429873
10.2958474567
10.5322243926
11.0881558786
11.1452862338
11.4115291383
11.7653316998
11.8026151685
11.944764922
12.0982792987
12.1244677108
12.2585418096
12.4835197068
12.769288579
13.0147147104
13.1909664481
13.2349448914
14.1439229931
14.2845205515
14.3278320581
14.4725807913
14.6561888027
14.8908866775
15.2042788632
15.3690473303
15.6682929386
15.7241999322
15.8512341543
16.9211362032
17.1331079873
17.4416735683
17.9883196784
18.1900827393
18.3061710183
18.5357939773
18.6752257454
19.2855896106
19.5491445438
19.7551568929
19.8708219101
20.3685166964
20.4454817639
20.5596630577
20.6825442777
20.8695665305
20.9179267917
21.2290371137
21.4120454107
21.6623557459
21.8380887663
21.9989913064
22.2976647928
22.4739588554
22.7032861441
22.9170448645
23.081409933
23.1100537709
23.1938289535
23.3421685152
23.4705660034
23.7229631395
24.0084108848
24.0983385665
24.222051928
24.3071922866
24.4449082489
24.6848726956
24.8215862268
24.9691589107
25.2893266008
25.4643110926
25.6336763363
26.5505330657
26.7482422608
26.9562682838
27.0755193233
27.438880716
27.772416544
27.8511991389
27.9804960753
28.5753132871
29.1723724961
29.376586328
29.5118216681
29.5938122796
29.7163058412
29.8371972488
30.0687257144
30.2640701965
30.5605321323
30.7118560046
31.3340096699
32.4582988915
32.8565066135
33.5665738379
33.7482540664
33.9156322181
34.1090854785
34.3711982799
34.5905172152
34.7001139862
34.8499840473
34.9706338659
35.0246259485
35.0866512763
35.2906145143
35.334804429
35.6572323979
36.1187194473
36.3063224567
36.4357816861
36.4891593589
36.8247272275
37.310627776
37.3244410291
37.4505822184
37.5105774466
37.5964769016
38.5505112737
38.7791733698
38.9643170029
38.9996749765
39.0871480156
39.2281268917
39.714071463
39.8583726375
40.0091587858
40.0344418611
40.0628633661
40.2916591431
40.660568698
40.8074721394
40.8335699706
41.1320254935
41.3680849
41.5071537887
176
