6.00914417309
6.02771187612
6.04137824576
6.04752949874
6.08561050489
6.10882120095
6.15809833483
6.16701631896
6.17992859907
6.18509649989
6.1954837314
6.21153039635
6.22192414263
6.23599608037
6.2561878458
6.27067004232
6.34810182753
6.36709371871
6.38997297207
6.40947005591
6.41494112757
6.45042091777
6.47408458856
6.5052289056
6.56564005116
6.62016261176
6.65517382036
6.68396331113
6.74409965505
6.75109593719
6.75452142959
6.77654784732
6.80268853124
6.81227102154
6.84818396894
6.89185163226
7.0641181485
7.10839546722
7.14075415044
7.14477054972
7.16629267616
7.21861945657
7.23645086348
7.24098310968
7.30890303906
7.32298742013
7.35312234936
7.37060509887
7.39648274052
7.41846848363
7.44098633994
7.47281351185
7.5379588055
7.587871989
7.66210253254
7.71747623942
7.77581383136
7.81747132807
7.92870914651
7.9839549645
8.05002762529
8.08833161464
8.27530296
8.28284194957
8.39951831878
8.42762397575
8.50202121121
8.64488532409
8.80843795314
8.96414972714
8.9917742641
9.20571262261
9.32667875546
9.37022731592
9.59383800617
9.68616765226
9.74588447776
9.90410494406
10.9885258401
11.2206617759
11.2754538896
11.5179173148
11.6634777191
11.9919471256
12.0160054028
12.1215488895
12.1596915477
12.3788027404
12.4609189958
12.6630613679
12.7688765655
12.9840470642
13.3312763684
13.517946667
13.7397206176
14.0108218907
14.1925373259
14.5160630053
14.7129947876
14.7374435595
14.9377772208
15.3019019034
15.7502148968
15.7636270964
15.8920686726
16.0049557272
16.0231093098
16.3680913416
16.7302233502
17.0001085672
17.1559915541
17.3216400234
17.4437098988
17.6529254665
18.1333028319
18.1960293516
18.3118449214
18.4317098765
18.6882247482
19.0064285474
19.2362450953
19.2618075766
19.3710019394
19.5456797833
19.5873330197
19.6195193849
19.8290770063
20.4840052556
20.5994049515
20.7835352859
20.8176545549
20.9364130079
21.0797951686
21.1881948396
21.4147176819
21.913659957
22.0173919675
22.3991481331
22.9298814706
22.9743778108
23.0595690439
23.284572788
23.4813724001
23.5621268467
23.6858255556
23.8269144194
24.0677143789
24.1511959546
24.2337704534
24.3721963803
24.7030478574
24.7295702215
25.282578454
25.4845951653
25.6197972705
25.9037151611
26.0859803418
26.4632971117
26.6677450809
26.8205280578
26.9439081898
27.6174652407
27.8099405361
29.7604693466
29.9278215881
30.1082390741
30.5344184491
30.7417602979
31.0977667595
31.3441210079
31.4695583924
31.4866464618
31.595991716
31.7059172751
31.859273308
32.1813072028
32.2586137088
32.4516247648
32.4683271017
32.5149712229
32.6415448271
32.7449372966
32.8407188731
33.1872318793
33.297221298
33.4502789578
33.6821670937
34.0657011205
34.0876549891
34.3086081081
34.7065837656
34.9333160859
35.1150183697
35.2444342406
35.3252078544
35.4229305878
35.8253342532
36.1650678593
36.2693096729
36.3893082158
36.5643609215
36.7507953107
37.2849346079
37.3226789691
37.4989191678
37.644641644
37.6635364603
38.4234117452
38.487777369
38.683541145
38.8710798046
39.5345361044
39.7337369416
39.840787589
39.8616796719
39.9809590102
40.0788325849
40.2274892595
40.5896370076
40.8843358993
41.1102713463
41.2581289098
41.4837399724
41.5049543333
41.6662135573
41.7774267694
226
