6.00722325776
6.01207151382
6.03849209282
6.09471273763
6.10927634282
6.13093881748
6.1518607317
6.16434821721
6.22726590401
6.23771678131
6.26319536876
6.27138391061
6.29565540928
6.30539101604
6.33026916972
6.35271031191
6.35846372057
6.36868713732
6.40356409959
6.41710071471
6.43882353378
6.53757556022
6.56554498818
6.58420637784
6.67471031134
6.73592618547
6.74759271283
6.88397873237
6.93142064145
6.9495120097
6.96657755347
7.17426216904
7.24708348433
7.30957288237
7.3205550522
7.34557044316
7.37819216532
7.38947093679
7.44695457376
7.46143260842
7.52715485678
7.53089848251
7.53911964247
7.57068394856
7.62568590879
7.70801435494
7.81158839811
7.8448835763
7.9163213952
8.00608784089
8.49091789042
8.52316932369
8.54503504679
8.63124835578
8.6516373412
8.69849532225
8.73555221967
8.78000602202
9.19628976163
9.45216632839
9.75279775629
9.79056877066
9.93039789325
9.96767508485
10.059844389
10.0988038996
10.2141659257
10.6177034997
10.8673722139
10.9233679821
10.9928966692
11.1197828526
11.2034466361
11.7934297564
11.8258922306
12.0739324315
12.1492483113
12.1928417536
12.5933594854
12.6120592232
12.656979817
12.8753204861
13.2096575388
13.3533656904
13.4885503463
13.7668685968
13.8590954167
14.2662229105
14.6112050961
14.6828248009
14.8272319854
15.6854176696
15.8025016002
16.0031437675
16.0221968639
16.2723185003
16.5182836938
16.645059392
16.7494345021
16.8665881673
16.9270096732
17.0242795748
17.3354670501
17.7710545363
18.1248740756
18.323977756
18.4598791639
19.2340452078
19.4276016957
19.4770931051
19.7591621056
19.8266870111
20.4245717153
20.6556243403
20.7620807338
20.8860407171
21.2595869358
22.201227757
22.549759172
23.1813056139
23.4438431387
23.6560873087
24.0470705094
24.1730644652
24.4145317513
24.5370486031
24.9987848002
25.1474833536
25.3046551897
25.3888474992
25.567589806
25.7046561246
25.8666221497
26.3279510879
26.5362115359
26.6022453717
27.4686266952
27.7860478646
27.9581271514
28.1452978563
28.3058979062
28.5109225841
28.776008415
28.8473494144
28.9876073859
29.111854817
29.2746377614
29.5462766971
29.6747349391
29.803101297
30.0198977928
30.1436107935
30.2171391854
30.5106984043
30.6133403001
31.2424559574
31.3632091451
31.5164226778
31.6727388034
32.0710272699
32.4591012377
32.4779264261
32.5357410366
32.7234696306
32.8632926868
33.1075450071
33.2960864072
33.6445129597
33.7031425066
34.0366222922
34.2924200349
34.946834051
35.1197480739
35.2426217239
35.9862420242
36.0897596643
36.2448888316
36.3132699045
36.392869194
37.0849750182
37.2571685773
37.3589672572
37.39488779
37.6025152178
38.0158089693
38.3414181551
38.4857592423
38.6402773915
38.8024488475
39.0187676054
39.2774531134
39.7433996382
39.8803666675
40.0393670957
40.0920112155
40.4537924902
40.5873101214
40.8240941764
41.1965356292
41.6594049425
200
