6.00502003156
6.01014416716
6.01773624409
6.02318192741
6.05557070306
6.11402021661
6.12311615546
6.13330751469
6.18505670982
6.82375755336
6.82938517113
6.83834861369
6.9584558602
7.0945651589
7.10209458171
7.1694650801
7.19963739966
7.272338249
7.34987476583
7.3791652245
7.47616253919
7.53006536701
7.5786916909
7.86387034758
7.90314928128
7.92711906454
7.96841165971
8.01800830784
8.02846950401
8.08823724179
8.16917787781
8.23552179264
8.2693704209
8.3948276167
8.42172712775
8.52817945078
8.61809488445
8.73635119419
8.94248775897
9.07037483239
9.20564523516
9.27308292055
9.4606307818
9.61595687134
9.63589654786
9.97218002201
10.0913005337
10.2034872112
10.3444916668
10.4631495988
10.7242663063
10.8797421852
10.9343790463
11.0526741597
11.2557632105
11.3172366367
11.3334451417
11.3780045953
11.6381555586
12.314805286
12.6408422268
12.813021263
13.2239940128
13.3609905079
13.5239546189
13.6584023089
13.7615043639
13.89043616
14.3553418433
14.4883969278
14.6148748241
14.8553212288
15.2799573456
15.3224983193
15.6597359624
15.7409954348
15.755516569
15.8540261177
15.9835454234
16.487729432
16.8984884571
17.4092832803
18.0358620033
18.1795110789
18.3449712889
18.3885258101
18.5780088751
18.9205258088
19.3177707219
19.47232012
19.6674669676
19.737686932
20.0808028186
20.4141607181
20.8510097736
21.0205525522
21.5452986356
21.7315452778
21.8745969206
22.0781103265
22.8472239365
22.9585759132
23.0071848063
23.1108384162
23.2264361975
23.2441664894
24.1810364535
24.5500310948
24.8289812047
24.8553626731
25.148457506
25.2388114039
25.3467759116
25.4217357101
25.826368219
26.505975991
26.9432935469
26.9729445953
27.4491028102
27.7276100653
28.8508026584
28.8798571402
28.974727533
29.1062000016
29.3550837188
29.5249717561
29.7309322157
30.1226409244
30.5207081948
30.6395936742
30.7369727918
30.8331377177
31.6394476599
31.9444912382
32.0289894808
32.969949339
33.7350619408
33.7445221092
33.9061308432
34.0115487803
34.1314713188
34.212968636
34.4314321765
34.7798593819
34.9456555826
34.9583934207
35.2167712218
35.3953969193
35.7217327734
36.1767617436
36.2004902348
37.3179620055
37.5038194169
37.7127044773
38.5358975199
39.6686584046
39.8500998189
40.0923409467
40.6624488256
40.9810228007
41.1488014848
41.2267291989
41.2512254022
41.7929535308
41.8211336723
165
