6.01578126815
6.0210254456
6.03368223686
6.03902917576
6.04711689831
6.09664846598
6.10353878809
6.11314140937
6.14258815686
6.15890295277
6.17711771237
6.18545675509
6.19642417606
6.2149201084
6.22965342727
6.23895460567
6.25312864704
6.25892085431
6.26443495081
6.28465534193
6.32541306476
6.34087870671
6.35568704527
6.37832774964
6.39126526343
6.39577135461
6.41656542342
6.43422809121
6.47033899373
6.57237473767
6.58866347116
6.61930370092
6.6332175946
6.6395724881
6.65569820656
6.66645458052
7.24319946168
7.26615473245
7.29188499331
7.36361238939
7.37116993546
7.42993166447
7.43610030735
7.46935075308
7.61153262565
7.66170398272
7.69449110245
7.70785790156
7.72033992719
7.91573714075
7.92319272551
7.95294984183
8.07851758842
8.12536390882
8.24485280454
8.28282099398
8.34287712963
8.40760117249
8.45786789993
8.53154058269
8.54611003759
8.62564036312
8.65549976403
8.70564755736
8.76997939225
8.88814349102
9.03366876402
9.15684115312
9.58371037277
9.68509767993
9.71963509935
9.79738514486
9.85331236913
9.95302842638
9.98158687768
10.0479763065
10.1401397833
10.6872470758
10.8218702118
10.8673605098
10.9124168448
11.0014966973
11.186834213
11.4824040056
11.5988909497
11.7442159399
11.9397650771
12.0825264
12.2358275364
13.2963305809
13.3284155502
13.3968461607
13.5859829977
13.9814097874
14.1093230689
14.551576777
14.624297803
14.6799979823
14.8357744421
17.0626129122
17.1369201182
17.567569559
17.7485833278
18.0713044848
18.2377685898
18.4103189221
18.7333350461
18.9569329287
19.401369392
19.6344842847
19.9608294217
20.3056300945
20.4932561227
20.6196504679
20.638892505
20.7288582625
20.8850594535
21.1504000896
21.711139976
21.8518624346
22.0298800826
22.3728249762
22.8670046478
23.0933216154
23.2773831271
23.5809436992
23.6744399877
24.0975322029
24.1086935663
24.3170800153
24.4724129319
24.5487018759
24.8693569581
25.2860813653
25.2944526153
25.4029783191
26.6671209664
26.8016268462
27.1068111471
27.7331586383
27.7804407835
27.9291115653
29.0365700693
29.1641526709
29.2792493576
29.4572262957
29.7490303422
30.1522076278
30.2588631737
30.5499116907
30.7516561868
31.1491185034
31.3005868032
31.5829430079
31.6388425041
32.1527163595
32.4196181155
32.579300818
32.6923693876
32.8343420162
33.0157597186
33.0861122812
34.0108185582
34.0433691592
34.8737831801
34.9803254605
35.1819398698
36.1586219502
36.446012983
36.5907724636
36.7839204546
36.8442747412
36.9113565887
37.0402973265
37.2488110751
37.5249647123
37.5783203103
37.6999553308
37.8164944873
38.2356399057
38.5591150225
38.6423165555
38.8506764084
39.061724361
39.0908829706
39.4342613103
39.7252961912
39.7974839956
40.1351492173
40.2339705622
40.4154036972
40.6313350696
40.9698919026
41.0435637284
41.0549258608
41.4395142182
41.6985011784
41.8526285374
41.9778734333
199
