6.01613877115
6.02736518546
6.03589121585
6.05081008687
6.06775427165
6.13795559205
6.14692925113
6.16282115179
6.18637384066
6.19551208375
6.20221269863
6.22513544249
6.23288582095
6.24779144396
6.2679399574
6.27718684537
6.28652111103
6.30410270042
6.33030407937
6.37352476141
6.39859571817
6.42859231315
6.45162558589
6.46333809991
6.5683814045
6.58765370293
6.62858784406
6.64175531887
6.67929208468
6.68343011111
6.73415536056
6.79006796085
7.11080210593
7.15062163395
7.24423006335
7.28629630283
7.35764529236
7.37104376064
7.37521406081
7.43423000209
7.44288138403
7.48511638341
7.51502052661
7.5355204868
7.6017445527
7.62187290173
7.66109562133
7.70770528415
7.76989229995
7.80343998631
7.93828971093
8.11465856099
8.1356886529
8.17285020864
8.18188620142
8.27590329814
8.43233069151
8.47210468441
8.4977783907
8.55074188652
8.59070084001
8.71293476461
8.83346212612
9.01241553191
9.1435625011
9.26768080785
9.71895008753
9.76332202209
9.82442600357
9.89705861657
10.1720380706
10.3314671046
10.4296093251
10.8616670082
10.8960783275
11.0977960306
11.2188750327
11.4565385988
11.5916655563
12.1061331287
12.3137275185
12.5588836741
12.7767511835
12.913605932
13.3172334912
13.4436513228
13.5729153691
13.8097311018
14.0864670593
14.5528537471
14.5627411715
14.7477635962
14.891381149
15.1252539682
15.376298504
15.5764772484
15.6791410237
15.7412050844
15.8659757442
16.0916120535
16.7808356979
16.9705011344
17.1353915343
17.2847499508
17.4703686781
18.0865748028
18.165960423
18.3008200277
18.5111678323
18.7367913398
19.1738479651
19.2800202589
19.3420985006
19.5857925031
20.1032129543
20.242706721
20.4715892442
20.6860777423
21.3410584289
21.6745472796
21.8670807906
21.9320592347
21.9876133794
22.2977833715
22.4932706236
22.7727922157
22.8591413002
22.8710727819
22.9274860814
23.0622676836
23.2476389692
23.7893102096
24.129715255
24.3952536093
24.6468847573
24.8077677683
25.2436964027
25.3629748125
25.3982514368
25.7522056408
26.2807039622
26.4887389515
26.6548903124
27.6405585462
27.794618447
27.9267483238
28.1078683905
28.2737826293
28.5707731855
28.7154508002
28.8759762064
29.0821572455
29.1805716543
29.6957008144
29.8220966187
30.1232631077
30.2963571858
30.4673495386
30.7345990038
31.3136868819
31.393125643
31.6567518389
31.8061726504
31.8507672872
32.4198841985
32.5913769748
32.688206094
32.7055553176
32.8488614429
33.1514358373
33.4767776536
33.5919901447
33.7143670308
33.7946844078
33.8380355097
34.1681449806
34.836488572
34.9353362627
35.0972926024
35.1324546243
35.1891387419
35.4591835676
36.207141635
36.3152623777
36.4802201822
36.5333673
36.6227781468
37.3185758804
37.4070630818
37.6051312791
37.7380149842
37.8874527443
38.1920193092
38.23386032
38.4777377065
38.7166193655
39.0994669521
39.2537112093
39.3242427479
39.6314890041
39.7921010566
39.8372206172
40.053031644
40.1883042779
40.2886864407
40.3582572849
40.6163101051
41.0376407916
41.1788668466
41.2931754837
41.6355997401
41.8704144057
212
