6.01776543853
6.02456595408
6.10633975121
6.11211999183
6.11772658937
6.12741934075
6.13671035623
6.18517240067
6.20191023974
6.21038453297
6.21659406048
6.23590139444
6.24968430788
6.27520667643
6.30021738122
6.31274499074
6.3211913654
6.33097198494
6.380334421
6.39072118325
6.43660379797
6.45167397274
6.49024722733
6.61902136369
6.63019830799
6.63863935369
6.66620033675
6.69852785086
6.71632127937
6.80550603981
6.85331060681
6.94075064808
6.95106023894
6.97154793205
7.03869332765
7.07619877431
7.11068803917
7.12868514343
7.21203804516
7.2420378318
7.28167581259
7.29382243668
7.30662477653
7.34109551634
7.3828882225
7.40151484298
7.43940362478
7.46840474679
7.57557191676
7.63687687371
7.65039328014
7.66708075613
7.76220586266
7.78374291545
7.81169197631
7.93504333817
8.03150482544
8.08800523368
8.12635773262
8.19055611019
8.4347841163
8.45655110783
8.49888296516
8.58665486732
8.63593543885
8.66351791382
8.70918251062
8.75936775132
8.92700279135
9.05494448738
9.14997757051
9.36557903371
9.48761595449
9.5417071617
9.65585726994
9.74810092409
9.82839963262
9.89426469974
10.4297614687
10.8349506442
10.9742732051
11.0555814784
11.5961516257
12.1273035755
12.2194613992
12.3763626373
12.5399129749
12.6517640697
12.8958359808
13.0385790879
13.2881523885
13.5906140974
13.6818830548
14.0515630089
14.1773812237
14.4828344976
14.6242130749
14.8375767649
15.102205026
15.4208611781
15.8162564791
15.9195445214
16.0518292778
16.9689807851
17.122234307
17.2289490236
18.1299110346
18.2591908557
18.544093426
18.566669172
18.7697367292
18.8663772082
18.9766830927
19.0949543927
19.335474172
19.5528555314
19.8353406036
20.1461579776
20.5196896684
20.6063198582
20.6572821563
20.6878212082
21.0283184217
21.6893617385
21.7592080428
21.8438940585
22.7626929949
22.8671750502
23.2930529434
23.398261433
23.7398070048
23.869635097
24.2934233598
24.4041979507
24.5196524371
24.8237932092
24.9292010098
24.9934246077
25.1574615515
25.376690513
25.4293649889
25.5641594385
25.6973443386
25.9655377638
26.0654254232
26.5499102097
26.6030926085
26.8039607472
26.9593372716
27.1847808219
27.4035330611
27.695504745
27.9747766126
28.0634298191
28.0818227697
28.2603347848
28.925536013
29.0884135214
29.411360353
30.0099863499
30.205755295
31.1169976422
31.3317052855
31.4192237622
31.5305971621
31.7591874088
31.8824060686
32.0145195062
32.5123335348
32.8715132195
33.6394761657
33.767520267
33.9140052625
33.9956422287
34.1233067552
34.399884701
34.5777292841
34.8446271463
34.9255444862
35.0449362152
35.2232701967
35.4777560741
36.1434781952
36.1697558125
36.21227538
36.4099494133
36.5247444853
36.8795644249
37.2228225355
37.3998022763
37.5653380592
37.6770109934
37.8126753646
37.9330017356
38.2572493343
38.4266932212
38.5198712769
38.8094266351
39.242156241
39.5679645636
39.6585868911
40.2422047201
40.3604525399
40.9145655472
40.9638358281
41.9557474623
206
