6.01516726417
6.04260816545
6.05187204272
6.0764187579
6.08841285769
6.10198238904
6.11468442666
6.13882258291
6.15259494857
6.25826737606
6.27744021711
6.29575355633
6.31399920141
6.35855802218
6.38170646681
6.41069489742
6.42334744367
6.44747155701
6.5209287658
6.53821516682
6.58192998417
6.58624556574
6.59162747854
6.6122241518
6.63448628137
6.65150441805
6.66227875781
6.68193859731
6.68771774622
6.71769830139
6.74235017299
6.86585733639
6.91189934052
7.03594701085
7.07250631217
7.09441993716
7.21333499667
7.22879742986
7.24594822908
7.28187677296
7.29736537501
7.358708302
7.40269492228
7.41247896237
7.44989739733
7.49563711506
7.51908492469
7.65117023111
7.70641404623
7.73074509085
7.77966369297
7.84365840421
7.95170285769
7.9928330207
8.25871163879
8.37822479999
8.41592455227
8.42236961462
8.44055926481
8.51634158642
8.57541408231
8.62722875205
8.69210121549
8.90434766828
9.12009524031
9.21669967884
9.40367674024
9.59009977601
9.68901670686
9.7218853809
9.81083936656
9.85650349783
9.94526996121
10.0809405471
10.1676539022
10.3558868028
10.5238562079
10.9617094639
11.2480326927
11.3782030633
11.3985253664
11.6395184048
12.0879979989
12.2215931915
12.3009450957
12.4512648734
12.4769349131
12.5528858444
13.2830670451
13.3408104026
13.4829593853
13.6460033614
13.8501118127
14.2859428362
14.4931669351
14.5107202945
14.6743048913
14.7050179091
14.726201193
14.9085126031
15.2363029377
15.5367112223
15.7207151549
16.0072257732
16.2274559624
16.3809115283
16.7079197328
16.8643717236
16.930394867
17.0983074849
17.1853333046
17.2012101148
18.0414720976
18.1809689065
18.3235327108
18.4418475102
19.0855618694
19.2498351172
19.342201597
19.405428095
19.5847665303
19.6863450031
19.8330184422
20.332285739
20.3640993129
20.5592364576
20.5695457181
20.7295289896
20.8566531925
21.3677834846
21.5184513152
21.7418717911
21.9171246006
22.1826261162
22.2572275264
22.5901544092
22.9735011836
23.9544977656
24.180687656
24.4113335615
24.5923639736
24.7622201953
25.83896365
26.0750472158
26.2265177783
26.5249657542
26.7656965183
26.9450199758
27.1769156909
27.6844657037
27.8900329717
28.0624172984
28.2316062842
28.9222346693
29.1213024851
29.1917054853
29.3657256677
30.0074908135
30.1521815579
30.2534154258
30.3575503649
30.4468495164
30.6120543952
30.8359343249
31.3073347179
31.5828321845
31.7770780646
32.0741118684
32.2614418741
32.5793044388
32.6804321391
32.7512583753
32.9014076202
33.1895632642
34.9118568806
35.1074884902
35.3066243671
35.4567956987
35.5831778038
35.9355255889
36.1308924498
36.7187068501
36.9114504193
37.2784651312
37.4639200867
37.6706397682
37.9514851715
38.4751103465
38.5727418596
39.6454901209
39.7837862265
39.8870555111
40.036141695
40.5530225728
40.9810745717
41.4160007045
196
