6.02202322345
6.03357480374
6.03953527154
6.06349619972
6.07355616417
6.09053575679
6.30799187718
6.35058353541
6.3932732383
6.41278583639
6.42446942014
6.51825605072
6.54928777084
6.56950982436
6.58809228568
6.65014490153
6.67592683297
6.69822733766
6.77499159482
6.80932048798
6.83483785807
6.84342550588
6.85666530959
6.92083989224
7.20973181218
7.23832522817
7.26252529199
7.28784738101
7.37211234176
7.5733492495
7.58447708104
7.59651895508
7.60401663037
7.8352780249
7.84090655951
7.8907615903
7.99630392728
8.04984536861
8.10690189766
8.27038508746
8.32546660424
8.36906579088
8.42774823928
8.5575500582
8.58154390159
8.62827831226
8.75536707161
9.15417989944
9.33349176255
9.45225904846
9.66896235604
9.74455442841
9.78526878907
9.86246387649
10.0234809169
10.1333281864
10.3538938242
10.4898294367
10.7185407399
10.8886620035
10.9596228133
11.0489157912
11.1612419911
11.3321135466
11.3664874652
11.614328726
11.8246037136
11.9852474627
12.0796780662
12.3337973684
12.5149898265
12.8097535408
12.8394796045
13.2199876388
13.2932557277
13.6892997252
13.7576447858
13.8943594281
14.098810813
14.2055198344
14.3560546218
14.4783701031
14.5849880346
14.651301652
14.8923365272
15.0929463035
15.4808680937
15.8084132502
15.995357079
16.0155903511
16.0924145248
16.9989038707
17.128577733
17.2492258422
17.3668226643
17.5428756655
18.0679220701
18.1364946299
18.2061394369
18.3185412251
18.6727188901
19.2090685199
19.9972585107
20.5517257661
20.6763598919
20.779721977
21.5506580284
21.7965921055
21.9473054276
22.1570993574
22.3121620701
22.7796740768
22.9641141462
23.1283915314
23.1804091211
23.2599142121
23.3068776671
23.3420697583
23.7138381508
24.0628096319
24.1807567694
25.2088571634
25.3017457748
25.4659895269
25.5573225951
25.8205195748
26.1103120378
26.2350741303
26.4487965737
26.5950055292
26.7637883351
27.0193288313
27.5507479213
27.6613623841
27.8003300414
28.0165066261
28.1536020973
28.5794056367
28.7802292888
28.9337774035
29.18791802
29.2354408146
29.9594972965
30.0649362158
30.2278988344
30.2479928684
30.4084766039
30.765369161
30.8364329003
31.1880078546
31.3086079233
31.4523155666
31.663353113
31.813457845
32.4710231003
32.4971616391
32.6549000286
32.7121955964
33.7475190075
33.9653904946
34.1288702611
34.4557510804
34.7882725695
34.850368869
34.9398857946
35.0452998045
35.8172155721
35.8570077947
37.0527069745
37.4287248468
37.5407361998
37.6439521899
38.4370692478
38.5491509821
38.8684791271
38.9012942917
39.1294244964
39.3763593376
39.7280040117
39.7836283319
39.9149959916
39.9531425767
40.8405756327
41.0010544723
41.0198060525
41.1558259594
41.9769171128
187
