6.00561611046
6.01141644619
6.030273468
6.04566214634
6.05973249604
6.06833849164
6.07719406162
6.08310126258
6.09643628202
6.1005588304
6.11567652611
6.12701150967
6.13641572935
6.15479009581
6.16380556197
6.18153224663
6.20166997697
6.25374148147
6.29566108736
6.32079796967
6.33096411341
6.3469497274
6.35091605316
6.37796211032
6.46522971396
6.47613247284
6.49738414242
6.56112511299
6.85843644214
6.909037583
6.94692279385
6.96601262828
7.25377217625
7.32860686851
7.33230271686
7.34312290645
7.40842570824
7.4695624831
7.50067930807
7.5413070301
7.54691376675
7.55907855175
7.57166194385
7.65257151043
7.71562602309
7.74680481103
7.85335186976
7.89529201209
7.9212091603
8.006165155
8.17174247677
8.26992871443
8.36934973243
8.43078050988
8.57513866161
8.66362799334
8.679104632
8.784011837
8.89552270505
9.02673863051
9.13394201724
9.20146350186
9.45504271464
9.54605635446
9.71853787059
9.77804387918
9.81877655398
9.98739598357
10.3273243679
10.7725671128
10.8746258925
10.9736726742
11.0668561151
11.1539248572
11.4055884427
11.7679497233
12.0965651545
12.2169198873
12.7457350751
13.0836552001
13.4762401333
13.6271927771
13.8484713872
14.0173199694
14.2367880413
14.4253456312
14.4393829578
14.4847578617
14.5090148598
14.6503680533
14.7190485954
14.7953638301
14.986029491
15.0697601639
15.3852289082
15.7113738785
16.1489946231
16.6495911484
16.7889390528
16.8433447795
17.1558154807
17.2816322343
17.5003680472
17.6346481577
18.1950825909
18.2997145709
18.4101071371
18.6311077596
18.8025775241
18.8806641934
19.3248599602
19.3434821951
19.4495182661
19.7142721755
19.7514199237
19.8468776061
20.3621937497
20.4778021679
20.6046940586
20.7693215611
20.9880618073
21.4947191954
22.0749945832
22.264443477
22.8578715945
22.9736811451
23.1206625431
23.3317571468
23.3843706688
23.4062278556
23.6192805592
24.1147760213
24.1866429679
24.4540924598
24.6582135704
25.322941375
25.4999944677
25.6641574507
26.0662019258
26.3042005077
26.4721227712
26.652317852
26.7529962618
27.2989174401
27.6532989269
27.8500664688
28.0904980999
28.3814272554
28.9608764645
29.1061814672
29.3325439092
29.5808138605
29.5999118881
29.8930191254
30.1443738334
30.5556738081
30.7921538963
31.3964907189
31.4962691042
31.7701685025
32.1174050617
32.2914924508
32.483128421
32.7286958922
32.7396327739
33.1618698528
33.2784270378
33.9099202729
33.9650948085
34.1206850045
34.4506352184
34.565425858
34.8913461922
35.0548083253
35.58505698
35.7857130136
36.7919097246
37.1302025534
37.4917125266
37.6276086328
37.8175349539
38.2490185731
38.4653932224
38.4813684882
38.6071688643
38.6438545472
38.7967489478
38.9440555905
39.1339813385
39.2767212549
39.4971597013
39.6711330778
39.8285926518
39.9246279258
39.9414679824
40.1961178395
40.5010222631
40.8105289514
40.9181821388
40.9291980542
41.0583054058
41.1748895642
202
