6.01426161425
6.02550756882
6.03828028087
6.04385006755
6.05176068359
6.06116627822
6.06776671212
6.08317504585
6.110366135
6.11439742355
6.14335773396
6.17771828418
6.18768806596
6.19122142718
6.21555092593
6.23037633482
6.27318378562
6.29238306406
6.30053019625
6.3227214867
6.34706505673
6.3946731978
6.6836248512
6.71228718859
6.74993218595
6.76106865475
6.78405073369
6.79054450673
6.80983125406
6.84115033425
6.89339203649
6.99057789807
7.04815941265
7.24164421853
7.25537600902
7.31266671318
7.33102223191
7.49428050571
7.50329635959
7.51068634355
7.55306817162
7.65292025524
7.72578272132
7.79602823839
7.80272317967
7.84921105162
7.92493457712
8.01218116973
8.13341206056
8.14461023871
8.16438683134
8.20620625626
8.26502344594
8.43854258916
8.51745354984
8.55679882404
8.57611347964
8.82082402742
8.91423531059
8.96745025238
9.61651897141
9.65619722062
9.81000635683
9.89924487122
9.95280528288
9.98790253739
10.1290619761
10.4102874924
10.5296422777
10.7320192666
10.8818865921
11.462187031
11.7141666401
11.9771164729
12.1291976726
12.335161635
12.7256859114
12.9532130743
13.2140149195
13.241205583
13.2489243974
13.6265130502
13.8635444344
14.2018560104
14.4386514761
14.5550566461
15.1170317951
15.4400678463
15.6281341961
15.6956544846
15.8930757018
15.9077156256
15.9390051246
17.2339688182
17.5279786993
17.6514624476
17.781874749
18.1413871232
18.2179388672
18.3033517679
18.3412015192
18.4171981675
18.5383191838
18.754136028
18.9857131493
19.2844899423
19.3365324767
19.4715280828
19.6478409715
19.9740456148
20.2304656384
20.5471498084
20.6864089163
20.9205690904
21.2440509628
21.6577118537
21.7439275503
21.8112791069
21.8659157046
21.936483977
22.2649891128
22.4970060589
22.7937235991
22.8345888836
23.0103310505
23.1974397771
23.309230256
23.5173791369
23.802607925
24.1685893059
24.311870816
24.5824318709
25.3333505732
25.4982198625
25.6349180189
25.787873386
26.0275026438
26.2164960318
26.5449597827
26.723332347
27.0591845385
27.2299589766
27.3933046194
27.5148720372
27.7496221373
27.9095139681
27.9402518193
28.094828044
28.1678813032
28.3093491365
28.5881916482
28.6972955298
28.9443058637
29.0165356287
29.2714529505
29.591398693
30.0694302127
30.1917543781
30.4210187975
30.6086521137
30.8248541583
31.1165754447
31.2665035884
31.4274920779
31.6109953699
32.0635281485
32.5788463322
32.8383254455
33.0326369398
33.7679989091
33.7841152835
33.9820129473
34.6252344542
36.1195718638
36.3937938073
36.6703564794
37.1558670128
37.3392499685
37.404634646
37.4763522957
37.5927218314
38.1630393354
38.2291440761
38.2728919031
38.3030824189
38.5112433191
38.6649652953
38.941808498
39.7174665299
39.7638927755
39.9528257181
40.1190391432
40.2999863039
40.6032308095
40.9428778224
41.0563615783
41.0795886773
41.1646673881
41.5877508813
41.6929288778
41.7335969426
41.9974684091
202
