$ Stimulation Interval(ms): 1200
$ Delay(ms): 0.000000
$ Number of data : 92
$ TSTOP : 12010
$ PN stimulation current max : 0
$ LN stimulation current max : 0
9.42500
83.87500
105.50000
116.60000
129.10000
147.27500
187.85000
222.12500
240.67500
430.30000
460.42500
617.67500
1002.50000
1209.62500
1253.32500
1359.57500
1866.25000
2045.80000
2077.95000
2146.35000
2374.25000
2391.27500
2408.45000
2420.02500
2449.35000
2465.15000
2704.72500
2826.80000
3191.62500
3435.27500
3539.90000
3608.47500
3625.17500
4081.32500
4331.15000
4809.10000
4979.62500
5001.10000
5035.70000
5109.17500
5159.70000
5597.95000
6008.22500
6021.05000
6058.57500
6117.47500
6359.85000
6530.22500
6576.65000
6593.95000
6766.55000
7134.80000
7189.97500
7209.42500
7317.37500
7333.37500
7402.80000
7449.12500
7510.90000
7742.75000
7875.82500
8147.27500
8221.00000
8409.67500
8432.35000
8507.85000
8539.37500
8553.47500
8578.22500
8658.62500
8745.70000
8818.55000
8854.45000
9071.97500
9310.60000
9501.75000
9610.57500
9621.92500
9717.07500
9735.82500
9755.12500
9839.57500
10254.15000
10571.25000
10609.72500
10694.05000
10809.90000
11332.40000
11657.97500
11945.55000
11998.87500
12009.82500

