6.00515042347
6.02702301544
6.03048681332
6.0600641558
6.17771638989
6.20396260064
6.21602925341
6.25432270996
6.28256053538
6.32054063077
6.37014796731
6.83683701606
6.9186040496
6.92497065962
6.93153123228
7.02818166919
7.05273255936
7.17724540198
7.22507476942
7.31371476526
7.39719519752
7.48612667467
7.55976303521
7.63032666282
8.0527053399
8.17288059815
8.2363797894
8.35326496255
8.51427030085
8.56745582667
8.70659428406
8.9104822642
9.17227176117
9.46571928366
9.57169985363
9.77611241375
10.0127808657
10.2098824514
10.316597571
10.6482375401
11.2430573151
11.4423288941
11.6852620048
15.8656639791
44
