6.01475943929
6.04126247318
6.04957604476
6.08767026627
6.10394762293
6.14438982173
6.15486629119
6.16950274976
6.18636232312
6.20761081174
6.21091470516
6.21781105808
6.24589616926
6.28587489084
6.31135985758
6.3247145688
6.37320529292
6.42242378571
6.45735407943
6.47069812764
6.48919180664
6.51919623427
6.54025899315
6.57989512792
6.61485248619
6.61885947398
6.74989205297
6.78598916181
6.8274802995
6.88013427653
6.97600667795
7.02591683645
7.12003320067
7.27189238245
7.44862149325
7.502399587
7.57483788113
7.71552638798
7.79200134975
7.90051894607
8.02524717269
8.04821681591
8.94660184326
9.0650031632
9.12583725551
9.53955447102
10.7397800446
11.1371184645
11.4294502391
11.7074162377
16.3965426512
51
