6.02911277335
6.05042155377
6.14199789687
6.1575397215
6.16478064115
6.26328397797
6.28135442672
6.41889927394
6.42338882437
6.47682120167
6.50270942415
6.53010500903
6.54580406586
6.60503254511
6.74475474403
6.76635832599
6.80430480547
6.99032403767
7.0708497025
7.10411638953
7.28535287918
7.37666338122
7.46485909454
7.57481396732
7.62982108919
7.73972601178
7.85551026874
7.86501623986
7.95812060957
8.25703863363
8.41819887135
8.78057551478
8.96204613148
9.04346126465
9.26489991031
9.63701109557
9.84971454644
10.1554777837
10.5685054923
10.7523505065
10.9803474947
11.2929994185
11.4627123641
11.6769565368
12.4448735681
13.2634237853
13.80244545
14.162508998
14.6899149583
49
