6.01058059185
6.02207101833
6.18161308535
6.22811143691
6.27587692666
6.30675062638
6.35224912704
6.36741992372
6.43481479671
6.44053330141
6.6570235923
6.66286556695
6.69603861931
6.70047629236
6.77647012204
6.79990218866
6.9779542551
7.07491116404
7.09753942965
7.12964112923
7.1393059138
7.15924766125
7.24649046066
7.26807498731
7.36570999716
7.41475696977
7.4455369691
7.53203862756
7.63931134207
8.3933214788
8.70647107357
8.85217481133
8.96277247876
9.06260491377
9.13785085696
9.40225235969
9.51393225165
9.84797873941
9.88240820794
14.5659184678
40
