6.03026016741
6.0380732852
6.04410644431
6.0532933726
6.0768759759
6.36413510615
6.39355664022
6.4254847697
6.47869246025
6.51230218069
6.60948819951
6.66197548237
6.73656788687
6.78408707328
6.81594247218
6.82122871912
6.83801152591
6.84698248841
6.85667502629
7.03499214754
7.13154984908
7.19032233947
7.20177182801
7.27253886632
7.46651016973
7.58624832336
7.59983533119
7.79307244397
7.84437902854
7.93910462193
7.98544225242
8.08381128669
8.18761273275
8.48234396804
8.64719146721
8.82128854539
8.84850978329
9.0704619253
9.12086768384
9.35364119152
9.59198856746
9.86963007333
9.89723068262
10.2029064124
10.2575019572
10.542956828
10.6210143379
10.9170944498
11.0823211335
12.3044014174
12.7255162075
13.2015105621
13.6487496466
14.4141666193
14.6883679605
55
