6.00273205385
6.01264583181
6.03451153518
6.05778910299
6.06779416166
6.08653740137
6.09026485
6.16255159162
6.19578593454
6.20442255619
6.28080889144
6.34395833916
6.36726824515
6.4251331542
6.44706992936
6.47850553065
6.49593744969
6.4986973388
6.7566458583
6.86454898738
7.49012789705
7.56856435946
7.63932601593
7.73385458439
7.88317353762
8.20287251974
8.44190824265
8.54820932667
8.69595832913
8.83888620065
9.09661751546
9.30734855756
9.60044570416
10.2745036399
10.9642849642
11.4255683487
11.4431910624
11.6326707803
11.7221478891
12.1888433687
12.7544186868
12.8538958711
13.0931011259
13.7877966141
14.2463314625
14.8666983362
46
