6.01034097416
6.03509159467
6.04801760393
6.08940375637
6.09292088201
6.10543504499
6.14703738844
6.16181171513
6.18431359978
6.21422051575
6.23110261131
6.25920491688
6.27558427708
6.2795382957
6.33866016355
6.3428551344
6.37519807522
6.42656495612
6.47858567371
6.49311626802
6.50402403398
6.60908625614
6.70701164227
6.79279692281
7.88926383389
8.23503659366
8.37556071529
8.50431621734
8.80553126017
8.85231743085
8.89804679494
9.0428837969
9.09340607317
9.70302083412
9.87918911489
10.2845594304
10.3212380404
10.3512656114
10.4721868632
10.5613438472
10.8550107109
11.0607127696
11.2570396037
11.635180369
14.058075836
14.6158044678
46
