6.00431941064
6.02793120606
6.03936602223
6.59336018648
6.59891064905
7.72716458608
7.76180966411
7.77779345195
7.83302467521
8.02819624926
8.08454001796
8.25831130761
8.32530790991
8.39886359027
8.48918429794
8.55835636657
8.79506741458
8.87475991787
8.95288220112
9.10771564291
9.58592435928
9.8101278221
9.90198935024
10.0013245764
10.2278946381
10.4202431448
10.6614801442
10.8874283281
11.0091682691
11.3453678554
11.5756613272
11.6467465446
11.7612597582
12.3456980448
12.776699194
13.0374572351
13.3657832071
13.8712465474
13.9970645407
14.9399886755
40
