6.03183484135
6.04290220368
6.07272993508
6.09621556598
6.11806099435
6.13897357637
6.15802211491
6.17033295372
6.20118164719
6.22361124513
6.24738150723
6.32086533881
6.38757426682
6.42679516549
6.50530530621
6.54159187868
6.58886209485
6.86445109975
6.9264425857
6.98188923749
7.07330884059
7.11874770352
7.59511006611
7.81001408486
7.85627735409
8.78018399308
8.86844456759
8.98075918155
9.06527055007
9.18633658095
9.23671985938
9.45800921932
9.99194910646
10.2105200346
10.4063322383
10.4421001981
10.6684749256
11.2995871023
11.6292895187
11.663726327
13.2346454469
13.8536231934
14.0115780384
14.9042080241
44
