6.01037879304
6.0201407015
6.04375035244
7.61299507006
7.71153902067
7.72487180083
7.88002696605
8.00798386702
8.13792074495
8.22977357836
8.3217918642
8.4352845844
8.46975069435
8.57593239951
8.69150017393
8.81444520697
9.0441919102
9.06274780931
9.08514358441
9.1332618157
9.35932186166
9.66870051597
9.83354631476
9.91930922073
10.3574109251
10.5876049763
10.6640451487
11.0746311744
11.1021739356
11.319485523
11.6832575163
12.3069169536
13.8455685766
14.1037253939
14.2711999834
14.680051861
36
