6.03536109821
6.04660010463
6.05966105573
6.11448331207
6.1353829157
6.16086271772
6.16359010683
6.18915312212
6.20834332074
6.21073648105
6.24408353926
6.27284732693
6.27630477445
6.30109364316
6.3969399501
6.39952909657
6.4279369007
6.44939176433
6.46454278992
6.51140982925
6.54733719213
6.63888495585
6.68123865675
6.6856149131
6.71082318658
6.73312080502
6.78994073311
6.79897607529
6.86122620015
6.87356349018
6.903025107
6.95331218789
6.97123088423
6.97858016459
7.076235188
7.36345965251
7.41853058538
7.47830499973
7.64461852282
7.65439221757
7.93612742016
8.04967255792
8.14733199817
8.30027084776
8.30945731287
8.39578686471
8.46250246687
8.64158774834
8.77351434193
8.88588338046
9.27359592928
12.9648532715
13.5506669782
13.9537981038
14.5631781741
55
