6.02049665323
6.05092328252
6.06416518864
6.0961760965
6.13960612833
6.18966020506
6.19625031212
6.21506768945
6.22227194484
6.22486864169
6.25620204345
6.30453124386
6.34001856282
6.35010205592
6.37355465691
6.40414715416
6.43088321566
6.4997577701
6.56797319207
6.5714350989
6.63279462942
6.65662261091
6.69219100176
6.78321578191
6.81379964251
6.84794484625
6.86854671826
6.89436009569
7.04300610448
7.20628642552
7.29539313404
7.40054823385
7.4897387585
7.55043753783
7.57098340246
7.87946148184
8.0740899977
8.76075181954
8.87942185634
9.14251299894
9.26991735122
9.40072121678
9.43554400995
9.75075942709
10.529367927
10.6931875173
11.004424081
11.244483421
11.6477016868
11.6682948966
16.58552976
51
