6.03431545522
6.1747343621
6.20389661799
6.28750117675
6.33169457521
6.38145139079
6.39756171262
6.41222406294
6.50839012296
6.5209359065
6.65779346756
6.71073712527
6.83216868624
6.97035889067
7.10336408126
7.2652378794
7.27410897017
7.28397929747
7.36940517416
7.38323336235
7.52263664323
7.59612407218
7.62868737462
7.78192163048
7.9062343405
8.02026634359
8.17007764256
8.66556416375
8.82431356911
8.89513266413
9.14452129636
9.19918074641
9.28500239658
9.46617249047
9.57927153154
10.1630830505
10.2837604209
10.5943173538
10.818961161
10.8565574402
11.2043905535
11.2553396571
11.7456522035
12.4524732243
12.5626068056
12.8109393897
13.5042097052
13.786345334
13.9200211734
14.6154154087
50
