6.02117937896
6.04724344772
6.05396677852
6.09639064306
6.13247501673
6.17230954945
6.18514376017
6.20957359127
6.23775724348
6.26709460435
6.29110552122
6.32593723905
6.35983705034
6.403940761
6.43500853645
6.47470652987
6.54334371067
6.5795446352
6.66600411173
6.71672986242
6.75733837205
6.83731866736
6.93239407857
6.96405692695
7.14109754708
7.15558019934
7.30412169235
7.40259475902
7.44019862154
7.47305405768
7.5566748121
7.63440705784
7.69019776694
7.8482872137
7.92674465258
8.02124986917
8.10180704092
8.20840327038
8.41868800814
8.53520752324
8.90681309877
9.28755144539
9.44301807789
9.70139779414
9.72633371088
9.93281505721
10.0966203926
10.3559848405
10.5921508586
10.9378638405
11.0852829987
11.1986121563
11.4214310027
11.8541549547
12.9250159532
13.1657020332
13.5920085559
14.3145139759
14.3593447486
14.7325624928
60
