6.02865923062
6.04868313124
6.06397425897
6.0723445044
6.13404211564
6.15759453176
6.18990811453
6.31355237503
6.31713352625
6.34282305772
6.37267314445
6.39437274782
6.41804836202
6.47515661262
6.50505848283
6.61396721135
6.75062269129
6.88336039188
6.94370803975
6.99997904439
7.062415275
7.11668054719
7.1530374236
7.27743746201
7.50152958191
7.51533725469
7.61651339298
7.833053085
7.84486923333
8.85672018329
8.87903206971
8.95920212475
9.01269655598
9.16300656204
9.46444202799
9.61374028039
10.8205510168
27.9824673182
38
