6.01431741956
6.02506616847
6.0325519191
6.03762769311
6.0429335975
6.05054417301
6.05933189963
6.07901541665
6.08722356056
6.1017990767
6.1169655653
6.13224950992
6.13661275821
6.14186260195
6.15682321234
6.16975959912
6.19035866562
6.22593150608
6.2433582184
6.25212874631
6.27430116863
6.29439484006
6.30003562179
6.30741505826
6.326301208
6.35873250011
6.37178671448
6.37764507841
6.5254572141
6.55414819172
6.56629871117
6.58278308074
6.60667812676
6.61341071153
6.61916925321
6.65164389478
6.67133172676
6.69508338285
6.70766152625
6.74631091043
6.76583217448
6.80751063695
6.85614580105
6.87400908771
6.90583003316
6.94515012916
7.00271790986
7.03149289547
7.07996825649
7.1058987559
7.14880762926
7.20465600518
7.22910565386
7.28013238542
7.31894775656
7.36893272109
7.45610622458
7.48503119116
7.54314702612
7.5546623768
7.59307043512
7.63897888554
7.66523134534
7.70014972389
7.7617478816
7.82573966043
7.860918264
7.91369686682
7.95001258112
8.07085899998
8.09103789886
8.13981469474
8.16773084945
8.21066875441
8.25986569204
8.32007306669
8.40022303081
8.62447209547
8.70111906611
8.82500988333
8.87438511322
8.98472760764
9.56298931805
9.63804598793
9.70616265385
9.77070254288
11.4693156757
11.589435744
11.7820093647
11.858242935
11.9781297156
12.0011509411
12.1730752255
12.3636808514
12.3972816546
12.4765039759
12.8294966969
12.9167054171
13.1207038409
30.5654957178
100
