6.03272046736
6.0374861173
6.04713620217
6.05341024276
6.05807005592
6.07338230458
6.09072629851
6.1061795439
6.70591027672
6.82746591787
6.83759208561
6.85687163474
6.89901574134
6.91806200502
7.01075326038
7.02561387383
7.14808694406
7.17252432652
7.19857342894
7.23412997259
7.25165059281
7.29270839664
7.29751237811
7.52278292054
7.59667591591
7.64660799501
7.79404366244
7.90914252794
7.92874961612
7.93868491392
7.98383057591
8.05561485518
8.12821997095
8.16201978624
8.16636120934
8.25175268252
8.69382424237
8.76410655254
8.87858752233
8.92438837378
9.0238396763
9.10934123146
9.19707043365
39.2271365256
44
