6.00662410809
6.01911992359
6.03169921694
6.04592947515
6.06225790168
6.07296619453
6.08870724722
6.09922328697
6.11512952917
6.12732155475
6.15199967012
6.16075704436
6.17210698255
6.18232602321
6.18671663006
6.1952726649
6.2569679766
6.26931121254
6.28422588096
6.28765596465
6.29387214249
6.31240867085
6.31819832338
6.35320532292
6.36435677613
6.39228127634
6.42447607698
6.44796934526
6.47281485597
6.50987172406
6.52839987531
6.58089132674
6.58577778531
6.59433935804
6.63611815498
6.75984257558
6.87025712633
6.89637264502
6.95155314127
7.00140477754
7.0430680661
7.05718014695
7.06840263424
7.0763848883
7.10250523236
7.12348071894
7.1410288777
7.21904096476
7.34596744599
7.36878285834
7.39039237185
7.46043523635
7.49405960215
7.54314344624
7.58587677906
7.58949891044
7.59425925792
7.62402254117
7.7523575046
7.78591725669
7.80220851259
7.87592625609
7.8973901965
7.91316084904
7.97694114855
8.03145401709
8.03772618016
8.1472344584
8.19118882872
8.19859023807
8.2649033349
8.3510318614
8.45275012374
8.48625188619
8.55226621993
8.59346304406
8.64273266822
8.71103325695
8.74994681385
8.81607846215
8.98137035069
9.02420945119
9.11370054578
9.18594478404
9.22890723803
9.28325842833
9.31183237749
9.36678229564
9.47781620918
9.59813509562
9.74789481424
9.82212269213
9.92951962918
9.98995660614
10.1358960518
10.2223390891
10.3198414063
10.3493812442
10.3955290341
10.559822384
10.6432612543
10.7635914592
10.8955877568
10.9724172076
11.0256666844
11.0927791246
11.2461264733
11.3739824029
11.4516861765
11.5328616744
11.7329816037
11.9067678672
11.9409206263
12.2680996548
12.3320205451
12.4782665386
12.5345374758
12.704854925
12.947427214
13.3033195766
13.7144194807
14.5624509939
122
