6.02703104625
6.03346893059
6.09387646687
6.09884529916
6.11239275301
6.12194988607
6.13262332901
6.15021967165
6.15934234199
6.17480620213
6.20599555077
6.21400277291
6.22127274244
6.26219455089
6.2812224801
6.30508242553
6.31776427183
6.32293007116
6.32970427159
6.36575477308
6.40631764556
6.43817978995
6.48293071366
6.52930559504
6.53928461319
6.56341090403
6.58645616785
6.61802524244
6.65972167049
6.68815938245
6.69868418888
6.75230716872
6.75578142462
7.00478554272
7.19158708335
7.21902895617
7.2533471939
7.27351589642
7.29608832887
7.34000387394
7.47865612288
7.55605206464
7.57405574742
7.57923275334
7.60349685228
7.77973317336
7.82136314682
7.84914871201
7.88152150737
7.92885617983
7.98959625274
8.02817089291
8.10783980886
8.14190163829
8.18196927839
8.23160338108
8.36472396503
8.4316393573
8.51822788316
8.56440600923
8.61662940405
8.69551566345
38.0885046201
63
