6.01472009657
6.02076586037
6.02694159994
6.03725954609
6.05642135527
6.11231092508
6.12104192312
6.15669797501
6.1610109488
6.17502201985
6.18127632061
6.23512742719
7.32331264601
7.42428570853
7.50395041664
7.5950073443
7.61163854002
7.74027466403
7.78091703327
7.82533719669
7.88756940099
7.91941222136
7.96235655494
8.06008085909
8.11028090952
8.32815767182
8.33485359961
8.36983071259
8.40206962494
8.44245308675
8.65177864573
8.6836964857
8.752913563
8.84647141474
8.96323145304
9.00418075683
9.26231307697
9.27612579615
9.30420551963
9.37378181237
9.47298623381
9.58000460793
9.63156525665
9.67799275373
10.5265024135
10.6245457945
10.8457018189
11.1485229312
11.2821347354
11.3248269518
11.4675349331
11.5522608997
11.5901471183
11.8579905122
12.1474801164
12.593281581
12.9263841925
13.6089446131
13.7029637621
14.1609108844
14.3485222261
14.6309848142
62
