6.0149609286
6.01933172631
6.03428512614
6.06202888343
6.06647016994
6.07052029401
6.08263791869
6.10443955417
6.11692723187
6.13022404501
6.13771701881
6.15877796379
6.16933887936
6.18134077944
6.19270493609
6.21324375752
6.23362933012
6.251283178
6.29236623706
6.32098987431
6.35751714085
6.36948608194
6.38019739952
6.39255501643
6.44729708371
6.46538916538
6.51147996527
6.52119268703
6.54342057149
6.55262528129
6.58380895947
6.61641850153
6.6296241242
6.64614626761
6.6604241467
6.68140443407
6.71845367698
6.72513726732
6.74977218133
6.775750982
6.79774702943
6.85451969046
6.87352525145
6.88821384515
6.9629528244
6.9902528498
7.2776326594
7.72705824271
7.79156879834
7.85892734224
7.9399885416
7.99497075449
8.0629130346
8.07157309407
8.11421819035
9.32806811395
9.37986936517
9.46055401623
9.48918230971
9.5478731141
9.58939838366
9.6254286947
9.89744413763
9.98452528548
10.8353035446
11.3888060227
11.405677049
12.3212433516
12.5283756681
12.6067882322
13.4764466304
13.5523801912
13.7574641878
13.8886076258
14.0876308966
16.3584828319
76
