6.0058285498
6.01265375911
6.01869183208
6.02718376867
6.03848815327
6.05435780589
6.06026334472
6.06845584606
6.07745231406
6.0938166511
6.09873107788
6.1093547519
6.13575878714
6.13909255107
6.16461504566
6.20354563339
6.22166897568
6.24164157605
6.25372861111
6.29095796761
6.32833810314
6.34734378661
6.36928008466
6.38562525793
6.40225708553
6.41025771283
6.43217394516
6.45255169923
6.4827495012
6.4977400504
6.51870386321
6.52272080717
6.6462690045
6.67044039381
6.72933824346
6.75389389441
6.80471317568
6.81077218004
6.84974804903
6.90590383246
6.98534031977
7.00976947757
7.0891505904
7.1999247016
7.23669621982
7.29679545922
7.36697357721
7.38178808783
7.39566605138
7.50472231968
7.57673568591
7.62483025944
7.67292918792
7.70416477587
7.74449690599
7.82876237496
7.95842601736
7.97773284507
8.04374499509
8.0937423545
8.12251399846
8.16798144346
8.24671821015
8.33635544103
8.38222025702
8.46267185745
8.51044128351
8.59834465736
8.62573222157
8.68101430937
8.72777513481
8.80177554057
8.89856954304
9.03497519658
9.10108711589
9.20142584766
9.20986919455
9.2718081095
9.30600813976
9.3392551491
9.47351513373
9.55723422135
9.62818870036
9.64789385354
9.69447068463
9.71405413556
9.75720120079
9.87522169377
9.93405414148
10.0698206795
10.1244588096
10.1842668605
10.2934122577
10.3784479075
10.7652745825
10.7844840156
10.9043317356
11.1026746134
11.1978587174
11.4063052052
11.6269959593
11.7624836105
11.7858759791
11.8740312387
12.1344705704
12.2788261043
12.3430600883
12.4403775705
12.7769587285
12.8095089633
13.6351061318
13.7189975278
13.7339671685
13.8709735075
14.3029546607
14.3400351218
15.2260706552
117
