6.01017104976
6.01614269541
6.024038246
6.10823771461
6.11619424275
6.13692481435
6.21248035417
6.22127993706
6.52526575993
6.59542654754
6.62401357699
6.63581788892
6.64288479097
6.66065908796
6.67510851856
6.67915469253
6.7232391717
6.76718609104
6.79060250566
6.79944958286
6.81591243343
6.95600863911
6.98271229114
6.99708052307
7.0150699058
7.04390407687
7.08483276633
7.11365433561
7.12335420803
7.14659238094
7.15849409814
7.20020531662
7.22014347594
7.22368804609
7.32220939714
7.59802694052
7.65810811429
7.66378501381
7.79319036592
7.84187192731
7.86648362132
7.89058116651
8.06348133474
8.12625182959
8.13420318542
8.16660925517
8.25887468092
8.70238657539
8.84943138791
8.87954750357
8.92069488656
9.20787832759
9.25860965384
9.39036582911
9.59208666552
9.6387832022
9.67826800002
9.79732229048
10.2983304067
10.5799504695
10.7743900407
10.8520287806
10.8628403791
11.0860937683
11.1297857261
11.3271868508
11.5805964482
11.7628986472
11.8698654454
11.9532033146
14.4266879301
14.9250879454
72
