6.0174575921
6.02603944317
6.03730712212
6.04685005139
6.10145293169
6.11459649404
6.12756992699
6.13643378526
6.14349684371
6.15569233203
6.16106371468
6.167837324
6.18591982414
6.19654722052
6.21244891189
6.21652036805
6.90620297443
6.98451081823
7.04421237704
7.06374738575
7.07541353831
7.2695154741
7.32657373749
7.33191108637
7.46506033275
7.49865316155
7.52342534207
7.59784794905
7.61516046581
7.61960925001
7.62327191408
7.6432057507
7.65793797814
7.6660298454
7.72110440626
7.76155186658
7.81512981622
7.93397166371
7.98344314303
8.00900913344
8.05586818435
8.15517418083
8.23474217365
8.30993563796
8.3486196138
8.39218521303
8.44404370882
8.60113556117
8.63060037806
8.68456386386
8.72801497526
8.79186280114
8.92736464943
8.94676345058
9.02327286698
9.05125023662
9.11631688041
9.14814040358
9.1594981473
9.28893289021
9.31104647141
9.33869148181
9.4179322657
9.61094251836
9.73200250495
9.82212600205
9.88440622078
9.92519066581
9.93175417357
10.3461172641
10.4080850047
10.5790595994
10.6956480823
10.715175963
10.8695002791
10.8912514999
11.2022784753
11.3643807546
11.4241923769
11.5945525362
11.9063308373
11.9264351919
11.9474676642
12.064407997
12.0793670094
12.2246462981
12.3953341667
12.550650191
12.8352950928
13.2017482527
13.4834250454
17.0322553734
92
