6.00521219227
6.01680576393
6.02338496958
6.02910231186
6.09955460905
6.12414412955
6.15380417299
6.16830282439
6.17875446397
6.18494356501
6.20198995391
6.21738446648
6.23035631787
6.24017909474
6.24750471194
6.25260960901
6.26398844021
6.2702726807
6.2859485442
6.30675995659
6.35034956808
7.24907542341
7.25446457894
7.37075387387
7.37450860917
7.41632787035
7.47434250393
7.50374273778
7.51339221368
7.62708567764
7.66238971227
7.67609069581
7.82057778679
7.89898367482
7.94506752868
8.06267545695
8.13714497201
8.16424015232
8.2388534105
11.3925637536
11.4584632796
11.8532607406
11.8673836925
11.9381020944
11.9988311223
12.1320282381
12.4344091633
12.9133437599
13.1514637974
13.2399701905
13.4160772849
13.5174523398
13.8921098495
14.0555460334
14.3048458559
14.7361155461
56
