6.0036437839
6.0160663505
6.03437974661
6.04811728617
6.06242368636
6.07670373972
6.08721404921
6.09749209581
6.1085296531
6.1345981359
6.14922578261
6.1538935992
6.16379454528
6.3127231365
6.32122774426
6.33311241197
6.34852796533
6.39724696088
6.4258542359
6.44549764723
6.46798410532
6.4946002689
6.51340743603
6.54032765864
6.54946578945
6.56855026447
6.57401916798
6.59481805726
6.6157724063
6.64681689333
6.83946448709
6.85366125886
6.85749285744
6.90499182296
6.9189397067
7.02201054706
7.04391442431
7.07932122149
8.16571480614
8.20789545894
8.26386133599
8.30052545721
8.38637310222
8.50049063528
8.54922973125
8.64204079853
8.8127604148
9.29415654608
9.34855483837
9.44252649414
9.48116492043
9.63604926414
10.0212756391
10.0521718604
10.223319351
10.3386437307
10.4430417732
10.5145168009
10.5995840686
10.6912870016
10.7923941124
10.8088641292
11.20269575
11.3015667765
11.4867887808
11.6149291337
11.7490376389
11.9218941551
11.9931755982
12.5600069735
12.7773643127
13.1232634304
13.2741889673
13.3844352663
13.639575055
14.0530675924
14.8642475884
77
