6.00980743285
6.02081526852
6.02807957279
6.03575130735
6.04258040328
6.05153067643
6.06224433801
6.07226416878
6.08027726915
6.0948172633
6.10240882933
6.1166088951
6.13403641255
6.15054580443
6.15595649357
6.16582149433
6.1947308411
6.28610265712
6.31260275153
6.32143381528
6.32862350305
6.37043784998
6.40222845964
6.4178832909
6.4412218638
6.46532544023
6.46905506281
6.4879710532
6.49834706264
6.51293120258
6.52387937083
6.54022483505
6.56762207901
6.60453605327
6.64529840699
6.65498693822
6.66768105462
6.73300945152
6.75425262992
6.7730126732
6.81536657067
6.84307912412
6.86244667653
6.92626374628
7.08095095031
7.10860467803
7.14167397065
7.1750401754
7.20117304669
7.21632403805
7.23033509552
14.1871502126
14.3396925324
17.3568616935
54
