6.00936955222
6.02049184794
6.03191239768
6.04233943155
6.06207775506
6.0751085232
6.09664937086
6.13874746441
6.14227070984
6.15418720117
6.15806481936
6.16534956633
6.17274994302
6.19525622835
6.20617101273
6.30682664317
6.35135818139
6.37787349841
6.40388806713
6.43234988016
6.44339149455
6.4707192396
6.4817484128
6.50418565438
6.52258073824
6.59243012688
6.60638047723
6.63576996327
6.65805569443
6.68349831127
6.83429814492
6.84262359251
6.84672048854
6.85831137471
6.87533429281
6.88088150238
6.88437517578
6.9302117985
6.96002887878
6.9791490122
7.06561363021
7.17807230275
7.19891950599
7.28350571934
7.33735615562
7.39199671546
7.4306172924
7.44848221877
7.46016796627
7.57243228033
7.64662856518
7.68082383311
7.72299305095
7.7576246934
7.77760281827
7.99620832895
8.04365014773
8.11551593533
8.18014690871
8.23521346501
8.25262554731
8.27778808718
8.37268422148
8.41754758573
8.44900574205
8.48701185096
8.54246537493
8.62744456969
8.79166258549
8.83241604712
8.85877762227
8.95844565923
9.09705745165
9.2235061847
9.35613002385
9.4080151105
9.41497743577
9.65843904534
9.82295324844
10.4562465574
10.5345531286
10.6037372883
10.6965373243
10.8181416905
12.6023189623
13.0800631826
13.1920475461
13.3382863216
13.4606770844
14.3460154237
19.4859489232
91
