6.01714016147
6.02181584509
6.03080052163
6.03775594717
6.04502012091
6.05240603434
6.07838286284
6.08259383621
6.10230295718
6.11454164769
6.13686722019
6.14784038827
6.18927430088
6.19271557931
6.21625645901
6.23699349747
6.24393226288
6.2626921373
6.28329561161
6.29891118984
6.31331790658
6.31842608935
6.33730448394
6.34412746291
6.35094324817
6.357452627
6.36659098172
6.39872303172
6.42030879739
6.43872719671
6.49069827323
6.50841119886
6.54470189707
6.58478516115
6.59058881368
6.61927124605
6.63683456938
6.67163399955
6.67545570454
6.71129729308
6.74461396893
6.79487341577
6.80932982777
6.83604478417
6.85184809646
6.8611527278
6.87983232767
6.88981606194
6.92125651037
6.93490691971
7.00013012133
7.01230338811
7.06749058488
7.15052084762
7.15861702573
7.21890388672
7.22804462787
7.2638147925
7.31669852694
7.33336552204
7.33919597863
7.38495901343
7.43222117375
7.52125340248
7.54396970809
7.59482064527
7.62097809132
7.64811609232
7.69895641886
7.72997485067
7.77879333831
7.78461539036
7.7936504257
7.87310760355
7.97339213157
8.06546407866
8.13274424615
8.14363672547
8.17298271789
8.218152781
8.224212318
8.30444531147
8.36271504241
8.75262931844
8.80572952659
8.90789768842
8.96225872376
9.01780709506
9.12125239903
9.24935423448
9.3408973154
9.34856589509
9.56139309426
9.61809120238
9.67295923618
9.68083508612
9.74763637012
9.81780240717
9.832995183
9.90168268377
10.1602414472
10.2318207477
10.5737639784
10.6266448843
10.6683612979
10.8102614031
11.0006261891
11.3391923186
11.508386823
11.5600346376
11.6215806197
11.7203090572
11.7839790623
12.9309150476
13.0004624669
13.046765378
13.1305634559
13.5675014985
13.8332268262
14.1234226376
14.4548606352
14.5887205316
122
