6.02964829213
6.03774568581
6.05966426374
6.06553183621
6.10795029076
6.13284178117
6.13800570456
6.14298954656
6.17662641815
6.18179725099
6.19392326646
6.20128572012
6.20630136213
6.21903853426
6.22706302415
6.2432145422
6.25035166664
6.25899135951
6.27512339634
6.27924707772
6.28406428682
6.28838690765
6.31203753919
6.34837328819
6.39129943845
6.40835163371
6.42439851682
6.47077256772
6.5044497486
6.528497203
6.54901325198
6.57321087097
6.57676254995
6.63572790754
6.66812063747
6.69423532357
6.71635297671
6.75489781962
6.76788810391
6.81264029502
6.83166068913
6.92514245693
6.94539988864
6.96797802283
6.98039608412
7.03770797299
7.04442162187
7.09676241375
7.11194625617
7.136310945
7.17468153151
7.18784412636
7.22497011844
7.25037546976
7.33036532901
7.35203398823
7.37858605716
7.44208213616
7.45371864865
7.48151428511
7.50134787572
7.52108658633
7.57490294162
7.64217532026
7.6782104473
7.77317796686
7.8288440045
7.90082066634
8.21749388245
8.26898742801
8.352583306
8.41150291887
8.46815926492
8.58392800981
8.68807273341
8.69883575725
9.2344560089
9.30608534971
9.39501908096
9.52409441418
9.5804909852
9.6361045492
11.8650216589
11.9228531618
12.6597385496
12.7316273518
12.9436101683
13.1498039021
13.187884588
13.4770402597
13.7993274158
14.0536830378
14.1912911281
16.8752347824
94
