6.01176525841
6.02191975522
6.02688157285
6.03396192569
6.05267493106
6.12183496018
6.13367645712
6.13814751563
6.14751753909
6.17188917291
6.19756301946
6.20329827969
6.20935056483
6.21987797144
6.22535097601
6.23513355174
6.25380070751
6.28541962434
6.30721833605
6.32263016729
6.32867104414
6.37393281777
6.40742355331
6.41764376354
6.42281970698
6.45803579862
6.46925154811
6.48793374635
6.51604281844
6.52937987681
6.55850775019
6.59144484616
6.62493449951
6.65251388907
6.70459197051
6.73167450088
6.74860080066
6.75470121515
6.80284697188
6.82254198176
6.84570913344
6.85928931174
6.87820530999
6.89162969162
7.00884120775
7.04442769349
7.07672266657
7.11948914921
7.13779900097
7.16376251011
7.19143303613
7.22675599614
7.24993661601
7.27840647701
7.302915979
7.31795642793
7.35082034554
7.39216522004
7.4534458159
8.51464320611
8.54052007269
8.57782398546
8.67047044682
8.80502629761
9.04785823971
9.14566022885
9.21580258989
9.2902811371
9.44494493986
9.51649741352
10.1440205498
10.2366578409
11.156878876
11.2266646992
11.4213141541
11.6254139025
11.8087613178
11.9235087859
12.1027250804
12.7747108035
13.0493493136
13.2467069812
13.5302790293
13.6421062094
13.8130336523
14.4940006856
14.7724340947
87
