6.00773801184
6.01524200194
6.023334402
6.04640380957
6.0644711673
6.13623336602
6.13980089557
6.14938984813
6.15748499355
6.16276622048
6.17065844185
6.18138417577
6.19597803037
6.21191173074
6.25923505501
6.27319581851
6.27674400221
6.2893970659
6.31101635431
6.3844247923
6.41070748261
6.44646400386
6.51094402487
6.5397194676
6.55768754854
6.57860804499
6.59565214473
6.61743665747
6.68843048535
6.70631407352
6.72437346855
6.73655697907
6.74499599988
6.77870521437
6.7916495221
6.82047658928
6.83377294499
6.84649541974
6.87524070457
6.91641388969
6.93682884458
7.04543916621
7.08617325583
7.09617968965
7.11784996168
7.14531858059
7.18523482638
7.19150641607
7.22935477991
7.25172898462
7.28283257295
7.30611932899
7.34279943126
7.34680020352
7.39812253871
7.62361206508
7.65881967437
7.73813468472
7.77050668539
7.84835704011
7.9336461506
8.05763772821
8.34371371391
8.39218571278
8.62662542405
8.63933147109
8.6862783678
8.73625494145
8.82575614578
8.85638268216
8.90495233399
8.97885062963
9.1054403338
9.1559040497
9.17316325525
9.26021650837
9.33591981374
9.35535472395
9.36567054017
9.38839034484
9.54268747719
9.7014989513
9.76737139502
9.94499048699
10.0054141618
10.1452534222
10.1873067643
10.3277441939
10.4634115823
10.5330072556
10.6054718171
10.7483781865
10.9251184702
11.1829649922
11.2212191196
11.2892555594
11.3840721081
11.4503583181
11.472875689
12.3009495007
12.496642319
12.5120007855
12.7489836295
12.9665553156
13.0693752788
13.7472806527
14.061162118
14.324355431
15.3328188976
109
