6.00688042164
6.02940217611
6.04288537418
6.05932602426
6.06368951403
6.06888955174
6.08913020158
6.10140723928
6.11329684205
6.2990771226
6.33459297324
6.35153444038
6.4449807937
6.45471495031
6.47093947416
6.49487792026
6.51336263973
6.529089308
6.53909907137
6.5744399828
6.61886100315
6.63433776942
6.64176378647
6.6801805834
6.71169778371
6.75118876236
6.83728335863
6.89543819954
6.92230599748
6.96095400057
6.98394247582
7.01395461587
7.05743537488
7.08717263788
7.10653651828
7.15256308213
7.19566542332
7.29666495874
7.34321893384
7.35639825506
7.39103473998
7.41990732042
7.48036453401
7.54904010718
7.58877898352
7.92531057538
7.96384655102
8.01976138293
8.05896052537
8.09105218934
8.15542473005
8.17442621565
8.23357633479
8.34165587361
8.39367741297
8.59833043372
8.60481770772
8.64756462722
8.75694693258
8.80468145865
8.85871066251
8.86359840654
8.92039700882
9.0684353543
9.14271242015
9.24923764357
9.32925217426
14.1845925093
14.2438135617
14.8405436694
70
