6.01663412451
6.02056267088
6.03437007609
6.0483299069
6.07505702268
6.09659129647
6.12579113659
6.14221219072
6.18127980376
6.19717258553
6.20797350251
6.24505810903
6.25255034592
6.27341417988
6.29164187666
6.29555821319
6.33124275212
6.34444878409
6.35092258484
6.37212344771
6.38849091775
6.39823576988
6.41656188523
6.4869330445
6.49820967567
6.52850973685
6.54941689198
6.58509805782
6.61053458301
6.6390500862
6.67090679779
6.70177678589
6.7186527771
6.74347315278
6.75275780828
6.76530931791
6.79252510164
7.17437850279
7.19865641755
7.42371693941
7.4549630311
7.53866998571
7.57717047578
7.61695028643
7.70338797283
7.78820463709
8.39146875749
8.69590884831
8.73403354493
8.77820538648
8.80170502608
8.82710521858
8.9436843298
9.00374958584
9.18119321861
9.30471097144
10.0865297088
10.1508354913
10.4008452511
10.4310401925
10.5439290725
12.6846453243
12.7952491783
12.8531517244
13.0290474567
13.330905916
13.5189950132
13.5919300887
13.6709619434
13.9704181864
14.1863906233
14.3595890083
14.4292841832
14.7309068749
74
