6.00771429378
6.06062603314
6.06406678429
6.07086521761
6.08214803155
6.25197466365
6.27364764808
6.29757090218
6.31956417057
6.32621930555
6.351072765
6.50552026814
6.52277939636
6.99007522297
7.00488916813
7.04429942683
7.06970380686
7.13193539406
7.28122210512
7.32768631972
7.33337916989
7.37565612171
7.39905646455
7.41950791748
7.4554561225
7.46005492055
7.47332359371
7.47864951556
7.48449262445
7.56736583575
7.58786223925
7.64024058473
7.64847500213
7.65318766203
7.72573855367
7.7719313746
7.81186555202
7.95168784432
7.97388151596
7.98698571987
8.0606927169
8.07584762603
8.1471141514
8.36019449794
8.68117977051
8.6875914777
8.71986737855
8.78993571643
8.86380828244
9.10254817795
9.22841185052
9.27696781841
9.39195158306
9.47208691945
9.4786018301
9.5181717507
9.55405147651
9.60905258396
9.66180124036
9.697285997
11.5292570791
11.9093578781
12.1461413569
12.278067784
12.2979112025
12.5326042552
12.767301616
12.7835189195
13.076202222
13.3710026732
13.5778647496
15.0095973434
72
