6.00820058288
6.01855322835
6.03054149333
6.04536759569
6.0524497618
6.0628300558
6.0748740066
6.0796188729
6.08694602342
6.0932707625
6.11581338275
6.1246055155
6.13114774632
6.13750718054
6.15660463021
6.1641830437
6.17594900813
6.18215042639
6.2032630558
6.22430019691
6.22864757057
6.23927048033
6.25687777985
6.30096683592
6.33680027223
6.36757740193
6.39895483905
6.40400659784
6.42706153335
6.43120017118
6.5277165569
6.55629030954
6.57445284455
6.5818402069
6.60735294445
6.62257020584
6.63406565336
6.63951386049
6.65754234502
6.69081949262
6.71320773316
6.72861547439
6.74525141536
6.78742855919
7.05316361655
7.11619768288
7.15152341382
7.26397764903
7.27840729171
7.282786155
7.32167868247
7.35215398447
7.39351784515
7.42680446883
7.47620068823
7.54758488835
7.56945688658
7.61728576891
7.64063254087
7.68405191724
7.71078863979
7.74512867675
7.80809650338
9.50639635463
9.56671295275
9.82655959467
9.91772701712
10.090506628
10.1384997211
10.2482605152
10.5696295245
10.7221210925
10.7763778969
10.7858269794
11.1758464068
11.2721465397
11.3666960959
11.4965542235
11.5107380736
11.6936087711
14.6307346319
81
