6.02136209724
6.04064212691
6.04743601587
6.05120316135
6.05470961279
6.06085447941
6.09445624469
6.10396257227
6.20277219341
6.21425167311
6.22641703071
6.23519298982
6.2429870601
6.25675913925
6.2645377571
6.28339212242
6.29603959035
6.3097096405
6.31374134697
6.31952173203
6.3288463719
6.33714279437
6.3461487649
6.36629270281
6.38942038195
6.40192650541
6.41510763954
6.41956219789
6.43237174738
6.44550593212
6.47305001954
6.49260566711
6.50814020743
6.53251674904
6.54376547551
6.58887226952
6.60037742299
6.96766880401
6.97448548144
6.992654577
7.04487197181
7.06518560698
7.08706217229
7.12656956275
7.18368153687
7.22616343982
7.27049055693
7.55593555073
7.59455046129
7.60057067501
7.69744553232
7.72664367544
7.78246191389
7.85949523757
7.92634010943
7.98253550071
8.02548988808
8.04675643238
8.11830667248
8.15536046225
8.16662541015
8.32450428858
8.3910137577
8.41343516547
8.45893120039
8.47760227428
8.50858220291
8.53586706879
8.59210740954
8.63717673651
8.65169362254
8.71902105939
8.73240974583
8.84932013978
8.92023084794
8.95530368993
9.12215487218
9.16579975417
9.22745448044
9.29661332462
9.3839840022
9.39326340055
9.42027440301
9.55302530374
9.79651203955
9.93581970915
10.0973104206
10.1525955515
10.2984266702
10.9203476133
10.9468980822
10.9717829162
11.0217333972
11.1205475476
11.1926460235
11.2238747315
11.3358571736
11.3938911429
11.5784601796
11.9023669739
11.9895468178
12.180681073
12.2516346308
12.3754533304
12.4646902997
12.6247134076
12.719312923
12.8477687848
13.1093275175
13.4578451648
13.6407204626
14.2129450378
14.7940262041
113
