6.01528875692
6.13053192734
6.13529080548
6.22292930807
6.23293932561
6.25015794388
6.26527445492
6.2817928341
6.29175434634
6.31241827953
6.3351097888
6.35729042883
6.37390993082
6.38461702397
6.40835101054
6.42195037017
6.42886321399
6.43344723506
6.44540261754
6.45382810942
6.46322545055
6.47702567702
6.48929975481
6.52366211748
6.57269223573
6.59426173565
6.61557552636
6.63472294211
6.66374633864
6.67432826965
6.68637053732
6.72422747735
6.74803280111
6.78177055175
6.88515180187
6.91022859647
6.93581963399
6.97421092639
7.02884379309
7.05916183571
7.10301796342
7.13309423768
7.19194253176
7.19680059512
7.22503379385
7.25372118188
7.27760027784
7.28732967212
7.34050383513
7.39253527382
7.42071303458
7.47801018629
7.52947448788
7.53756849284
7.56685389122
7.73860369326
7.78534660032
7.84281118405
7.87658097694
7.94082911659
7.97330063705
8.0153593307
8.08287567763
8.11605995132
8.24082610875
8.26603191556
8.32767069478
8.33692614257
8.60093374562
9.85174604345
9.89649867323
10.0331653805
10.1583208487
10.3072629086
10.4384493768
10.5715132745
10.8022783005
11.4806950533
11.7166526032
11.9135604363
12.0031062394
12.2103360145
12.235618303
12.8238890943
12.9956873583
13.0880301796
13.1999075019
13.4173701055
13.5106985543
13.7297360888
14.0059637362
14.2114594923
14.8257998322
93
