6.00621324777
6.01595128031
6.02290184374
6.06333478013
6.07485227858
6.11328832023
6.63652590356
6.65488077763
6.67112042435
6.68859860232
6.70656045459
6.7331500366
6.78380716803
6.80646565453
6.85216235257
6.90934746043
6.9536129563
7.00589645539
7.01659821796
7.03647445102
7.05211715262
7.096334974
7.20662558046
7.24112125423
7.25178589599
7.25916829489
7.27940580904
7.28924963152
7.30222750875
7.99462158901
8.02339244015
8.1490632827
8.1653999042
8.20440848535
8.22024345611
8.24225494896
8.29360693589
8.36924551023
8.39348857042
8.41011678145
8.42267410531
8.43450457852
8.45404713982
8.47299337752
8.48792388939
8.51526835201
8.52365117922
8.54309307598
8.57462751732
8.58643706447
8.59300011857
8.603239728
8.64545525694
8.67732313281
8.68901573168
8.71381234941
8.72627708528
8.7395490796
8.76580806435
8.77768607176
8.79936219691
8.81008686314
8.85341856291
8.89357071089
8.90658148309
9.00701736806
9.0254081378
9.05808476716
9.13152464282
9.14547473215
9.20053257902
9.2195056115
9.24021939893
9.2544707002
9.27909579392
9.33279494879
9.36117880437
9.36832717871
9.46239521503
9.47259853844
9.50711779751
9.58491437314
9.65130210144
9.66423580225
9.67036095981
9.67744386162
9.69003713922
9.71137214406
9.71939735716
9.7459085288
9.76666173848
9.78255510274
9.80857481287
9.81555756718
9.82161033793
9.83662006536
9.85812903519
9.87512144557
9.88244341952
9.90073664039
9.94273611439
9.95303974631
9.97551142807
9.98281173088
10.0417056162
10.0809995037
10.1049089402
10.1280662594
10.1349363083
10.1623035187
10.1964154449
10.2081510023
10.232585065
10.2457803377
10.2704334566
10.3456126458
10.3658654035
10.4016291204
10.4093846226
10.4733681424
10.4772155404
10.4896429962
10.5211160937
10.5248901791
10.7645678187
10.8064082942
10.8120381691
10.8183233807
10.8367122268
10.8448901352
10.8591122108
10.880918865
10.8933830827
10.9063985171
10.9199577976
11.0781816978
11.0846442569
11.1049550971
11.1187697666
11.152737686
11.1744120083
11.2239478881
11.2599086406
11.2766845456
11.2906116551
11.3023123034
11.4028649662
11.415485399
11.4328958839
11.4620461265
11.4990034676
11.5313743248
11.6035489165
11.6206841685
11.6382618773
11.6870490768
11.7014249837
11.7243465311
11.7697119874
11.8112874288
11.8664048282
11.9124522309
11.9219989123
11.9400989364
11.9602003651
12.015162982
12.0336982567
12.0445967519
12.050567561
12.0539410027
12.0727861836
12.0986107052
12.1104699676
12.1244326241
12.2370546838
12.24977324
12.2696720287
12.2971267841
12.3406180809
13.1369078054
13.1843895901
13.2095561827
13.2164819717
13.2935884993
13.404775034
13.413112771
13.4248604724
13.4553037435
13.4708611583
13.6340798867
13.6558980328
13.6736237355
14.2058958786
14.4154718911
14.432376322
14.4423447428
14.4468982159
14.4796598098
14.4920082033
14.497486385
14.5204081136
14.5347990333
14.5475217327
14.5665056429
14.5811866178
14.5884432917
14.6074001148
14.6211401466
14.6834952379
14.7068149655
14.7210559523
14.7609194503
14.7821014432
14.8036875881
14.816241593
14.844633329
14.8562739522
14.8603780268
14.8871526195
14.9068212845
14.9541733365
14.9652684085
14.9906473388
15.0006939829
15.0140707445
15.0385369265
15.0557455422
15.0770575658
15.1473823864
15.1712801293
15.2114274232
15.2943475056
15.3203179729
15.3300948615
15.3440693542
15.3882412041
15.4108899245
15.4198314362
15.4602546762
15.5151645758
15.6406230863
15.6545220159
15.6839967596
15.6933852414
15.7041701623
15.7243288739
15.7382794275
15.7587709551
15.7730298567
15.7819421541
15.8094178193
15.8283333013
15.8584545381
15.8665581644
15.880156701
15.9336184613
15.9556754834
15.9632880301
15.9767676937
16.058467163
16.0807392593
16.1828420749
16.212814651
16.2565879166
16.2809996059
16.3078647506
16.3181514011
16.359745107
16.4900409542
16.6550777588
16.7215351617
16.736067197
16.7707440495
16.7962550275
16.8107552412
16.8214589499
16.8262263746
16.8333136671
16.8421968366
16.8569342498
16.8723081998
16.8817951349
16.8869784142
16.8958197134
16.9079241832
17.0431502287
17.0555269043
17.0692591157
17.0886772022
17.1003133222
17.1341447677
17.1452296677
17.1688336943
17.1799074395
17.197855722
17.2225188775
17.2441405385
17.2750552969
17.3366088662
17.3547759179
17.3659536087
17.3731633596
17.3876134158
17.4578655183
17.4758580612
17.5207996298
17.5574367516
17.588202512
17.6041906928
17.617139582
18.0089448501
18.0219728544
18.0394421272
18.0578046542
18.0721798778
18.0806776736
18.1239989618
18.3611610629
18.3860100541
18.4006656947
18.4227102964
18.4473319367
18.4752196128
18.4893643662
18.5050173833
18.5280235337
18.5652214131
18.5689198269
18.6065804968
19.2059551658
19.2327923444
19.2406202505
19.2459283116
19.2747448468
19.2915744462
19.2973427552
19.3111170159
19.3166217565
19.3222036216
19.3500198182
19.3581169702
19.3761317324
19.3976864217
19.4166237804
19.4224754578
19.457424452
19.4803344557
19.4976492803
19.5209010455
19.5448742219
19.554720481
19.5907936531
19.6170888533
19.6309768435
19.6448971736
19.6770168846
19.6990490211
19.709240619
19.7784127243
19.7822428655
19.8032300639
19.8172796643
19.8340690376
19.8387729881
19.8815767595
19.9129072527
19.9735030122
20.0111268731
20.0456651083
20.0717065281
20.0873424269
20.1943454536
20.2695282495
20.2850401612
20.3013952496
20.3234034436
20.3900153224
20.4618194494
20.4685349998
20.4823330524
20.4883367578
20.4984938586
20.5138503261
20.5234572839
20.5431909933
20.5653516007
20.5988609537
20.6154675304
20.6317954162
20.6986202952
20.7037760437
20.7134039236
20.7355883259
20.756151769
20.8239387443
20.8462553738
20.9467293714
20.9624871474
20.9689026368
21.0046867483
21.0367027385
21.0567787736
21.0780863171
21.1147660938
21.1598237721
21.1786679698
21.2028265797
21.2575461909
21.3036489803
21.3310988736
21.3385342687
21.3437233299
21.4114946164
21.4879962932
21.5016601776
21.5210771315
21.563417846
21.5737205066
21.5922705192
21.6110944155
21.6203544377
21.6273701526
21.6445008546
21.6530733592
21.669102278
21.7037901765
21.7222376305
21.8095362923
21.8234005414
21.8402516013
21.8613678391
21.8850885749
21.9079079741
21.9134797353
21.9244067655
21.9495326058
21.9621984648
21.9776178759
21.9817334777
21.9919877132
22.012761763
22.023329038
22.0502624138
22.0611319196
22.0744058733
22.1992997907
22.2386877858
22.2675389418
22.273794338
22.2879936953
22.3469926209
22.3855090226
22.4129971481
22.43467898
22.4641042176
22.5215805528
22.5799964475
22.642586473
22.6746086083
22.7178412372
22.7400855204
22.7915901529
22.8261720976
22.8332482764
22.8395798777
22.8493474836
22.8551074472
22.8723004137
22.887037084
22.8903874617
22.9009275134
22.9066712536
22.9189789482
22.9532461998
23.0043793267
23.0092350127
23.0156503392
23.0212185977
23.0397333655
23.0465751285
23.083348651
23.2644992011
23.276559034
23.2803987932
23.3053030951
23.3495173182
23.395996718
23.4162279735
23.4502266795
23.4835986077
23.5112545974
23.5313811883
23.5509679267
23.5693444554
23.5927383798
23.6386195996
23.6645167664
24.0126048868
24.0336945876
24.0399040385
24.0494137181
24.2823401622
24.309109473
24.3204735935
24.3409104602
24.3523590854
24.3714035401
24.4180423083
24.4355967338
24.4637414494
24.4790916162
24.5154314648
24.5762658756
24.5919722926
24.6245129782
24.6409578828
24.6691946753
24.6917458924
24.7271742368
24.7621467678
24.8208070319
24.8593729487
24.9115076193
24.9261534331
24.9655542385
24.9920071948
25.0202889144
25.0538259312
25.1048325787
25.1261055748
25.2115943067
25.227334757
25.2411212601
25.2519377951
25.2678666674
25.2798089763
25.2865854862
25.303299623
25.3202097781
25.3302821661
25.342079487
25.3789862298
25.4082362965
25.4192650899
25.4403991498
25.4559460897
25.4786721903
25.4972722612
25.5133184792
25.5220784894
25.5586809935
25.5939540624
25.6045498305
25.6156585821
25.6347788551
25.6513185316
25.6681225753
25.6957532435
26.4123365825
26.4199117956
26.4406622781
26.4453042331
26.4584761923
26.4690919635
26.4875151129
26.519121357
26.5443610391
26.5599583133
26.5935886249
26.6290445402
26.6341123518
26.649845804
26.6612779757
26.6819797148
26.7584425629
26.7862953469
26.8379069562
26.85525079
26.9442859831
26.9655187024
26.9790192012
27.0057636442
27.0391728134
27.0448300841
27.0609154184
27.1000502845
27.1134818275
27.1333359722
27.1415415472
27.6351793202
27.6582015095
27.6744367544
27.6825293845
27.6961534814
27.7266050324
27.7403424193
27.7533152904
27.7580790129
27.9806452226
28.0040356691
28.0533041412
28.0680364923
28.0869500687
28.1065157984
28.1281894557
28.1455650355
28.162842972
28.3470973407
28.3954189543
28.4260961525
28.4530515543
28.4642634661
28.5920744724
28.6125558901
28.6427504531
28.7034095364
28.7276487441
28.7605089165
28.7760702694
28.8307402503
28.8475091459
28.8551781095
28.8638395301
28.885998069
28.8995573669
28.9048531981
28.9229052804
28.9392152804
28.9657861496
28.9852794908
28.9916989584
28.99746963
29.0076463734
29.0438754279
29.0578564404
29.0885364322
29.1156499767
29.1279088077
29.1449256833
29.1560895338
29.2370939508
29.2701566839
29.3072480933
29.3192076728
29.3656410271
29.3953443198
29.4122524525
29.4961017039
29.5178554559
29.552627973
29.578435928
29.58955136
29.6298072481
29.6564862578
29.758224882
29.7836375359
29.8672942135
30.014006152
30.0328541881
30.0372676876
30.0424649059
30.0625308875
30.075364581
30.0854872303
30.0989708563
30.1210734562
30.1399577433
30.1468770472
30.1634907193
30.181878488
30.2095180932
30.2149069214
30.305672117
30.3262190347
30.3356647899
30.3467625305
30.3726993671
30.3761950485
30.3960650405
30.415762486
30.4323037805
30.4489955624
30.4626722941
30.4868263649
30.5004572887
30.5137147091
30.5719357155
30.608899017
30.6260581068
30.6523593737
30.6768758317
30.7945464054
30.8393484616
30.8580241134
30.9110801645
31.0150569704
31.0314959776
31.0757814109
31.0852700552
31.1329457564
31.1991728508
31.2196076461
31.2424621401
31.2645649467
31.2865226152
31.2989790692
31.3177666319
31.339260001
31.3502793348
31.3638658539
31.3799493067
31.3940829428
31.405029184
31.4208629504
31.4303712636
31.4381025317
31.4660862454
31.5708340093
31.5797861503
31.5834630773
31.6077613933
31.6163879614
31.628628388
31.6536667712
31.6822372737
31.7898187072
31.7938065444
31.8397862609
31.8548109008
31.8726340625
31.9006445062
31.9215090207
31.9304499329
31.9383241181
31.9545222975
31.9638582876
31.9899051565
32.0209810569
32.0569059087
32.1012071513
32.1299555698
32.1756997541
32.1952674706
32.2367706839
32.3121747459
32.3282181084
32.3483497196
32.4074875302
32.4253542936
32.4808441098
32.5078747291
32.5195550965
32.5447039325
32.5556504313
32.5751732976
32.5931579706
32.6802873912
32.6945158825
32.7067551456
32.7207474299
32.7484583942
32.7586007113
32.7766318826
32.7802437054
32.7936012236
32.8016734372
32.8136909704
32.8688527273
32.933886957
32.9484438725
32.9686816254
33.0640417473
33.07487599
33.1357260718
33.1538300719
33.1781488028
33.2229824633
33.2809776188
33.3369166082
33.3771241295
33.4128689801
33.4328578896
33.5023761379
33.5645858145
33.583024437
33.5944092988
33.6058864825
33.6120214937
33.6181577872
33.6222418541
33.6588817727
33.668355443
33.682230185
33.6940521422
33.727019012
33.7380561252
33.76225569
33.7832091444
33.8108299608
33.8550806711
33.8794397925
33.895646799
33.9065337944
33.9154860246
34.0990929577
34.1183629954
34.1440873529
34.1684148573
34.1815238224
34.1973165868
34.2299263831
34.5774009627
34.6107209117
34.6496300292
34.6667964097
34.7492388344
34.7550796573
34.7949181673
34.8058653307
34.8098904253
34.8244241671
34.8497043276
34.8598101872
34.8667840098
34.872717116
34.8785602678
34.9104081632
34.9200629387
34.9266055733
34.9401528415
34.9536149833
34.9753294392
34.9955525341
35.018114641
35.0259660048
35.0578237197
35.0803265706
35.1158474853
35.1403571435
35.1505815772
35.1601152278
35.1854941042
35.207550298
35.2326292751
35.2986444222
35.3412702811
35.4498776121
35.512545867
35.5409153269
35.5589781074
35.6021389023
35.6691696187
35.6867949715
35.7030060819
35.7213726683
35.7355788275
35.7578749604
35.8150264904
35.8728754778
35.9201567562
35.9765845148
36.01293807
36.0248347306
36.0296612632
36.0397414109
36.0674418316
36.0720105119
36.0756690585
36.079338564
36.0881976323
36.1035009227
36.1152992461
36.1308040177
36.1411465924
36.1560159111
36.1612580554
36.1745459538
36.1901957996
36.2240134473
36.2379719242
36.2552285493
36.26114593
36.2751426713
36.301342709
37.2947062076
37.3115011153
37.322118651
37.36647018
37.3807442737
37.3859336491
37.4144935029
37.5158516304
37.535909364
37.5532390981
37.6127007692
37.6277970108
37.667810769
37.7062381741
37.7296525605
37.7444076365
37.7618639187
37.7915492203
37.868662372
37.9035445587
37.9217413981
38.4092711432
38.4183361458
38.4801989093
38.493804638
38.5102387306
38.5243249495
38.5388894108
38.5467702961
38.5718042898
38.6902109523
38.7010094937
38.7184516305
38.7447800752
38.7611969581
38.7816034144
38.8110798975
38.8149683215
38.8321312691
38.8490979607
38.8663235853
38.9025832513
38.9381219026
38.9673766021
38.9775564143
38.9875103252
39.0223982646
39.0553512983
39.1521721263
39.1929381119
39.2069721302
39.2516296333
39.2661923765
39.2729358516
39.2831156887
39.3231296543
39.3399912287
39.3670193306
39.371310552
39.3816844692
39.3931752725
39.3971308677
39.4510378059
39.4939982721
39.5431357214
39.6071509046
39.6115210074
39.6299932736
39.6390817343
39.6450724734
39.6665232186
39.6776294954
39.7345489198
39.7539859007
39.8003162046
39.8178843357
39.8840798748
39.9075263708
39.9531250726
39.9568234941
39.9697378155
39.9789663019
39.9912170164
39.9947802347
40.0202074528
40.0390869743
40.0556398887
40.0701933779
40.0997404535
40.1303987055
40.161905725
40.2270146556
40.2807555628
40.2888195334
40.3066170378
40.382249888
40.4721848452
40.5241859572
40.5451729684
40.5875456842
40.6082050711
40.6443810811
40.6637798143
40.7400200177
40.757086657
40.7911192783
40.8086409776
40.8273253788
40.8417204641
40.8596487453
40.8702064867
40.887160809
40.8962678426
40.9040686098
40.9489243463
40.9574626045
40.9730020512
41.0101734153
41.015719163
41.0248007943
41.0483808158
41.0855883674
41.0989772508
41.1090450958
41.1396863285
41.1554462675
41.1608178962
41.1652449737
41.182960469
41.2291672122
41.2406351701
41.3972169209
41.4137982993
41.423952036
41.4675034938
41.4868155423
41.5101506834
41.5214979208
41.5481719879
41.6279896312
41.7457178358
41.7746748782
41.7935514548
41.819567448
41.9662846481
41.9826014352
42.0157897083
42.0269880255
42.036782596
42.1491501624
42.1735242229
42.2015533021
42.2151213214
42.218646926
42.2475262851
42.2517069356
42.2626638992
42.2743623812
42.2828381388
42.2899727132
42.3022235948
42.3101269431
42.4221942125
42.4346788492
42.6068772107
42.6342261609
42.6807968844
42.7046755524
42.720758841
42.724170348
42.7372669384
42.7648661415
42.7893353213
42.8105374214
42.8687464732
42.9261169236
42.9634627218
42.9779414715
43.0784338313
43.1155171488
43.1652383477
43.1896743198
43.2060261105
43.2110296479
43.2176011775
43.2243210964
43.238806439
43.2446871339
43.2518463172
43.2607209428
43.2681619157
43.282433302
43.2890085058
43.3097506707
43.316808898
43.3244292413
43.3863653828
43.4013349872
43.4120114781
43.4155862819
43.4255385855
43.4533147735
43.47023824
43.4765074764
43.491822254
43.5114600811
43.5284454827
43.5379199752
43.5593139451
43.5699534702
43.5738913989
43.6245023303
43.6872475108
43.7240340393
43.7337682727
43.7675999207
43.7753254335
43.7898358936
43.8161123361
43.8414688842
43.858827854
43.8767843794
43.9024583271
43.9433884793
43.9734848118
43.9874460747
44.0359379515
44.061490387
44.0873873372
44.1129848004
44.125344766
44.2386675985
44.2553067727
44.4648618771
44.4811546489
44.5246641473
44.5323694127
44.5379212398
44.556005997
44.5597539723
44.5657508265
44.5820778919
44.596956718
44.6024129094
44.6136995532
44.6197714215
44.6257075563
44.6344281106
44.6390885835
44.6534148749
44.662400394
44.6707303487
44.6812611324
44.6911468565
44.7042535606
44.7215392673
44.7328353795
45.0513392046
45.0582826564
45.0873797338
45.1130927367
45.1250167236
45.1532299329
45.1741346883
45.3493319021
45.3686385489
45.426177695
45.455318742
45.5422598281
45.5930853053
45.605515158
45.6620770257
45.6718573502
45.6794002595
45.6942052476
45.7013177923
45.7058441705
45.7100196571
45.726520441
45.7434376645
45.748575889
45.7643486172
45.778252569
45.7841173992
45.7929793587
45.8074716503
45.8110966604
45.8186152138
45.8556019977
45.8702535947
45.8806958377
45.9012823154
45.9160585084
45.9299195629
45.9452698281
45.9639051928
45.9785398104
45.9967236121
46.007080678
46.0198323952
46.0343799103
46.0735959348
46.1028612099
46.1178985983
46.1228850447
46.1427842629
46.1702855421
46.1889005291
46.2024861723
46.2125675457
46.2219315702
46.2283588792
46.2415627517
46.346749927
46.3807460402
46.3872413569
46.4174045332
46.4396250645
46.4639187969
46.5203236294
46.5462283664
46.6249359435
46.7100765164
46.7921523599
46.7966032373
46.813033361
46.81983715
46.8398916387
46.8476206863
46.8707097434
46.8779434872
46.8974327245
46.9409915075
46.9461826242
46.9550200437
46.9622537115
46.9670204492
46.9774610076
48.0070406555
48.0225541774
48.0290047481
48.0404664706
48.0670269427
48.0920913654
48.1092924276
48.11284144
48.1186409805
48.1329889982
48.1367128396
48.1485169297
48.1587911163
48.1666100765
48.1793827204
48.1938590457
48.2060087115
48.2787524782
48.2933632003
48.3148215659
48.3268619038
48.3369422404
48.3477540712
48.3567363779
48.3840340548
48.3976264324
48.4207811325
48.4397998734
48.4506534528
48.5159487338
48.5329392505
48.5457458915
48.5707288404
48.5794853997
48.6065249961
48.6312610041
48.6480798053
48.6560260453
48.6804546712
48.6986872317
48.7401285484
48.744469609
48.7742028763
48.8136271669
48.8399110915
48.8576677487
48.861166903
48.8807427128
48.9329158664
48.9628555339
49.089680187
49.1459890311
49.2200380759
49.2235963889
49.2390189585
49.2449533697
49.2512690657
49.2569224536
49.2748063265
49.2926919429
49.306039016
49.314838875
49.3295314617
49.3447215983
49.4049875749
49.416344665
49.4260070425
49.4445296338
49.460981617
49.4746528239
49.4810075455
49.4899644021
49.8141232609
49.8554815476
49.8862413223
49.9393032979
49.9529011535
49.9705165456
49.9905769968
50.0541861094
50.0578872011
50.1198634058
50.149050052
50.1919693224
50.1973927789
50.2336573299
50.2504839935
50.2971490055
50.420282611
50.4330100061
50.4365396732
50.4490217188
50.4639804965
50.4820220345
50.4916457181
50.504289307
50.5351830221
50.5543388294
50.5702399283
50.5763133182
50.619937132
50.6410495904
50.666347681
50.6817040997
50.6859059398
50.6994589539
50.7132389243
50.7386993973
50.7425692379
50.747552553
50.7637590207
50.7869686005
50.793740466
50.8081408847
50.8249351358
50.8460056799
50.8548471835
50.8615159753
50.8884371959
50.8932058553
50.9071922243
50.9404925921
50.9601001979
51.0460576682
51.2627104398
51.330031419
51.3430730662
51.3481945257
51.5232687112
51.610045102
51.6280820291
51.6343703329
51.638447027
51.6482660773
51.6630506511
51.6674394278
51.6711481181
51.690154525
51.7196609655
51.7281102682
51.7427897391
51.7642703275
51.8314552629
51.8367925637
51.8602589965
51.8794917945
51.8847987914
51.8891933632
51.9028842055
51.9592792865
51.9744791096
51.9838344658
52.021172468
52.0439233412
52.0477746551
52.0701016179
52.0933255154
52.1149300608
52.1399731387
52.1787941959
52.2020999253
52.2281648563
52.2543000116
52.5070222513
52.525968261
52.5589665538
52.5789395362
52.5823248483
52.6840003451
52.7140487001
52.7585226875
52.9482465339
52.961958759
52.9737616906
52.9817905999
52.9971070296
53.0057650856
53.0414035505
53.0529427673
53.060500916
53.0773899664
53.1068323924
53.120771549
53.1369599041
53.1585644982
53.1695697492
53.1772581475
53.1815990645
53.2043148662
53.2171497878
53.291581414
53.3110970212
53.3260897685
53.3466189354
53.383816191
53.3896897474
53.4195265463
53.4469461015
53.5339211713
53.5956419399
53.6336868551
53.6431567377
53.6864050896
53.7003734431
53.7199758763
53.783791965
53.7957570182
53.8134444337
53.8384964119
53.9964925862
54.0093092253
54.0208991541
54.0269834434
54.0363003977
54.0661471542
54.0959085687
54.1047755924
54.1136419255
54.1260586064
54.5489525359
54.5593093027
54.5737758013
54.5824449831
54.6056009143
54.6261745804
54.654830084
54.6628021347
54.6867427676
54.7011319944
54.722918874
54.7434376269
54.7635836444
54.7736351677
54.8084112406
54.8396496092
54.90225194
54.9393669041
54.9781063459
55.0537746499
55.1024711599
55.1598346685
55.1871500756
55.22245907
55.2596666275
55.268698116
55.8114998338
55.8301641708
55.8617005127
55.867705829
55.9413653095
55.9612074036
56.0576574915
56.071868572
56.1068507949
56.1396719504
56.1628669058
56.1737628167
56.1902308451
56.1990746425
56.3018956918
56.3537798502
56.4142037602
56.4199823328
56.4294008661
56.4354054868
56.4678456796
56.4748930169
56.4834202254
56.5312962664
56.5398235417
56.5527480026
56.558000977
56.5694507965
56.5776254004
56.5898722002
56.6465002697
56.6514598649
56.6647033156
56.6680702949
56.6753845655
56.6831445479
56.693650397
56.7114094297
56.7244594299
56.7332578807
56.744281498
56.7528160153
56.7764092091
56.9066522902
57.2689138212
57.2992511456
57.3292194455
57.3707823601
57.4201433202
57.4646878698
57.5434715048
57.594778549
57.6146712426
57.6195945697
57.628147356
57.661941504
58.8099920732
58.8175769782
58.8243024766
58.9418707197
58.9652096296
58.9869661298
59.007977531
59.014313147
59.0210662796
59.0842063197
59.0917481019
59.0964966035
59.1045078297
59.1080956626
59.1231344161
59.1283190733
59.1381200991
59.1519227113
59.1554753708
59.1825120634
59.1917383742
59.1981183656
59.2576323651
59.2707199376
59.2769010736
59.3664392446
59.3912760767
59.4298206017
59.4487616007
59.4568730728
59.4791637286
59.543043419
59.5729521242
59.5980289203
59.6602303252
59.6805681849
59.7190331419
59.8508471098
59.8798133897
59.9475569899
59.9933725258
60.0191574718
60.0410925949
60.0532150283
60.0590741312
60.0827498449
60.099059117
60.1127515298
60.1246605766
60.1291768414
60.1398144315
60.1541569254
60.1805587364
60.1913222962
60.2011503505
60.2191932194
60.2662633362
60.2795656341
60.2886778378
60.3648856032
60.3707172832
60.3994187229
60.4097420507
60.4271784589
60.4385125026
60.4561318977
60.4623487318
60.4832167121
60.495921785
60.5016569269
60.533542847
60.5474737483
60.5884605981
60.6171307316
60.6363543793
60.6674418285
60.6908808748
60.6975243937
60.7044390976
60.712581342
60.7528458797
60.7698055929
60.7831150574
60.8144369843
60.9021712443
60.9055233135
60.916570079
60.941620386
60.9742252037
61.0207368833
61.2142795365
61.2177211445
61.2216078914
61.2319154302
61.2550094398
61.268184063
61.2831212504
61.3237435538
61.3384424283
61.3512778123
61.367679961
61.379484762
61.397378085
61.4119462886
61.4214907503
61.4394699528
61.4500920247
61.4736956121
61.5459755018
61.5672610723
61.5846081653
61.5946080981
61.6121490458
61.6239048276
61.6396349494
61.6732839303
61.7071088128
61.7263661805
61.7534785984
61.7795118698
61.8030523366
61.8310070916
61.8550008121
62.0088756108
62.0242497666
62.0539564956
62.1441718259
62.1640360789
62.1924505379
62.2261043896
62.261850418
62.2889658056
62.3144827625
62.3359549297
62.3507877652
62.4083077181
62.4261953914
62.4681881313
62.4748469463
62.4819344922
62.4857838743
62.4972653017
62.5113087589
63.6057131666
63.6230862831
63.6390416797
63.6461379699
63.6658936575
63.6724354043
63.681785322
63.7068646028
63.7235987805
63.749221033
63.7674649681
63.8084946039
63.8217483803
63.914083812
63.9363798176
63.9422723616
63.9734050157
63.986879797
64.0065341461
64.0168806784
64.021861564
64.0348236811
64.0414730275
64.0564012744
64.0649422871
64.0752590093
64.0952711065
64.1524324394
64.1713895461
64.2912102337
64.3116936598
64.3205803215
64.3532922728
64.3605598936
64.3955214917
64.4030374809
64.4269249206
64.4489433213
64.4838778259
64.5056129661
64.528066903
64.5740109528
64.6330504021
64.6601376452
64.6723042579
64.6999953704
64.7323141311
64.7786226072
64.8074947967
64.8285579336
64.849735789
64.8736686931
64.8942668422
64.9028526524
64.9075885245
64.9227098819
64.9397494238
64.947075944
64.9555605078
64.9802158845
64.9934265778
65.0776436893
65.0851189963
65.0916928227
65.0965888341
65.1097833616
65.1169388243
65.1424753368
65.1621522873
65.188390641
65.2032524334
65.2338537839
65.2413968228
65.2901730587
65.3178189379
65.3752613591
65.3870865703
65.4395696987
65.4481950313
65.4702072079
65.5100043948
65.5283023892
65.5475503083
65.5699540628
65.5877044877
65.6274524903
65.7398185547
65.7628705199
65.7717965923
65.8208401876
65.8407664743
65.8581376871
65.929795042
65.9896169614
66.0089277778
66.0177000142
66.0224795668
66.0296361531
66.0433616434
66.0493339679
66.0595693381
66.0633168397
66.0911581312
66.1018664428
66.1099101453
66.1201995275
66.1264346089
66.134349827
66.1412386264
66.1602997852
66.1648694911
66.2487534157
66.311725069
66.3277610761
66.3512470101
66.4193367427
66.437937167
66.452782243
66.4699267874
66.5021411286
66.5260164893
66.5469291747
66.570504175
66.5942936036
66.6105560825
66.707384696
66.7393281815
66.7506170105
66.7654501427
66.7981641869
66.8240951231
66.8448528914
66.8860285418
66.929181933
66.9873334675
67.0469735289
67.2153027452
67.2221883197
67.2353376297
67.2408113371
67.2546289259
67.2689973971
67.2752510281
67.2821159278
67.3158122575
67.341378407
67.4224925622
67.4396860977
67.4517743089
67.4597603752
67.4923692033
67.5107930136
67.5187449161
67.5297743042
67.5434717836
67.5704831608
67.5765841449
67.5846864355
67.5880274238
67.7902641947
67.8297941844
67.8527124242
67.8684948759
67.8805676054
67.9010993189
67.91505493
67.9264308764
67.9530752383
67.9597561416
68.0100227308
68.042527152
68.0733221163
68.0919720426
68.145460267
68.1489777901
68.1889101862
68.2082445269
68.2432702356
68.272858301
68.2797613249
68.3135605744
68.3542160212
68.3839791842
68.4123348557
68.4261268859
68.4369091513
68.4488601839
68.4595211737
68.4639699293
68.4779234088
68.4949743493
68.5037294761
68.5099439147
68.5225154537
68.5279477459
68.5536388253
68.5615148719
68.5650195641
68.6008616863
68.9223789588
68.9381009704
68.9431185933
68.9572540335
68.9751289724
68.9863447174
69.0096896739
69.0206776838
69.032483394
69.044030421
69.0644506576
69.0916128219
69.2051502444
69.2120120924
69.2201089445
69.2630648054
69.3209332848
69.3397560361
69.4425398829
69.4593584911
69.5075578319
69.5392962675
69.6060846919
69.6131077238
69.6200733551
69.6420995375
69.7325445109
69.7444799286
69.759527303
69.7724312657
69.7780916701
69.7902281446
69.8120454664
69.8306959148
69.842180909
69.8658437995
69.8701144937
69.8894527103
69.8955172477
69.9029531341
69.9242136221
69.928593569
69.9527534662
69.9726764983
69.997974005
70.0316626766
70.0604751206
70.0897989191
70.1229245415
70.1542357657
70.1707478021
70.178349785
70.1892687723
70.2192066498
70.2745320666
70.3076173369
70.3135159885
70.3406426823
70.4296912085
70.4559376984
70.503274079
70.5194553436
70.551296023
70.5872754366
70.6277731322
70.7977007748
70.8133546936
70.8245320895
70.8290667305
70.8520184673
70.8597443748
70.8722190425
70.8813990357
70.8986516539
70.909867042
70.9177715486
70.9288411754
70.9419863049
70.9594423846
70.9714187203
70.982298811
70.9906956036
71.0164560489
71.0323907972
71.0617173571
71.066997495
71.0907947243
71.108434707
71.1198108754
71.1347145458
71.1736132803
71.1975349623
71.2818008801
71.7151440814
71.7681118481
71.8064130482
71.8329427519
71.863295076
71.9224289865
71.9547268905
72.0037621909
72.010055349
72.090696369
72.0958060308
72.1032430814
72.1198806721
72.1341098726
72.1437148872
72.1612826423
72.173529891
72.1867132746
72.1972034545
72.2032650741
72.2228168294
72.2557283415
72.2691878087
72.2902985504
72.3065683797
72.3124402514
72.3249328891
72.3544514837
72.3698275174
72.3907720282
72.4036371536
72.4699205301
72.4884670595
72.5042456085
72.5197088037
72.5292356297
72.5402499516
72.5580871384
72.5806655338
72.651290605
72.7029911378
72.7537305008
72.7796389023
72.8013060948
72.9311982242
72.9727255171
72.9761709874
72.9924495472
73.0747266235
73.1011193242
73.1639771623
73.2040901529
73.2222143303
73.2550479337
73.2645526917
73.2706063553
73.2794024028
73.2999266711
73.3142947602
73.3306319407
73.3382449648
73.3516455153
73.3605096768
73.3786658954
73.3942777653
73.4053224785
73.7247442936
73.7311757114
73.7419175944
74.2703064735
74.2961108235
74.3195597309
74.3447695929
74.3723558315
74.4133699651
74.417244402
74.4288606694
74.4531585824
74.4593514438
74.4754879496
74.4806921313
74.4960932356
74.5010060977
74.5090123955
74.5223841348
74.5330971372
74.5487611071
74.5827921537
74.904225062
74.9088077477
74.9301989065
74.9539716881
75.1581934484
75.1695635332
75.2194215244
75.2420223313
75.2573750107
75.4541926975
75.4812371496
75.5129454812
75.6837372512
75.6875168203
75.6966736425
75.7234333788
75.7361614815
75.7479103091
75.7567942236
75.7697788367
75.786621838
75.7984144844
75.8131702962
75.8292933149
75.8444357381
75.8712331031
75.8803802915
75.8977296554
75.9138681797
75.9284490601
75.9468850448
75.9589864784
75.9801860212
75.9993755366
76.0159552351
76.0232291116
76.0453441733
76.0580384944
76.0742958045
76.092293171
76.1264816617
76.1482231792
76.1595394479
76.1712186541
76.1891121736
76.2094038732
76.2441043329
76.2838497085
76.3111688518
76.3195422908
76.3277858995
76.3598907128
76.3938514778
76.4143289538
76.4600590434
76.5009034736
76.5434057938
76.5881650204
76.6301422078
76.6348703113
76.6463002799
76.677048296
76.7262357845
76.789770267
76.8266532682
76.8753338591
76.8873106695
76.8917401417
76.9082156696
76.9151888384
76.9226578441
76.9454273916
76.9606566947
77.0369589502
77.1309484145
77.1474654698
77.1600747812
77.2106320238
77.2416336424
77.2540827299
77.2663622732
77.2925087772
77.4451341176
77.4657746186
77.4901157148
77.5189034035
77.5250552877
77.5365888295
77.5686816505
77.6076185993
77.6304270971
2137
