6.00368389536
6.01718028079
6.03272210638
6.04179534686
6.06099279332
6.21810450639
6.23082345209
6.24455768172
6.34370345516
6.3568863867
6.38040725125
6.39119575617
6.39523621951
6.41474772029
6.41832132394
6.4330047569
6.4478312933
6.47757965366
6.49603644147
6.52668956139
6.53277667103
6.57381952542
6.61361860856
6.6380842259
6.65828806523
6.6772298342
6.68793436365
6.71176946944
6.73510141932
6.74560944603
6.77995015708
6.78434455361
6.82812362963
6.85574034803
6.87377503276
6.88060817841
6.89995179502
6.93309664134
6.9569687647
7.01625304331
7.07434073692
7.0925855363
7.11560584234
7.14406654929
7.16722595565
7.21147718666
7.22264978483
7.23152503694
7.2650385438
7.27308557803
7.2922098897
7.30635940686
7.31695275165
7.33657664176
7.34474831756
7.36481315156
7.3805428588
7.38766138252
7.45258742544
7.46664172376
7.49029741812
7.51319547352
7.54401717416
7.55443873662
8.40655731756
8.41602224699
8.4286209211
8.44680424346
8.45893629152
8.47810107954
8.48222810284
8.49723168535
8.51084456229
8.52605213115
8.55019649772
8.55643907564
9.51910130175
9.56062456945
9.62035731581
9.64025671949
9.68531329514
9.69115886891
9.69729075765
9.72077049738
9.75401607715
9.77761674054
9.86319796082
9.8707358997
9.88439980043
10.025889214
10.0455459719
10.0648870365
10.0710707406
10.1162312098
10.1489572771
10.1662026789
10.1847791055
10.2798138294
10.2847052388
10.3365640605
10.3865809645
10.412221501
10.4790911717
10.4883300516
10.5096792207
10.5227939012
10.599228722
10.7888692894
10.805492947
10.810035602
10.8398147345
10.8613001308
10.871605354
10.8799975655
10.8860854391
10.8968722809
10.9115673148
10.9287330717
11.8859404582
11.9456062008
11.9546583224
12.0240929875
12.0348097226
12.0423401987
12.0531523338
12.0644445262
12.0828565631
12.0907410823
12.2040444323
12.2216721316
12.240827971
12.3282437945
12.3339867402
12.3482409037
12.3577759234
12.3763321786
12.3820586181
12.405962939
12.424881687
12.4414969903
12.4707688266
12.4869421538
12.4972332452
12.5272433068
12.5519392378
12.5674549
12.5963311148
12.6121067828
12.6374287156
12.641715741
12.7425625317
12.7470034445
12.8274070754
12.8829221504
12.9009203086
12.9151591298
12.9288511285
13.0274368917
13.0901901178
13.147262513
13.1791017918
13.2048314751
13.4057625867
13.4254937699
13.4472799948
13.4579710898
13.4737131994
13.4966436411
13.5302510111
13.5423452358
13.562331417
13.5706739507
13.6053141146
13.6105879249
13.6162608868
13.6345609781
13.8713035948
13.9517356745
13.9674967516
14.0120143831
14.0312098085
14.0459337362
14.0709890681
14.0984046945
14.1702445308
14.1943305887
14.2116935762
14.2948188717
14.3216133471
14.3979819251
14.4183207963
14.4258664563
14.430588118
14.4382756223
14.4446333295
14.4612494064
14.4707006905
14.4848702203
14.4918488631
14.626855512
14.6350270966
14.6558504876
14.6720246328
14.6797511178
14.6886201386
14.6940510114
14.7044327908
14.7506962427
14.7968120753
14.804453607
14.8174929331
14.826419306
14.8493458914
14.8641665165
14.8915572354
15.3042064232
15.3239478289
15.4435407534
15.458021492
15.4902926556
15.7700429617
15.7961442167
15.8219683015
15.8313401593
15.8667532716
15.8706088185
15.8859689146
15.8984290185
15.9154910265
15.9403998789
15.9440547395
15.963979973
16.0220442431
16.0457722113
16.0810812228
16.1001868486
16.1045013797
16.1444089771
16.1703326997
16.2003574616
16.2225094077
16.2340650192
16.2660991307
16.29735472
16.3342175831
16.3469425982
16.3867475148
16.4025199705
16.4122572853
16.4773744018
16.5008636264
16.5308997788
16.5389688624
16.5560668096
16.6044004342
16.6264436883
16.6366424905
16.6945201077
16.7370166617
16.7977010536
16.8252442053
16.8460063527
16.8539483302
16.8700255441
16.9124023475
16.9354903331
16.9485791308
16.954451782
16.9707907124
16.9757431181
16.984388357
16.9931765336
17.0064802426
17.018206987
17.0362504853
17.0493262126
17.0546223177
17.0694524086
17.1204962554
17.1260971497
17.1595343201
17.1756350231
17.211083695
17.2477533894
17.2916554716
17.3320865245
17.3403351804
17.3496852547
17.3651184813
17.3714709935
17.3795712775
17.3879347401
17.3998884726
17.7532283288
17.7917538403
17.8248034303
17.8551081809
17.894665593
18.0207296686
18.0325733708
18.039704056
18.0451988035
18.0580952209
18.1011869647
18.1063109807
18.1158479357
18.1397064272
18.1524208455
19.2300718112
19.2446942989
19.2546146401
19.3077683925
19.3406806907
19.358379492
19.3766453799
19.3885789451
19.4045985604
19.4152523739
19.472863664
19.4846279134
19.502763584
19.5257426171
19.5547984537
19.5772206523
19.5988342375
19.770911718
19.8114519403
19.8875975397
19.9247961941
19.9639438283
19.97963923
19.9980325528
20.0241569939
20.0410881759
20.0753942175
20.0841042961
20.1282341405
20.1846242242
20.2137849522
20.2599894746
20.2965584774
20.4131074939
20.4164889331
20.4202042739
20.4342953625
20.4382809605
20.4473461774
20.4685140408
20.4766307044
20.4961515261
20.5043360951
20.516406183
20.5235127951
20.5350657921
20.5472339207
20.5657481771
20.5714543645
20.594247341
20.6109885272
21.0918034423
21.11104747
21.1601516314
21.1918827609
21.2145294318
21.2369115045
21.2543004908
21.2990203318
21.3098633816
21.5960535865
21.60975491
21.6184253681
21.6311312602
21.6386876323
21.6455608755
21.6555444312
21.6633695649
21.6779781622
21.6829833483
21.6940778959
21.6976841669
21.7262220299
21.7395201757
21.7617813325
21.7665852759
21.774412359
21.7820573802
21.7954926454
21.8048244407
21.8203250662
21.8362526217
21.8402701069
21.8512357543
21.8690290659
21.8925464479
21.9140576564
21.9938565889
22.036471308
22.0457767151
22.1737532245
22.1992136562
22.22689284
22.7371365035
22.7628167954
22.8123990751
22.822127044
22.828544956
22.8432125633
22.848977666
22.8812677573
22.8867838457
22.9104571734
22.9303480036
22.9490102435
22.9559307378
22.9746853503
22.9910469773
23.0058120323
23.012082339
23.0299742152
23.0549562963
23.0763248307
23.0914083805
23.1191305724
23.135026102
23.1454961331
23.1535339242
23.1648724309
24.0097516982
24.0162780471
24.0308035341
24.0412938954
24.0463508723
24.0563779932
24.0619951343
24.0782978292
24.1122013692
24.1206852803
24.1455689319
24.149853855
24.1571488157
24.1977590772
24.2027212101
24.2210490542
24.2400428042
24.2568797889
24.27425715
24.2834599521
24.2947820924
24.3089162666
24.3187225065
24.3258880647
24.3420873052
24.3560186228
24.4005367069
24.4068260978
24.4124920891
24.4403470259
24.4593118539
24.4786976413
24.5034373272
25.2117426364
25.2160084894
25.2487995193
25.2599183643
25.2705811033
25.2852353739
25.2971056121
25.3033325061
25.3116104158
25.3251828763
25.3415804179
25.3577155021
25.3717681742
25.3790957013
25.3999769843
25.4154157996
25.4867077987
25.4983853881
25.5113840817
25.5171745708
25.5237041142
25.5339308655
25.6213010285
25.6384285273
25.6427105719
25.6790441482
25.6987934958
25.7228855277
25.7545334997
25.7872865897
25.8192970502
25.8363882376
25.8605504923
25.9311011462
25.9512619842
25.9852292436
26.0919171635
26.1397320924
26.1659324794
26.2041815602
26.2426024661
26.2576491477
26.3075736143
26.3628060523
26.4560963236
26.470271627
26.4749516476
26.5503600586
26.5596566948
26.5737172816
26.5913578569
26.6266440237
26.6302982808
26.6480537028
26.6529177476
26.6652718917
26.6867226158
26.7508002466
26.7635422739
27.6123867189
27.6208643096
27.6612127829
27.6755026389
27.6800650321
27.6926173615
27.7041301433
27.7257692486
27.7402917116
27.7637633916
27.78947389
27.8041506341
27.8150951528
27.8185798443
27.8222839302
27.8340965652
27.8586448913
27.8636151626
27.8793280545
27.886205467
28.0854043724
28.1271217355
28.2125167022
28.2424116965
28.2492944549
28.2605499007
28.2854144772
28.2949368281
28.345641509
28.3809227292
28.4280715557
28.4457174207
28.4939992832
28.5484490041
28.6031197199
28.7023834296
28.7457184952
28.7866403266
28.8127639863
28.819188859
28.8305891971
28.8346546118
29.1113287012
29.1292916632
29.1492504762
29.1597865923
29.1993947567
29.2096204897
29.2221881425
29.2328484166
29.2545008138
29.2774723847
29.2885202356
29.3673667702
29.3813714151
29.4063899238
29.8629466167
29.877428135
29.9059279254
29.9304515394
29.98396271
30.0194723547
30.0406972494
30.0481541792
30.0658279062
30.0759271981
30.0846302709
30.0999019915
30.1049700854
30.118064193
30.1344530801
30.1471599775
30.1585705688
30.1723508191
30.1815833854
30.1936612203
30.2082152059
30.2337108944
30.2578203151
30.2667590608
30.2870658764
30.3095722274
30.3164122661
30.3328532834
30.3597485728
30.384539358
30.3965762084
30.4212905787
30.4478565618
30.4525974281
30.4638347162
30.499060719
30.5419671082
30.5928437854
30.6163037135
30.6445372967
30.7423073092
30.7876664695
30.8281492781
30.8480065571
30.8830640513
30.901346588
30.9258274181
30.9408439827
30.9537841881
31.0176201655
31.084721842
31.090327483
31.0948809227
31.1411468459
31.1911095365
31.2059100355
31.2139317537
31.2319982176
31.2484547033
31.2538847333
31.2643062327
31.2683295525
31.2860927446
31.2900671849
31.310462361
31.3213616301
31.335414051
31.3460907096
31.3576657789
31.375187238
31.3958766274
31.4126686269
31.4429563146
31.4703905601
31.4748318177
31.5481144383
31.5560498016
31.5707655801
31.579059106
31.5831914323
31.6326577121
31.646031676
31.6529352951
31.6848855088
31.7045132752
31.721869362
31.7555705604
31.7918142682
31.8152955241
31.849492213
31.9601425611
31.982118468
31.9904603539
32.0116836433
32.0218998061
32.0410145749
32.0849137787
32.0986240445
32.1519914445
32.2061272917
32.2444403315
32.2652283893
32.2886930339
32.3594620649
32.4101560785
32.4226988751
32.4309532074
32.4559536968
32.4664529206
32.4868013719
32.5044652737
32.5130990929
32.5835418961
32.5996926583
32.6315051683
32.6448248008
32.6612597273
32.688838558
32.7174685077
32.7299847014
32.7484670712
32.7626038822
32.76920303
32.7836245508
32.7945558158
32.8380786074
32.8538906557
32.8788870741
32.9032038131
32.9070427653
32.9348918032
32.9602747071
32.973019062
33.0336045431
33.0391528052
33.0892002757
33.1213515248
33.1708311113
33.1864575232
33.235647246
33.2527167155
33.2630385641
33.2678923408
33.3734221665
33.426197156
33.4514335382
33.463926536
33.6291026467
33.6387334489
33.650260098
33.6626923408
33.6897898235
33.6938967793
33.7022815424
33.7113650854
33.7271556207
33.7328028968
33.7452032028
33.7638435214
33.9675375856
33.9942698001
33.9999916586
34.1058032192
34.1540831147
34.1738115909
34.190377821
34.2180098841
34.2341174607
34.2406323996
34.2713466593
34.2827788086
34.3231091179
34.3414665113
34.3671396776
34.3929584971
34.3988687474
34.4084625573
34.42882707
34.4579046093
34.5079267579
34.5522565481
34.5827347516
34.5978308148
34.602382759
34.6521992102
34.6943023384
34.7212328361
34.7435997258
34.7517422197
34.793000714
34.8465356836
34.8601183512
34.8647954438
34.8717992423
34.9022590854
34.9114580036
34.946740033
34.9724186563
34.977715245
34.9891499173
35.0365444667
35.041206788
35.0445453921
35.0681071539
35.0759062085
35.0845939654
35.0949426509
35.1290503565
35.14539743
35.1745845893
35.190876924
35.2044824001
35.2080096559
35.6992679338
35.7343311925
35.7594241624
35.8277732514
35.9090916271
35.9442969561
35.9485409303
35.9670902282
35.9983575572
36.0289796736
36.0437368989
36.0962115332
36.1102458805
36.1726259005
36.1853409151
36.2082756548
37.2164919846
37.2340320134
37.2428912518
37.2727676577
37.2835894987
37.3729286219
37.3942479187
37.4014455988
37.4280430296
37.4356446654
37.4984029904
37.5017829784
37.5060845783
37.6072444624
37.6293220429
37.6556601347
37.6742662677
37.6949582201
37.8325006729
37.9798323315
38.0328212205
38.0889594415
38.1185962368
38.3628159814
38.4123827291
38.416662859
38.4238675351
38.4333985878
38.4558860208
38.464771194
38.4713180836
38.7876694263
38.7992289637
38.8228443056
38.8608975272
38.9290673834
38.9453510032
38.9533834507
39.0009286709
39.0193344437
39.0650537081
39.1138874339
39.1356259798
39.1959940714
39.1993554058
39.2147051118
39.2269517411
39.391662367
39.4502010833
39.4966107315
39.5106968347
39.6077595522
39.6231485665
39.6355990917
39.6420668019
39.6468707462
39.6700813579
39.6908659196
39.70608096
39.7239475959
39.7385870969
39.7434754503
39.7531489385
39.7589550189
39.780140382
39.7899394134
39.8329523687
39.9000781979
39.9205036494
39.9403055337
39.94755414
39.9590693874
39.974645609
39.9836264588
40.0143634341
40.0256205091
40.0650876142
40.1334090492
40.1538049276
40.2338596959
40.2518925826
40.290812915
40.3331400883
40.3382286631
40.428303317
40.4465369112
40.4839096075
40.5386549346
40.5664607733
40.6219150693
40.6603836449
40.6774440629
40.6902483531
40.7070640121
40.737325599
40.8123209359
40.8348446705
40.8720574138
40.9024683326
40.9300736311
40.9365623555
40.9494632598
40.9823968852
40.9998908326
41.0187630559
41.0934669725
41.1140830109
41.122216848
41.1564952281
41.1620737334
41.1734136627
41.1842242349
41.2053160704
41.2712225992
41.305082404
41.3296035641
41.3331157432
41.3457562017
41.3784958027
41.3847707619
41.39552371
41.8826549113
41.9067162322
41.9312527036
41.9483424909
41.9997371851
42.0168473813
42.032767326
42.0456599718
42.0596144706
42.0677178049
42.0754178646
42.0825564806
42.0935357383
42.0987471402
42.105151901
42.1187827893
42.1295405903
42.1438504338
42.1767596246
42.1863720471
42.1984931208
42.2201892135
42.2371840295
42.2523824071
42.291202956
42.3081992089
42.3173123675
42.3328527214
42.340676584
42.3714152864
42.3780856719
42.3988113298
42.4149947314
42.4234593891
42.4312926574
42.4434807717
42.4519918398
42.4687086487
42.5099013791
42.5491352619
42.5708736811
42.5927233242
42.5994919526
42.6623061111
42.6736827208
42.6852219854
42.7072811896
42.7391033171
42.783803838
42.8207372443
42.9214208048
42.9317337143
42.9937190286
43.1160724805
43.2072275753
43.2119839117
43.2188029553
43.2273658808
43.2407263695
43.2585311711
43.2740200839
43.2950034114
43.3140791897
43.3299271088
43.351504322
43.497569043
43.5278217343
43.5389148634
43.57559964
43.7082473273
43.9185389185
43.9351688056
43.972995725
44.0212291733
44.0349256035
44.0511557723
44.0773846269
44.095994159
44.1366721157
44.4046397596
44.4102714026
44.4685477355
44.4899648832
44.496943782
44.5017241319
44.5087134307
44.6195316751
44.6242672397
44.6366992549
44.640176094
44.6611204336
44.6723697371
44.6947453622
44.7337746468
44.7501641034
44.7727317837
44.7832978845
44.7960692228
44.8040621029
44.8313726058
44.8549985283
44.8711631789
44.8923384576
44.9139962504
44.9373069586
44.9437111085
44.9579718313
44.9670921216
44.9991003621
45.0241965118
45.030929422
45.0608912872
45.0831335533
45.1031104666
45.1403314141
45.1600246734
45.1804676787
45.207591272
45.2638808767
45.2678851304
45.336075609
45.3529023612
45.4642783745
45.5115277882
45.5602506794
45.5850098924
45.6054464666
45.6161180882
45.6260107292
45.6313825029
45.6405292793
45.6467037283
45.6535333672
45.6592149698
45.6652965392
45.6926509202
45.7526041101
45.9032618714
45.9120921674
45.9324686007
45.9537924742
45.9871418212
46.0043572278
46.0162310153
46.05016547
46.2242264298
46.2456205157
46.2577518217
46.3028502936
46.3126233362
46.3380592649
46.3916962876
46.4016861702
46.4256521326
46.4496009362
46.471307012
46.4759218177
46.69472413
46.8144092102
46.8882015536
46.8976867716
46.9087178857
46.9330557162
46.9378338484
46.9486134968
46.9647142725
46.9717816288
46.989805578
47.0021358368
47.0109423101
47.0173099019
47.027385996
47.0561637885
47.1851016584
47.2037388127
47.2405767449
47.2666034504
47.2798826545
47.3025245837
47.310361703
47.3234000209
47.3421711871
47.3578275281
47.3825981369
47.4097143243
47.4198792648
47.4983759304
47.5229425042
47.5414771359
47.560979734
47.650466823
47.7167084496
47.7453469491
47.7515534168
47.8249589641
47.8480704856
47.8796826478
47.9013725375
47.9099163257
47.9564938322
47.9791553015
48.0057994475
48.0165339927
48.0318017311
48.0718100939
48.106351858
48.111989462
48.1223695908
48.1260237428
48.1312604087
48.1409330085
48.1491321432
48.1677111715
48.17967151
48.2028454692
48.2079131065
48.2286535654
48.235026794
48.2525485759
48.2693293242
48.3044573079
48.3129751097
48.3262952751
48.3780379579
48.4072113161
48.4286785219
48.4543965763
48.4598922394
48.4731398246
48.5027538369
48.5125215881
48.5192877805
48.523360066
48.5314773007
48.6479253877
48.6547244594
48.6695973082
48.6957541145
48.7110518192
48.743151366
48.7706611956
48.7914407778
48.8133433716
48.8474673272
48.8717348201
48.9195785301
49.0087170737
49.0478553485
49.0690472528
49.1228470249
49.1951714014
49.2108809974
49.2152944364
49.2284805777
49.2327692722
49.2448561315
49.262778148
49.2702674768
49.2770745967
49.2826324972
49.2898744401
49.481897228
49.4922531901
49.5092889258
49.5248458768
49.5545720813
49.587014973
49.6093969303
49.6145843034
49.6268206889
49.6306965416
49.6460805594
49.6609400235
49.6964929691
49.7305129768
49.7360285049
49.7432965687
49.7890006666
49.8304021166
49.8396988824
49.9384102889
49.9723966663
49.9870825242
50.0175279829
50.0323069998
50.0598848192
50.0817605434
50.1383440425
50.1571791438
50.1833395067
50.2760236875
50.2917652613
50.3041545914
50.3586116916
50.3881925453
50.4052361091
50.4255132422
50.4316467148
50.4467593778
50.4602448177
50.4637458958
50.4771375744
50.4856553578
50.5101022411
50.523831809
50.5474644438
50.5684722019
50.5796687105
50.6425723052
50.6517332692
50.8004010904
50.8244064023
50.8294194982
50.8610944122
50.8812533529
50.8916185634
50.9077826213
50.9134538215
50.9213757494
50.9296061141
50.9408567857
50.9581560314
51.0088966092
51.0252198557
51.0727687133
51.10329807
51.137813312
51.1458049629
51.1510786867
51.2195027309
51.2354702538
51.247475068
51.2614144408
51.2692117469
51.367642951
51.42382311
51.4632393901
51.4952557524
51.5301690131
51.5457813854
51.5779310432
51.6097365729
51.6288719127
51.6350548839
51.6398281375
51.6529403424
51.6616152014
51.6778037658
51.6909140822
51.7046306609
51.7087068289
51.7176561466
51.7278157816
51.747695967
51.7524077048
51.7681036282
51.7863541492
51.8057668523
51.813322663
51.820274529
51.8386616655
51.8492045458
51.8680526345
51.8878868125
51.9004330926
51.9086527244
51.9163810879
51.9344627842
51.9541256998
51.9582564243
51.9679587536
51.9753232477
51.994247636
52.0096386532
52.0192642875
52.0368720967
52.1213252643
52.1302445539
52.1497642147
52.1740467269
52.1798804324
52.1839849644
52.2054399915
52.2574600118
52.365190139
52.3999898606
52.4436119214
52.4710853965
52.4901639964
52.553849672
52.6082127008
52.8034054018
52.8170832648
52.8277603513
52.8440977932
52.8493876632
52.9239081322
52.935913004
52.9496222812
52.9638988286
52.9715392034
52.9873574418
52.9969349244
53.0007242036
53.0117988651
53.0269187953
53.0477341006
53.0573979409
53.0919838764
53.108882367
53.1172151503
53.1280550594
53.1617373303
53.1766047631
53.1827820835
53.209662052
53.2184275395
53.2409234141
53.2588516348
53.2683336481
53.2757240327
53.2828702862
53.319108123
53.3357144931
53.356026265
53.3701411066
53.3791843771
53.4078845609
53.4200304037
53.4410065085
53.4562430795
53.4724921522
53.5212342809
53.5514148079
53.6735179717
53.7057566184
53.7818506448
53.8139912138
53.8178527838
53.8582577905
53.8779070914
53.9274922448
54.0225009712
54.0356312893
54.0698524053
54.0816994477
54.0892256392
54.1108649656
54.125440451
54.1337476004
54.144951157
54.1608272366
54.2123098505
54.2291397057
54.2379598191
54.255423638
54.2910241285
54.3099548382
54.3475894293
54.3642213258
54.3880639545
54.3982750819
54.4241471895
54.4747941399
54.4798125615
54.501173945
54.5227894577
54.55852297
54.591967821
54.6006802979
54.6461938997
54.7870251122
54.8053497888
54.8308155736
54.8559569235
54.8595550917
54.992806857
55.0415385763
55.0856674997
55.0984418104
55.1312273376
55.1460824904
55.2035060151
55.2075999814
55.2156797881
55.2238981871
55.2316892377
55.2433360313
55.2710573093
55.2808485593
55.2874727204
55.298696039
55.3076463085
55.3476996628
55.3520114232
55.3583366766
55.3759930482
55.3876628754
55.4173732329
55.4252477616
55.4306644713
55.4501855632
55.4642817309
55.7107669658
55.7538827926
55.77594277
55.8321666354
55.8683917287
55.8986771106
55.9372474681
55.9441257464
55.9669161346
56.0288414981
56.0509188541
56.0692993044
56.0948977403
56.1152579201
56.1292608862
56.1611441606
56.1864110286
56.1931687417
56.239422228
56.3674732637
56.4184470811
56.4448495257
56.4556792145
56.4651639817
56.4828363413
56.4969568388
56.5198865102
56.5273573117
56.5316628617
56.538854432
56.5574543207
56.5611655742
56.5708566283
56.5885121975
56.613457395
56.6296186352
56.6404089618
56.6620766885
56.6736309115
56.6797384916
56.688954281
56.6954946016
56.7025321534
56.7086709197
56.7373976356
56.7819866114
56.8056826699
56.8600600767
56.8993756551
56.9173283602
56.9261227246
56.9432662296
56.964089525
56.9916368828
57.003208302
57.0371988122
57.0591865086
57.0782027909
57.0995331743
57.1277578697
57.1624564024
57.1781952398
57.3211618232
57.3374784209
57.3530782418
57.3910933167
57.4355857886
57.4626935908
57.5572857932
57.5671154021
57.6083096092
57.6197276945
57.6249425371
57.6304306314
57.6488277163
57.654021258
57.6580201066
57.6636333938
57.6710652881
57.6788015996
57.6889931583
57.7647267776
57.7757637758
57.7830327744
57.8024620024
57.8142624768
57.8308007296
57.8458505746
57.8894546124
57.8966081293
57.9119799638
57.9309268042
57.9462751327
57.9516086726
57.9792573046
58.0580455732
58.0716125688
58.0830468667
58.0882914753
58.1087833525
58.1275244669
58.1432284494
58.1468908204
58.1589221223
58.175868595
58.2046965424
58.2677431718
58.2917423136
58.3531283571
58.3966568385
58.4052660592
58.4191807856
58.446920482
58.4506358784
58.4647659989
58.4945363939
58.7289433703
58.7669974344
58.8078562239
58.8238284003
58.831483085
58.8426341816
58.869176264
58.8778607814
58.904744183
58.9181714457
58.9499244354
58.9592806151
58.9669000771
58.9726982019
59.0147796869
59.0234871528
59.0448499897
59.0634265023
59.0902084898
59.0967431529
59.1179289417
59.124698
59.1308725844
59.1381154859
59.1484164795
59.171735841
59.1958081807
59.2637221887
59.2771936927
59.2869306903
59.2952184101
59.350523654
59.355357635
59.3800696165
59.4019646677
59.4190869806
59.4373890775
59.4469159983
59.4762357062
59.5113374554
59.5483523171
59.5722595045
59.5873216865
59.6360019677
59.6602441101
59.7145367194
59.7329594775
59.7979436663
59.8229263854
59.860524522
59.9128244859
59.9421806379
59.9693728723
59.9882130257
60.027353494
60.0397540895
60.0598584386
60.0753724945
60.0860607932
60.1029348575
60.1082500719
60.1196958377
60.1519331912
60.1613080694
60.180801948
60.1916735439
60.2320180513
60.2471611562
60.2520142556
60.2700245003
60.2888310699
60.2980861705
60.318317376
60.3839795054
60.4049915641
60.4100395817
60.4234677237
60.4355529148
60.4754559221
60.5011597713
60.5065216397
60.5361784294
60.5725877971
60.616172811
60.6648467774
60.6715435727
60.7028439592
60.7419277529
60.7481508034
60.7577377288
60.7638177002
60.8125877655
60.8199363636
60.8465763223
60.8881151845
60.9009142282
60.9383622101
60.9691658982
60.9790813284
60.9972652279
61.0673944026
61.0932202645
61.1446704252
61.1690686115
61.209475146
61.2559658594
61.273609471
61.2793119758
61.2969517633
61.3040717326
61.3094709686
61.3234309811
61.3336409682
61.3508515932
61.3657481807
61.3898151713
61.4020309161
61.4160912417
61.4384703722
61.4547965243
61.4600694181
61.47589178
61.4923750192
61.4988834717
61.523471838
61.5348328237
61.5716612545
61.5948434256
61.6265538634
61.6768239006
61.7050985039
61.7176324511
61.7349502826
61.7855289111
61.8269636989
61.849635564
61.8656041561
61.8837219009
61.9032659228
61.9186425114
61.9273033665
61.9640140542
61.9787637355
62.0384546681
62.055264049
62.085708878
62.1059820416
62.1271287172
62.2174929142
62.2832672908
62.3672986472
62.4098614556
62.4238412475
62.438694462
62.457358117
62.4633315535
62.4698699481
62.4767994558
62.4872661233
62.4927216665
62.4973140915
62.5098888235
62.5369440899
62.5509059285
62.5664423779
62.5792678955
62.5859885462
62.5898723824
62.6240043025
62.6415314765
62.6589782572
62.6958183093
62.7228159506
62.8104757191
62.8427868578
62.8673159043
62.8847093432
62.9148290942
62.9225451216
62.9280600021
62.9364697274
62.9612596292
62.9777326495
62.9949162385
63.0101883621
63.0224327427
63.0441864592
63.0624270929
63.1006064034
63.1554189649
63.1912306742
63.2094537064
63.2379037365
63.2625110911
63.2768503685
63.3016399101
63.3472984843
63.3699851725
63.4128039402
63.4695179103
63.5579030247
63.6074257772
63.6108085257
63.6252960427
63.6310091168
63.6508588721
63.6606120213
63.6669459106
63.6762157209
64.8079697917
64.8438352829
64.853576107
64.8688931286
64.8768225721
64.8963229654
64.9056984923
64.9236721918
64.956726121
64.9727767885
64.9773868204
64.9902228932
65.0116740517
65.0329164365
65.0566375468
65.0652800432
65.0838868573
65.1046183944
65.1149678423
65.1545837689
65.2145571211
65.2338050897
65.2479368521
65.2674569332
65.2742485737
65.2785121957
65.298938761
65.3154475086
65.342846005
65.3568779493
65.3606005248
65.3693378127
65.3901352037
65.4151603505
65.4952467343
65.5220226175
65.541283475
65.5660585826
65.6019901173
65.6204258807
65.6272951754
65.6455473877
65.698297069
65.7293491314
65.763114861
66.0099037322
66.0249765128
66.0343440994
66.0633673934
66.1053073205
66.1137081468
66.1271348208
66.2127584686
66.2267484764
66.264198502
66.2802180967
66.2952665472
66.3774567528
66.4264289051
66.4422908233
66.4470279128
66.4504018623
66.4645093141
66.4917109011
66.5189410145
66.5297727938
66.5467642909
66.6135762874
66.6292562279
66.6518953631
66.6573111659
66.6967461987
66.7263405484
66.7479150596
66.7646223272
66.7757683198
66.8117106562
66.8624470483
66.8896822749
66.9596646038
66.9894800554
67.0090152382
67.0630643738
67.0997910965
67.1228811428
67.1406607122
67.1593478453
67.1860783899
67.2230325514
67.2429408863
67.2696418814
67.2754430123
67.2870251397
67.3075927904
67.3654589569
67.378217017
67.3975801696
67.4086259262
67.4318799938
67.4563060029
67.4750140959
67.4877411772
67.5099197553
67.5347035461
67.5439877066
67.5754562181
67.595962869
67.6178828549
67.6221447179
67.6379047866
67.6739617911
67.702480245
67.7747773932
67.8012053909
67.8454210667
67.8786214609
67.8981092076
67.9801517378
67.9966715528
68.0055213573
68.0173539194
68.0289726238
68.0738914606
68.1110998692
68.1642986006
68.2069445522
68.3607856732
68.4103208845
68.4154030829
68.431080168
68.4384193816
68.600345755
68.6127814954
68.6289408871
68.6474527635
68.6599615757
68.6688928078
68.6779488611
68.6821078161
68.728982694
68.744003266
68.7709721991
68.8141618522
68.8245739024
68.832105929
68.8387759955
68.8592727876
68.8988522738
68.9078343348
68.9215194728
68.9280148504
68.9365855994
68.946949087
68.965906859
69.0151801415
69.0561863379
69.0728836679
69.0813144152
69.0947665285
69.1646693331
69.1916734203
69.2090404366
69.2260611551
69.296578673
69.3189243967
69.330502133
69.3562344052
69.3763006575
69.4492497726
69.4686737593
69.5132980504
69.540844992
69.6081353405
69.6170724952
69.6244625342
69.6410664712
69.6550076773
69.6611455045
69.7439393448
69.7546430747
69.7588050626
69.7660184603
69.7800549758
69.7941681301
69.8218133327
69.8301752659
69.8454911495
69.8568352081
69.8754245587
69.8940411116
69.9052587597
69.9164726212
69.9743896562
69.991821319
69.9983337506
70.0145248623
70.0353713049
70.0540139108
70.0833011633
70.104330445
70.1317862186
70.1398595265
70.1580126641
70.1733765097
70.211364727
70.2458330398
70.2890385279
70.3468736597
70.4038235963
70.4334877985
70.4603392126
70.4720513225
70.4754801636
70.4918104948
70.5094703348
70.5222463414
70.553296593
70.5593690326
70.602252496
70.6226860845
70.6472272005
70.69009323
70.8298806143
70.8446354241
70.8493009662
70.868851003
70.8758392771
70.8953976344
70.9002528335
70.9193390112
70.9357962165
70.9487202244
70.9575452335
71.0671964582
71.0838029602
71.0885830335
71.2448624908
71.2601559573
71.2967433303
71.3140982567
71.3695363111
71.3937431843
71.4271218573
71.4869672939
71.5015486918
71.5322083923
71.5887988188
71.6383594513
71.6851686222
71.6986330825
71.7168089531
71.8147391421
71.8245624029
71.8709047159
71.9092285359
71.9272751949
72.019109381
72.0405667647
72.0466942875
72.0537284399
72.0631860068
72.0702616001
72.0739699049
72.0819721243
72.0899129042
72.1027139088
72.1089389722
72.1132947293
72.1214187152
72.1443105931
72.1616293938
72.1716542723
72.1899613855
72.2104565654
73.204902041
73.2097945985
73.2235584524
73.2290118108
73.2348480338
73.2406793083
73.2490625562
73.2540949349
73.3339783137
73.3904181453
73.4123364
73.4210330561
73.5116754733
73.6258536936
73.6560113829
73.7409590301
73.77810829
73.8007016767
73.8220727944
73.8626756127
73.8934169028
73.9325115699
73.9916012223
74.1281818013
74.1513247362
74.1574821315
74.168764415
74.2920388132
74.3057469537
74.3615433674
74.3792146346
74.4247096102
74.4441355502
74.4505179487
74.4573271366
74.4667938153
74.4809877286
74.4915894542
74.5088884964
74.5525978193
74.5647706653
74.5720516095
74.6166738938
74.6230424008
74.6386670309
74.6459143088
74.6588905385
74.6652463013
74.6827544858
74.6984856879
74.7021985968
74.7086928723
74.7186385959
74.7384068043
74.7878907054
74.8086064282
74.8147753391
74.8319935217
74.856345774
74.8782320834
74.8933101246
74.9104076497
74.9327278251
74.9421824625
74.9551977763
74.963499545
74.9708922211
74.9838552526
74.9933768533
75.0746627517
75.1215381764
75.1345151521
75.1668148945
75.1844601635
75.2028144618
75.2580846432
75.3220101515
75.3366260527
75.4244771845
75.4616950253
75.4726959991
75.5690116856
75.6103754958
75.6226193642
75.628787861
75.6326831157
75.6468930145
75.656121141
75.6612087652
75.6726785336
75.6883304806
75.7063898904
75.7150894583
75.7305300821
75.7461229444
75.7498393063
75.7848576421
75.79205055
75.8139976048
75.8201415581
75.8369560797
75.8519269502
75.9313056124
75.970097663
75.9927800759
76.0315992637
76.0557002579
76.0644375119
76.0875379692
76.1128414902
76.1337999307
76.1415207156
76.1515259885
76.1865644241
76.1983228635
76.217105622
76.2314672723
76.2510667745
76.2703838023
76.2803183013
76.2892048528
76.3074829884
76.3307188266
76.3352889225
76.3640267479
76.3989816836
76.4161699624
76.4443891369
76.4732476425
76.4804922994
76.5081956423
76.5220468682
76.5358152962
76.5665882902
76.5981243882
76.7216630911
76.7655077367
76.8131026234
76.8219788895
76.9188173212
76.9247114009
76.9542273433
76.9825763377
76.9899208029
77.0077370679
77.0183938434
77.0334190608
77.0496647601
77.056775779
77.0812981704
77.0888811726
77.1227368847
77.1376422953
77.1458685553
77.236080684
77.2439454212
77.2741043508
77.2860780282
77.2959662896
77.3051476426
77.3475510178
77.3791609644
77.3836279345
77.396029899
77.4076250615
77.4118840077
77.5791390985
77.6170995105
77.6384059409
77.6550336139
77.6721155603
77.7067186865
77.7741733481
77.8218524175
77.8593387014
77.8745328906
2203
