6.00699495789
6.02942576794
6.04205254408
6.05261715124
6.06039425751
6.06651602495
6.07161450315
6.07869758597
6.09356007043
6.10972087686
6.12265348232
6.14036582318
6.1726536926
6.42099143702
6.44407509122
6.44839353894
6.46022387308
6.47970000415
6.49827202429
6.51678565282
6.54414501027
6.64948311437
6.67367869279
6.68627377519
6.74181521986
6.75065744623
6.78189247176
6.83988463297
6.85146380794
6.88288803006
6.92127270227
6.94176897228
6.99685836488
7.08789994347
7.13466879619
7.17009559764
7.20550580177
7.25732272764
7.2667498535
7.2857556271
7.29856953822
7.3081828799
7.3123806382
7.32189602903
7.35704656594
7.43298581592
7.46011126084
7.48444191693
7.50518260486
7.52729230535
7.53962962427
7.57242334035
7.57885763253
7.58777414567
7.60927887933
7.61687779905
7.64961018181
7.66351309539
7.67428850687
7.70512803964
7.73112524324
7.74520770051
7.76628565355
7.7766448579
7.78569431216
7.84954969179
7.88831208355
7.93279277022
7.94075661513
7.95057237407
7.98988110964
8.10609570636
8.16418151921
8.1786053731
8.19676457651
8.34489056254
8.39108626867
8.40887316255
8.41458816635
8.4279194584
8.43954599241
8.45034662262
8.46054359894
8.47831919586
8.48376850577
8.49677420954
8.51143041982
8.57988141265
8.58823077431
8.59304017405
8.62133156469
8.62810246934
8.63230633822
8.65998933241
8.68024798484
8.69099720924
8.71476518432
8.72590445955
8.74546880406
8.76990241577
8.79473371682
8.8566083342
8.89136162698
9.17224810044
9.19956758792
9.23628049827
9.28222641211
9.37365962576
9.39107252263
9.41803495851
9.45720761854
9.49511750642
9.5359736326
9.62605190738
9.63971646621
9.6452580777
9.67277510601
9.69258144834
9.70270867506
9.70943908832
9.76063513398
9.92953700715
9.95965777629
9.98956619341
9.99498024187
10.0189096904
10.0423857603
10.0529968333
10.0701064458
10.1007683344
10.143685731
10.183164528
10.3060407724
10.3350338632
10.3403133493
10.813758897
10.8372133534
10.8535686782
10.858715362
10.868071059
10.8954525894
10.9126469566
10.9227380036
10.938086831
10.9497024896
10.9562414219
10.9778261153
10.9875435709
10.9914621255
11.0039355885
11.0146165561
11.033843313
11.0579529392
11.0694828147
11.0774885117
11.1062380075
11.1136352298
11.1220472491
11.1400594496
11.4898262707
11.5072048469
11.5557159316
11.5951896818
11.612067766
11.6331681535
11.6415631771
11.6502662418
11.65370237
11.7567704377
11.7823579047
11.9852766298
12.0232067893
12.0285072743
13.2264997034
13.2366461998
13.241723822
13.271955221
13.9936761882
14.2059226981
14.2116716244
14.2509425263
14.3052906184
14.3202795317
14.3392020062
14.3878408146
14.4250524432
14.4350930364
14.4414032465
14.4483123129
14.4608161725
14.4733997268
14.4877606306
14.5038047585
14.5149347479
14.5336867029
14.5635470893
14.5917110083
14.6011101301
14.6118552417
14.6542057285
14.6859402477
14.7025146401
14.7067111626
14.7477147896
14.7644698572
14.7968232874
14.820690466
14.853582126
14.8777416373
14.9095361531
14.9140359691
14.9330086267
14.9511187323
14.959009822
14.9695218912
14.9930647568
15.0284100869
15.0349919476
15.050150892
15.0895000284
15.0976845828
15.1613654465
15.1985103997
15.2349934963
15.2569912915
15.3065493191
15.634078803
16.1216578832
16.1577822275
16.1883138385
16.2184752581
16.264500154
16.2883410438
16.3473450966
16.4051434707
16.4087961109
16.4646714727
16.4898959882
16.4978399319
16.5205681368
16.5505245171
16.5839043116
16.6734759982
16.6800427949
16.732752846
16.775143734
16.8315084227
16.8418063855
16.8577226731
16.8758247551
16.8874473089
16.9001783273
16.9061293485
16.927309782
16.945411967
16.9677640695
16.997658222
17.0109862075
17.023745223
17.0573057402
17.097405833
17.1104610946
17.1147656174
17.1269867144
17.1622281069
17.1782404531
17.1973166137
17.2283947056
17.271779055
17.2875877167
17.3190232422
17.3368107483
17.3571581233
17.5067945739
17.543592815
17.5667808738
17.5797271638
17.587739553
17.6066223907
17.6118607504
17.6478045935
17.6513159018
17.6744198399
17.7470623337
17.7657306526
17.7874656369
17.8101018964
17.8599988974
17.9235794581
17.9809731779
17.9968630842
18.0373464033
18.0410531818
18.1111533912
18.1236579503
18.1424145499
18.1470703813
18.1652104635
18.2050878036
18.2262014814
18.3919782629
18.416605585
18.4262671304
18.4959283692
18.5212921133
18.5484901776
18.5601497551
18.5902208173
18.9291242953
18.9823596402
19.0313449507
19.05761367
19.0929365816
19.2332170626
19.2391962551
19.2487206544
19.2583219086
19.2669395696
19.2725433121
19.2812700061
19.2981994164
19.3346622307
19.4335446115
19.4598612356
19.4926333987
19.5216514154
19.5289182393
19.5743076263
19.5912928414
19.6236140369
19.6542942733
19.6732076432
19.6959229148
19.7113230927
19.7495145947
19.7617328211
19.8808928726
19.9282331931
19.9767734588
20.0063749027
20.0274852369
20.0627776495
20.0683247063
20.0808993527
20.0989668912
20.1581545177
20.1897601069
20.2358854955
20.301200962
20.3802012422
20.4286186646
20.4343722727
20.5016855961
20.5150711952
20.5284546592
20.5333199413
20.5433688008
20.5595650705
20.5740781003
20.5884484307
20.6063813457
20.6141340705
20.6215986751
20.6420701589
20.6824858176
20.6886245114
20.69723196
20.7237667754
20.7427586116
20.7704643531
20.775267184
20.7980740439
20.8095442002
20.8276914028
20.8319281073
20.8748693525
20.9089269928
20.9183630711
20.9481776818
20.9546078815
20.9880501672
21.0206960288
21.0545146243
21.0804150677
21.1035997426
21.1294937956
21.2975605432
21.3471178558
21.4733135898
21.5424188789
21.6039977639
21.6190063508
21.6238239476
21.6283986428
21.6629704346
21.6726012519
21.6864410711
21.7021258461
21.7105341716
21.7232489535
21.726781275
21.7379639203
22.1817285451
22.1855739363
22.8160453389
22.8242958863
22.8315648708
22.8597203625
22.8724037986
22.882904423
22.891550426
22.8989385874
22.9039188267
22.9123698285
22.9182398978
22.9374127662
22.9445989439
22.9675009799
22.9855255217
22.9895129431
23.0132626251
23.042852268
23.0519141802
23.0554731892
23.086742193
23.1029987044
23.1319625471
23.1368359335
23.1444325313
23.1668445566
23.2064962577
23.2152905507
23.225688289
23.2400655206
23.2820715413
23.2916110252
23.3172755971
23.328272729
23.3518114975
23.3589544743
23.397878498
23.412654679
23.4502286799
23.4809251729
23.5033582318
23.5251643307
23.6018438004
23.7063014742
23.7907291787
23.9013942494
23.9464067278
23.9659069313
23.9779894002
24.0064377883
24.0193849144
24.0318158397
24.0436295299
24.0481208976
24.05596436
24.1176759681
24.1518257036
24.1821638789
24.2518227469
24.2630287762
24.2844848102
24.2880864515
24.3057319003
24.3360451914
24.362498861
24.3767776659
24.3819319671
24.4038175567
24.4571955714
24.4749112099
24.4842086469
24.51098159
24.5316972105
24.561968564
24.5729621643
24.5978615228
24.6171591282
24.6474985608
24.6768893607
24.7265363783
24.7604574508
24.7986278455
24.8203081597
24.8430615831
24.8517608632
24.960816182
24.9647156305
25.1991812021
25.2247574407
25.2371560128
25.24773892
25.2900040474
25.2965489662
25.3222476776
25.3390942417
25.3483493548
25.3680141592
25.3789422931
25.3984719554
25.4164576012
25.4393577453
25.4567248647
25.4624195922
25.4782964689
25.513886378
25.5311432073
25.5449918157
25.5515482964
25.5862789511
25.6319046717
25.641485745
25.648595628
25.7071189538
25.7188880289
25.7831093866
25.8197612538
25.8417805707
25.8559619125
25.8705865725
25.9295794978
25.9405234483
25.9629660796
25.9694338629
25.9959832365
26.0262581996
26.2570196301
26.310915726
26.448468739
26.4572130613
26.4739050477
26.4850107511
26.5320060707
26.5356034883
26.5559909843
26.6467312332
26.6589345805
26.6792591956
26.6888603701
26.6941204472
26.6979803278
26.7180080936
26.7294536364
26.7508492006
26.7621458358
26.7809378772
26.8389938691
26.8535729696
26.8748676252
26.8814987254
26.909814645
27.146479919
27.1709936939
27.1963295109
27.2341982372
27.2709631379
27.313486268
27.3575731882
27.447624943
27.4532183856
27.5039511262
27.5244216798
27.5627176155
27.5762281431
27.5800104692
27.5904273389
27.6306454762
27.634697857
27.6529849796
27.6675779855
27.6951495202
27.7360467561
27.7466500574
27.754916092
27.7866173888
27.7902322926
27.8094919488
27.8174616517
27.8409979869
27.9030064579
27.9442494338
27.956987293
27.9832944877
27.9929361978
28.0192092075
28.0357601395
28.0671428116
28.0948931303
28.1139344713
28.1323114403
28.1430149344
28.1595579614
28.1857537569
28.1995990958
28.2128578022
28.2804117893
28.3069221173
28.3484934745
28.4232567737
28.4867187302
28.5193825016
28.5677608339
28.6194559242
28.6475200332
28.7056237534
28.7143541037
28.8467358315
28.8770084635
28.9022750822
28.9171987881
28.9328813116
28.9505124303
28.9572686519
29.0239602583
29.0393776003
29.0533779993
29.071072673
29.0769898466
29.0858096132
29.0928081874
29.1631435726
29.180471693
29.192096014
29.2267244635
29.2506445508
29.3119474326
29.3293563804
29.3347962577
29.3821415954
29.3970298066
29.4680977014
29.4872444446
29.5321921754
29.5565592655
29.5801064886
29.6338641207
29.6443005744
29.6508542471
29.7287539343
29.7393824912
29.7607395864
29.8050896128
29.825681518
29.8333470766
29.8574271994
29.8838340184
29.9243128458
29.9834323489
30.0082346034
30.0247976172
30.0679479924
30.076090339
30.0827651166
30.0957881727
30.120750715
30.1475166098
30.1557039268
30.167726104
30.1830233244
30.21393575
30.2870058364
30.3234355805
30.3460066521
30.3531792922
30.3753433992
30.3802761139
30.4449099775
30.4767863099
30.5039706206
30.6969323775
30.7052876049
30.7619045346
30.7979865716
30.8136962487
30.8461116905
30.8663647414
30.8774955761
30.9077075817
30.9368023165
30.9642050555
31.0083095066
31.0289312234
31.0523813166
31.097379864
31.1702413539
31.2169975558
31.2303702661
31.2564371772
31.2651481449
31.2685780664
31.2764156366
31.2891523323
31.298458932
31.3029241999
31.3116787841
31.3161113068
31.3566077709
31.3772792234
31.3954004046
31.4088518758
31.4208961374
31.4395041365
31.4496581457
31.4714329907
31.5199531581
31.5423583583
32.1721822159
32.2005942557
32.2104435976
32.2928448995
32.3465601453
32.4076920054
32.4214926132
32.4484218946
32.4610733201
32.4811343445
32.4890418152
32.4931860231
32.5035641108
32.5297775878
32.5471282793
32.5601406319
32.7760332314
32.8040956786
32.8357921812
32.8615405057
32.8825828062
32.8998091722
32.9231198789
32.9447925029
32.9581356347
32.9622710321
32.9735121696
33.0910420985
33.1215658043
33.1631590866
33.3047594646
33.3375304973
33.3420147085
33.3851383704
33.419770596
33.4766658091
33.5319695515
33.6089921055
33.618555156
33.6287956305
33.6343802298
33.647418239
33.6799120827
33.6947899112
33.7134999712
33.7269587762
33.7435388335
33.7572010557
33.7769371377
33.7914460314
33.8748028001
33.8805507127
33.8969848443
33.9185218391
33.9302678857
33.954156809
33.9744610237
33.9916537681
34.0201869286
34.041532516
34.061660741
34.081831403
34.1152336243
34.1393642125
34.1643032456
34.1921039876
34.1967260899
34.2632056316
34.2810096693
34.2869363538
34.3192913051
34.3328032353
34.3507187757
34.3855208934
34.4632948304
34.4900947334
34.4960146553
34.5535037196
34.6063760349
34.651741282
34.7159643084
34.761037034
34.7970168647
34.8043646428
34.8163693297
34.8242712459
34.8329177283
34.8774580681
34.9036368306
34.9140815801
34.9642139301
34.9755088694
34.9913255163
35.0060971058
35.0399316194
35.0592813696
35.0665401824
35.0923855454
35.2273434654
35.2523139979
35.2972152929
35.3064784253
35.3160790173
35.3636822549
35.3759835365
35.4171542007
35.4425699839
35.4785404432
35.5064409883
35.5220963229
35.5905175351
35.6293641335
35.6425148001
35.6563653152
35.6790327427
35.7383093896
35.7514678523
35.7634363218
35.7969725508
35.8470485689
35.9050026249
36.0106241935
36.0214300273
36.033371997
36.0369521869
36.0545599948
36.067231597
36.0769740131
36.1639238913
36.2121767281
36.2313034043
36.2766865148
36.2866353635
36.3382081893
36.3584281209
36.3674609865
36.4031348021
36.4130159996
36.437151728
36.4876251449
36.4961604086
36.5158777105
36.5483987167
36.5768467607
36.6452763114
36.6552365055
36.7150447852
36.7481641656
36.7785944893
36.8706837431
37.0602129671
37.0669930548
37.0881913514
37.1002780143
37.137289021
37.1947795562
37.2205784221
37.2239215127
37.2353357025
37.2459348237
37.2503445787
37.2735732877
37.2902884757
37.2983647708
37.3058614684
37.3223916662
37.3323656059
37.3462778401
37.3589618701
37.3744733422
37.3952514206
37.4076552241
37.4153992814
37.4355387737
37.4423260217
37.4725985702
37.4802770529
37.534984978
37.5391832287
37.5451898581
37.5663496723
37.5745905717
37.5849812074
37.5918426283
37.595533551
37.6175974245
37.6892850494
37.7100004515
37.7633483067
37.7719129441
37.8045252955
37.8346189584
37.854687831
37.8651619551
37.8902264323
37.9677856966
38.0281523389
38.0690541306
38.1061668325
38.1566719796
38.17194916
38.2057891297
38.2281552492
38.3109791181
38.3172978836
38.3886199848
38.4120014964
38.428813191
38.4348168497
38.4567990603
38.4940929974
38.5112107596
38.5304397228
38.5409092655
38.5483782872
38.5698075154
38.5966335044
38.607377394
38.6343610014
38.6852170941
38.7019212457
38.7088345277
38.7160088777
38.7340456195
39.6138624252
39.6318890568
39.6488007563
39.6660907695
39.6758599741
39.6868732002
39.7546887084
39.7730611808
39.7789447415
39.7872529332
39.8082690806
39.8309560668
39.8529772519
39.8633429172
39.8946858383
39.9096355404
39.9438827939
39.9648834174
39.9857066147
40.0110814168
40.0280363424
40.0393253114
40.0542540401
40.0913782604
40.1188029904
40.145315022
40.1562651263
40.1674534915
40.1907398938
40.2163930401
40.2316032577
40.2697967476
40.2987337303
40.3490692597
40.3705762012
40.3806032327
40.4131569018
40.4299825772
40.4448625339
40.4627164949
40.505797163
40.5156103784
40.51927204
40.6126769967
40.6731548601
40.8173991552
40.8323420865
40.8597019563
40.863778223
40.8734597422
40.9139162974
40.9334393078
40.9436635774
40.9532860607
40.9836936379
41.0269175089
41.0825196279
41.096665393
41.1095298737
41.1334538815
41.1394265698
41.1487514059
41.1569662967
41.1625828898
41.1813634141
41.2393362595
41.2575751401
41.2710288871
41.2961870057
41.3232905926
41.3361189137
41.3839332076
41.403777939
41.4206698554
41.4597757617
41.4971516313
41.8715311046
41.9334222557
41.9586161996
42.0413264526
42.1208330918
42.1434147984
42.1684302539
42.1818484215
42.200580889
42.2076932992
42.2218532684
42.2418073951
42.2619880939
42.2974154799
42.3121439194
42.3273439944
42.3411332845
42.3600024183
42.3791798145
42.3966399371
42.4159629446
42.4305869639
42.5277958293
42.5796352753
42.5976738562
42.6133614068
42.6384734584
42.6442168348
42.6507853066
42.6876486427
42.706517541
42.7250132825
42.7370393558
42.7555709024
42.7950705927
42.935343231
42.9458390898
42.9537176708
42.9738244351
42.999904861
43.0180346914
43.0364905109
43.1573425137
43.1812291341
43.2103874813
43.2154078743
43.2280204904
43.2459911385
43.2595139585
43.2668391737
43.273206096
43.2784179757
43.2979181291
44.4042125187
44.4102739461
44.4798961188
44.4894875877
44.4991846607
44.5042723242
44.5138475235
44.5210197952
44.5261083292
44.5350270571
44.5402873264
44.5453968953
44.5716154598
44.5783678643
44.6549428303
44.6669378639
44.678811927
44.7038061646
44.7223730373
44.7421206142
44.7654907039
44.7766834245
44.7917066757
44.8146721058
44.8447028708
44.8598180536
44.8714109186
44.8858872521
44.9057191194
44.9427072569
44.964509413
44.9829448123
44.9958859423
44.9993345073
45.0157395554
45.0295535076
45.0397814281
45.0764855467
45.0900058659
45.1058463632
45.1214706596
45.1441564134
45.1718118135
45.2170384734
45.2322838279
45.2423261231
45.2617710272
45.2865297142
45.3243862541
45.6133086614
45.6174285666
45.626065146
46.80537002
46.8093685449
46.8169081176
46.8250191142
46.8341415849
46.8444681292
46.8579485512
46.8706363971
46.8741124398
46.8776798263
46.8878925757
46.902283877
46.9144707465
46.9180520373
46.9434941781
46.9592265397
46.9728014169
47.0029535444
47.0114765204
47.1422509117
47.1627716396
47.173119737
47.192502782
47.2111214089
47.2575525476
47.2660316732
47.2975728476
47.3117034296
47.3707471735
47.3766644021
47.3940651474
47.4085014771
47.4247716788
47.4288170508
47.4374847777
47.4575535199
47.8400723227
47.8804346708
47.9971245953
48.0083044296
48.038909957
48.0472355785
48.055298507
48.0791865107
48.4111295325
48.4294722011
48.4387307785
48.4928864358
48.5128745352
48.5196924726
48.5414182637
48.5510271409
48.5713261929
48.6040476456
48.6191923303
48.7480510652
48.7614923386
48.7745045969
48.7878294623
48.838098944
48.8543138998
48.9814487437
49.0124035019
49.0306221
49.0471775252
49.0651735817
49.1096604417
49.1959745795
49.2091645213
49.2293245668
49.2413178575
49.2569831574
49.2627398094
49.2772723896
49.3097942759
49.3244822897
49.3318879206
49.3371304817
49.3463263212
49.3626957275
49.3731483111
49.385541145
49.3953470656
49.4016107895
49.4120022296
49.4190081069
49.5067154592
49.5145577311
49.5378774873
49.5813799968
49.5877319709
49.601552012
49.6279043716
49.655626641
49.6723299855
50.3661353942
50.4098451194
50.4234995529
50.4278819607
50.4317873556
50.453496794
50.4684312945
50.4731937791
50.4778781136
50.482436924
50.5007022006
50.5180269284
50.5316560453
50.5380275532
50.5421268691
50.5513911063
50.5669859349
50.5721428301
50.581437565
50.5915589783
50.5977753295
50.6063319852
50.6132676089
50.6228209872
50.6271374073
50.6350099729
50.6614952335
50.6764526211
50.6805232231
50.6980415271
50.7174757454
50.760667265
50.7781759182
50.8672163382
50.8777193104
50.890397122
50.8966113694
50.9195161497
50.9468359582
50.9562591767
51.008067683
51.0293167854
51.0701277799
51.1089243035
51.1203688753
51.6051782942
51.6100641453
51.6148754473
51.6295793695
51.6373270284
51.6431724678
51.651835648
51.6662451869
51.6752047563
51.7114666307
51.730603434
51.7439659464
51.7546195879
51.7675454149
51.78063187
51.7983847362
51.8025967636
51.8245965005
51.833522374
51.8531583234
51.8811213391
51.9115461244
51.9182460658
51.9659503006
51.9744803893
51.9827510129
52.0205227985
52.1145439291
52.1228604383
52.1350788707
52.1458793572
52.1547660038
52.1737257453
52.1845686962
52.2041329628
52.2262669521
52.2419107199
52.2563271876
52.305833188
52.3178539814
52.3360581051
52.3656013757
52.3800645413
52.3965105765
52.406814111
52.4171093341
52.4289152808
52.4729213832
52.5045175476
52.5125671532
52.5365530334
52.659644724
52.8074540778
52.8125566337
52.8255477545
52.8353956643
52.8398814823
52.8545523426
52.8763636493
52.8911393851
52.8966125766
52.9194765794
52.9250349793
52.937964214
52.9622583482
52.982055639
52.9864975889
52.9957925568
53.2016467845
53.2199133965
53.2464432804
53.2697905858
53.28174048
53.3030438408
53.3089910497
53.3435921232
53.3797655729
53.4185202924
53.4362362318
53.483102723
53.5258924197
53.5888601287
53.6086802325
53.6189646628
53.6686280504
53.6964792391
53.7373450917
53.7683531896
53.8126876133
53.8570701166
53.8849795135
53.9162245737
53.9476683644
53.9720253369
54.0155027479
54.0211892511
54.0282644459
54.0325891809
54.0380292191
54.0488876443
54.0642414455
54.0701218665
54.0751088799
54.1044243744
54.1215787251
54.1366750733
54.1596106536
54.1681542371
54.1868986776
54.1941300202
54.2006707793
54.2213681122
54.2935250489
54.2980827046
54.307533007
54.3207003597
54.348432636
54.362864015
54.4806375896
54.4870283432
54.5152130179
54.5345874145
54.5454346615
54.5826505656
54.6071035452
54.6165707313
54.6372558968
54.6666510739
54.7086253907
54.748672123
54.7599652081
54.8174685419
54.8900038067
54.9344137008
54.9632891085
54.9962051879
55.1334075098
55.2117289057
55.2192017279
55.2289379994
55.2525651227
55.2619458708
55.2674436142
55.2770614996
55.2812275141
55.2883220918
55.2937847583
55.3158467507
55.3282483037
55.3451159309
55.3693241989
55.3827065848
55.4179870326
55.4248936068
55.4392288555
55.4463111578
55.4617246248
55.4678874972
55.4873709923
55.4962622511
55.5114771811
55.5327044291
55.5450549346
55.5622011014
55.5737784588
55.6018787863
55.6283851778
55.6509434264
55.6584483334
55.6719555198
55.689931119
55.7011188223
55.7234712474
55.7467483272
55.7748234007
55.7922552376
55.810774942
55.8376135409
55.8423396671
55.8509623031
55.8861855808
55.9091347136
55.926588055
55.952369855
55.9896333189
55.9944741069
56.0236990206
56.1765787062
56.2062704922
56.2647216959
56.3139947859
56.3176210733
56.3334148557
56.3732580153
56.3927604579
56.4086771543
56.4150977632
56.4204922952
56.4429638983
56.4614714346
56.4687687355
56.5238685003
56.5283570101
56.5418683271
56.546080636
56.5595764815
56.5720573798
56.5885237775
56.5949999545
56.6044708693
56.6353119721
56.6445165692
56.6590031379
56.6661158039
56.6719067708
56.6879889853
56.6954540706
56.7191478831
56.7319057823
56.7380393368
56.7497028869
56.7733774234
56.8012348799
56.8130510892
56.8558018636
56.8812106825
56.8874088464
56.9005740251
56.918584398
56.9338926811
56.9404803145
56.9564083328
56.9670276166
56.9817713554
57.0093590212
57.0259873131
57.0566242242
57.0966993915
57.1038068484
57.1210781528
57.134466247
57.1432829079
57.1830074298
57.2208152875
57.2553419295
57.3008665756
57.3428773419
57.3724271126
57.3790352593
57.412570448
57.4392653689
57.4610994521
57.6177206621
57.6295036857
57.636826202
57.6431767415
57.6774153291
57.6893283505
57.6930495182
57.7097629084
57.7258748074
57.7328555547
57.7397329654
57.7524870443
57.7659615161
57.8081352763
57.8175118826
57.8403911128
57.8547478247
57.8743470631
57.8783843928
57.888453847
57.9355604942
57.9510865766
57.9595939117
57.9673904806
57.9757771776
57.9862842709
58.0037010796
58.0125103432
58.0655097384
58.081587416
58.0926645803
58.1000573351
58.1175934604
58.1804076532
58.2308830392
58.2918292845
58.3071581157
58.3204617359
58.327842368
58.3413601134
58.3867656265
58.4108232397
58.454581831
58.4694642791
58.4835287688
58.5375191958
58.5487180532
58.5713764083
58.6470279686
58.6742795742
58.7032076043
58.8042809211
58.8143984292
58.8267792673
58.854386602
58.864500279
58.9074887351
58.9275462022
58.9633922197
59.0155702379
59.0256021484
59.0441361501
59.0586106341
59.0647424498
59.0802931574
59.0868609281
59.1248519574
59.1363421595
59.1580647749
59.1623382561
59.1735579808
59.2023417693
59.2082777495
59.2211561032
59.2549758201
59.2906537164
59.2982489601
59.3175135364
59.3354439111
59.3524338504
59.3635172634
59.4539953977
59.5047231239
59.5271866527
59.5479912514
59.5862509318
59.6203283567
59.6261042472
59.6612625768
59.6662037385
59.7038493093
59.716950384
59.7880814046
59.7974998594
59.8112916899
59.8200616687
59.8507801928
59.8696408289
59.9032459381
59.9430444887
59.9597513574
60.0094925607
60.0243082908
60.0377907059
60.0441002874
60.0550700049
60.0828872256
60.0992625053
60.1303342416
60.1363560861
60.1409076361
60.4543631479
60.4709349618
60.4875743069
60.5118804262
60.5278382352
60.5636426321
60.6045569526
60.6138120998
60.7140687835
60.7323389474
60.7419770066
60.7706912723
60.8220478571
60.8333747978
60.8519701744
60.8663271609
60.8939367933
60.8976031455
60.9155455883
60.9486462984
60.9946918346
61.0348652514
61.1843338108
61.2060730537
61.2111701675
61.2164120043
61.2230105553
61.2300388756
61.2601732649
61.2682071892
61.28251814
61.3085188314
61.3153133441
61.3280398349
61.3471704093
61.3631305656
61.3841623057
61.392576474
61.3986448998
61.4235607466
61.4584436433
61.4712141021
61.4925991577
61.5434355274
61.573016241
61.5932026273
61.6073571795
61.6306782136
61.6455447085
61.6766433304
61.7115428606
61.7431744641
61.7997359264
61.8150602787
61.8286783275
61.8407632625
61.8789890396
61.8993098788
61.9230522342
61.9413182067
61.9577554626
61.9813960197
62.0139079909
62.0495147325
62.0574827788
62.086992677
62.1682995222
62.1874129988
62.1983726374
62.2396357427
62.2577208174
62.3062439514
62.3993621469
62.4076905509
62.4159107425
62.4207334097
62.4249739632
62.4310039853
62.4405071275
62.4500213264
62.4539052625
62.4625272479
62.4725912241
62.484908429
62.4960680896
62.5093862305
62.5149896057
62.5261434292
62.8111591401
62.8286588977
62.8329342036
62.854971284
62.8684994148
62.8868330442
62.919427799
62.9510720385
62.9742135796
62.9940862362
63.0120444205
63.0853396573
63.140431536
63.1480840959
63.1612436769
63.1792843613
63.3051387415
63.4087873102
63.4417326981
63.4620357447
63.5043734656
63.5493850071
63.5944453949
63.6055095648
63.6158800024
63.6409231298
63.6461235652
63.6574885988
63.6650784547
63.747934216
63.7535423258
65.3394449592
65.3550645823
65.3695524601
65.3890763418
65.4070821572
65.420440786
65.4345706433
65.4631430924
65.4984541068
65.5208914575
65.537754808
65.5538286988
65.5616525445
65.5727240235
65.6147453296
65.6431734933
65.6631374011
65.6863600861
65.7520385664
65.7803514019
65.7954151363
65.9625535714
65.9980205441
66.0193202302
66.0306771332
66.0401567768
66.050434182
66.0569486754
66.0621060432
66.0671588626
66.0767408823
66.0895932153
66.0948293852
66.1028913479
66.1118367013
66.1225462292
66.1493125399
66.1733719137
66.1829361368
66.1867542217
66.2077230646
66.2807732
66.295613846
66.3978125725
66.4196687234
66.5098934602
66.5634236521
66.5837672876
66.6048153146
66.8094690231
66.8258724791
66.8333673084
66.839354929
66.8532604664
66.8850845474
66.9266562729
66.9932232728
67.047122147
67.056165414
67.0737763855
67.1013740066
67.1308557301
67.2064686011
67.2404398894
67.303316778
67.3172960615
67.3221975607
67.3390958483
67.3830983807
67.3880760656
67.4044237079
67.4138356397
67.4180113579
67.4553719753
67.4598850301
67.4746797615
67.4924337263
67.5011447244
67.5142231608
67.5366306116
67.5614763426
67.570211168
67.581517111
67.5913290804
67.6714096597
67.6788271267
67.7224317531
67.7396407285
67.7713769009
67.7803703362
67.7868716036
68.0381140338
68.0519981073
68.08628389
68.0907138308
68.0943130646
68.10399438
68.139306576
68.1660597556
68.211633849
68.2616638097
68.2959041201
68.3227655167
68.3900461187
68.4156301887
68.4262928424
68.4349159303
68.4720415693
68.4781001825
68.4858090234
68.4965092026
68.5074922564
68.5180945701
68.5274061675
68.5433044157
68.5709688708
68.5829861631
68.615274811
68.6245387001
68.631899632
68.6443040246
68.6592421987
68.7841997562
68.8031954179
68.8149339652
68.8372725078
68.8713402539
68.8836946778
68.9067177001
68.9276061713
68.9768829718
68.991800457
69.0190145693
69.0232888521
69.033535338
69.0457353625
69.1145277964
69.129713798
69.1493285521
69.1660207155
69.1783148141
69.1982812733
69.2072895545
69.266761595
69.3342526848
69.3673982718
69.3890644971
69.4195458734
69.6058671191
69.6120984023
69.6173048292
69.6295672505
69.707726982
69.7197433752
69.7455090021
69.7644888915
69.7852340321
69.7961030173
69.8133827254
69.8329431912
69.8533179574
69.9454066527
69.9646857205
69.9822220663
70.0370537019
70.0546785801
70.0756875316
70.1157794839
70.1425676934
70.1682785519
70.1939642902
70.229159624
70.2366644414
70.2555271575
70.2817474987
70.3030689539
70.3213543471
70.3282978971
70.342840751
70.3513030368
70.3676837166
70.6502325895
70.6779303714
70.7051373427
70.7603800584
70.806887082
70.8127095793
70.8204398899
70.8390139677
70.8511906832
70.8599593282
70.8662156376
70.9911484053
71.0244925561
71.0481990754
71.7706223236
71.806189651
71.8367346991
71.8576834981
72.011373038
72.0194193107
72.0317205353
72.0487160581
72.0539063428
72.0594265268
72.0661901788
72.0773889798
72.0883536934
72.1020502352
72.1085344191
72.1300212377
72.135824726
72.1608703929
72.2395924216
72.2460845303
72.2498506382
72.2568548279
72.2629357779
72.2672140014
72.2909122804
72.9812249476
73.0122789114
73.0520918465
73.2053322249
73.2216119783
73.2342095276
73.2432088663
73.2498088228
73.2592831732
73.2663591945
73.2844350508
73.2915208584
73.2961825714
73.3024043426
73.3234314835
73.3310343423
73.3382909162
73.3737630578
73.3878047228
73.4207031774
73.4300179429
73.4367232037
73.4462956143
73.4535290928
73.465336217
73.4899892476
73.5404033269
73.5886727808
73.6197680023
73.6279403261
73.6480680523
73.66486827
73.6783287804
73.7095102368
73.8329867792
73.9893421535
73.9954769976
74.0156677403
74.030504086
74.1691743473
74.1795494956
74.2230829911
74.2363384226
74.259223618
74.296724224
74.3187922935
74.3441213262
74.3964208061
74.4034616804
74.4194920456
74.4262273887
74.4298945612
74.4390605063
74.4633526949
74.471009199
74.4983885924
74.5052932831
74.5171268222
74.5228759106
74.5352123035
74.5437706807
74.5530016289
74.5647106932
74.5769915576
74.5811221267
74.6042765348
74.6226990563
74.629317334
74.6462565857
74.65779312
74.6721229088
74.6822424744
74.7148280415
74.7209515496
74.7425079281
74.7760721034
74.9697212443
74.9900494902
75.0124476803
75.0230856878
75.0601127004
75.0638667402
75.0879008138
75.1357050675
75.1651752479
75.1968008037
75.2289814871
75.2616971162
75.2877260351
75.323827854
75.3644307777
75.3994177501
75.4110479561
75.4235195351
75.4844616196
75.5163631807
75.5283504807
75.5610962972
75.6034129786
75.6116608937
75.6249274317
75.637960458
75.6419947757
75.6587170318
75.6760424866
75.6839751541
75.6954926555
75.7198635672
75.7340813813
75.742628418
75.758091405
75.7652423937
75.7742394253
75.7903938607
75.8044681251
75.8427634215
75.8470601964
75.8528670574
75.8790125667
75.9290900173
75.9405686642
75.9491075112
75.9780890418
76.00406504
76.0200223458
76.0363355303
76.0530701393
76.0592383757
76.2160893744
76.2241125565
76.247799652
76.2893625329
76.3055893991
76.418253786
76.4327998581
76.4703620781
76.4882795186
76.5784199484
76.6219284559
76.6519885309
76.6853685285
76.7165325027
76.8079198099
76.8178972865
76.8532521107
76.8615783124
76.8922271102
76.9207841891
76.9292217256
76.9506739255
76.9578321808
76.9679591908
77.0181317128
77.0266989472
77.0513240359
77.0729425409
77.0846969757
77.1059649667
77.1934932169
77.2717867695
77.2951272512
77.3152444575
77.3426670144
77.3668083428
77.3970316192
77.423343301
77.4381217379
77.4522096247
77.4712202385
77.4853132468
77.4886482404
77.5085651805
77.5361860866
77.5715952244
77.6152177171
77.6715455308
77.7385134518
77.7448847961
77.7620017985
77.7792299417
77.8304215983
77.8584455051
77.9037515457
77.9210455285
77.9826861347
2141
