6.01713259595
6.03053239139
6.03815597826
6.0466414496
6.05801557659
6.12874360444
6.15425136147
6.17831691472
6.20074268965
6.20923153012
6.22427429266
6.22846522912
6.24403258581
6.25621088432
6.26534788448
6.28155252764
6.32577171696
6.33849497487
6.37731125831
6.44688854098
6.47795985969
6.49559603312
6.51091137945
6.55734740324
6.64244192415
6.68015852439
6.69851718132
6.75841190133
6.78835511838
6.82870828872
6.87849216718
6.91896023731
6.95996706274
7.06113066571
7.11100109649
7.13843824022
7.18316884984
7.19164179793
7.21073725147
7.21964480723
7.22656806531
7.24452674617
7.31055263954
7.33436069472
7.34027129365
7.35097371438
7.64992561805
7.66965872904
7.67352344559
7.69359266536
7.70620090097
7.72134715045
7.75769021811
7.78284125204
7.80594664498
7.81749362073
7.85838988408
7.87379923711
7.94080239974
8.07236584914
8.09400343122
8.11189637559
8.13608934235
8.18727469494
8.20769232549
8.26294084378
8.28934633055
8.31749772386
8.37566119482
8.40621818329
8.41025165431
8.41818666885
8.42952739343
8.45063700832
8.46463269426
8.62371004175
8.63101760698
8.65028527627
8.668011441
8.71088492067
8.74909327225
8.75972216564
8.7743272448
8.81279885466
8.81841846285
8.82515936501
8.95345634113
8.97440556306
9.00416765948
9.02326776263
9.05356035597
9.06383361911
9.09073763196
9.13164364466
9.15754239504
9.21621732931
9.24441414604
9.30447460721
9.34529058041
9.3590258289
9.40306815807
9.45161828974
9.46804602624
9.52263077561
9.53517551773
9.55208155179
9.59229071574
9.61634521972
9.62398766354
9.63447318287
9.6419442665
9.64831294072
9.65946691089
9.67282759183
9.68814035631
9.71842024156
9.77051920019
9.77958244445
9.82698698862
9.83699471858
9.87646172896
9.89912874866
9.91852748357
9.93100336313
9.95888948095
9.97382144819
10.1821905201
10.2368611653
10.2721130467
10.2756223518
10.3041065423
10.3453759142
10.3516877823
10.5564365095
10.5928871714
10.6271859631
10.6477958781
10.6862977835
10.7392237207
10.7590533842
10.8825535429
10.9135083583
10.932524109
10.9427269562
10.9496208305
10.9709098626
10.9766473717
10.9854031927
11.0263060323
11.0408521048
11.062775881
11.0695038375
11.0771763549
11.1330863809
11.1519308722
11.1681674244
11.188741556
11.2154907944
11.2506048246
11.2738813805
11.2886103977
11.4664623193
11.5033046906
11.5189783446
11.5729650337
11.5998381167
11.621844208
11.6747958202
11.709388753
11.7527720111
11.7949392912
11.8363266492
11.840615993
11.8580163667
11.9256078061
11.9667085969
12.0111860071
12.0275463321
12.0327213862
12.0445310242
12.0528486832
12.0634956037
12.0740979587
12.0821084211
12.0910927126
12.099600798
12.1116731352
12.1166022092
12.1537400927
12.1639583367
12.1950645999
12.2158842604
12.2288808685
12.2433161172
12.2528667644
12.2653927515
12.2698905211
12.2747424783
12.3016365994
12.3117794247
12.3595804244
12.3666190138
12.3752257874
12.418039666
12.4431902429
12.5749215335
12.6004878351
12.670017619
12.6814947148
12.6849845722
12.7094304391
12.7130377552
12.7183379253
12.7483236558
12.7668664811
12.7918523584
12.8215253271
12.8780001346
12.9459837783
12.9759134102
13.0193552435
13.0470405866
13.0825654754
13.1170897742
13.1411723602
13.1753971896
13.2052430908
13.2098090756
13.2204638845
13.2249925558
13.3402974807
13.3529401621
13.3725082987
13.3908803678
13.4135526499
13.4289491434
13.4577746188
13.5030075121
13.518936475
13.5236045043
13.5542109337
13.5677401379
13.6028991342
13.6196157017
13.640119226
13.6518925906
13.6815914411
13.7183751098
13.7329082626
13.7626994711
13.8363401873
13.8890982271
13.9047171445
13.9309855803
14.0119469119
14.0351986744
14.0780197332
14.1210322984
14.1476411429
14.1772836955
14.3538556354
14.3955312561
14.4221258364
14.5225791754
14.53405479
14.5497278207
14.5633407689
14.5775388749
14.5975686428
14.6178180764
14.6414995894
14.6632049292
14.6721091382
15.1287633259
15.1494394211
15.1904539703
15.2137568085
15.2252298804
15.2477080998
15.2684437743
15.6183721597
15.6279116819
15.6430476529
15.6539407253
15.661478594
15.6668536853
15.6753882856
15.6880634076
15.7185931969
15.7520885103
15.7602616191
15.7689283113
15.7743801349
15.7888950137
15.7955306763
15.8221793654
15.9885820468
16.0225961904
16.0439374766
16.0724823151
16.0938375482
16.1052507957
16.1278784757
16.1952486084
16.2081040108
16.4492515505
16.4571809677
16.5100153086
16.5150777266
16.5424489234
16.5726727531
16.6373491631
16.6615561292
16.7071809102
16.7492452051
16.7825706261
16.7902023866
16.8087924092
16.819846354
16.857632402
16.8845232615
16.8980496697
16.9072492186
16.9256993264
16.9352487267
16.941617366
17.0223730879
17.0367085088
17.0527596448
17.0752233327
17.1347354615
17.1638204162
17.184476297
17.2171942265
17.2378769711
17.2463948082
17.2515335718
18.0100567271
18.0230094854
18.0265771614
18.0321240792
18.0401784289
18.1530836748
18.1653626152
18.1832319382
18.1912024595
18.1991995711
18.2176121391
18.2555684173
18.2903850932
18.3127124768
18.3358189074
18.3428001563
18.3570626007
18.3612009746
18.5271572051
18.547811403
18.5573773026
18.5722282774
18.7596020259
18.7986823579
18.8162083457
18.83200476
18.8977689722
18.9470580417
18.9644258054
18.9911991894
19.0434960559
19.0655501057
19.0746055265
19.1049384439
19.1301984727
19.1392989855
19.2164874525
19.2266813458
19.2756662439
19.2904426087
19.3065876118
19.3278454463
19.3474754568
19.3644212901
19.3765419453
19.3833543801
19.394765772
19.4003578079
19.4053391289
19.4256949909
19.4342212982
19.4555824807
19.5299044054
19.5516242523
19.5593112359
19.5840791259
19.6103911763
19.638687622
19.6501232282
19.6815316675
20.4072132086
20.4586838966
20.4633392701
20.4800109219
20.4949211744
20.5091627382
20.5305330017
20.5417885986
20.5774000263
20.5889520223
20.5977192392
20.6038946122
20.6186152893
20.6318471251
20.6524053214
20.6648434078
20.7026547492
20.7085683764
20.7198856425
20.7486786177
20.7853495284
20.9648677979
21.0091638448
21.0374131352
21.0648151876
21.0894772971
21.0966957233
21.1750393801
21.2117109933
21.2800509165
21.2961666315
21.3238286296
21.4936947953
21.5233223256
21.5274508378
21.581849105
21.6132441759
21.646614238
21.6972593181
21.7033288397
21.7123802161
21.719448558
21.7368270252
21.7567804801
21.7713026826
21.8495422904
21.8600165912
21.8677588635
21.8904278648
21.9086928004
21.9209525734
21.9605259395
21.9797576268
22.0139673959
22.0181036678
22.0285244287
22.0341230883
22.0392269403
22.052355462
22.0817588784
22.1222265508
22.1413911958
22.1562103565
22.1688522849
22.1813390195
22.187341112
22.2143923066
22.2600946915
22.266589728
22.6312684363
22.6547818771
22.6936671798
22.7215410467
22.7838322095
22.8064589493
22.811383825
22.8395330201
22.8884538779
22.9214094288
22.928447366
22.9357446037
22.9541930696
22.9643567039
22.9924070761
23.0215871572
23.0302539765
23.0558262191
23.0732913004
23.1036262714
23.1427440711
23.1494900127
23.1739391662
23.1801709678
23.1850858149
23.1934414151
23.2140478202
23.2272173392
23.6437500773
23.6873474542
23.7070572931
23.7371052505
23.7591654232
23.831753565
23.8739827643
23.898682156
23.9354578784
23.9763778437
24.0249810948
24.0340110309
24.0633517317
24.103619629
24.1094192849
24.1300922217
24.138751297
24.1455099005
24.1602305867
24.1780540988
24.1950594155
24.2070167919
24.222922709
24.2340455023
24.2562118553
24.2764569071
24.3192141248
24.3345079025
24.3569617519
24.399575887
24.5529998971
24.5677150912
24.5993639109
24.6168508076
24.6343234731
24.7012775122
24.7149648993
24.7579234501
24.7861992538
24.8508486793
24.8644152738
24.8734266939
24.889389319
24.9078232797
24.9112480437
25.087274498
25.1439091464
25.1952406719
25.2115181792
25.2152480864
25.2247472152
25.2294986992
25.2334234452
25.2674958804
25.2821064458
25.2932611294
25.307835248
25.3466588409
25.3546534644
25.3703604375
25.3772563716
25.392498981
25.4146225376
25.4274904629
25.4354096386
25.4530187264
25.4656812399
25.4732491496
25.4770002921
25.4886491935
25.5015150714
25.5064768037
25.5194488246
25.5230343506
25.5381176089
25.5480653023
25.5619822973
25.5725845391
25.58254605
25.5930081294
25.6171361637
25.6230188821
25.6698399144
25.6925791457
25.7408871969
25.7720944173
25.7878934204
25.805410974
25.8284852029
25.8640245364
25.8726522402
25.8941434714
25.9190372468
25.9477713454
25.9992689745
26.004113362
26.056573512
26.1024121982
26.1315724698
26.1565476427
26.1991622417
26.2097632225
26.2211003434
26.288608522
26.305910072
26.3541162696
26.3700505597
26.4153278717
26.4276745507
26.5093875474
26.5235399227
26.5333156214
26.5823187207
26.5897015261
26.5972028972
26.6060950075
26.6108651763
26.6213515832
26.72531517
26.7438198221
26.7579550932
26.8262434628
26.8383303694
26.8463937607
26.8604622676
26.8843303683
26.890098581
26.9344796438
26.9664216756
26.996203364
27.010487019
27.0288242844
27.0746695595
27.0807035687
27.0844273031
27.1021345879
27.1336936359
27.1573882127
27.19251395
27.2096841622
27.2385842981
27.2566745638
27.2857220719
27.3921143622
27.4122158175
27.4279778942
27.4629051484
27.5768612525
27.7296962952
27.7522346633
27.7875665642
27.8013589682
27.8262228584
27.8588458172
27.8650310285
27.9133394671
27.9256346517
27.9487105198
27.9746908573
28.0133599151
28.0205559832
28.0391076811
28.0475043703
28.0613082243
28.096475355
28.2735467417
28.3028427917
28.3253756647
28.3668196529
28.6201082921
28.6559265764
28.6914753675
28.7374970941
28.7796620652
28.8196628957
28.8285113169
28.8643744326
28.8757997618
28.9292477642
28.9445586128
28.9510070223
28.9580494014
28.9755176287
28.9862157303
28.9961663699
29.0010954775
29.0214354152
29.0333199345
29.0466783642
29.0538507261
29.0579855961
29.0705227135
29.0779256396
29.1192780535
29.1300133076
29.1985692345
29.2091862955
29.2284047595
29.241601834
29.2630363401
29.2748038714
29.3107312046
29.3142688625
29.3270734184
29.3497373423
29.3778979321
29.3846238897
29.4267773241
29.4605847783
29.5283157512
29.5396917875
29.5679967025
29.5843590292
29.593923812
29.62022087
29.6338737504
29.7128115181
29.7614156731
29.799710328
29.8345543195
30.0192099032
30.0330106202
30.0428118469
30.0614113128
30.103571286
30.1183287821
30.2040915364
30.2438062527
30.2648579042
30.4499156425
30.4739638615
30.612694074
30.6183251307
30.6403021346
30.6797807338
30.7722612631
30.8045551301
30.8096258784
30.8260591267
30.8511340327
30.8691623308
30.9268771982
30.9671787948
31.0074016372
31.0537693091
31.0720026203
31.0988720051
31.192699543
31.2049434886
31.2216421418
31.2350657496
31.243366371
31.2528936977
31.2729875509
31.3163008575
31.3238791668
31.3361105476
31.363906158
31.376869892
31.3898825828
31.4002927527
31.416983726
31.4357619793
31.4605835856
31.4703052918
31.4958426792
31.5088434769
31.5632201297
31.5901986186
31.6054164224
31.6338629733
31.6400804275
31.6825248385
31.6922292864
31.7211370583
31.7511339962
31.7893461551
31.8019987673
31.8367172891
31.8449355477
32.410992656
32.4239594711
32.4300438002
32.4519409129
32.4624642194
32.4721355296
32.507470757
32.5179214475
32.5425970717
32.5562093838
32.5689852133
32.589928872
32.6117384617
33.104856136
33.1435618689
33.1582676862
33.6140800343
33.6333848265
33.6435676622
33.6501922635
33.6679555123
33.674727804
33.6818704649
33.686685447
33.7290408888
33.7327547357
33.7659364965
33.7880904952
33.7979013043
33.8047434676
33.820594664
33.8346618064
33.8486111931
33.8596323
33.8765752112
33.8884299765
33.9086652811
33.9333364612
34.0479941041
34.06507722
34.0929917694
34.1240041022
34.1368740816
34.1625452505
34.1933793177
34.2095844045
34.2311742225
34.253710081
34.7527482245
34.7866246064
34.8506228076
34.8670788872
34.8792762093
34.8947952325
34.908546715
34.9260751513
34.9310986819
34.9500709709
34.9551293573
34.9793233012
35.0238499766
35.0331803372
35.0637737896
35.0857311862
35.1101978522
35.1177221449
35.1638128057
35.206170984
35.2458140795
35.2619365929
35.3063932644
35.3679408795
35.3768026951
35.3998690478
35.4412960257
35.461505769
35.4913804712
35.5179245068
35.545922596
35.6019183707
35.6279411141
35.6628539029
35.6970848202
35.9933502482
36.0173020846
36.0297974091
36.0348840675
36.0446557303
36.0651973144
36.0876260701
36.1104665298
36.1164364864
37.2095201929
37.2133166747
37.2254842762
37.2314963653
37.2375621785
37.2543977884
37.2586532554
37.2664471055
37.2741477539
37.2830523467
37.2988555955
37.3151333081
37.3379890987
37.3650844401
37.3866938319
37.3955756469
37.4056993324
37.422997191
37.4351769906
37.4583906583
37.4761831887
37.517904096
37.5307160168
37.5387581309
37.5601883734
37.5780002855
37.5982217763
37.6188233306
37.6389080785
37.6600756116
37.664602178
37.6948380542
37.718799162
37.7747462047
37.805736506
37.950514292
37.9791165181
38.0203944696
38.0686043723
38.1148251058
38.1480848343
38.1772925916
38.2202543969
38.2490796784
38.3070724564
38.3589501435
38.4081059341
38.4157090254
38.4288935107
38.4479803807
38.4617421039
38.4719549219
38.508260067
38.5287209509
38.5510625739
38.5735327032
38.5838703852
38.5930151871
38.630065835
38.6416375463
38.750087409
38.7641296046
38.7699808496
38.7773481081
38.7866362757
38.8028318407
38.8277155029
38.8457179046
38.8648634596
38.9285817868
38.9694543282
38.9784327987
38.9990525111
39.0224999977
39.0462197394
39.0561788104
39.0955153137
39.1729018729
39.2144183494
39.2372414618
39.2866343536
39.3140442399
39.335856027
39.6276516732
39.6310986948
39.6460474721
39.6551872156
39.6614631772
39.6714022362
39.6855140952
39.7099909256
39.7608963646
39.7854169624
39.8081693079
39.8175424421
39.908327704
39.9207726644
39.9314248505
39.9580062254
39.9691768048
40.1144607542
40.1626559339
40.1823513657
40.1960796993
40.2219448445
40.2545502178
40.3122495249
40.3577281551
40.364427304
40.5599300826
40.6030712512
40.6524843052
40.6752288698
40.8167054204
40.8251391489
40.8290152567
40.8400869762
40.8437715627
40.8513301829
40.8694741617
40.9215220385
40.9420139101
40.9680717735
40.9727862562
40.9849807868
41.0138178951
41.0491189586
41.1932562819
41.295489597
41.3198338994
41.3465229449
41.3621330554
41.409530907
41.4248822481
41.4377976836
41.4862776022
41.5198054126
41.64778961
41.6878491475
41.7245086853
41.7371184442
41.8370035072
41.9063583561
41.9102401511
41.9546694374
42.0045484312
42.0185439927
42.0246135418
42.043184999
42.0491423754
42.0616370323
42.0706219411
42.1064737985
42.1144304148
42.1392741699
42.1686762736
42.1794237581
42.200416566
42.2083832503
42.284574146
42.4212610746
42.4274312799
42.4435651256
42.4552191772
42.4607792517
42.4796156059
42.4950556597
42.5097660167
42.9502317624
42.9692930767
43.0164712038
43.0483060725
43.0607918627
43.1103543663
43.1819169683
43.1984325904
43.2051377467
43.2138600438
43.2644850728
43.2847214718
43.3039022908
43.3137446647
43.3414806655
43.3482733209
43.3652131591
43.3764998465
43.3979140264
43.4253268148
43.4320039315
43.4365190022
43.4583409192
43.4676007197
43.5002552664
44.2409178017
44.308180941
44.346231005
44.407376675
44.4129923278
44.4579085773
44.4767960669
44.4801575468
44.4914021843
44.5042733555
44.5100722727
44.5173806214
44.5461714107
44.574930683
44.5937554167
44.6090816829
44.6228382668
44.6447853259
44.6524568968
44.6871209412
44.7025854239
44.7200805734
44.7292028278
44.8360820267
44.8517385927
44.8579793706
44.8774875287
44.8823427336
44.9085059147
44.9274614649
44.9511547322
44.976332483
45.2603176757
45.2691398951
45.2886376878
45.3083408443
45.32748027
45.3605494301
45.3789417078
45.4198828291
45.4450304895
45.458579639
45.6134327464
45.6231895248
45.6712203737
45.6844096855
45.6908660305
45.6977728495
45.7092066375
45.7257503374
45.7398627436
45.7568747092
45.7639708469
45.7771427438
45.8014525293
45.8081014975
45.8178657391
45.8276711875
45.8336231433
45.8518478283
46.0264318946
46.0467622439
46.1737997293
46.199088437
46.2077350292
46.2244429445
46.2469347941
46.264456649
46.2797515549
46.2982726028
46.3230251737
46.3926927406
46.4001506711
46.4339784778
46.4558659341
46.5161226597
46.537569804
46.5752232569
46.599822512
46.6328994008
46.694981732
46.7111112676
46.7455187922
46.772442817
46.817515037
46.82305186
46.831924782
46.8436022295
46.8494051725
46.8564589174
46.8708105982
46.8800796396
46.8872725962
46.8974563086
46.9428932988
46.9477928176
46.9608868173
46.9650574774
46.9746613045
46.9780313066
46.9835554524
46.9965563488
47.0044344329
47.0195328777
47.0246205804
47.0402646836
47.0576923376
47.076633428
47.0823705451
47.0875969972
47.0946027385
47.1048131915
47.1194382644
47.146033281
47.1552363167
47.1702310753
47.1800116404
47.2442299353
47.2519762377
47.2756071064
47.2941335086
47.3153809848
47.3768327034
47.3889599979
47.4271344526
47.439902638
47.4845381131
47.5192301906
47.6145590377
47.6230682943
47.6987514565
47.7115984905
47.7230800616
47.7327540321
47.7756300884
47.8000968701
47.8270924313
47.8647718949
47.8946902474
47.9231813771
47.9382629742
47.9594740889
47.9951760732
48.006536802
48.011486833
48.0207672048
48.0269610783
48.0374150181
48.0422237548
48.0489438099
48.053521656
48.0670944546
48.0729634729
48.0769829829
48.0876535872
48.095662619
48.1139599945
48.1323598036
48.1488548033
48.1533892393
48.1681010385
48.1803002786
48.1964679727
48.2157783445
48.2290561322
48.2439201714
48.2570555438
48.2703097134
48.2954888502
48.31697939
48.335951299
48.3516032917
48.3637676975
48.4078940329
48.4156954297
48.4241659436
48.4505500719
48.4701317964
48.4855179462
48.4969010264
48.5097800823
48.5402420143
48.544082735
48.556586349
48.5630050392
48.5775516912
48.5843117724
48.5929483436
48.6133041381
48.6521188092
48.6647106432
48.6767812762
48.6934944955
48.7092372413
48.7744219798
48.79884191
48.8222976479
49.0712334332
49.0993972635
49.1615843403
49.2041383451
49.2136055165
49.2322383451
49.2369267601
49.2452793458
49.2573801602
49.2669852817
49.2799028527
49.2987844603
49.3095712656
49.3260243367
49.3387211465
49.3494701043
49.358887471
49.3686510525
49.37662598
49.3899378262
49.4093337822
49.4384388049
49.4423183892
49.4505261786
49.467470248
49.4781678164
49.4844833781
49.4971886841
49.5162465697
49.5213165553
49.5332613777
49.5400072044
49.5465725825
49.5551003583
49.5604862102
49.5846152579
49.5932902196
49.5993558056
49.6062517605
49.6118644586
49.6265411231
49.6583148144
49.7127229978
49.7207423037
49.7349046885
49.7734139104
49.7877942538
49.8287449582
49.8932987086
49.9297747651
49.9368818182
49.9526581592
50.004668413
50.0086825195
50.013441187
50.2173182641
50.2627013251
50.2959251198
50.362466412
50.371473186
50.4072450926
50.4167276298
50.4253393581
50.5868892642
50.6228625391
50.6292620154
50.6455988571
50.6769855318
50.6884420286
50.6955251872
50.6993909649
50.7205560872
50.7397582468
50.7487404011
50.8002628812
50.8228169859
50.8325691118
50.8464723142
50.8695191473
50.8761094309
50.9025038549
50.9232917261
50.9276252702
50.9328222648
50.9642448023
50.977781561
51.0034289582
51.0122101734
51.0286502684
51.0361830436
51.0579263313
51.0665434318
51.0896072834
51.0976918553
51.1356475794
51.1738518127
51.1832014246
51.4157107852
51.5083323837
51.5420692157
51.5454828215
51.5765595302
51.6067952143
51.6220081453
51.6329318011
51.6383863723
51.6505187384
51.6558232704
51.6650240158
51.6812779733
51.7032151994
51.7197870072
51.7256532128
51.7368501398
51.7416593716
51.7452593782
51.7754778515
51.7994845738
51.9092793596
51.933241366
51.984000799
51.988387217
52.0026568778
52.0133620158
52.0308235222
52.0375353226
52.0560940534
52.0632216691
52.1036104497
52.1364109572
52.1550657684
52.1880668402
52.2147801023
52.2419845311
52.2602849243
52.2764547415
52.3021230827
52.3436941903
52.3594763493
52.3875788337
52.4057348722
52.6037782641
52.6597021466
52.8118173519
52.8174184785
52.8258021698
52.8330308508
52.8365286878
52.8475371495
52.8530608288
52.8625013276
52.8685305103
52.8763935255
52.8830484879
52.9055210391
52.9144658851
52.9275075738
52.9326004811
52.9443273122
52.954983164
52.9671113661
52.985415461
52.9905722033
53.0121429948
53.024032668
53.0538991212
53.0707854613
53.0753488336
53.081932331
53.1151449768
53.1356916932
53.1543553102
53.2265393039
53.2609182586
53.2677255524
53.3268506029
53.344366053
53.3562902403
53.3843778346
53.4030805228
53.4092821978
53.4276560977
53.4417789115
53.4502400306
53.4814923838
53.5305747464
53.5363123844
53.5733551661
53.578614611
53.5835253942
53.5927927634
53.6044798839
53.6325701475
53.7409028959
53.7553693667
53.8203853561
53.840598253
53.9004143441
54.0055105603
54.0216670523
54.040606556
54.0449100983
54.0719953113
54.0859994158
54.090562475
54.1007538367
54.1094715484
54.1177100728
54.1253638624
54.1614167176
54.1672467421
54.171938922
54.1833431012
54.2026382553
54.2279513406
54.2314024918
54.2405725401
54.2572067256
54.3236048298
54.3391256698
54.349310179
54.3679881997
54.4777218911
54.6154350911
54.6773498303
54.718975165
54.9029361408
54.9402128687
54.9629298892
55.0351332418
55.073538662
55.1115539419
55.2033911227
55.2159888665
55.2244907192
55.2290407022
55.2341906096
55.2448057407
55.258489747
55.2656069344
55.2718693471
55.2860712592
55.3278979153
55.3335487916
55.341571331
55.3495731472
55.424522863
55.4841806759
55.4956679738
55.506041371
55.5334956176
55.5417069555
55.5611803503
55.6475891223
55.6579923362
55.673782635
55.6918136218
55.7224280934
55.7350603785
55.7502768467
55.7595371085
55.7824722692
55.8387228249
55.8581941028
55.883916566
55.8901445637
55.9201732414
55.9296564995
55.9442632549
55.9588915555
55.9786240246
56.0278913417
56.0861014056
56.1201263547
56.1458767053
56.1615061064
56.1751467908
56.2222597686
56.2274162069
56.2475160203
56.27848683
56.3187432356
56.3407305074
56.4067190385
56.4133061794
56.449197688
56.4662939066
56.4703133047
56.4908403402
56.5195906739
56.526526168
56.5426845217
56.5658383017
56.5719935845
56.5869162521
56.602788167
56.6137647562
56.6330116356
56.6499677836
56.6645096536
56.7710690759
56.7891826074
56.8006630984
56.8270103859
56.8435705053
57.2683754834
57.2972426497
57.323816217
57.3602828925
57.3644425303
57.4203152692
57.5366940262
57.5559233238
57.5722691142
57.6110863897
57.6263301905
57.6346130626
57.6472220306
57.6541295561
57.6648856372
57.6822435659
57.6875379873
57.7063460635
57.7129754587
57.7575778085
57.7651821902
57.7783713294
57.797087032
57.8157246384
57.8228632937
57.832864311
57.8645912992
57.8737265554
57.8916182601
57.9034307177
57.9141350402
57.9243695358
57.9326152689
57.9482348139
57.9926294733
57.9992195054
58.0295533572
58.0410457872
58.0596184839
58.0786530307
58.0909715604
58.130519734
58.1492002732
58.1546086098
58.1802517086
58.1888117305
58.210613236
58.256355696
58.2729698692
58.3018209289
58.3581746234
58.4293675633
58.4599365865
58.4840753502
58.5281618566
58.5475318529
58.5675258936
58.5835590555
58.5882018969
58.6089747972
58.6479637601
58.7050051732
58.7087999868
58.7239710968
58.7639044034
58.8092456022
58.8141037384
58.8454119848
58.8665167714
58.8763711349
58.8911849915
58.9626226947
58.9682233058
58.98287081
59.0035558402
59.0331652872
59.0529562105
59.0615628154
59.0667562238
59.0754863043
59.1459945965
59.160455524
59.1665801659
59.215502548
59.2200753294
59.2441343109
59.2683262431
59.284722075
59.2951068027
59.3093592475
59.3208738546
59.3418707791
59.3589163709
59.3939936921
59.4334167716
59.4373684035
59.4498585483
59.4777885691
59.4910860878
59.5270639627
59.5472944738
59.638619277
59.7418289639
59.7739054315
59.7936213407
59.8971340215
59.9187181191
59.9601222247
59.980730097
59.9856514947
60.0067226034
60.0205254313
60.0348728531
60.038333614
60.1825754567
60.3135288241
60.3299153183
60.3462399315
60.3562080759
60.3806594143
60.3905408764
60.4013855323
60.4169045927
60.4272925423
60.4747765176
60.4820577766
60.5093945635
60.5348560077
60.5581631449
60.5801502151
60.6376711518
60.6536734829
60.6583207268
60.6932308488
60.6974656147
60.7378043946
60.8497098269
60.8993383798
60.9371165847
60.9694793674
60.9813598076
60.986933792
61.0010286911
61.0330429474
61.0659026227
61.0879405953
61.1021458398
61.1160412058
61.1461508151
61.1843460752
61.1897220975
61.1977844849
61.2086257787
61.2210003134
61.2368049436
61.2471478131
61.2519735962
61.2615721428
61.2658693434
61.2899647618
61.2950501398
61.3085932277
61.322425066
61.337123481
61.3488248646
61.3635645084
61.3701108725
61.3846144453
61.3926093003
61.4169091291
61.4284419528
61.4610913704
61.4841805473
61.5371206221
61.5461372884
61.5629049092
61.571661237
61.5784000651
61.5908400998
61.6170113974
61.716195982
61.7346833045
61.8329062723
61.9369717423
61.9711967253
61.9756356987
62.0090596273
62.0432102442
62.060069601
62.0831761159
62.1388544937
62.2610082438
62.2959527669
62.2997909384
62.3129822551
62.3589023229
62.382115463
62.4174427983
62.5973472416
62.6050415024
62.6185284673
62.6283325791
62.6593486279
62.6811954367
62.7005188977
62.7047903339
62.715815902
62.7322081006
62.7564329603
62.760449836
62.7808760946
62.7924654936
62.8198697594
62.835964084
62.8527247811
62.8714607508
62.8905601141
62.9217929434
62.9519594089
63.0489649296
63.0722632039
63.0909004667
63.1319929963
63.1568802735
63.1688900274
63.2044150833
63.3027994313
63.3186340116
63.3300737935
63.3498240163
63.3584182439
63.4019101508
63.4511739046
63.5292736028
63.5477714428
63.5850006367
63.6133457144
63.6219643086
63.6734099841
63.7260492601
63.7451340261
63.7625670743
63.7861702424
63.7985654758
63.8270164914
63.8491558477
63.8527699394
63.8572060296
63.8709229851
63.8892483123
63.8976939666
63.9186759938
63.9374309001
63.9574160952
63.9779849256
64.0845404388
64.1083547937
64.1235771602
64.14258982
64.1582770637
64.2348731258
64.246578909
64.2595932237
64.2734932178
64.3116394162
64.3510984384
64.3913464038
64.4102295681
64.4403471105
64.4612141065
64.4777635969
64.5014886909
64.563309439
64.5786200141
64.661246164
64.6720744024
64.6848160126
64.6890125304
64.7525309526
64.804663814
64.8135371836
64.8251082776
64.8925702312
64.8968707222
64.9075709595
64.9364553935
64.9428135004
64.9648429394
64.9801145754
65.8487567135
65.8897339211
65.8950964827
65.9059688828
65.933364405
66.0122717764
66.0184076413
66.0347226516
66.0577457899
66.0640435981
66.0695036289
66.0747690635
66.0828037418
66.0959164361
66.1616267374
66.1728013802
66.1815289409
66.1862597734
66.1981333517
66.2141151969
66.2359838567
66.2528565555
66.2659497333
66.2829232771
66.2958223519
66.3086599591
66.3265958275
66.3351526686
66.3451466914
66.3655847503
66.3941879696
66.4052892923
66.4191604288
66.4316341996
66.4400681468
66.459431096
66.4743210557
66.4962008647
66.5215485333
66.5349360159
66.5503154562
66.570699983
66.5784271022
66.5935925963
66.6121968103
66.6307852708
66.6610489031
66.6657242299
66.694069774
66.7205027172
66.7475317844
66.7853373875
66.9797248022
67.0207878537
67.0407532728
67.0698859587
67.1334894142
67.137817259
67.1841879648
67.2067759954
67.2117754532
67.2297358335
67.23341549
67.2405899401
67.2515189392
67.2724832326
67.2785612893
67.2907170388
67.296254029
67.3093098064
67.3127093676
67.3165620404
67.3281194979
67.3339558484
67.344890258
67.391280653
67.4061753991
67.4379193352
67.4593912477
67.4739618271
67.4892870868
67.524904958
67.547297964
67.5672551255
67.5953063794
67.6058466668
67.614265607
67.6283686962
67.6463150678
67.6761049539
67.7012417618
67.7236931435
67.7911521015
68.3150127989
68.3383799248
68.3688888608
68.4111410133
68.5763734446
68.6072513686
68.6172524595
68.6511720716
68.7177890727
68.7265846764
68.7344594861
68.7518101189
68.7757808121
68.7940896575
68.8022082094
68.8683030446
68.8913275067
68.9337561667
68.9430388946
68.9670018496
69.0157101144
69.0214833578
69.0433148956
69.0837889937
69.0946657381
69.1180340908
69.1296743337
69.1400114062
69.1598633698
69.1853639732
69.1953204984
69.1993467376
69.2825261566
69.6038052905
69.6122392172
69.660244465
69.6834601278
69.6923898115
69.6989904054
69.7153181892
69.7319806437
69.7500990252
69.7601578359
69.7744589716
69.779222991
69.8033372821
69.8990586421
69.9059655814
69.949249084
69.9559873367
69.9684173931
69.9745483
69.9940247815
70.0094233916
70.1581836648
70.1670044613
70.181227827
70.1899565613
70.2015142395
70.2114238135
70.2442193874
70.2638809196
70.2908625521
70.297244812
70.8038743655
70.8110145631
70.8204606361
70.8410318492
70.8488892952
70.8598513346
70.8714579593
70.8845413507
70.8957419467
70.9108163471
70.9372936182
70.949176417
70.9570978546
70.9657983231
70.9818206541
71.0353646402
71.0408183227
71.0498632558
71.0692187286
71.099521517
71.1031378842
71.1234731396
71.1784053438
71.1856929361
71.2244866044
71.2515858394
71.2846888343
71.3151243732
71.3205586566
71.3266263947
71.341135975
71.4973317955
71.5253833963
71.5348952408
71.5617774198
71.5951851499
71.6066329811
71.6472535316
71.7110139448
71.7465289845
71.7787886993
71.8343278649
71.8823208288
71.9243184071
71.961323978
71.9994348796
72.0120788629
72.0243924166
72.0363277578
72.0502308561
72.0633600245
72.0804062558
72.089028866
72.0950118848
72.1088146983
72.1203412295
72.1273678099
72.1403980867
72.1698598046
72.1801153926
72.2484401528
72.4213189882
72.4470550359
72.4608778716
72.4893961941
72.5107952828
72.5173661631
72.5229500133
72.5494612886
72.5583297415
72.579708012
72.6009930469
72.6318374938
72.6459927749
72.6807313806
72.6900246777
72.7663055021
72.7987866106
72.8141687972
72.8330965655
72.8528674139
72.8630364275
72.8813290199
72.8946790449
72.9100737278
72.9255829446
72.9686197202
73.0277049028
73.04811444
73.0963378354
73.1127598079
73.2189292415
73.2427876837
73.2481788105
73.2546595244
73.2719008119
73.2826373942
73.2871932884
73.3080988643
73.3279750949
73.3463036092
73.3613622907
73.4773648399
73.4928548304
73.5022495647
73.5090621203
73.5444423538
73.5521351749
73.5566671856
73.5740078891
73.5939943256
73.6093004788
73.6209301857
73.6265833449
73.663282772
73.6930561116
73.6963937637
73.7173503257
73.7361646223
73.7822547756
73.7860122534
73.7995402929
73.8371939265
73.8542910617
73.9584821133
73.9775737163
74.0283175945
74.0349661896
74.0554085111
74.1211378245
74.1457578502
74.156880189
74.223585409
74.2365183719
74.2522898853
74.3078350287
74.3281163556
74.3485515063
74.4104888869
74.414190915
74.4406409378
74.4868082664
74.4927240239
74.5028079916
74.5167506948
74.5224018532
74.5703095471
74.5773349077
74.6086788237
74.6230736848
74.6388266268
74.6515332566
74.658202595
74.673329782
74.6927825607
74.7015318603
74.7187376158
74.731168577
74.7505289798
74.7555439135
74.7621195189
74.7710360148
75.2873097215
75.3411881988
75.3685651323
75.6071655386
75.6137533508
75.6259279387
75.6339735098
75.6396511109
75.6443646317
75.665465493
75.679161198
75.6944335542
75.7113094122
75.7181309577
75.7269992168
75.7559285718
75.7700825371
75.7852011077
75.8035078994
75.8162692601
75.8349235654
75.8774186185
75.8986031231
75.9107098203
75.9201414799
75.9323881342
75.9751393071
75.9923567761
76.0048865593
76.0163570589
76.0281880973
76.0320980224
76.0375823849
76.0695405876
76.0837192409
76.1052255439
76.1133929926
76.121288274
76.1403839187
76.1744354643
76.2069551872
76.2170321529
76.3267857982
76.3624724265
76.3675310842
76.3972165114
76.4067719353
76.4227472194
76.4495553802
76.4744277532
76.6035208795
76.622615163
76.6698561606
76.6939579622
76.7024487282
76.7063387795
76.7273343268
76.8267759923
76.8447356735
76.8624301893
76.8697316923
76.8987254238
76.9166430832
76.9205875363
76.9248040749
76.941314705
76.9463704315
76.9571294419
77.1170056256
77.1274555862
77.1332263324
77.1527694417
77.1629744738
77.1717008366
77.1996673231
77.2102958043
77.2144735923
77.2273877546
77.2405847486
77.2587482537
77.274247508
77.2928169445
77.3021218749
77.3200031692
77.3274183393
77.3341230103
77.346303746
77.3553454877
77.3597766464
77.3714479926
77.391975111
77.4152518484
77.4265760714
77.449101912
77.465164112
77.4880944373
77.5047796721
77.516940631
77.5409622575
77.5593727286
77.5712164987
77.807103038
77.8562452942
2272
