6.01404578722
6.03368257404
6.04923984282
6.06013398857
6.07705194682
6.08214004071
6.09143538833
6.101774899
6.12658435667
6.132319372
6.1375222038
6.1408979242
6.15695798937
6.17694818837
6.20859923626
6.27378775164
6.28362242391
6.30498396317
6.32752901175
6.35190191935
6.3885134618
6.39964916433
6.42815077519
6.44770206794
6.47474824786
6.49181109361
6.52334624924
6.54476930518
6.57602326807
6.60099034209
6.61086081844
6.65236028323
6.67828785869
6.71483954976
6.73093395829
6.7765797852
6.81144007837
6.87214364826
6.88172141523
6.9112396778
6.96848379038
6.97466063423
7.20466336409
7.21187375284
7.21605883229
7.23928240322
7.24925981139
7.25874140124
7.26336210223
7.27361282145
7.28316570318
7.30588530974
7.31941169358
7.32604156661
7.40505056826
7.41403818912
7.43704887156
7.48348870598
7.4987006801
7.50776884807
7.52160076443
7.53105452337
7.54223719373
7.698529801
7.71192925033
7.71947102394
7.72644588331
7.73288412846
7.75396941752
7.76594632615
7.79476314616
7.86107463928
7.88166822338
7.92785385184
7.93643956545
7.96845514131
8.00349161171
8.03063780494
8.05767011829
8.08028654202
8.10997742789
8.26741270866
8.29411057307
8.32526961728
8.36451413615
8.40544703052
8.4213900416
8.43096596574
8.44523528496
8.4536414203
8.47960187281
8.49933986596
8.50724627147
8.52427381974
8.55203962045
8.56517410305
8.57260160071
8.58486136135
8.60239805215
8.6182015154
8.64153141075
8.65656401524
8.67725203939
8.68349008234
8.69732648143
8.70874968565
8.76266319456
8.78779318763
8.87269932562
8.89075181027
8.95172285141
9.02212573503
9.06154695189
9.07159647339
9.1388900417
9.17405837289
9.20047307383
9.21485247705
9.25545210063
9.28885825513
9.30259320346
9.44881935922
9.51602536239
9.57740330918
9.60404130753
9.61358392018
9.62524958641
9.62947649866
9.64215295442
9.65050376738
9.6579422277
9.67957582171
9.6956297951
9.70649433945
9.72398358982
9.74422365709
9.75943840772
9.76665052277
9.7735775385
9.79058857645
9.8013057121
9.81356342389
9.82794407087
9.83818418762
9.85058495148
9.92094563459
9.93291488397
9.99465625472
10.0108794542
10.0199347804
10.0472681017
10.0608261616
10.0723264515
10.0812203688
10.1112049371
10.1248543795
10.171279821
10.1901441461
10.2195494654
10.2943873863
10.3320576524
10.3356102898
10.3672720008
10.3772732909
10.4000332558
10.4352273288
10.474301147
10.4984907457
10.5219989924
10.5576158339
10.5872720342
10.6221412679
10.8192379589
10.8348167255
10.9232884824
10.9349329029
10.9419444494
10.9630189156
11.0200243855
11.0342971949
11.1817971868
11.2663881392
11.2983469188
11.325548626
11.3632577002
11.3772779706
11.4679846034
11.7438368864
11.7898310828
11.8190834477
11.8599803302
12.0222797614
12.0283367056
12.1053948105
12.127685929
12.1655861454
12.1961277578
12.2013408203
12.2055262648
12.2194469105
12.2311318717
12.2512452667
12.2723177974
12.2882750922
12.3018935925
12.3100327468
12.3162232106
12.3334394148
12.3422108216
12.3681946552
12.3856298554
12.3890602251
12.4224729369
12.4455122522
12.4738141056
12.4784779061
12.5858414186
12.5988868457
12.6345762898
12.6541721324
12.6884504335
12.7112779963
13.0451484117
13.1027126729
13.1071425971
13.1923067075
13.246401593
13.253568276
13.2574473602
13.2709765677
13.2808073624
13.2871022927
13.3049966508
13.314582367
13.3306406323
13.3412229151
13.3632599377
13.3776724696
13.3953159025
13.4017469025
13.4230819058
13.4319780673
13.445333009
13.4560038233
13.4789186319
13.4897928973
13.5062758847
13.5302508381
13.556333003
13.5661181917
13.5998557508
13.643387216
13.6708907098
13.7015475372
13.7459227263
13.7683292594
13.7870531348
13.8315941019
13.8864287597
13.8927282196
13.9334071439
13.949856536
13.969452895
14.0045019486
14.0461976536
14.0672529696
14.076446628
14.0971038889
14.1147571907
14.1582978722
14.2013712723
14.2089180716
14.2123740179
14.2571524334
14.2925889826
14.3374002822
14.4160737241
14.4242431974
14.4392630348
14.4473038853
14.4628624317
14.4781056182
14.4987317423
14.5126088938
14.5253713531
14.5377529729
14.5482103736
14.7018500746
14.8008648878
14.9065445583
14.9239797026
14.9332383261
15.332731699
15.3508499915
15.382948964
15.4414282941
15.4574145177
15.55222041
15.6092815857
15.6513965895
15.786478821
15.805467053
15.8160504103
15.8547643865
15.8716047985
15.9631655901
16.0089152148
16.0295197053
16.0793429667
16.0901476221
16.1012807002
16.1066327864
16.118960764
16.135701268
16.1585875919
16.180923659
16.204360852
16.2233061582
16.2413734116
16.2617302352
16.337165904
16.4009710743
16.4201243922
16.4606767732
16.494505753
16.5222047612
16.5829375039
16.6077723725
16.7009736576
16.7495061681
16.8200461059
16.8250775012
16.8345279773
16.8439107121
16.8508570008
16.859556588
16.8771551184
16.8827418715
16.920012677
16.930631285
16.9415330642
16.9465946629
16.9778634552
16.9818831181
16.9902948332
17.0020718056
17.0064338498
17.0243244469
17.0455914585
17.1048538525
17.1123668655
17.1166054086
17.1423624507
17.1822964567
17.2020488596
17.2245896159
17.2661243739
17.3064021532
17.315352877
17.4859490761
17.499394349
17.5596751364
17.6094303767
17.6368785232
17.6755373493
17.679327823
17.7617881168
17.8688109223
17.9108490924
17.9569614603
17.9871337759
18.0045718877
18.0139248379
18.0275188384
18.0409318151
18.0666994748
18.107039831
18.1132174558
18.1259708165
18.2164217044
18.2198842913
18.235614744
18.247665955
18.2587286188
18.2835284147
18.2983453561
18.3457149446
18.3588555683
18.376982555
18.3943386173
18.4304645307
18.459548099
18.4650743831
18.5754536069
18.7139115071
18.7319219107
18.7619290753
18.7979615619
18.8399613653
18.8721730272
18.8944709004
18.9236128042
18.92878438
18.9523821539
18.9755007065
19.003613013
19.0249859048
19.2050573978
19.2300617283
19.2683798047
19.2722538855
19.2972964743
19.3093742358
19.3243557047
19.3284872985
19.3401479749
19.3546432544
19.3679763722
19.3731238027
19.3835387596
19.3970340746
19.4053997553
19.421886583
19.4384224023
19.4740142441
19.5093814735
19.5188363875
19.5464138818
19.5664987871
19.5895415553
19.6256104632
19.6838391629
19.6926738449
19.7075676569
19.7294361918
19.7423014871
19.7892046361
19.802609997
19.8115388615
19.9299399389
19.9336697046
19.948144077
19.9577450014
19.9979087817
20.03161538
20.0518968581
20.0693583918
20.0900130758
20.1048810359
20.1793764655
20.2394141829
20.2970523845
20.306370539
20.3382932272
20.3668939239
20.407329967
20.4111631576
20.5488599421
20.5703449346
20.5805072983
20.5872316806
20.5915449323
20.6044893399
20.6184003757
20.6343976571
20.7122182557
20.7171596479
20.7383569049
20.7623714826
20.788431517
20.873199969
20.8985152657
20.9216523414
20.9363753327
20.9468878485
20.9549546189
20.9914205019
21.02665375
21.0322595405
21.0895467362
21.1398327492
21.1818679347
21.2021210019
21.2253541965
21.2554930248
21.2594892249
21.2997833203
21.3254034127
21.3393288443
21.3460068215
21.3724200171
21.4178009742
21.4336132204
21.5079254653
21.5410829993
21.6091456845
21.623021384
21.6347568288
21.669616672
21.7175560586
21.7226738337
21.7302485861
21.7430392558
21.7501953587
21.7650666528
21.7848546099
21.7882161102
21.7975717888
21.8041492518
21.8278138525
21.8336149633
21.8439650397
21.8750625809
21.9091779883
21.9160255123
21.9331266035
21.9499795592
22.1263076476
22.1373985576
22.1710996606
22.1856714765
22.2362968829
22.2617595446
22.2715553058
22.3285551462
22.3747702059
22.4752849496
22.5163674188
22.5581806129
22.6029237549
22.7559756477
22.7820434989
22.8103070386
22.8288584483
22.8381170805
22.8492672519
22.860147435
22.8799718635
22.8855090353
22.9045003996
22.9084793316
22.9130072617
22.9263710734
22.9408517399
22.9568013796
22.9993493117
23.0458687907
23.0557403287
23.0699819941
23.1065613595
23.132763299
23.1374407723
23.172777053
23.1847771922
23.1958696772
23.2110757552
23.2218310271
23.2442175686
23.2544091439
23.2642857892
23.2909945589
23.3022735933
23.3148601897
23.3471290213
23.3575786733
23.4094719657
23.4349670392
23.4549910119
23.4725942803
23.4779756207
23.5191571448
23.5461513902
23.5636667351
23.5735252626
23.6043558994
23.6429841755
23.6842719275
23.6935703852
23.7175697947
23.7387451259
23.7690927433
23.8400155017
23.8923387929
23.9108096274
23.9226695181
23.9364439489
23.9892461873
24.0129400909
24.0230374456
24.0294882575
24.0431431814
24.0547230736
24.0695868945
24.0803952825
24.1282284998
24.1370914331
24.1729418049
24.2027265692
24.219307138
24.2479498211
24.2685981595
24.3095060333
24.3377631043
24.3607345732
24.3716730172
24.3832279265
24.3945576107
24.4136965173
24.5042751872
24.5386171505
24.701046501
24.7270542355
24.7410201624
24.7664958762
24.7853127618
24.8217722869
24.8339493102
24.8683038949
24.9777640307
24.985017921
25.0135330227
25.2404276618
25.2484618373
25.2591972048
25.2707044013
25.2751575703
25.2838302049
25.2924811756
25.3127433704
25.3438398439
25.3641782219
25.3774019221
25.3920086613
25.4183370323
25.427377837
25.4521401349
25.4555489948
25.4775474778
25.4921817391
25.5025951063
25.5121079195
25.5243722339
25.5337544106
25.5535325235
25.57952146
25.6070853339
25.618516671
25.6339762794
25.6511657783
25.6613976423
25.6744966741
25.7107584328
25.7346537196
25.7658655519
25.801878685
25.8686810327
25.924588945
25.9334253797
25.9855911743
26.0092731554
26.0385469246
26.0797331496
26.1093092304
26.1445473165
26.2189696307
26.3211346063
26.3512829277
26.3563833173
26.3795711249
26.4161346701
26.4250349583
26.4354518727
26.4464487498
26.4569950965
26.4839042576
26.4973033964
26.5052063129
26.5174204766
26.5369031779
26.5523494932
26.6110148681
26.6440711648
26.6527943444
26.6694059807
26.6765332655
26.6872368378
26.702454145
26.745717179
26.7792242397
26.8348339709
26.8714659259
26.9114676604
26.918061275
26.9306097386
26.9470067322
26.9685481859
26.9805652842
27.0053015987
27.016677997
27.0680891754
27.0950858916
27.153405508
27.1651281838
27.1821917465
27.2166823009
27.2652299995
27.4292282893
27.4607883909
27.6103950611
27.6333468401
27.6416026823
27.6456101386
27.6536245016
27.6570843449
27.6674934064
27.6822670755
27.7007532403
27.7058227472
27.7175622555
27.7216901021
27.7287178772
27.7421878826
27.7623966877
27.7718671723
27.782042657
27.7957024444
27.8078733447
27.8343663676
27.8939592018
27.9075555969
27.9161273823
27.9346335592
27.95446817
27.9640650477
28.0766790468
28.0828144238
28.1013488348
28.1264401274
28.1588702119
28.1962356268
28.2535960944
28.2923423798
28.3019380165
28.3059151285
28.3428915253
28.3809308847
28.4110817562
28.4470293099
28.5241952288
28.5340362133
28.561584938
28.5932390278
28.6288348611
28.6511760328
28.6702604223
28.7450491762
28.7978517533
28.8091437413
28.8128622129
28.8272963411
28.8414456649
28.85708437
28.8994578423
28.9072155927
28.917921037
28.9304926138
28.9392552656
28.9980754863
29.0039121768
29.0998511315
29.1183148546
29.1498641205
29.1667302151
29.2045460261
29.2392586054
29.2786378375
29.3045181186
29.3348556391
29.3392028699
29.3540122206
29.3759507407
29.3870760044
29.419967914
29.4340398174
29.4449225418
29.4918061954
29.5313929806
29.554518181
29.5965923028
29.6351778283
29.6760325396
29.7466198799
29.7610717669
29.7832788189
29.8368885097
29.9134767631
29.9392992153
29.9605697554
29.9955103472
30.0073354944
30.0248126173
30.0400305205
30.0536145811
30.0616505616
30.0773989887
30.0974399016
30.112284447
30.132584783
30.2838682433
30.2921116601
30.3116167188
30.3209826087
30.3396166016
30.3645932409
30.3756187141
30.3880819415
30.4740630963
30.4931083855
30.5404381636
30.554167596
30.5707833046
30.5977693857
30.622336376
30.6928138181
30.6970266533
30.7083201813
30.9872090093
31.0508645408
31.0998502557
31.1192913345
31.2047050703
31.2229589728
31.2390503199
31.2449699228
31.2904279044
31.3004738741
31.314003112
31.3227234733
31.3370300924
31.3444965491
31.3581915051
31.3708290172
31.3978100969
31.4060256607
31.4169646402
31.4285446335
31.446786224
31.4587243975
31.5219060271
31.5596011476
31.5792991375
31.6142570293
31.6409126659
31.6443907093
31.7072324747
31.7499729566
31.7610265765
31.7962738049
31.8033105735
31.862132997
31.8773143339
32.0885509126
32.1240459211
32.1604687864
32.194088121
32.2059276939
32.2428499323
32.2906648885
32.3212953992
32.3621708312
32.4163831055
32.4306144702
32.4447230582
32.4800882082
32.5284482194
32.5379368984
32.5621227299
32.5745462022
32.6165008756
32.6401005376
32.6549024586
32.6685353123
32.6873962137
32.7226671851
32.733239136
32.737175828
32.7531479259
32.8004252583
32.8062290898
32.8161825694
32.8324174986
32.8480396984
32.8702096627
32.8856072654
32.8953207317
32.915188714
32.9295982663
32.9501635952
32.9692210695
32.9854643436
33.0101755297
33.0333151622
33.0563463165
33.0816652394
33.1240626446
33.382206475
33.434686045
33.4617605549
33.4651159494
33.4705970845
33.4747452213
33.5023239623
33.5381839716
33.5482865693
33.5787159117
33.6035482953
33.6158629264
33.6401887659
33.6466301263
33.66181456
33.6747659956
33.6801571983
33.6964086515
33.7103776348
33.7312545341
33.7503450588
33.7593981654
33.7738231274
33.7815532343
33.8006117367
33.8399767225
33.8648596079
33.8980143932
33.9311047138
33.9390927858
33.9498020723
33.966080869
33.9730719383
33.997537392
34.0463300218
34.0579521977
34.0762223519
34.1022612264
34.1106016035
34.1326995679
34.1420056196
34.1532532165
34.1609150562
34.1714358531
34.1891901155
34.8051990516
34.8171103539
34.8241582397
34.8464745119
34.9938189538
35.0011615691
35.0177215663
35.0450571892
35.0670488562
35.0724988612
35.2225217358
35.2718552264
35.3128958836
35.3253159559
35.3586798493
35.4033310416
35.4103580793
35.4160393615
35.5653617173
35.6055963482
35.6353154352
35.7291242743
35.7584343708
35.7712760673
35.796736663
35.8330988704
35.9119820663
36.0127388805
36.027448386
36.0989045443
36.1069459003
36.111821504
36.1296144485
36.1363231209
36.1612717266
36.1801399562
36.2101094103
36.2232235561
36.2488955686
36.3049124319
36.3181979102
36.323619799
36.3338675389
36.3519824148
36.3615632876
36.365895466
36.3861996165
36.4124465867
36.427832995
36.4695456741
36.489391381
36.4995065144
36.5084025744
36.5444600853
36.5773215886
36.5954919345
36.6221568452
36.6553549678
36.703257312
36.7223615339
36.7746216646
36.8327217711
36.9910487527
37.022772055
37.0428162813
37.0671267106
37.0709425373
37.0914316362
37.1193558177
37.1494684587
37.5517162502
37.5635647602
37.571843351
37.5872333202
37.5979017075
37.6174849058
37.664872486
37.6843167178
37.7228548788
37.7523847504
37.834984659
37.8860339769
37.8983253072
37.9536126324
38.0977507067
38.1365447254
38.1674232441
38.1871500407
38.2374312952
38.307957231
38.3375279117
38.3469663711
38.3903703884
38.4169882693
38.4350309292
38.4527990615
38.4572808704
38.4857716051
38.4909993343
38.4976640381
38.5107035122
38.5277720845
38.5412974364
38.5486528825
38.5741243295
38.584325255
38.5989002107
38.6175327478
38.6482966227
38.6562921488
38.6903429454
38.7032328132
38.7724779446
38.8695845656
38.8884970634
38.9383958306
38.9543625664
38.9761539687
38.9958077727
39.0261689888
39.0619936253
39.1470944093
39.1613432506
39.6143009862
39.7723958728
39.7758093734
39.794400458
39.8848318394
39.8960370281
39.9089225742
39.9602580478
39.9898327994
40.020341361
40.0358351205
40.0440480107
40.0600180007
40.0813362181
40.1565986467
40.1910244618
40.2064930351
40.2207126561
40.234480143
40.2628327079
40.2757579507
40.3218909208
40.3637016271
40.4018961933
40.4291489329
40.4421290682
40.8109950527
40.821879178
40.8367938159
40.879796029
40.8868538393
40.8947330594
40.9050777248
40.9198246424
40.9589605067
40.9725940615
40.9832856154
40.9926247317
41.0095185088
41.0418770881
41.1713955016
41.2006583144
41.2084688308
41.4029863338
41.4201981119
41.4930433009
41.4972065401
41.5653416075
41.6006984262
41.6231760777
41.6530449648
41.6849765599
41.7427499606
41.7845614969
41.801885704
42.005844358
42.0128523742
42.0223342322
42.0331166329
42.0372865512
42.0419685322
42.0483415124
42.0874024106
42.1036542065
42.1102771956
42.1292218721
42.2870586242
42.3140050783
42.325693892
42.3390667255
42.3495323663
42.3750682306
42.3869856844
42.3943981923
42.4884660889
42.4941079305
42.5057247627
42.5277444659
42.5396679974
42.6042140782
42.6199195066
42.6290860657
42.6604947457
42.668324122
42.6994831786
42.8013469365
42.8399807591
42.8579173276
42.87420702
42.9129997999
42.9295890566
42.9470403457
42.9745328128
42.9872750908
43.0327035615
43.061896268
43.1149035708
43.1636581941
43.2068035005
43.2200585222
43.2277144402
43.2326192054
43.2436022838
43.267727393
43.2768573539
43.2811797642
43.293118249
43.3097774459
43.3157425706
43.3211231437
43.3406941475
43.3518583692
43.3589805227
43.3741398058
43.3878283285
43.393263666
43.4406059986
43.4524056045
43.4643595609
43.5351834535
43.5493351021
43.574292641
43.6136707401
43.6410776438
43.6550782459
43.7487489945
43.7641729771
43.7776361477
43.7871003135
43.8046805291
43.8234110182
43.8816681823
43.8904230975
43.9367367399
43.9653613163
43.9823168545
44.0253640609
44.0404770604
44.0706303936
44.0853823998
44.1823261149
44.2198174759
44.2362215385
44.2520000516
44.2913460584
44.3255465584
44.3418864313
44.3675545594
44.4237163699
44.4306446767
44.4342775864
44.4402075204
44.4577407186
44.4803435109
44.4970516549
44.5063768581
44.5328179712
44.5505388018
44.5588327616
44.5687804046
44.5787388792
44.5832255918
44.5965890365
44.6092106933
44.6139435306
44.6273823974
44.6364485525
44.6446914286
44.676603157
44.7081368366
44.761503087
44.7760295704
44.7823733245
44.8165838145
44.8317107731
44.8609236678
44.8703313218
44.8993512263
44.9457932894
45.12409339
45.1294352715
45.2132150993
45.2516834376
45.2806308704
45.326518394
45.3595126718
45.3818757732
45.4235332622
45.4519683779
45.5654061902
45.5802060477
45.605486834
45.6132511367
45.6187600157
45.6249604847
45.6397555056
45.659230916
45.7236395129
45.7878594222
45.7990138183
45.816312683
45.8250508388
45.8399138965
45.8684323512
45.9217550878
45.9369353918
45.9536456295
45.9931743338
46.0081536467
46.0311081
46.0753671694
46.1146455103
46.1806229987
46.2210187488
46.2366132618
46.2418563529
46.2879774183
46.2968754416
46.3178389716
46.3398945491
46.3498394416
46.3591963483
46.3840260764
46.406604432
46.4513222309
46.4748198135
46.5231045958
46.537542725
46.594079331
46.7107878796
46.7484957274
46.7566803474
46.7769280014
46.8060071429
46.8258464051
46.8351468686
46.84978045
46.860223559
46.8662902561
46.8705520518
46.87536324
46.8816738655
46.8942381136
46.9056154161
46.9179535833
46.931053028
46.9402030976
46.9525541474
46.9713123227
46.9785965587
46.9968989714
47.0179509568
47.0217034636
47.0376418599
47.0544619855
47.0674522144
47.0883180346
47.0954661197
47.1219628582
47.1366527127
47.1410520448
47.1579116184
47.164716396
47.1861952785
47.2038438285
47.218445646
47.2342409942
47.2459750069
47.2731692527
47.3518162706
47.3718724999
47.386429692
47.3909642832
47.4099666732
47.4940877244
47.521641598
47.5428550717
47.5607646143
47.5986756989
47.6224919136
47.6465648226
47.657032578
47.6987416562
47.7312587321
47.7600619811
47.7825191703
47.8187842546
47.8526516025
47.866941793
47.8742569709
47.9215110135
48.0052225677
48.0126481397
48.0197034791
48.0340502121
48.0549552561
48.0632638881
48.0738354853
48.0817388709
48.0895345043
48.1054229376
48.1193697261
48.1407619239
48.1448826482
48.1495539118
48.1591946539
48.1824360524
48.1936768564
48.214207259
48.2339909714
48.2399327532
48.251906276
48.2792763041
48.283262511
48.29796269
48.3348698036
48.3442484515
48.3601861436
48.3757696401
48.3893745829
48.4287797996
48.4373003374
48.4474593592
48.4519694913
48.4603052831
48.4715842261
48.481129375
48.498323246
48.5103746344
48.5251885836
48.5834348847
48.7047255199
48.7395437041
48.7538519667
48.7658998073
48.806919816
48.8334744685
48.8945034979
48.9586490508
48.9794802588
49.0270189623
49.0525195939
49.1245205151
49.1970856812
49.2109474849
49.217277538
49.2890882185
49.307488252
50.0793744182
50.1231431078
50.1438633988
50.1852353506
50.2194390847
50.2745986345
50.3999248307
50.4118280226
50.4197350912
50.4492289773
50.4593368302
50.4907877681
50.5060119095
50.5263435038
50.5309565197
50.5667672462
50.5744088775
50.5808999571
50.5864461829
50.5944961196
50.5986630488
50.6149165836
50.6209399252
50.6378317399
50.6668631237
50.7661922871
50.7767705512
50.796721639
50.8044748797
50.8127421638
50.8313374994
50.8401315842
50.866793584
50.8859747317
50.9186652274
50.9368586122
50.9716923093
51.0119732554
51.0375274087
51.0501483693
51.0589956386
51.1021599336
51.1555018538
51.2410214141
51.2647774172
51.291055461
51.3239025678
51.3459106935
51.3828525056
51.4451193564
51.607568631
51.6232715198
51.6365672911
51.6411642423
51.6520460579
51.6673726934
51.6809520029
51.7060323362
51.7111562099
51.7164312438
51.7203370881
51.7259493723
51.7411555086
51.7490612446
51.7569306611
51.7656036038
51.7740852272
51.7842202945
51.8009980594
51.8066860646
51.8555352201
51.8691526745
51.8838153237
51.8912106963
51.9142772652
51.9249521863
51.9417864114
51.9595722678
51.982954911
51.9971717228
52.8036753913
52.8337077839
52.8439791516
52.8515816368
52.8594480988
52.8935504737
52.9202951733
52.9266320726
52.9378788198
52.9465608374
52.9608105759
52.9710967574
52.9811603306
53.0049405734
53.0266228502
53.0438685255
53.0483854452
53.0687905123
53.1017641151
53.1254652643
53.1498144522
53.1909537512
53.2249416511
53.2465956081
53.2569337255
53.2750416343
53.3202558344
53.3360373851
53.3775461654
53.4116213402
53.4346377137
53.4421223483
53.4556235366
53.4898139601
53.5242377223
53.5469907378
53.5601686523
53.5835978457
53.7050944542
53.7149918376
53.7297087546
53.7568492947
53.8007446759
53.8044766759
53.8356432427
53.8709639914
53.9142539523
53.9547008473
53.9867966174
54.0086403043
54.0233222287
54.0273639342
54.0347768369
54.2509525391
54.2688187599
54.2894055856
54.2927846594
54.2975217583
54.3303792084
54.3577488064
54.3693886888
54.3849372558
54.3940888249
54.4238227834
54.4417873302
54.4529578649
54.4707229515
54.4843296138
54.5030778163
54.5196868382
54.533913798
54.5759029878
54.5823020831
54.6154593794
54.6255480999
54.6748729234
54.7009189512
54.7272986945
54.7326295446
54.7677765704
54.834510225
54.9361731641
54.9740748257
54.9872613675
55.205833277
55.2215791863
55.2675049237
55.2754733217
55.2792233379
55.8466468571
55.8912790675
55.8974101098
55.9111008976
55.9768608266
56.0130762034
56.0368126556
56.2445429166
56.3035828499
56.3663986058
56.3969289902
56.408085057
56.4141721628
56.4215669343
56.4386291273
56.4434004769
56.4590325975
56.4682429647
56.5023078247
56.5096532258
56.5483480143
56.5941038648
56.6009896608
56.6130471824
56.6196815219
56.6981645218
56.702565186
56.7215591377
56.7271286224
56.7475206185
56.7570629488
56.7660932458
56.7761012342
56.7796433711
56.7860607815
56.80042993
56.8088323385
56.860237831
56.8717734202
56.8804821926
56.9038752504
56.9173315923
56.9322547356
56.9551793133
56.9706541033
57.021286027
57.0303142033
57.0492852959
57.0964046338
57.114316979
57.1385649254
57.1796274127
57.1942883176
57.1984981461
57.2279269532
57.2420079387
57.2590976704
57.3110473571
57.6140326665
57.62840259
57.6415588648
57.6519733369
57.6672709692
57.6874612438
57.6978739242
57.7890327515
57.8082989443
57.9531954124
57.960620667
58.0841274503
58.0944493244
58.1108490039
58.1223037641
58.1359167878
58.1647303938
58.209918996
58.2468176811
58.2517943401
58.4153238074
58.4274107266
58.447120975
58.4769926251
58.4891815982
58.5075783882
58.5523743752
58.5964047264
58.6123449574
58.6493563794
58.6620916376
58.6831319457
58.7039185719
58.7977299489
58.8129938051
58.8189766721
58.8927041417
58.9007569524
58.9295520251
58.9355260269
58.9540310167
58.9767487535
58.9805626309
58.9873361018
59.0022659306
59.0065261926
59.0369520512
59.0479249288
59.2779721999
59.2826330909
59.3077423239
59.3260489366
59.3454009064
59.3735105509
59.3844066374
59.4136288688
59.4461096133
59.4902573962
59.5030488113
59.5640328011
59.5884760704
59.6314266288
59.8516485073
60.0222282476
60.0271075268
60.033434783
60.0370683983
60.0578775778
60.0715374548
60.0800331478
60.096224622
60.1558862292
60.1965095969
60.2095235053
60.2206653006
60.2256638829
60.3069111238
60.3116584819
60.3223097937
60.3359844658
60.3498745136
60.3592971781
60.3914402971
60.4198072927
60.4361032176
60.4456130578
60.5076818967
60.5261662329
60.5376050057
60.546913877
60.5539449666
60.5760915245
60.6213179061
60.6334050265
60.6479846651
60.6714193403
60.6995255924
60.7410842314
60.7892647849
60.8274184979
60.9880203413
61.0178690597
61.0356340843
61.0896761859
61.1529996545
61.213477518
61.2308617855
61.2362598046
61.3093307914
61.3172695198
61.3311901201
61.3422332594
61.349736586
61.3580849185
61.3826036922
61.3907657294
61.4079988446
61.4117355944
61.4300821505
61.4462289658
61.4620702846
61.4777258782
61.4956077379
61.512992375
61.53153852
61.5534305159
61.5623650832
61.5838613899
61.5996495509
61.6184329722
61.6309832408
61.6586883177
61.6762738767
61.6947698433
61.7126193188
61.716459591
61.7444499347
61.764121119
61.7775413824
61.787399309
61.8223818895
61.8359764947
61.8668099233
61.8771123128
61.9376330267
61.9411777185
61.9546128076
62.0647713884
62.090242922
62.1247677431
62.2276244448
62.2915988953
62.3004157749
62.312069598
62.3867753364
62.3948190191
62.4114572028
62.4240958931
62.4306067697
62.4482269355
62.4546592042
62.4665204569
62.4715060927
62.4768358154
62.4869582778
62.5192716469
62.5233616636
62.6029883646
62.6199173482
62.6371359891
62.6552676474
62.673195814
62.6852958672
62.6916747338
62.701058926
62.7080016389
62.7257980414
62.7402603495
62.7556082028
62.7786789202
62.8116735348
62.8736697868
62.9050608919
62.934066118
62.944828498
62.953714907
62.9729579931
63.0052383641
63.0275213903
63.0457068927
63.056889842
63.0616379149
63.146527517
63.168294578
63.1937690605
63.2098947247
63.2502960379
63.3263588788
63.3521026968
63.4073437767
63.6051697328
63.6164833759
63.6269258057
63.6347795768
63.638148175
63.6463037877
63.6742042996
63.6848622037
63.6926817073
63.6980093317
63.7062848974
63.7108064871
63.7271072467
63.7337106363
63.7476960304
63.7982953178
63.8128726472
63.8182144486
63.8226354969
63.8392784881
63.8484082756
63.8573962114
63.8630876075
63.8737005353
63.8875112302
63.8984278689
63.9109318008
63.9278495686
63.9314315487
63.9411156626
63.9469760672
63.9574361861
63.9794336815
63.9941281426
64.0064714367
64.0204277644
64.0281916765
64.033031399
64.0593060527
64.1026978797
64.1202724827
64.1591257167
64.2435130329
64.2693184354
64.2853564844
64.3009172214
64.320918424
64.5201494326
64.5325605248
64.6115553455
64.6248938238
64.6312196877
64.6622349297
64.6876506655
64.6942112309
64.7653490449
64.7751362076
64.78554886
64.8071661697
64.8144748668
64.8229421482
64.8280626169
64.8404861203
64.8497948057
64.9209338861
64.9359938512
64.9406714471
64.9473677468
64.9638190068
64.9707448032
64.985393834
64.9897565056
65.0128939445
65.0350171509
65.0431434483
65.0635210005
65.1300362647
65.1335162322
65.1495923111
65.2985338072
65.3125404236
65.3287620968
65.3384009352
65.3424588409
65.3488748139
65.3695645839
65.3820041001
65.3957591629
65.5216434483
65.5494305968
65.5763395022
65.5911487176
65.6133907827
65.6289047932
65.7557303168
65.769282681
66.1235250691
66.132206227
66.142165692
66.151909835
66.1666166924
66.1791135778
66.1952186929
66.2019835486
66.213049242
66.2461286456
66.2621547384
66.2896786871
66.3002846029
66.3142829147
66.3288384928
66.3476181857
66.3579737881
66.3768477139
66.4104244316
66.526462217
66.5331270745
66.5510551881
66.5781742654
66.5999515784
66.619812812
66.653627267
66.6960606318
66.7056868965
66.7254973776
66.742429914
66.7715142746
66.8036675768
66.82720235
66.8897800853
66.8953099616
66.9049922176
66.9336780362
66.9615082431
67.0207788757
67.0738474964
67.1086828125
67.1511852806
67.1776914042
67.2110325162
67.2297692377
67.2337730231
67.2496577873
67.2685945213
67.2984095577
67.3084340366
67.328147484
67.3407473965
67.3634275444
67.3789643225
67.3882092596
67.4016611335
67.4180250824
67.4470350885
67.4644781059
67.4708026419
67.4863486572
67.5037112297
67.5219287261
67.531100639
67.5442536984
67.6007248457
67.6258431886
67.6313955577
67.6680548206
67.6822853815
67.7177445184
67.7768879251
67.80036408
67.9542887367
67.977176506
67.9822091161
68.0241640556
68.0618356145
68.1904744476
68.2210443397
68.2543166482
68.2914756425
68.3096957677
68.3209600514
68.3607717337
68.3871992967
68.4125085589
68.4187862258
68.4643078374
68.4769545854
68.4837446345
68.5008742788
68.5065197279
68.5296949626
68.5394749214
68.5577784302
68.5662207477
68.5794562813
68.5846040985
68.5929082701
68.6008467617
68.6209924376
68.6377248495
68.6784211944
68.6965139504
68.7171661538
68.8224497435
68.8404741982
68.8596074396
68.8638970242
68.8690580871
68.8841315119
68.8974761646
68.9329933321
69.0598741886
69.0693598806
69.0850820922
69.1596108765
69.1934621136
69.2961146967
69.320096036
69.4311309243
69.4904007978
69.5416065779
69.5926278192
69.6115683712
69.6239793612
69.6274200292
69.6366361442
69.6403717641
69.6510483869
69.6876269874
69.6929158416
69.7220349501
69.7534045826
69.7849873095
69.8034727252
69.8153401118
69.8258960259
69.8606068933
69.8714698621
69.8855091726
69.8960736156
69.9087046553
70.1032250926
70.1169590088
70.1328438013
70.1442919354
70.1495698668
70.1734971197
70.180101189
70.2018392631
70.2180966532
70.2592346225
70.2833066921
70.3535743227
70.3888968965
70.4454013547
70.5048360357
70.5145626627
70.5274286674
70.5462766273
70.5595929721
70.5687518939
70.6053430885
70.6349212187
70.6399401249
70.6925398603
70.7379167882
70.7710762461
70.8043734557
70.8122442155
70.8420303681
70.8520725393
70.8633313646
71.0223342738
71.0265263465
71.0346255059
71.0401400607
71.0644754772
71.0850810519
71.100529695
71.110026105
71.20656547
71.2347391184
71.2437280812
71.2576402252
71.2780948254
71.3037172488
71.3201164401
71.3370132025
71.366383214
71.3823266661
71.3998580191
71.4126349809
71.4286062898
71.4370069011
71.4875910119
71.5150447562
71.5247232353
71.5444722319
71.6428562691
71.677303196
71.6928711791
71.7139944453
71.7263854117
71.734380606
71.7483883235
71.769792423
71.8025986178
71.8371510958
71.8494188916
71.8704373343
71.8892031266
71.9824464238
71.9995646223
72.0091101928
72.022948565
72.029041325
72.0356182396
72.0504080333
72.087579081
72.1008679876
72.1105842066
72.1192526438
72.1380192303
72.1485989216
72.1586110482
72.1649466306
72.1784620242
72.2268605923
72.3470076415
72.3598105175
72.3690297008
72.3758200228
72.3821011141
72.3914584193
72.623279702
72.6510624505
72.9874357577
73.0482466006
73.097090915
73.113306326
73.1490230305
73.2141774064
73.2216920546
73.4894465495
73.50833949
73.5227797784
73.542515225
73.6039642561
73.6349079748
73.6422020051
73.6556324177
73.6879352355
73.7366458558
73.7686789984
73.8424554115
73.8759654093
73.9100821016
73.9146432939
73.955736224
73.9623189292
73.9756199878
73.9998411694
74.003332768
74.0163316755
74.0320352953
74.0645795133
74.0903426983
74.1071742426
74.1249831134
74.1551468786
74.1775477635
74.1934104666
74.4132403726
74.4304116689
74.4362919126
74.4458785332
74.4606887865
74.4764833563
74.4881940613
74.4992536508
74.5259179135
74.5495592347
74.5554862754
74.560451382
74.6112666675
74.6169788217
74.6222071595
74.6391283677
74.6513752501
74.6563292927
74.7210200775
74.7371869653
74.7566769483
74.7817196331
74.7936966075
74.8059747045
74.8148604966
74.8341201181
74.8715649202
74.8865264063
74.8962476679
74.9056226959
74.9168789199
74.9335781423
74.9630459304
74.9911292812
75.004644349
75.0330633124
75.1263416134
75.1631479903
75.217301108
75.2379567416
75.2702704216
75.2792488326
75.3317769122
75.3576042282
75.42174778
75.4608049111
75.5131110935
75.5169299755
75.5795689085
75.6137435733
75.6223527976
75.6343877328
75.6384290398
75.6502878579
75.6586035074
75.662902569
75.6749856933
75.6907709785
75.716624114
75.7221790862
75.7292074975
75.7503971093
75.7696883595
75.7814694296
75.7883713659
75.7969260181
75.8021918317
75.8083905259
76.8130667808
76.8563009474
76.8667467411
76.9031372045
76.9209979632
76.9319896283
76.9391566222
76.9595080499
76.9691372596
76.9770787747
76.9828580079
76.9932751803
77.0021369575
77.0071692882
77.0155935527
77.5968209965
77.6207043611
77.6396878695
77.6812782645
77.7577546149
77.8419792596
77.884589757
77.8984569136
77.9227959502
77.9633525701
2312
