6.01150615895
6.06184259019
6.07548775006
6.08656019823
6.09762643536
6.1337810995
6.14867626481
6.15615839621
6.17035207124
6.17777052725
6.18998296347
6.19590547241
6.25390708567
6.31480102241
6.33289264015
6.36096858688
6.3658085264
6.36966486821
6.40103597429
6.41994567303
6.42848938119
6.44119004355
6.44963353254
6.46468441391
6.48007425663
6.49598985361
6.51417985157
6.52069361381
6.53741243943
6.54590956474
6.5600316873
6.58380675654
6.60876693445
6.61862297508
6.63698468312
6.74786304949
6.76982376993
6.8410039511
6.87485463798
6.88660033288
6.92379407845
6.9586810174
6.97888967488
6.99334863254
7.06114373534
7.21090141216
7.22406235222
7.23920919884
7.24793329037
7.26867729095
7.4110222657
7.4290032125
7.44754102992
7.46600633266
7.4809039707
7.50184352758
7.51193613946
7.53593187676
7.56097220356
7.58128904174
7.60359305477
7.63610365396
7.64759616086
7.6584171308
7.69435475266
7.77417041741
7.79698796588
7.83107794178
7.9097355281
7.95488636905
7.95839883454
7.97429905642
8.00327501301
8.02708311209
8.03864133928
8.11086143469
8.14235163324
8.1628080366
8.19520541279
8.20558985634
8.20933139207
8.21807226346
8.23026053124
8.27943445147
8.2925547624
8.33385411839
8.36864091085
8.39119377737
8.4141356852
8.42565083494
8.43859072692
8.44205080143
8.44928296481
8.46230190644
8.46681102313
8.47047643109
8.4922188684
8.49889515507
8.51068743442
8.52105246836
8.53541355881
8.54144513634
8.55330397551
8.5738182799
8.58701471655
8.61993912029
8.63476933092
8.70781593106
8.71201902019
8.72550715169
8.74064679413
8.75224930329
8.7591518088
8.78228712035
8.78966410119
8.81064777801
8.81411958321
8.8263122402
8.84748847422
8.87345045647
8.88595544351
8.89559775638
8.91001192194
8.9197684381
8.93521779954
8.96922718581
9.03157463619
9.1114054741
9.1414241134
9.16552580119
9.20518150827
9.26923994178
9.33605790439
9.38424601545
9.40944759662
9.44498347056
9.4671878137
9.48576038889
9.53861384594
9.57082216459
9.59644199469
9.60379655676
9.61473425069
9.69718918874
9.70649367919
9.72191912133
9.73167412019
9.75037052538
9.76230369741
9.99576795599
10.0195883081
10.0335027492
10.1258436922
10.1386748546
10.168933148
10.180927335
10.1851723309
10.8299403194
10.8468866384
10.8762241801
10.8913999492
10.9007433431
10.94435789
10.9528355691
10.9927723309
11.039230662
11.0498353238
11.0608111715
11.3267201421
11.3772616245
11.409331669
11.4536817226
11.4891918357
11.5169098567
11.5765305324
11.5996463185
11.6411960265
11.7197335088
11.7659325804
11.7936665691
11.8413947282
12.0158630696
12.0346150076
12.0521099199
12.071644394
12.1193773954
12.1451850157
12.1596122942
12.1754045416
12.1932500209
12.1984094274
12.2158623258
12.2330063537
12.2457798048
12.2753795996
12.2997689173
12.3238230544
12.3471022923
12.3565140653
12.3704738283
12.3831374077
12.4052633743
12.4235796107
12.435114488
12.4391042713
12.4600384735
12.4650609822
12.4979150077
12.5690810915
12.630120517
12.6650291812
12.6959898487
12.9526916074
13.006643618
13.010303599
13.0468194616
13.1040597285
13.1764496205
13.2227563705
13.2265568648
13.244545093
13.2520421723
13.2726488249
13.2970268586
13.317499088
13.3227541384
13.3280488615
13.3480816491
13.3705542892
13.3975859322
14.4137031163
14.4265202508
14.4343366841
14.4464714963
14.4552866825
14.4691482655
14.4881693299
14.5152811251
14.5208986664
14.5315986664
14.5382061909
14.5616487869
14.5650814122
14.5858032048
14.597923684
14.614720727
14.638486152
14.651237403
14.6627447464
14.6953085326
14.714610877
14.7358216879
14.7415538633
14.7637554213
14.7853427952
14.7999811415
14.8151217793
14.8321288706
14.884748111
14.9092783316
14.9259317773
14.962492318
14.9686345732
14.9849943999
15.000361268
15.016866744
15.0502964629
15.0603001943
15.0928800793
15.1290459933
15.1334496959
15.1490472132
15.1596587349
15.1747337773
15.2283915325
15.2415980667
15.2671707321
15.2806056891
15.2939190034
15.3014777906
15.3244613556
15.3785641668
15.4633044635
15.5340987829
15.5837026227
15.6043583787
15.61694622
15.6444222622
15.6505359022
15.6546295628
15.6717810374
15.6808011134
15.6971476458
15.7264286545
15.7347668911
15.7490691427
15.7761657973
15.7930873018
15.8125947535
15.825199596
15.8740460552
15.8818960021
15.8981796482
15.9112618099
15.9263680164
15.9431615824
16.1935705396
16.2005615326
16.2305854187
16.2584556152
16.2624878177
16.2816195307
16.3107931409
16.3798028324
16.4235585211
16.4430582673
16.4938423765
16.5049199324
16.5557054003
16.585382762
16.5921518945
16.6271489863
16.6515361333
16.8099070285
16.8280215522
16.844784439
16.8517716222
16.8635661863
16.8680914015
16.8735335015
16.8928043399
16.8992215172
16.9195200848
16.9336948188
16.9477823664
16.9664098763
16.9883437956
17.0141187857
17.0450663314
17.0773028933
17.1046910094
17.1127320066
17.125435664
17.1550633488
17.2126449111
17.2268186619
17.2389172772
17.2598136761
17.2834540669
17.2977536992
17.3837738551
17.4004058741
17.4384151073
17.4491250527
17.4811094208
17.4985613572
17.5312203055
17.5477774191
17.5636092069
17.6293330982
17.7407821789
17.8198023912
17.8650678384
17.9011285976
17.9438693153
17.9707787775
18.014793303
18.0196048042
18.0597295747
18.0775540373
18.0940067437
18.0996016031
18.1076499423
18.1220743603
18.1458767954
18.1579630812
18.2195146962
18.2285332578
18.2551653798
18.2943651068
18.3064009853
18.3302630401
18.3422561289
18.367200638
18.3928841391
18.4096706224
18.4442599121
19.2090687064
19.2127616492
19.2295572205
19.2372723642
19.2541648566
19.2706808586
19.2805359987
19.367315263
19.3955794474
19.4068257316
19.4226970613
19.4325581254
19.4370294287
19.4474118919
19.4708687185
19.4823948273
19.4935722523
19.4999660564
19.5062941763
19.5290853071
19.5392188684
19.5662540485
19.5757278695
19.5883207707
19.6156633842
19.630343053
19.6355841275
19.7291728471
19.7470236545
19.7747074838
19.7930451224
19.8157600358
19.8233613577
19.8356833923
19.8480398056
19.9105066792
19.9371374386
19.940733424
19.9486251173
19.9972558574
20.0331986741
20.0541051132
20.104413339
20.1407044927
20.1674066812
20.1959934341
20.2388985098
20.2461954036
20.2504890044
20.2751001113
20.2944825465
20.3496131614
20.4137821596
20.4196400908
20.4253740261
20.4304809554
20.4409905684
20.4541137493
20.4684514596
20.4848006187
20.4987988084
20.5047781392
20.5470854241
20.5631675523
20.6421174986
20.6534098031
20.6738844441
20.6902717561
20.7004745525
20.7085050946
20.7183068949
20.7297552576
20.7359500543
20.7629875084
20.7814076185
20.7980279885
20.8105574753
20.8229408361
20.9842854295
20.9876906902
21.0031276684
21.0696233372
21.0888109308
21.0957509451
21.1144713478
21.1529602039
21.1656283492
21.1808666874
21.1883098472
21.1990921994
21.2880594172
21.3310218415
21.3789862592
21.4153588399
21.4751674135
21.4985598766
21.5360001262
21.5559586434
21.6119030821
21.6208519993
21.6255594056
21.6339115884
21.6414890542
21.6528224465
21.6647103184
21.6772160643
21.6824472821
21.7040790173
21.7157687485
21.7335114151
21.7476370337
21.7566901247
21.7747367562
21.7781496714
21.7990003221
21.8028236923
21.8114474874
21.81987707
21.8442951453
21.8525323422
21.869767523
21.8836417344
21.9147111451
21.9347926688
21.940703244
21.9489513086
21.9689325891
21.9773851147
22.0016744287
22.0120161467
22.0385699367
22.0697821153
22.1062917619
22.1580960213
22.1725659954
22.2146400264
22.2370686029
22.2414248514
22.2888629173
22.3076127428
22.3433638027
22.3910131253
22.4746885661
22.5286896573
22.5843573825
22.7147162353
22.7657406612
22.8317262018
22.8460771175
22.8569414701
22.8730965405
22.8892189378
22.9185158364
22.9282082752
22.9604613687
22.9753778245
23.0089004971
23.0681557535
23.0775702978
23.1093585427
23.1266855231
23.1557573153
23.1707116954
23.1771562585
23.2038091435
23.2232188106
23.2411744949
23.2811355042
23.3093505799
23.3486707996
23.3687161097
23.390337931
23.4108078085
23.5029893528
23.5183528261
23.6464281949
23.671326065
23.6945558911
23.7646810588
23.792068445
23.849536158
23.8757245713
23.9162670354
23.9702126405
24.0071580513
24.0156528734
24.0273531263
24.0418836725
24.0482421222
24.0593262283
24.0763494136
24.0906555881
24.1050779623
24.1141807388
24.1212838535
24.1253735136
24.150356269
24.1654275324
24.1758175741
24.1834877929
24.209464834
24.23356134
24.2394843103
24.2454265222
24.2547554539
24.2738736764
24.2844295711
24.2904559103
24.3022931684
24.3266444023
24.3359013202
24.3617632632
24.3821733259
24.5503685761
24.5595592516
24.5930854655
24.6004334269
24.6425605357
25.2135806022
25.2388270283
25.2513889746
25.26792808
25.2941979334
25.3024457804
25.3218494501
25.332635217
25.3545837173
25.3616574742
25.3758618279
25.3994749797
25.4127332131
25.4213381291
25.4262305067
25.4510598489
25.6982113348
25.7051782199
25.7242584365
25.7560741
25.774915548
25.7931496545
25.838864274
26.4049120414
26.4100240413
26.4178411402
26.5235631043
26.5444531017
26.5605440271
26.5688678318
26.5771089025
26.5871268621
26.6111456288
26.6185171742
26.6224707748
26.9814060245
27.0833934196
27.1060966195
27.1393632845
27.1583814396
27.162950161
27.1780512925
27.225424876
27.2852019264
27.2933025648
27.3218752493
27.3570272424
27.3685748493
27.3886960469
27.4140492695
27.4709439877
27.5327315365
27.5971392341
27.614994329
27.6293646331
27.6532923556
27.6608874963
27.6786271768
27.6982440712
27.7108443044
27.7169461147
27.7222920078
27.7413900481
27.7756432461
27.7955804384
27.8085619262
27.8227345653
27.8568907427
27.8626843233
27.8891937549
27.932529111
28.0323476904
28.0508680308
28.0581952959
28.0690657326
28.105730329
28.1156749647
28.1767949035
28.1968379315
28.2115855693
28.3112613707
28.3503551226
28.361403513
28.4642414769
28.5185621531
28.5381030075
28.6302601416
28.6885583664
28.7114311873
28.7744158719
28.8113784945
28.8298881218
28.8476262515
28.8654559845
28.8782606279
28.8879111749
28.9004046953
28.9336584007
28.9481287653
28.95234059
28.9717369753
28.9878867896
29.0139287176
29.0258890417
29.062883391
29.0894430193
29.1483356783
29.1687315928
29.1853938163
29.2055868329
29.2315917825
29.2653037835
29.2909762712
29.3045264325
29.3477517279
29.3703100867
29.4232912672
29.4439037602
29.5999361437
29.6503346022
29.658659894
29.6929514552
29.7027277945
29.7541113065
29.7741356543
29.8415384671
29.8718449146
30.015384217
30.0232376147
30.0356140853
30.0413151983
30.0473773309
30.055729309
30.0607978153
30.0656454543
30.0777798431
30.0835295242
30.0884999285
30.1019201124
30.1120254962
30.1188153568
30.1225234135
30.1311015789
30.1506029658
30.167239055
30.1777812204
30.1959320389
30.2127206386
30.2447220656
30.2544808016
30.2856160017
30.2966393
30.3131684459
30.3560270961
30.3699773398
30.3790416947
30.38725083
30.4120673449
30.4204945602
30.437697064
30.4661791911
30.4845296537
30.4889474472
30.5383501921
30.5847809791
30.5981581431
30.6533675181
30.7072494167
30.7356490632
30.7438821574
30.7603979131
30.7849970873
30.8065173025
30.82123386
30.8333778964
30.8584821581
30.8994037137
30.9174097987
30.9232261091
31.0416435896
31.080650534
31.1073687475
31.1295618463
31.1516839403
31.1998193189
31.2201290076
31.2251933724
31.2317120315
31.238106845
31.2699049012
31.2781387053
31.2841846036
31.2883043108
31.3071668281
31.3405122192
31.349235932
31.3627443513
31.9081851332
31.9136986977
31.9380596202
31.9714074274
31.9902270965
32.0284539793
32.0329913099
32.0818452039
32.1113650841
32.1202200999
32.1654539838
32.2256238809
32.2696090696
32.3293445297
32.3608894631
32.4105515348
32.4196790514
32.432308562
32.446654864
32.4642361766
32.4819416956
32.4989635424
32.5060152502
32.5247759684
32.5286196597
32.5325567071
32.5429864911
32.5486754439
32.5558514519
32.5683706771
32.5766454797
32.6189451356
32.640050254
32.6520660025
32.6755504001
32.6818846643
32.7059429884
32.7876944347
32.807670776
33.0232015436
33.0354702054
33.0598847394
33.0843505945
33.0946979662
33.1202250914
33.2384807257
33.263123106
33.2930498443
33.3195782225
33.397756658
33.4354355412
33.453018156
33.5020952677
33.6044385242
33.6113201737
33.6489908287
33.6663804095
33.6712664624
33.6811728322
33.6950439257
33.7056502264
33.718055407
33.729752599
33.7406351838
33.7538583898
33.7768941429
34.8080247017
34.8147067924
34.8284813093
34.8402637384
34.8482113099
34.8562863775
34.8715482164
34.8946391706
34.9049882663
34.9207550163
34.9359196678
34.9421599104
34.9525718288
34.9614062512
34.9680283489
34.9946315786
35.0139706449
35.1700261531
35.1906436345
35.216116982
35.225718711
35.238679831
35.3132033035
35.3772067905
35.3912454074
35.3954758429
35.4027155545
35.4113505714
35.4435888094
35.4738201999
35.4996420406
35.5154386805
35.5700408066
35.6127241516
35.6424615486
35.6477034892
35.7518931289
35.7751469158
35.8060890673
36.0113839936
36.0262165204
36.0342938919
36.054559642
36.0734560303
36.0875293046
36.1049348484
36.122836913
36.1347742374
36.1592397163
36.1697265134
36.1927580724
36.2162745295
36.2315502931
36.2411810282
36.2804511419
36.2891996912
36.3398246574
36.3473492715
36.3878847673
36.3928657605
36.4099706908
36.4370658929
36.4822524622
36.5072071355
36.5507691801
36.5919863426
36.6318288481
36.750748586
36.7785740168
36.8145164492
36.8542197933
36.88118903
36.9299244717
36.9539069153
36.9776894128
37.0616430159
37.1409504332
37.176064748
37.2140919284
37.238928801
37.2490594651
37.2607741242
37.2846107527
37.2911762252
37.3344629494
37.3481189083
37.3619933667
37.3851440206
37.3936607125
37.4680068765
37.4909301676
37.4998544589
37.5818703797
37.6075575527
37.818492443
37.880363199
37.8898156582
37.9080199228
37.9217544365
37.9478656911
37.9824334122
38.0168838299
38.084698686
38.1086268555
38.2332602646
38.2754776508
38.3106713308
38.3199453579
38.3377241865
38.3606489847
38.3760927535
38.404334318
38.416894105
38.430292067
38.4540979467
38.4866697093
38.5122767771
38.5268434918
38.5461675104
38.5695455273
38.5748978491
38.597469781
38.6333059346
38.6439397767
38.6670177463
38.6747342174
38.6828050258
38.7318272519
38.7442549707
38.7763788683
38.7832435879
38.822074322
38.842263797
38.9527546117
38.9638986386
38.993256662
38.9966877058
39.0218713134
39.0463334353
39.0662291077
39.2721910449
39.3894705894
39.4177281456
39.4644265307
39.529884341
39.6136853775
39.6306942871
39.6453538266
39.6569552051
39.6678250525
39.6796356543
39.6840744442
39.7082046712
39.7186264916
39.7266194279
39.7351524899
39.7583357426
39.7707610338
39.7859574588
39.7947488215
39.8072586806
39.8205717449
39.882477428
39.8930966418
39.9450843484
39.9503525805
39.9627537941
39.99081431
40.0070009653
40.0253440382
40.0287424181
40.040598799
40.049537728
40.0715557201
40.1603698645
40.178125431
40.2154908228
40.2236031519
40.3827504808
40.3954923052
40.4232301318
40.4385621395
40.4456794181
40.4960774164
40.5108784412
40.6010334373
40.6573022994
40.7383543103
40.7801540634
40.7923776527
40.8112169679
40.8306508617
40.8368141337
40.8803414408
40.886751766
40.8961027924
40.8999298054
40.9478874426
40.9605134157
40.9765961618
41.0011693294
41.0151436043
41.0402956374
41.0771819681
41.0970055399
41.1066069038
41.1471824597
41.1656940651
41.1965156153
41.2143974055
41.2483885815
41.2756929697
41.2910220544
41.3108880672
41.3217872269
41.3371598692
41.3511153979
41.3588768731
41.3914704069
41.4058988318
41.7805912156
41.7901053913
41.8087077482
41.8130165654
41.8849994517
41.9487341231
41.9571292897
42.0081657221
42.0227014794
42.0265864676
42.0372262604
42.045447885
42.0923747243
42.174561486
42.1787041171
42.1900128059
42.2103172558
42.2185560345
42.2275030243
42.2506862985
42.2691385794
42.3295020149
42.3681398418
42.4074211728
42.4153751395
42.4272413382
42.4437103413
42.4569190517
42.5396142309
42.5556136432
42.5859532642
42.613908592
42.6391947141
42.6777072965
42.7375237797
42.7508381892
42.7673506784
42.7894915385
42.8394027972
42.8740093322
42.8911375722
43.2114884179
43.2156223753
43.2220401259
44.4036517397
44.4188713008
44.4308109735
44.4408393722
44.4445457979
44.4564610928
44.4653971022
44.4787325825
44.4966181359
44.5076957399
44.5184080144
44.5337369257
44.5448459908
44.5587605923
44.569637374
44.574572753
44.5899676768
44.6026499377
44.6097512955
44.6189550768
44.65214243
44.6716094392
44.6795895444
44.6905642636
44.6970503508
44.7056992117
44.7181401582
44.7377312471
44.7506554183
44.7563963935
44.7616567935
44.7855161102
44.8075824768
44.8936316298
44.9376918057
44.9578196765
44.996672719
45.0267249264
45.0445336626
45.0537522139
45.0646478091
45.0870093766
45.1851456917
45.2283489757
45.2494891381
45.2931836595
45.3129176034
45.3771721149
45.4435211612
45.4830959824
45.4938455632
45.5817431593
45.7770386418
45.7996732553
45.8075296777
45.8345714603
45.8466885293
45.8902086747
45.9112491157
45.9295201051
45.9376042201
45.960247539
45.9862688941
46.0276551497
46.0428006217
46.067440836
46.0835153818
46.1340894201
46.1436177939
46.1712148814
46.181097867
46.429102929
46.4451993834
46.4635131897
46.5246383207
46.5537384313
46.5594847864
46.6136968983
46.6519842454
46.6981076767
46.782275008
46.8097889133
46.823253156
46.832110122
46.8429493002
46.9015319684
46.914836023
46.9271729717
46.9448578071
46.9569398396
46.9660617731
46.9694955184
46.9893524161
47.0006941777
47.0082173122
47.0165391042
47.0282574613
47.0322027042
47.0457679419
47.0511950633
47.0676325999
47.0741485077
47.0932383731
47.1007123881
47.1139133251
47.4146217073
47.4447344814
47.4826156985
47.5379482389
47.5509898946
47.6004486456
47.6164595638
47.6438703499
47.6609199771
47.6709639502
47.6957115713
47.7083177369
47.7329449094
47.7404845131
47.7531223704
47.7874610454
47.796303749
47.8579314093
47.8942397374
47.9055977898
47.9209708813
47.9483755012
47.9817668015
48.0187468431
48.035025067
48.0444389676
48.05582263
48.0732428738
48.1330905642
48.1384666966
48.1611603939
48.2123698716
48.2290826419
48.2502987095
48.2799871245
48.2992787667
48.3258833807
48.348557353
48.3753236661
48.3877310106
48.4016412863
48.415099107
48.5178878278
48.5256189962
48.5389904053
48.5844180935
48.6141613526
48.629104377
48.7159423312
48.7338510574
48.7494814787
48.7807561829
48.8230921125
48.8414866758
48.8473187882
48.8665402333
48.9132631534
48.9335246017
48.9382647253
48.9628313442
48.9728312451
48.9881619018
48.9990785947
49.0499246674
49.1401642051
49.182156359
49.2074499746
49.2230687041
49.2291057026
49.237353632
49.2411124463
49.2477790101
49.258026885
49.2807380924
49.2876314351
49.2964627499
49.3129592385
49.3236763215
49.3321481443
49.3720228047
49.3895436802
49.3928782834
49.4036883338
49.4209253142
49.4318509515
49.4491116256
49.4562002242
49.4646192191
49.4941898937
49.5271743622
49.5314363859
49.5401089094
49.5548582034
49.56123684
49.5841766116
49.5967716164
49.6178841359
49.6283733598
49.6629879788
49.7378748579
49.7454912404
49.7726674434
50.3924825182
50.413047939
50.4263706372
50.4442882588
50.463620524
50.4744318707
50.4859933427
50.4951801094
50.5254692105
50.5300028327
50.5375611726
50.5503138332
50.5730664719
50.5808317109
50.5904282137
51.6127730737
51.6273330701
51.6447908788
51.6514479161
51.6729437286
51.6784074328
51.6844418143
51.6950197685
51.7063214701
51.7101417664
51.733361237
51.7517367238
51.7588109908
51.7679550125
51.781578166
51.7853261603
51.8113501962
51.8298086643
51.8423486261
51.8499125729
51.8572669634
51.8717672459
51.8790238854
51.8910655647
51.9149101045
51.9197526062
51.9308742276
51.9415112352
51.9579177388
51.9651069652
51.9711706966
51.9810078858
52.0400564381
52.078147969
52.0996472756
52.1348080038
52.1507802244
52.1663869982
52.2055794248
52.2269520474
52.3590024391
52.3709494701
52.3774515624
52.4424659168
52.4755378324
52.4948190747
52.5163890304
52.560655485
52.6325233432
52.6684023012
52.6841612904
52.7140809241
52.7390653721
52.7622084669
52.7879791515
52.8068984671
52.8104760871
52.816297646
52.8202560904
52.8339002694
52.840994429
52.8551979143
52.8669042821
52.8772715548
52.8965298262
52.9095230215
52.9198963675
52.947009479
52.9531445997
52.9670994091
52.9734045475
52.9864519841
53.0029849775
53.0185228403
53.0270735884
53.0343956313
53.0575338853
53.0700437258
53.0910441706
53.1118713767
53.1469894214
53.1509230135
53.1623892242
53.1974213175
53.2066288684
53.2416705557
53.2869271057
53.3161520327
53.3709564341
53.3812399117
53.3920231783
53.4179152499
53.4247056143
53.4419423725
53.4550635357
53.5045843409
53.516417371
53.547250791
53.5510476812
53.5752118231
53.5959300952
53.6143283579
53.7385485063
53.7667504057
53.7940724237
53.8380261677
53.9031772572
53.9141645614
53.9344501297
53.994264418
54.0238215292
54.037424966
54.0795689408
54.0874883031
54.094499925
54.1083823081
54.1202177277
54.1387100724
54.1576174098
54.171846003
54.1772344614
54.1828318948
54.206548518
54.2233117409
54.2491818457
54.2578486956
54.2742776991
54.3144451093
54.3291519605
54.3600489076
54.3680268797
54.3731752523
54.3936571186
54.4015111299
54.4186492641
54.6318602557
54.6994848779
54.8046090493
54.8418218422
54.8539199745
54.8646589117
55.1159775181
55.2161989422
55.2372940292
55.2435921645
55.2502344518
55.2558620425
55.2605482646
55.2800463926
55.2896813599
55.321428358
55.3478453215
55.361838825
55.3758290837
55.3916471486
55.4035767431
55.4154212279
55.4234976415
55.4368867885
55.4606567781
55.4700635771
55.495303575
55.5055288908
55.7062558441
55.7329548193
55.7481206157
55.7913182614
55.802888062
55.8318989393
55.9018229403
55.9138270313
55.9407681624
55.9675351255
55.9849522512
56.0270595526
56.0908028939
56.1475115262
56.1697543282
56.2229915521
56.2547268466
56.2678792641
56.3797993432
56.4042576724
56.4090666702
56.4138541157
56.4240126627
56.4401322841
56.5418663323
56.5522366563
56.5867792741
56.5950974287
56.6180372257
56.6274303055
56.6479618923
56.6918124894
56.7026998821
56.7298502537
56.7508866829
56.7736760375
56.7845929232
56.8131629906
56.8348673398
56.8822204273
56.9145560232
56.9309553319
56.952829177
56.9837396527
56.9953531789
57.0297074348
57.0634351323
57.10512675
57.1499198441
57.1677647076
57.1713968982
57.2207495592
57.2313530536
57.2444437651
57.2838743339
57.2906938764
57.2973069861
57.4773052277
57.5250573971
57.5546077384
57.6117438252
57.6173504319
57.6224035142
57.6270738288
57.635479053
57.6447289857
57.6616236266
57.7227755519
57.7301294818
57.7426666808
57.7925484116
57.8044629338
57.8163511577
57.8324756339
57.8529600638
57.8836533265
57.8874854791
57.9310930571
57.9495159507
57.9611315472
57.9689931088
57.9735559843
57.9989413226
58.0920379787
58.1230200488
58.1447194928
58.1893138183
58.2023126146
58.2153726975
58.2486396473
58.2682854337
58.2875347109
58.3064974393
58.3485438812
58.3540734785
58.3850130831
58.3960850352
58.4223405885
58.4616753231
58.5012777998
58.5460917571
58.5707392656
58.5748878691
58.5969504688
58.6043351805
58.6739279607
58.6969551388
58.8304932502
58.8415395229
58.8452858927
59.7388224957
59.7847243895
59.8190872161
59.8334114387
59.8805659311
59.884452143
59.9570115384
59.9777147106
60.005917466
60.0169223397
60.0266795429
60.037965456
60.0497195552
60.058958757
60.0825999756
60.0897001888
60.1076981258
60.1184159658
60.1298346958
60.1531411934
60.1599313542
60.1759907902
60.2039303181
60.2386595311
60.2847933645
60.3958581063
60.4012925399
60.410951204
60.4254828547
60.4428401339
60.4567335422
60.4651835702
60.4840846977
60.5118277649
60.5193465647
60.5359075995
60.5683661378
60.6030315507
60.6066366975
60.6330674492
60.6396560522
60.6458344441
60.683985201
60.707566747
60.7384842954
60.8173641939
60.821315862
60.8561780913
60.9054984236
60.9677374746
60.9830949593
61.0150492496
61.0240282415
61.1052421757
61.1378530273
61.179800587
61.1907850957
61.214538393
61.2238895552
61.2368366713
61.2479035648
61.2528542837
61.2595127273
61.2661674308
61.2835299174
61.3015796544
61.3086769293
61.3208104915
61.3362626005
61.3491325366
61.3536147082
61.364569857
61.401906619
61.4197858788
61.4599718709
61.4847414406
61.490061716
61.5001514459
61.552360613
61.5588575361
61.5918086094
61.6199358071
61.6466906127
61.6642736317
61.697318458
61.7095679153
61.803720819
61.8132049668
61.8320763147
61.8578623524
61.8746537801
61.9037337674
61.9134380618
61.9576585037
62.0349550201
62.0922306443
62.1150098996
62.1216779011
62.1706979303
62.1899871214
62.2216827952
62.2713170342
62.3016964661
62.35283027
62.3816298584
62.4185024743
62.424013676
62.4404689266
62.4923750205
62.5042271701
62.5269789776
62.5350314928
62.5435113523
62.5589338358
62.644486282
62.6557455722
62.7023925539
62.7251153095
62.738072154
62.7497891906
62.7656016559
62.7733745368
62.7807805025
62.8193939886
62.8272730811
62.8360150924
62.8549786559
62.8689020431
62.8959528317
62.9337237805
62.9542538853
62.9649195028
63.0221841406
63.0382157405
63.0725303713
63.097375956
63.1481014806
63.1593880287
63.1837740489
63.2158599537
63.2288978448
63.2526288022
63.2568712161
63.280613905
63.3221428738
63.3701190129
63.3858149567
63.4164319969
63.4503814095
63.4709889728
63.5004859667
63.5520540421
63.5888817829
63.5993496889
63.6240297626
63.6275251815
63.6334834193
63.6427979594
63.6593471603
63.6730302793
63.6846615488
63.6926561165
63.7107166656
63.7324715226
63.8427217464
63.861082628
63.8826171383
63.9023497976
63.9268214709
63.934571252
63.9599009428
63.9735367027
63.9816485856
63.9941536425
64.0034286769
64.0087855249
64.027788151
64.058684544
64.0802021752
64.114776927
64.121556639
64.1275394071
64.1507308079
64.1580343145
64.2247248148
64.2731757132
64.2952681661
64.3140680476
64.3198490833
64.3491995252
64.3614644491
64.3894787898
64.4229190342
64.4420717252
64.4580154452
64.4780549174
64.5082775381
64.5243209595
64.5380241114
64.5701449218
64.6048116544
64.6486092151
64.670665317
64.7267511967
64.7677721559
64.7787415948
64.8205966053
64.8383764157
64.8434897888
64.8516137003
64.9284669789
64.9331174833
64.9373055093
64.9517566579
64.9558710933
64.9607736831
64.9720983591
64.989851292
64.9979209484
65.0047580867
65.0128345038
65.0265955435
65.0303077569
65.0387368176
65.1419989302
65.1551609807
65.3187991578
65.3371859761
65.3575132682
65.3846932159
65.3887845336
65.4012644063
65.4213343725
65.4300531375
65.5722824884
65.5852941678
65.6203922562
65.6507432415
65.6681375101
65.6749475828
65.7001211239
65.7480005764
65.7999739192
65.8258391028
65.8647076879
65.8782364129
65.9153142515
65.950244727
65.9699848465
65.9932104251
66.0188108543
66.0367204003
66.0582746805
66.1018331162
66.1542209963
66.1640044392
66.1809999476
66.1973798852
66.2041839613
66.2172734036
66.2308328763
66.2487048244
66.2547056009
66.2666379135
66.2903571385
66.3042858088
66.3216964623
66.3462168181
66.4771702149
66.5931803806
67.2309484756
67.2451723833
67.2661781263
67.2826313092
67.2872392793
67.2985871877
67.3208123496
67.3369243219
67.3422141761
67.3787392422
67.3891340013
67.3942536387
67.4042148876
67.4185093867
67.4267951882
67.4399486753
67.4455738333
67.4591979549
67.5221140427
67.5327423563
67.5438955811
67.5785394436
67.6011826112
67.6321956299
67.7709931705
67.7949494529
67.9479837219
67.9658095083
68.0390079738
68.0456823116
68.362986461
68.3927279198
68.4216446914
68.4342413023
68.4571851795
68.4651999573
68.4722929931
68.4882100519
68.4992876297
68.5108979099
68.5281584248
68.6024219324
68.6179113486
68.6292030737
68.6414532929
68.6609639881
68.6716350509
68.6973325418
68.708662225
68.7191059108
68.7257843689
69.1325124526
69.1425727363
69.1495167132
69.1758920382
69.2014811718
69.2978661115
69.3120312473
69.3728744933
69.4315553571
69.4398892828
69.4879023155
69.5145742957
69.5499258251
69.5857198306
69.5937662759
69.6054237219
69.6092004763
69.6128001261
69.6249047316
69.6313671655
69.661016008
69.6697405284
69.6874614842
69.6950085879
69.6990545631
69.7335603862
69.7375795508
69.7469655118
69.7561915797
69.7622738453
69.7760065985
69.7904207776
69.8990173542
69.9110082359
69.9741284367
69.9785331765
69.9878606003
70.0083538238
70.0574732462
70.0636212691
70.0878899585
70.5961234418
70.6969114715
70.7120679341
70.7257979183
70.7895571126
71.7172028968
71.7358331411
71.7703791523
71.788972553
71.813226353
71.8763128788
72.0061370543
72.2375793307
72.2562295927
72.2754305879
72.288072654
72.3105027547
72.3153149357
72.3403257677
72.3759902417
72.410836884
72.7540734584
72.7767094778
72.7954214369
72.8221626692
72.9962782072
73.0122381243
73.0970399268
73.1218104587
73.1455081386
73.168396581
73.2471481803
73.3130640942
73.3573546743
73.3622808866
73.3878255306
73.3962284849
73.4109564807
73.4268165298
73.4387980644
73.4514265354
73.4669765558
73.4706939497
73.7058055183
73.7166097965
73.7345227628
73.7554461341
73.7644670288
73.7990509661
73.8077709756
73.828384367
73.9196383374
73.9257359725
73.9363377301
73.9586465112
74.0042678352
74.0337497582
74.0999675991
74.1539967599
74.1807815883
74.2048220277
74.217965743
74.3146093117
74.3387379304
74.3902261924
74.4045690706
74.4283178432
74.4542595277
74.5874980735
74.6016726391
74.6146448635
74.6225784361
74.6318324874
74.6407147739
74.6478786854
74.6560351997
74.672852591
74.6963774808
74.7016289239
74.7503483142
75.3771558993
75.389012023
75.4252498441
75.435054733
75.4499915887
75.4761848455
75.5064689773
75.520999643
75.5312694247
75.5347994995
75.5743337624
75.6064823579
75.6108015073
75.6210116696
75.6273621632
75.64777619
75.6557382659
75.690466892
75.7029789254
75.7132213463
75.7265613957
75.745534919
75.8033066672
75.8226332407
75.8263845036
75.831560277
75.8447327116
75.8560096571
75.8628447718
75.9043902896
75.966266471
75.9721864946
76.0003310874
76.0144152128
76.024338503
76.0479298208
76.083690911
76.1088308936
76.1173110209
76.1348162696
76.1739615025
76.2065509891
76.2203978585
76.238360509
76.2763760162
76.3052970595
76.321003151
76.3366541839
76.3702894947
76.3928716562
76.419342734
76.4994890497
76.5380850902
76.5579353308
76.5829427955
76.640537204
76.6782044607
76.8096681456
76.821208627
76.8343593607
76.8395514925
76.8452769266
76.8491939314
76.8581143035
76.8912313117
76.8964361601
76.9098701468
76.9194344798
76.9315301596
76.9627319483
76.9792550204
76.9988438916
77.0097802353
77.0201062637
77.0309906764
77.0573498001
77.066968723
77.0890932174
77.107767927
77.1406170848
77.1453275213
77.1546953535
77.201757532
77.2268699022
77.2588488401
77.2653712096
77.2883792653
77.3035404096
77.3151760676
77.326731922
77.3301748429
77.3409153079
77.380476442
77.3869798086
77.4080632956
77.4275479661
77.8668644374
77.8994725752
77.9571979817
2168
