6.03717068991
6.04374645547
6.05663029052
6.07209253666
6.07908762002
6.1126380008
6.12633033688
6.14114109207
6.17259010642
6.20334868842
6.2113821723
6.2305267779
6.24478946088
6.25204106977
6.26003869247
6.26692092533
6.27512864751
6.30237441102
6.33525094388
6.3909636856
6.41262598797
7.0270934819
7.04237506014
7.09621295071
7.21716034333
7.22798152838
7.23309308503
7.27520236926
7.30760445487
7.33137755693
7.37729798709
7.38947286052
7.40584990388
7.43707610376
7.45555106659
7.47220284502
7.47627950028
7.49296025339
7.51255596142
7.51873610993
7.52258114125
7.53457598788
7.5464046243
7.58015636389
7.60033785206
7.68624654737
7.70953810125
7.72354476309
7.73815777111
7.7596600802
7.77724318427
7.78526973434
7.81104748418
7.84299285637
7.86900786097
7.88458291965
7.92179398348
7.92565479288
7.94681823594
8.02305274878
8.02877603327
8.04255456889
8.05386593314
8.08616265561
8.14191761812
8.17956310414
8.21095050598
8.26402684152
8.29815099681
8.31847927299
8.34996275447
8.37414038691
8.39291201522
8.41600947844
8.43912477062
8.45381319812
8.47615732387
8.5050427187
8.51224944878
8.52491944026
8.53387594195
8.5491158923
8.5584698897
8.56200992359
8.6342968781
8.6472876082
8.65612332777
8.70714056835
8.73138744254
8.78821826043
8.79655665656
8.81497812309
8.82870524354
8.84919366792
9.05900309581
9.07516485939
9.09977348675
9.11218822042
9.13637299461
9.16307171532
9.19534475203
9.22863684515
9.28131313489
9.36400601735
9.41534095646
9.43322025409
9.46755818737
9.53148237154
9.55112599438
9.64427415769
9.65347153091
9.69081644128
9.69954617266
9.7089539574
9.72161655155
9.742922427
9.75779337632
9.76447263163
9.78236345283
9.8066820418
9.81865998255
9.84892382913
10.101498622
10.1163541966
10.1440970454
10.1599412761
10.1672650803
10.2058570453
10.2207650007
10.2585428721
10.2620547786
10.2866449248
10.2922828011
10.3152569666
10.3531104744
10.718897137
10.744476279
10.7766823381
10.8055764184
10.8090398174
10.8587847614
10.8789710351
10.8832538596
10.9144021767
10.9384401953
11.1144554164
11.1215657562
11.1392348348
11.1567148933
11.1716148308
11.1862147859
11.207085133
11.2266706524
11.2587382074
11.2753870453
11.291943451
11.3062975135
11.3387218919
11.3614621788
11.3909225787
11.4039834221
11.4080164997
11.4199550513
11.4525214527
11.4731915028
11.5084041429
11.5134579621
11.5384828837
11.5628370483
11.5897193691
11.6790488372
11.7187927018
11.8587491201
11.8834785055
11.9230714823
11.9430661487
11.965386289
12.0062700592
12.0156561899
12.0259395164
12.0294315107
12.0384320227
12.0499091448
12.0640665196
12.0792112748
12.0856383233
12.0923708115
12.1275963183
12.1363677239
12.1408493589
12.155077867
12.1604063517
12.1713768869
12.2777943962
12.9449220798
12.9962785257
13.0948102885
13.1576911755
13.1912085285
13.2071957433
13.2200359735
13.234626865
13.260410482
13.2752870936
13.3389127818
13.3553529074
13.3651566347
13.3857080365
13.4012701829
13.4171900263
13.4229929199
13.4359496813
13.5033345462
13.5279675588
13.5392704514
13.5511461496
13.5711946765
13.6119748753
13.6310649746
13.6858070946
13.7018259295
13.7281209468
13.7329210967
14.3190344167
14.3440590264
14.4112846737
14.4178948959
14.4315205911
14.4394453516
14.466650348
14.4921510933
14.5069627951
14.522461995
14.5409830102
14.5535923862
14.566138159
14.5910215969
14.6328021647
14.6454503229
14.6555111814
14.668892559
14.7130751146
14.7356157647
14.7408775569
14.7509537977
14.825835982
14.8345176555
14.8458927625
14.8570571369
14.8837626082
14.8898178343
14.9233938484
14.9537587959
14.9850470151
15.0113215536
15.0303801741
15.2069125763
15.2396465325
15.2901192235
15.3400345026
15.4919752666
15.5009217984
15.5453938089
15.5736725614
15.6345863066
15.6486558639
15.6606307728
15.670629686
15.6756610643
15.6960353864
15.7082414823
15.7209215883
15.7261606893
15.7353855487
15.7447492862
15.7488987098
15.7679751495
15.7853958303
15.8265752558
15.8383465466
15.8622374199
15.8824232377
15.9372286274
15.9667781744
15.9718892357
15.9819290618
16.0046210096
16.0171122967
16.0392367104
16.0682615661
16.0853009973
16.1040055655
16.1408571585
16.1567906787
16.1709021956
16.1828776835
16.1995629402
16.2212023589
16.2552942368
16.2753407006
16.3002615351
16.3880249526
16.4530670854
16.4917332019
16.5221455024
16.5506596238
16.5659209331
16.5844876505
16.6210177401
16.6664557667
16.7211770147
16.7679534984
16.7777812395
16.7822326513
16.8083966034
16.8215002767
16.8258672877
16.8313453469
16.8382153209
16.8455865322
16.8675496978
16.9171278443
16.9339100353
16.9728372531
17.005336077
17.0262410924
17.0397635632
17.0512776216
17.0904923855
17.114222045
17.1792256718
17.2037559048
17.2153242033
17.2363167248
17.2459829722
17.260441524
17.2744632219
17.2851035661
17.3028044311
17.3344685802
17.3885216577
17.4097649309
17.4327941734
17.4686432276
17.4902238863
17.5391264789
17.5438178756
17.5581398267
17.6131717053
17.8443508767
17.9068048642
17.9910908877
18.0128807011
18.0256547504
18.0476843426
18.0536907173
18.0703937936
18.0778186956
18.0865934121
18.0930231867
18.1114559059
18.1294696005
18.1454864985
18.1581136763
18.1654314173
18.2002512473
18.2054117589
18.2148566312
18.225959172
18.2395163361
18.2594287298
18.2812503987
18.5558289602
18.570506775
18.5812237062
18.6045452941
18.7839631164
18.8017464967
18.8131890251
18.8329432343
18.8785754097
18.9248763441
18.9418703619
18.9565670272
18.9770798227
18.9813939716
19.0007734009
19.0172578285
19.0638032294
19.0940701107
19.1578822742
19.2188368494
19.22897282
19.2356786895
19.2545605273
19.2646671936
19.2818282956
19.2979092164
19.3385900401
19.3507047959
19.3662824844
19.3725743098
19.3765809718
19.4297746494
19.4607941379
19.4738256675
19.4901632666
19.5032962035
19.5399081498
19.5582670522
19.570527971
19.5925280511
19.6011234019
19.6110342588
19.6277746324
19.6424139561
19.6513497967
19.6590228268
19.6678708546
19.6856714014
19.7028348898
19.7216225769
19.7398657149
19.7563153459
19.7726242284
19.7879741552
19.8300671881
19.8535180643
19.9521494015
19.9645327789
19.9928510686
20.0048580467
20.0485014908
20.0565967459
20.088873699
20.1235599571
20.1420238169
20.1670649205
20.194641413
20.214214105
20.2417642804
20.2536635447
20.2818853758
20.4158399338
20.4299065216
20.4705141233
20.4881099147
20.5019073869
20.5082400503
20.5163241833
20.5211933405
20.5263316358
20.5632285431
20.5686913575
20.5944216311
20.6053476614
20.6093197341
20.6432127076
20.6646986701
20.670567771
20.6942875105
20.70711743
20.725462329
20.7381861245
20.7556444991
20.7734087127
20.7853739433
20.7964417871
20.8036710846
20.8138471866
20.8253394379
20.8380598678
20.8540320421
20.8895970015
20.8997646586
20.9115169973
20.9209579049
20.9444534843
20.9718769785
21.0176326492
21.038587535
21.061949492
21.0881949017
21.1347099159
21.4127690571
21.424579729
21.515292085
21.6121837697
21.6509396873
21.6567595112
21.6680785538
21.6743437327
21.685995966
21.6992494721
21.7151351378
21.7365943682
21.8185292913
22.0316286457
22.0485693501
22.0647604276
22.0843190544
22.0903623029
22.115491943
22.6310620273
22.6635264379
22.7305613378
22.7750952918
22.8045244947
22.8798037282
22.8963342903
22.9129521058
22.9692271328
22.9968114399
23.0146913029
23.0263953216
23.0394755796
23.0506124592
23.0790980759
23.090137905
23.0996806411
23.1290359806
23.1724399212
23.1760817498
23.1885789554
23.2043403658
23.2440736441
23.2706809581
23.5979621816
23.6425151074
23.6625381566
23.748690786
23.7929691722
23.8441072232
23.8898763528
23.9363843207
23.9802838213
24.0090380835
24.0328423853
24.0398080497
24.0829264318
24.0868609359
24.0982332122
24.1284311722
24.1472176827
24.1683187705
24.1786448783
24.1875600296
24.2091994955
24.2145929942
24.2293024428
24.2701232465
24.2812265588
24.2958424897
24.3164881967
24.3622966974
24.3839783981
24.3956177968
24.4065964594
24.4591456836
24.4668179788
24.4767731531
24.5011421738
24.601053704
24.6404646608
24.6544631652
24.6732166877
24.6866263998
24.762481124
24.7818109075
24.8678323909
24.8771812056
24.9075273692
24.955243195
24.9717432995
24.9760671529
24.9877706653
24.9912544674
25.0418863996
25.0793706099
25.084524953
25.1642707773
25.205226549
25.2126301471
25.2185522142
25.2222402029
25.2383993018
25.2452598146
25.2603432807
25.2727005484
25.2889549997
25.331332217
25.3510278515
25.3625139015
25.3789134625
25.4011721906
25.4129743113
25.436951672
25.4435641824
25.4601838472
25.482463814
25.5016046739
25.5245509876
25.5426188743
25.5642951937
25.5800199097
25.6007471299
25.6175724842
25.6272171892
25.6618853918
25.6714969294
25.7004798598
25.7148821039
25.735271245
25.7611915706
25.7782826394
25.8257622042
25.8644213826
25.890431499
25.938421746
25.9919682268
26.0305530169
26.1690204444
26.1835886438
26.2052865906
26.3340349349
26.4184388544
26.4225697129
26.4266111386
26.4431016729
26.4584796099
26.4684534374
26.4794940967
26.5223541326
26.5458729841
26.5564818136
26.5627118204
26.6225890911
26.6346700564
26.661625702
26.6815079966
26.694286276
26.714363665
26.7258929492
26.7391882164
26.76629863
26.7838734038
26.7909333357
26.8413541418
26.8724557614
26.8829151941
26.9126995699
26.9377426316
26.9577044028
26.9925874778
27.0198758518
27.0344882399
27.0413190043
27.0676458515
27.0894540701
27.1101789695
27.1762588503
27.221363689
27.2435724406
27.298677994
27.3321039932
27.3416805878
27.3702190627
27.3994757963
27.4074316616
27.4206498972
27.6128849062
27.6261076831
27.6324636545
27.637200836
27.6547177204
27.6632519248
27.6738806362
27.6819051373
27.6877003958
27.7260193031
27.7368654159
27.7466411175
27.7710961166
27.7782113617
27.7887646051
27.8106715958
27.8153172909
27.8360451883
27.8546447851
27.9289408319
27.9957918951
28.0134829417
28.0324240708
28.0614761492
28.0949934316
28.1361198248
28.1519225359
28.1710699397
28.1883638409
28.2063604994
28.2263250013
28.2427090918
28.3775990372
28.4145761453
28.4254932877
28.4453837701
28.4625345672
28.4832334666
28.5254518097
28.5485873592
28.584424972
28.6379848525
28.6597587312
28.7068051885
28.713420644
28.7457949518
28.7956697078
28.8151304106
28.8473619199
28.8535593679
28.9051083604
28.9374449528
28.9410747906
28.9599317835
29.0131299919
29.0179785437
29.035017175
29.0424460828
29.0547195528
29.0650536929
29.0737237269
29.0901092822
29.1050507417
29.1198373349
29.1250104576
29.1535170601
29.2411600996
29.2885056606
29.6200017625
29.6406388875
29.6538677594
29.6683943544
29.7101479562
29.7326193022
29.8268216224
29.8413552013
29.8983184403
29.9778832792
30.0147322773
30.0590485528
30.0743636847
30.086267394
30.1157209526
30.1212110747
30.1325526113
30.1887606079
30.2012533218
30.2270391898
30.2444498457
30.2850545701
30.3020278422
30.3113115485
30.3196074261
30.3442390424
30.3746518051
30.3951377278
30.4136134724
30.4246866415
30.455009736
30.4884828249
30.5091350241
30.5268624062
30.5430787395
30.5637550495
30.5859472375
30.6112519821
30.6774174224
30.7022097129
30.7325170165
30.7374428276
30.7729364599
30.8511953609
30.881035491
30.9284087791
30.9459446526
30.967535961
30.9721576806
30.9891032533
31.0072755808
31.077020104
31.1195787656
31.1390147558
31.1745810194
31.2128803541
31.2266333296
31.2927723672
31.3190531789
31.3272203062
31.3310012369
31.5368331713
31.5562737754
31.5621751767
31.5719615573
31.6009880793
31.6312945969
31.6457776544
31.6740493674
31.7232067931
31.7451308067
31.7723975055
31.8208664713
31.8288234935
31.8429422808
31.8707564458
31.8811605839
31.897441221
31.9126437447
31.9369416464
31.9949987085
32.0384766453
32.0653163075
32.0947500591
32.1550931404
32.1598441739
32.201753968
32.2217203475
32.2860342034
32.3287161446
32.4064098812
32.4151412698
32.4262973564
32.4411191757
32.4483596819
32.5288093368
32.5730825333
32.5936271128
32.6152134808
32.6220904223
32.6548335226
32.660613404
32.6848286985
32.6941572692
32.7043682843
32.7183425378
32.7273061586
32.7417834969
32.7611667345
32.8160806338
32.8262782755
32.8385793144
32.8964416108
32.9146200703
32.9456283571
32.9758298237
33.0299295024
33.0556723663
33.1304836928
33.1878520996
33.2201483964
33.2762041638
33.2912378394
33.3074685782
33.3286418133
33.3653224989
33.4246252168
33.47039657
33.4986370656
33.5037915631
33.5356540668
33.5933808805
33.6119833013
33.6227241613
33.6289272143
33.6370487784
33.6612597048
33.6675790499
33.6926236647
33.7131767942
33.7326091782
33.7453563981
33.7631464313
33.7881458814
33.8051970072
33.8275727504
33.8318501212
33.8788080935
33.8842686812
33.8925520062
33.9016836481
33.914916594
33.9396145737
33.9674962376
34.0035453818
34.0135705868
34.0451004251
34.0911035128
34.1300056004
34.1524000719
34.2169658503
34.4143972747
34.4650456981
34.4709225413
34.5191730729
34.5314354426
34.5499673249
34.6169982095
34.6411150791
34.694481863
34.741690322
34.747763951
34.8154024795
34.8223529536
34.8286838155
34.8438035579
34.8504559212
34.8552496868
34.8796288295
34.8976216823
34.924061693
34.9403160782
34.9533688255
34.9600256516
34.9773270553
34.9875001195
34.9957549331
35.012013363
35.0346613164
35.0888162222
35.0974472654
35.2385741059
35.2658703184
35.2732300471
35.3295465067
35.3364160714
35.3429148589
35.3852756424
35.4035695564
35.4255959651
35.4381075324
35.4682696009
35.4921844257
35.5264929215
35.5305453284
35.5460340382
35.5737409211
35.6151201292
35.6713685586
35.694273668
35.7440238591
35.7597690546
35.8238602868
35.9129641268
35.9326938909
35.947892921
35.9980166185
36.0098409907
36.0137271312
36.021359493
36.0350504023
36.0784769602
36.0958379308
36.1080011111
36.1359665176
36.1431939212
36.1588843872
36.1648479882
36.1830024719
36.1879856343
36.1967080569
36.2097193727
36.2314570104
36.2412821128
36.2459112741
36.2652842264
36.2770994951
36.2885585126
36.3033277169
36.3095646435
36.3281504154
36.34308098
36.364197228
36.3813282053
36.3944550411
36.4085215354
36.478998399
36.5203086265
36.5879727118
36.5990548324
36.6315532225
36.6622166425
36.7019559041
36.714987476
36.7619032781
36.7953917103
36.8063299159
36.8245651216
36.8550717629
37.0079498036
37.053237649
37.0759104198
37.1906104614
37.1963329495
37.2036739339
37.2178151
37.2280239893
37.2629003438
37.3195094087
37.4059992463
37.4579095746
37.4647531115
37.4873327522
37.5852512379
37.6113425508
37.6249766898
37.6403930563
37.6440927007
37.6535992108
37.6668215494
37.6710566718
37.6812247647
37.7133967048
37.7183427164
37.7386973436
37.7435803943
37.7587220997
37.8017062113
37.8190973959
37.8460125922
37.8765323852
37.896014479
37.9296811321
37.9356602745
38.1104013733
38.1451149277
38.1604947845
38.1914103981
38.2182490391
38.2818728416
38.2964817188
38.3019845295
38.3819468341
38.4168661667
38.4223514764
38.4393172854
38.4456368996
38.4621473865
38.4791316552
38.6421998707
38.6578041895
38.6808275328
38.71065414
38.7193196054
38.7472357137
38.768154002
38.7890976883
38.7980169806
38.8332686693
38.8638852987
39.1856949963
39.2362083852
39.2821663071
39.6056434108
39.6173108742
39.6234660068
39.6282108467
39.6545538626
39.6580360588
39.6616624518
39.6801327904
39.695899318
39.7093385948
39.7298367714
39.7346841783
39.7402123219
39.7574743028
39.7841914518
39.8043597913
39.8133573009
39.8262244617
39.8539481336
39.8676662813
39.9002780351
39.9141241052
39.9422487941
39.9547136079
39.9598513975
40.0430668944
40.0662812128
40.1148550978
40.1360286496
40.1621671439
40.1974538022
40.2328674784
40.2547371949
40.3212620766
40.3435418843
40.4008262318
40.462268348
40.4743160344
40.6826958924
40.7283797498
40.7388505562
40.7638895648
40.8067245324
40.8659528882
40.8781267965
40.9008821527
40.9049937305
40.9325872897
40.9617448065
40.9751340958
40.9875688689
41.0008081809
41.0085025225
41.0250262866
41.0379236974
41.0426411421
41.0763882905
41.0816159348
41.1572480596
41.2174333034
41.2284896714
41.2484829054
41.2534984595
41.2762475783
41.3011053428
41.3341138922
41.3629990311
41.3976694409
41.4353307536
41.4704318102
41.5089072523
41.5335073519
41.5812028401
41.6451271882
41.6738028499
41.7117684744
41.7352677362
41.7569861562
41.7677387082
41.7876731213
41.8295027818
42.0126165978
42.0234310901
42.0382480598
42.0467552809
42.0789775881
43.2111249615
43.2297269978
43.238267618
43.2440030946
43.2567641756
43.2899999325
43.3056793026
43.3098588269
43.314270572
43.3202234196
43.3904665394
43.3987041627
43.4057455519
43.4127571829
43.4477376522
43.4637893313
43.4681999473
43.4819726786
43.4866980369
43.5931559736
43.6410718333
43.6834037344
43.7441330817
43.7540402114
43.837266574
43.8585951756
43.8691521423
43.8995524176
43.9250361689
43.9286581129
43.9672938791
43.9747868575
44.0207882601
44.0582644949
44.0712922866
44.1148039373
44.147131746
44.1693160137
44.1871502897
44.2482347512
44.3065087291
44.3407760062
44.4084233709
44.4228215951
44.4262507059
44.4370478792
44.4618550618
44.4698669787
44.495575957
44.5339018524
44.5394171248
44.5514295055
44.5562255458
44.5788834654
44.6008290713
44.6139546817
44.62266566
44.6548363388
44.6657734842
44.68120826
44.6864398953
44.7946175822
44.8212355629
44.8398276267
44.9204394076
44.9279013017
44.9435207304
44.9661519628
44.9746151067
44.9820732323
45.0159670079
45.0387501985
45.0461128321
45.1791726347
45.2000958415
45.2302477153
45.5799896256
45.5845345008
45.6065908986
45.6126903886
45.6195766671
45.6250921593
45.6328743127
45.6406947198
45.6561498667
45.6669005977
45.6764666928
45.6887473307
45.703243515
45.7199003244
45.7338935554
45.7460194932
45.7954779636
45.8017205629
45.8244464374
45.8363603453
45.8471185701
45.8547080724
45.9126606259
45.9298160247
45.9553588016
45.9734302479
45.9843108919
45.9971322306
46.0090627484
46.0142075565
46.0336001018
46.050163351
46.1969488785
46.2318535869
46.2503960825
46.267617934
46.3156725106
46.3358868018
46.3558952393
46.383812017
46.4116086977
46.4255499068
46.4479942304
46.4732585826
46.5110360817
46.5194328149
46.5290065584
46.5917621497
46.609834522
46.6591045595
46.6913802834
46.725586299
46.7374159314
46.7637677199
46.7983728257
46.8203562148
46.8250219448
46.8343006931
46.8583837017
46.9327586834
46.9392323603
46.9816549542
47.0043190744
47.0174714586
47.0269632116
47.0310085633
47.0494782161
47.0548426702
47.0731198829
47.0937833993
47.1184209883
47.1331897799
47.1525060079
47.1620558371
47.1830522822
47.2018553805
47.2368305903
47.2560746758
47.2644262185
47.2800079866
47.2886151678
47.2960739783
47.3259812224
47.3812275673
47.3997665674
47.4241374088
47.4357875206
47.4465203874
47.469170958
47.5575249068
47.6343245222
47.6435868526
47.7063534471
47.7279187639
47.7363874066
47.7874772254
47.7966265277
47.8253903584
47.8292549737
47.8611889565
47.8792439508
47.9079690166
48.0037144258
48.0082859194
48.0459719845
48.0579139773
48.0921805761
48.1018429722
48.1065826287
48.1238570934
48.1294618968
48.1550658766
48.1703695602
48.1810052517
48.1914663651
48.2222766127
48.2578362183
48.2702654172
48.2902314229
48.3055826516
48.3202281504
48.3526491694
48.3801911274
48.3929100774
48.4231027813
48.4512691132
48.4612103974
49.1592103535
49.1662715841
49.1700379861
49.2047341146
49.2147021473
49.2217837582
49.2289424015
49.2357857252
49.2648355187
49.3335578371
49.3528718842
49.3620443873
49.3726138433
49.3759659637
49.3826411147
49.3916912558
49.3957412857
49.4045851315
49.4147687994
49.4995095847
49.5132459593
49.5433469157
49.6033495251
49.6191550205
49.6351105229
49.6491449049
49.6817791919
49.7574258467
49.7698554641
49.7868500592
49.8098107225
49.8289423155
49.8437342508
49.8564207611
49.8933917681
49.9110194802
49.9280565022
49.9553217894
49.9671622906
49.986856698
50.0071615493
50.027245973
50.0416708132
50.0662416471
50.0928207831
50.1192634247
50.138846692
50.1852287122
50.2115515052
50.225731569
50.2620698167
50.2922862825
50.3139038288
50.3418744361
50.3588892623
50.4076549935
50.4205547691
50.4251870129
50.4375223691
50.448164854
50.4560381311
50.4669973547
50.4820071704
50.4932464585
50.4989705729
50.5050407934
50.5208916488
50.5261358545
50.5370303617
50.5628122161
50.5785057419
50.5940352549
50.6019147518
50.6097208353
50.6308339566
50.6412272324
50.6674861562
50.6800466995
50.6858486404
50.691423058
50.7025055561
50.7190000983
50.7331880851
50.7520479939
50.7585068472
50.7679837201
50.7766697573
50.8046902976
50.8147667427
50.8994585342
50.9611396736
50.9955267674
51.0289699829
51.0878290604
51.1398703741
51.2236689359
51.2347421466
51.2469727099
51.2622623443
51.2758231998
51.3603713228
51.3824055675
51.4071786975
51.4479512049
51.4583597537
51.6218801429
51.6312481023
51.6435237317
51.6489408709
51.6544258177
51.6633552339
51.6756180563
51.6836169269
51.7016819514
51.7568723626
51.7618382064
51.7671574444
51.7745129658
51.7825905513
51.7936574194
51.8047705581
52.5137432713
52.5292407852
52.5622754597
52.6767323692
52.6986518758
52.8121558287
52.8171687152
52.8330236256
52.8502280269
52.8551034201
52.8807987384
52.8913814207
52.8986608203
52.9057786589
52.9166127343
52.9205815669
53.0155922759
53.0242557826
53.0363389483
53.0447192571
53.0650162461
53.1184996078
53.2228030001
53.2557437987
53.2760697578
53.2905140485
53.3097258909
53.3252033685
53.5153045894
53.5287032705
53.5435694264
53.5535356094
53.5770061564
53.7276419452
53.8527021832
53.8916938476
53.9595273859
54.013758111
54.022347071
54.0359194736
54.0420676929
54.0687444608
54.0741199982
54.103219246
54.1150999
54.1596669166
54.189169981
54.2066252405
54.2250669891
54.24430108
54.2662758113
54.274536758
54.285489127
54.3107323431
54.3332790764
54.3579179419
54.3617119679
54.3651612101
54.5340554708
54.5480798271
54.5603403903
54.5825230733
54.5949824996
54.62796474
54.6721154413
54.6802336044
54.6987805779
54.742692052
54.966155343
55.0186613357
55.0412979587
55.0805871558
55.2224528707
55.2302797282
55.2373719504
55.2505537534
55.2667419435
55.3065968516
55.3228707761
55.3263514039
55.3456025327
55.3509361519
55.4513212461
55.4592820493
55.6543686818
55.6832905791
55.7147104138
55.7452679854
55.7551938355
55.7771556219
55.792634307
55.8310519626
55.8632038615
56.4130465442
56.4260777609
56.4444021048
56.4480785483
56.4553218489
56.466492096
56.4796199156
56.4993094956
56.5125665822
56.5291614505
56.5598114679
56.5987356696
56.6102058067
56.6189977329
56.625775191
56.6610051531
56.6776390073
56.6902036142
56.7114850897
56.7156971297
56.7929984563
56.8242297221
56.8305307632
56.857136675
56.8766216288
56.8826537341
56.8896447355
56.9227419927
56.9481429213
56.9860410028
57.0334004032
57.138119875
57.1610990049
57.1892809307
57.1972983395
57.2101415465
57.2476494712
57.2706643582
57.3176357274
57.4610561547
57.5151147648
57.5384028261
57.5779217773
57.5823263502
57.5999697953
57.6085345496
57.6121626195
57.6206287351
57.6420001946
57.655552543
57.6597272861
57.6636858813
57.7172753484
57.7316751209
57.743056846
57.7540031338
57.7706574889
57.7825517907
57.7943671423
57.8034410353
57.8446781771
57.8553705803
57.9099539958
57.9308116603
57.9534639855
57.9764753198
57.980003816
58.0079043136
58.0184404936
58.0298700693
58.0597116501
58.0726207461
58.0922462985
58.134019566
58.1710214315
58.1750831457
58.1975441214
58.2183247617
58.2533543064
58.2827143792
58.2961920996
58.3075588038
58.353866619
58.3580016452
58.37715745
58.4026071678
58.4410375142
58.4546258904
58.5163133362
58.5402860247
58.5771826149
58.6193988618
58.7289968567
58.7480949377
58.813635614
58.8212740722
58.8336704454
58.8391033923
58.8478633332
58.8584911439
58.862845722
58.9042034664
58.9195416081
58.9265994977
58.9394085078
58.9561692702
58.9670503493
58.971595532
58.9874944573
59.0010520768
59.0161343623
59.0371256279
59.0495491352
59.0551658624
59.0778914797
59.0923606162
59.1013527086
59.1238505264
59.1457959685
59.1612604715
59.1759312765
59.1994314409
59.2147423498
59.2199723901
59.2385345304
59.2507092288
59.2622477864
59.2694916665
59.2850619425
59.2957682532
59.3168187067
59.3330201939
59.3376985149
59.3716754271
59.3885288627
59.4310704496
59.4609273914
59.4764477035
59.4865555563
59.5065261716
59.5275914968
59.5343906413
59.5546765319
59.582615837
59.6095552803
59.66438082
59.6849301871
59.7108776687
59.775247993
59.8166683466
59.8280389424
59.8490765326
60.0137864186
60.0185100969
60.0345227933
60.0380664463
60.0525050439
60.0721531225
60.0923441502
60.1038170402
60.1244617786
60.1280841391
60.1333776319
60.1585487553
60.1683602775
60.2269014654
60.2597541108
60.2671577955
60.2838065432
60.3023390638
60.3094784299
60.3163271023
60.332448357
60.3654876162
60.3900222333
60.417622737
60.4321358676
60.4785328437
60.5080949696
60.5204095106
60.5453099272
60.5662298492
60.6058697531
60.620611496
60.6331164604
60.6516649797
60.6925163646
60.7482946091
60.7663612745
60.7921850483
60.8375481897
60.8516981109
60.8920788825
60.9033726214
60.9337963885
60.9466173672
60.9803630093
61.0119736769
61.0566855773
61.0858533933
61.110029407
61.1193425054
61.1770643321
61.207488431
61.2119798857
61.2179128347
61.2227406089
61.2294610174
61.2455373479
61.2757541513
61.2940368567
61.29976424
61.3072409804
61.3210464874
61.3331277084
61.3386653464
61.3604939989
61.3716075438
61.386765861
61.4005960523
61.4093691018
61.4197802285
61.4275855695
61.5530910515
61.5702510177
61.5747050222
61.5933062273
61.6056386029
61.6246054568
61.6979595267
61.7121018318
61.7434517341
61.7747511904
61.7957312042
61.8111273446
61.8329468206
61.8567660221
61.8892622659
61.9197077864
61.9636957221
61.9855918441
62.0396714127
62.0755426914
62.2767140958
62.3569209636
62.3767108449
62.391941497
62.4073909853
62.4186254445
62.4316853027
62.4428836341
62.4510726076
62.4643992396
62.4822783923
62.5013361451
62.5091578971
62.5279920934
62.5349678997
62.5439385523
62.5479574817
62.5532642218
62.5731240288
62.5817113976
62.9120576271
62.9208444776
62.9375291094
62.9953145424
63.0382203212
63.0725809427
63.089921947
63.099862311
63.1052315854
63.1162556156
63.1259092458
63.1963325623
63.2296031968
63.2482025896
63.2519782973
63.2768653935
63.2824200773
63.3482548216
63.3765834132
63.522155513
63.5471356821
63.5576791613
63.5964370666
63.6237950266
63.6512237862
63.6614636511
63.7114993961
63.730232866
63.7412694196
63.7924514523
63.8819846448
63.9028226895
63.9414969748
64.3521826642
64.3909752259
64.4281872037
64.4430292829
64.4658349998
64.4899183526
64.5200278419
64.5437246689
64.5813775373
64.6010577617
64.6317796295
64.6515840559
64.6824730568
64.7306401344
64.755785469
64.7642062885
64.7682265324
64.804984712
64.8105868217
64.8162701308
64.87458
64.8816144269
64.8860587681
64.9074948608
64.9242687736
64.9284650482
64.9442703656
64.9747083247
64.9841230191
65.0043202999
65.0157515575
65.0292666368
65.0500831134
65.0599937071
65.0806440259
65.0911880532
65.0994400741
65.1231114933
65.1411675884
65.1621286474
65.1716996739
65.2109788488
65.2264775579
65.234222137
65.3037603866
65.3920847394
65.4306421215
65.4529757874
65.4627112118
65.4850087698
65.5230872523
65.5552883322
65.5662124881
65.5921025936
65.6369458432
65.6408580082
65.6551850016
65.7101685546
65.7446944979
65.7636984032
65.7817254042
65.8334052636
65.8424238186
65.8657310086
65.8771889572
65.8962065491
65.9335191952
65.9451581571
65.9964186219
66.0047398613
66.0177088255
66.0245887278
66.0362664296
66.0413848538
66.0467650781
66.0515490968
66.0620265242
66.0746020697
66.155994227
66.1902748471
66.2105994904
66.2216921186
66.2756778535
66.2807125534
66.3007063923
66.3307206908
66.3563621704
66.3806561953
66.4005946387
66.4083695999
66.4583731553
66.4772957726
66.6380941021
66.721271635
66.8160620081
66.8213463221
66.8537638969
66.870286081
66.9212777374
66.9671823013
67.0639259426
67.0853092947
67.1896324904
67.2096815981
67.2288266338
67.234276813
67.2383917245
67.2475034929
67.2630599123
67.2723427397
67.2838334441
67.2988260688
67.3076430292
67.3534922908
67.3701022088
67.4235873602
67.4771520493
67.4875863269
67.4988112989
67.5073475651
67.5259709714
67.6226907225
67.6396105989
67.6492456147
67.6729635168
67.7074183324
67.746637246
67.7761765873
67.7875422682
67.8202080797
67.8885399243
67.8923584116
67.9033975884
68.0485539222
68.0948133722
68.1132476395
68.137541851
68.161590042
68.2024745349
68.206427947
68.2135615245
68.2428685101
68.2586679571
68.3404013314
68.3833542991
68.4081270651
68.4128867238
68.4342919699
68.6955056399
68.7262200239
68.7373370949
68.742726623
68.7606461124
68.7712716626
68.7812842504
68.818481371
68.8436837454
68.9117715178
68.9358972088
68.9531431954
68.9691980072
68.9815419799
69.0698440452
69.0754827967
69.1403061041
69.3722166568
69.4035173693
69.4351759282
69.4747871608
69.4999299337
69.5202911213
69.5378186249
69.5577542771
69.5844462336
69.6119260075
69.6276389723
69.6319487686
69.6376149989
69.6423677751
69.6834392436
69.6904753385
69.7035759613
69.7132264675
69.7273493363
69.7420310264
69.762473087
69.7810882102
69.7977884932
69.8083448276
69.8164823966
69.8335355607
69.8402152452
69.854546749
69.8849550817
69.9043562399
69.9181021067
69.9352541138
69.9645746682
69.9711315464
69.9957044742
70.0158569798
70.0558819784
70.0705548648
70.1080401743
70.2172037044
70.2252651924
70.2334298262
70.2630215021
70.2729270167
70.3038953038
70.3419706323
70.372023273
70.3948899962
70.4363400374
70.8179118436
70.8305167381
70.8358591444
70.8489201412
70.8665377985
70.877606026
70.8904617187
70.9037087312
70.9313979531
70.959896427
70.9667797028
70.9777015351
70.987834461
70.992021623
71.0118295444
71.0222603305
71.0534649929
71.0699786633
71.0833024041
71.0990472287
71.1093639527
71.113388836
71.1233757453
71.1376799871
71.171316596
71.1781200633
71.2466745562
71.2652522122
71.2835306374
71.3007124107
71.3190116497
71.3282330639
71.3482948835
71.3549534769
71.3929090095
71.4040409364
71.4157012157
71.5387426147
71.5567391344
71.5806062893
71.6149366321
71.648723869
71.7102710239
71.7158650249
71.7267787431
71.7371394321
71.7434722868
72.0051919259
72.0131283806
72.0185149075
72.1678374444
72.1737495329
72.1899185027
72.209198351
72.2214838293
72.239295381
72.2601871469
72.2831630127
72.293273513
72.303545459
72.325376887
72.3434924197
72.3538318164
72.4409335912
72.4478810312
72.4815918402
72.4908950012
72.5054901502
72.5246083091
72.5490148403
72.6338403129
73.1096992931
73.1325386625
73.1371451316
73.1802690549
73.216728126
73.2576001514
73.2648319642
73.3100462942
73.3253595697
73.3925181083
73.3984189278
73.4147515692
73.4469086638
73.4597968128
73.4833443364
73.5156680546
73.5315014702
73.5557446965
73.5679546179
73.5743788942
73.5812138441
73.5853690876
73.5932075344
73.6080745488
73.6214304534
73.6424772419
73.6611718912
73.6865462406
73.6993662398
73.7215497543
73.7330225585
73.7625514118
73.809269539
73.844828857
73.8650674644
73.877127519
73.9032382246
73.9418875998
73.9664661624
73.9800921112
73.9855015073
74.0306179908
74.0547355945
74.0582883559
74.0937825316
74.1633220856
74.2057750112
74.2423562108
74.2661505334
74.2726006288
74.2976618376
74.3475909883
74.3782988798
74.4047213159
74.4329452118
74.4367591337
74.4584593536
74.462259114
74.4675376264
74.575423963
74.589438733
74.599151813
74.6081598221
74.6120779513
74.6240070624
74.6377457094
74.6562654921
74.6670335588
74.6800832222
74.7030566062
74.7213191663
74.7497368933
74.7544346592
74.7588514749
74.8476368648
74.8677554051
74.9035642983
74.9420231807
74.9682752603
74.9888695139
74.9990407506
75.0182514438
75.0314364755
75.0432853031
75.0500901744
75.0910521412
75.1200462448
75.1821899537
75.2373648562
75.2827011388
75.3003477352
75.3266289496
75.348647489
75.3704279935
75.3876161411
75.4273757051
75.4627525281
75.5030116037
75.545903592
75.5513214944
75.614965876
75.6338033231
75.6626546928
75.6704726871
75.6790129816
75.6910269864
75.6967267831
75.7012916086
75.7103140569
75.7241426595
75.7366988569
75.7444591115
75.7507464224
75.7632761914
75.7744280784
75.7845174694
75.8128486518
75.8203673896
75.8311992658
75.8870144046
75.9077217548
75.9239871222
75.9413335792
75.9613239511
75.9766771277
75.9862504178
76.0220534645
76.0420029783
76.0596072346
76.0771159315
76.1243801427
76.1369399921
76.1590229404
76.1671755206
76.1994555667
76.2036338845
76.224925128
76.2380804928
76.252952654
76.2742285779
76.2837429265
76.2988226174
76.3152631898
76.3406918557
76.361759532
76.3688891364
76.3864205091
76.4285003997
76.4517664971
76.4948775918
76.5351422016
76.5535283606
76.6409923431
76.675315258
76.6821190356
76.7259299527
76.7476333427
76.7525495137
76.8140966703
76.8202658039
76.8317676081
76.8352103679
76.8467281611
76.8519310794
76.8638287409
76.8971936113
76.918616045
76.9322163516
76.9467277291
76.9658399761
76.975191061
76.9816552527
76.9983706288
77.0166709484
77.0301422808
77.036794857
77.0460863796
77.1013713493
77.121073421
77.1255182539
77.1596174192
77.1736004465
77.1921705073
77.2192664627
77.2355910556
77.2520191896
77.261725072
77.2946083632
77.3128737568
77.3179682935
77.3522998218
77.3575882402
77.3703293578
77.3874517001
77.3962955934
77.4338938006
77.4400141227
77.4562352559
77.4676689948
77.5567353754
77.5778018049
77.584217546
77.6101550864
77.6946033366
77.7371275487
77.7615749252
77.7948609467
77.7998830153
77.822303495
77.8282503344
77.8516064172
77.9331717284
77.9377091187
77.9859614846
2359
