6.01026588612
6.01653402087
6.02979950923
6.04158787154
6.11307517934
6.12739779928
6.14182289163
6.15040454962
6.20702874128
6.21425451891
6.23466537198
6.25002617962
6.41707299929
6.43200960716
6.43655797564
6.45404204664
6.47164801554
6.48839334315
6.4987524792
6.50937828722
6.52740817755
6.54540065749
6.69732571315
6.70769964604
7.20632851635
7.23270528272
7.92011325626
7.96019471009
7.97398830675
8.00257024801
8.01998763315
8.04805005586
8.07379145767
8.14345735817
8.16812100061
8.21595539499
8.27987410191
8.32785503089
8.38855588615
8.41550156267
8.42378486531
8.4482555985
8.45523168228
8.46981979151
8.47799509915
8.48728887704
8.49087248396
8.49920191403
8.52190360915
8.53819901544
8.57686445964
8.5811070734
8.61284525069
8.78318543372
8.80537386429
8.81627664315
8.84150965326
9.18688748198
9.21133767752
9.21504413817
9.25340231068
9.26659812062
9.30500584542
9.41335245888
9.51933361865
9.53990592488
9.56004221576
9.60448300675
9.62023426325
9.62751904895
9.64584974542
9.6676728513
9.68399664489
9.70102865217
9.711943081
9.7349426442
9.74866718383
9.76797623589
9.777663082
9.78379001093
9.84009687118
9.86884459766
9.88062543266
9.89603691202
9.91271370171
9.94065324275
9.95435944916
9.9786942275
9.99893495907
10.238154601
10.2530668765
10.3172432252
10.3249900987
10.3367170897
10.3682586304
10.3910933847
10.4747344187
10.5128621759
10.6494030405
10.8100831383
10.8247451467
10.8315037539
10.8477169412
10.8585464736
10.8679886109
10.9078818231
10.9291486325
10.9591840671
10.9675853203
10.9741033005
10.9835717874
10.9905750677
11.0064609649
11.7026134317
11.7470793269
11.7904353419
11.7941982808
11.8478078152
11.8595574066
11.8690436224
11.9335494494
11.9700170706
12.0160596013
12.0225742274
12.0459070272
12.0493574546
12.0654254343
12.0847321223
12.1053840766
12.1093759115
12.1181118443
12.1319225262
12.1460520036
12.149941998
12.1730316519
12.1855172103
12.1916948402
12.2086204635
12.2253892734
12.2444808698
12.3373226719
12.3449267825
12.360821191
12.3801933476
12.4037457052
12.4214843337
12.4340010847
12.4461253055
12.4596182229
12.4715144675
12.5110898394
12.5631928812
12.5936472479
12.6082714273
12.6371424454
12.8019174201
12.8329649325
12.9834583017
13.0145195449
13.0596405282
13.1319274035
13.2258925381
13.2347030664
13.2410558806
13.2596079416
13.2748870197
13.3009878559
13.3079734961
13.3174139666
13.3228491986
13.3672895548
13.3770906655
13.4051837942
13.4090356315
13.4187239537
13.4286577839
13.4460366966
13.4558612567
13.4666980315
14.1501304735
14.2038828668
14.232285282
14.2417475765
14.2746559554
14.3262170293
14.3449042153
14.4188491357
14.4384322921
14.4503228566
14.4548545728
14.4755980752
14.4895976202
14.4958452509
14.5142934401
14.5920189615
14.6015476656
14.616522964
14.6508571162
14.6901595606
14.7014669368
14.7530143833
14.7736780698
14.7937655208
14.8093959386
14.8219941662
14.8482295355
14.8738296728
14.8867212849
14.9223950283
14.9598259398
14.9767355484
14.9876877436
15.0101085884
15.0301002484
15.0544718725
15.0948205259
15.1200093667
15.1792639503
15.1913619708
15.2394562984
15.5304653299
15.5632940906
15.606183115
15.613067375
15.6356545634
15.643844363
15.703132565
15.7210684055
15.7280050415
15.7364775906
15.7690010802
15.8042950044
15.8220231469
15.8447035619
15.8561877725
15.8603175194
15.9040003568
15.9355240247
15.9628830868
15.98649579
16.0081608172
16.0165340417
16.0518386151
16.0837664226
16.1099361512
16.1349987428
16.1580670291
16.1681588632
16.1720131811
16.175424749
16.2771149276
16.2837293148
16.3139235383
16.3511586422
16.3653293053
16.3825984122
16.4362316418
16.4688714075
16.4725025353
16.4897092336
16.8071480198
16.8181677041
16.8272924478
16.8501197503
16.8566991171
16.8906590821
16.9010149171
16.944444692
16.9582005881
16.9670361994
16.9986975667
17.0033060137
17.09593419
17.1137411196
17.1516315399
17.1718002923
17.1973139673
17.238583103
17.2503909813
17.2657100095
17.2712650909
17.2929480981
17.3280619303
17.3440358752
17.361310154
17.3907171829
17.4103862838
17.4260796766
17.429647551
17.4465586335
17.4860122064
17.507290087
17.5118893388
17.5221898826
17.5950106614
17.6859661972
17.7155399403
17.7316538032
18.0176920733
18.0361733934
18.0491388877
18.0695159895
18.0882535043
18.1012535252
18.118311113
18.1407245414
18.1535336771
18.1624791395
18.1894287235
18.2029096515
18.2686536919
18.2923429457
18.3120168075
18.3271777431
18.3400314363
18.3478242992
18.3696921822
18.4034331088
18.4349493851
18.4546350544
18.4784983953
18.5175266329
18.5332795915
18.5371512584
18.6323829551
18.6565580367
18.7001338158
18.7439926591
18.7598772629
18.7772529921
18.7886546259
18.8156846422
18.875780084
18.8858009225
18.9052210577
19.0774579886
19.1214887638
19.1482626008
19.2120684153
19.2245045376
19.2406237577
19.2512926913
19.2688505355
19.3355115819
19.3902818648
19.3995283361
19.4196259051
19.4585555847
19.4689472932
20.408385157
20.417826751
20.4241224597
20.4374188414
20.450393897
20.4638927117
20.4829689615
20.4982605208
20.5080513529
20.555020279
20.5643128624
20.6038504154
21.0388001405
21.079197929
21.1311328037
21.1502753262
21.1882583019
21.2116108912
21.2212713049
21.2439172808
21.2628643328
21.2697542763
21.2794964159
21.291613781
21.3247672597
21.3894421897
21.44204874
21.4755503625
21.4804065281
21.5301095649
21.5484063512
21.5714048712
21.6156415923
21.6249210131
21.636320001
21.6586461806
21.7061904067
21.7156019111
21.7232139339
21.7330765218
21.7533954991
21.7672314832
21.7926949576
21.8190812858
21.8351543015
21.8544672232
21.8620520822
21.8989232716
21.9187487061
21.9291351241
21.9465950506
21.9892343821
22.0261374793
22.0436447381
22.0757106508
22.0877487857
22.0970743505
22.1262150934
22.2644690433
22.3280884181
22.3416402192
22.3600902537
22.3644523918
22.380931441
22.4201683194
22.4825662989
22.5304993835
22.5739850401
22.5871758523
22.6174754708
22.6634359027
22.7218348816
22.8097116588
22.876250058
22.881433358
22.9238892228
22.9496783883
22.9569716128
22.9664649089
22.9779265096
22.9905742493
23.0598805634
23.064983115
23.1281694566
23.1428695147
23.1557053768
23.2694039241
23.2836091786
23.302771766
23.343656288
23.3554805346
23.3766092041
23.3833693545
23.4184321285
23.4452223683
23.4807826031
23.5026088503
23.5173129396
23.5329239181
23.5452433388
23.5692158697
23.604243614
23.6383216399
23.6795679561
23.6879792246
23.7392001872
23.8060158724
23.9111851168
23.9682463239
23.9993192094
24.0176302585
24.0268684702
24.0607188094
24.0771452611
24.0858815256
24.108067969
24.1189381966
24.1387531488
24.1536435434
24.1734594509
24.206198306
24.2098035861
24.2230697683
24.2315524397
24.2480829051
24.2706750401
24.6372561448
24.6527721028
24.6712881385
24.6819365052
24.685609248
24.6993344223
24.7445109823
24.7607522284
24.8916255068
24.8974792622
24.9197227438
24.943179658
24.9507973008
25.0588073162
25.1480954311
25.1647030104
25.2103588826
25.2303991653
25.2384423298
25.2606867033
25.2852290054
25.3376624605
25.3710478611
25.3914138156
25.3994723709
25.4173177132
25.4321813996
25.4487461891
25.4527675768
25.4742991877
25.5014688991
25.5138964174
25.5264681524
25.5318458058
25.5484315867
25.5630576291
25.5805208731
25.6091854034
25.6156962052
25.6289730304
25.6769960376
25.6980619681
25.7389660796
25.7431855144
25.7544114407
25.7707255837
25.7924482804
25.8174151783
25.8446656942
25.8627374899
25.8984237864
25.9372156078
25.9578250368
26.0021489023
26.0645742131
26.1054184046
26.1106200072
26.1451751209
26.1537530125
26.1747039916
26.1795590276
26.2031424831
26.2804405372
26.3294502343
26.3641774707
26.3908286403
26.4158894668
26.4281185264
26.4325370354
26.446810546
26.455960613
26.4708415218
26.4875950927
26.4990686237
26.5036542249
26.517122597
26.5312359486
26.5524885148
26.5718923577
26.7568112677
26.7661958669
26.7757317744
26.7867075974
26.8068556197
26.8150290067
26.8328463209
26.8738603028
26.8966764758
26.9130574058
26.930908327
26.9458191591
26.9752108298
26.9934543666
27.0507980721
27.0924479475
27.1018166246
27.1296304627
27.1451346484
27.1723066216
27.1779664873
27.19703389
27.2129681739
27.4812558532
27.4952459772
27.5277402072
27.5606275543
27.6104523955
27.6221129861
27.6409810699
27.6488271004
27.6664661069
27.6724924982
27.6855417308
27.6900985454
27.6949808294
27.7162733944
27.7307349772
27.7375208456
27.9296856002
27.9544273075
27.974732419
27.9907034864
28.0178160283
28.0391908026
28.0539365193
28.0762140414
28.1083571644
28.1371170441
28.1475645469
28.2268142865
28.2430451269
28.2558804389
28.2752375503
28.3011981379
28.3260148085
28.3396352903
28.3842982081
28.429962403
28.434608874
28.4631563657
28.512803435
28.566714282
28.614716748
28.6375461947
28.6441972399
28.7169508152
28.7251319975
28.7423163331
28.7665717069
28.7885498797
28.8074305501
28.8126811772
28.8161186851
28.827052526
28.8370990365
28.849571402
28.8621943715
28.9014000982
28.9495084148
28.9706400232
28.9947550747
29.0093035855
29.0232795517
29.0388858256
29.0514239853
29.0830802185
29.0883250923
29.1148647779
29.1229007132
29.1489113981
29.193473855
29.2132408221
29.2309591604
29.260619875
29.2797223939
29.2946683823
29.3171683458
29.335417395
29.6400829035
29.6789280406
29.7136027237
29.7735195989
29.8050575235
29.8153343575
29.9500865242
29.9717613626
29.9854434271
30.020880949
30.0339225038
30.0472666738
30.1129729128
30.1226149601
30.1459926991
30.1537877389
30.1666599759
30.1780806953
30.2063106007
30.2485358804
30.2569477645
30.2667724383
30.2752623715
30.3130023699
30.3198756411
30.3436080102
30.3538251877
30.3767192317
30.3994517021
30.4071318823
30.4651360404
30.4876046431
31.1998942972
31.2495043984
31.2649750952
31.2797851977
31.286185029
31.3300506797
31.3375885768
31.3462796187
31.3668062589
31.3774768036
31.3865556388
31.4337628966
31.4573482511
31.4650800322
31.4798370813
31.5005195288
31.5199108593
31.5421428799
31.5564729784
31.5842030537
31.5988266462
31.6123127793
31.6761501761
31.7041179591
31.7618210593
31.7886678253
31.8173464897
31.8279615853
31.8459295026
31.8668520825
32.404673279
32.4168648928
32.4403312779
32.4584988603
32.4879506109
32.4991080345
32.5116908648
32.5206388186
32.5366662799
32.5416758984
32.5549407995
32.5890039661
32.6586935484
32.6648868057
32.6709796205
32.6947799236
32.7122421462
32.7320143144
32.7534787449
32.7868928934
32.8010531561
32.8244124471
32.8453263635
32.8678187464
32.9346803553
32.99076573
33.0335593942
33.0805172653
33.0956888688
33.1252182999
33.1710541435
33.1836931131
33.205347106
33.2472695838
33.2609369377
33.3101359422
33.4593148709
33.4760058134
33.5009483452
33.5183833587
33.6043361149
33.6094815863
33.6263812256
33.63963215
33.6506553517
33.6549132976
33.6702208609
33.6771471983
33.6823326536
33.6953508715
33.7077975879
33.7114433487
33.7170174292
33.7229941528
33.7336341684
33.7391409817
33.7455438335
33.7655668598
33.7906732746
33.8037367854
33.8122320609
33.8300968131
33.8502042013
33.867224354
33.8724790594
33.8830070792
33.9013987832
33.9073766692
33.9282905098
33.9492339924
34.0500096954
34.2268971579
34.2443901724
34.2674560673
34.2732056901
34.3049056491
34.3811199361
34.4761798795
34.5521528174
34.5762808966
34.6276034959
34.6580938604
34.7086178224
34.7532111229
34.776645802
34.8372226748
34.8466068851
34.8543624086
34.8734741964
34.8824097599
34.8907111936
34.896222525
34.9043635312
34.9516396571
34.9688209429
34.9838094318
34.9965037636
35.0028982934
35.0122440399
35.0367411212
35.0584728207
35.065316156
35.0763165646
35.0819754301
35.1040660794
35.1281025653
35.1487307215
35.1835725923
35.2180370376
35.2311085786
35.2356579764
35.2402645034
35.2569918628
35.2611133382
35.2991247926
35.3722378864
35.3827014685
35.4006175106
35.4072239216
35.5071347936
35.5212248191
35.554025807
35.5701423149
35.6215014527
35.9336035284
35.9939148661
36.0190201345
36.0300376453
36.0621396626
36.0773216116
36.085594235
36.1014673109
36.1086163749
36.1158028451
36.1366289656
36.1412269911
36.166975249
36.1796673764
36.1852367172
36.1944573864
36.2061388367
36.2131654637
36.2264130565
36.243651958
36.2642926872
36.5258667018
36.5616006485
36.580522418
36.5946646162
36.6301037532
36.6637159445
36.6859794693
36.6959019779
36.7113073145
36.7397295922
36.7735613757
36.7937523764
36.8240204285
36.8440645301
36.8625578734
36.9348583683
36.9816010001
37.0175768432
37.0542391399
37.0864479845
37.1445029448
37.1495165158
37.1746400328
37.2635679625
37.2730371064
37.2769383064
37.2963822509
37.3007135964
37.3301219059
37.3502360141
37.35565806
37.3677960168
37.4854854277
37.531604346
37.5418300988
37.549522258
37.5578203901
37.5699604913
37.5754486562
37.5971881867
37.6263296333
37.6553410524
37.662749748
37.6816922905
37.6922979283
37.745789828
37.7830002541
37.8093768067
37.818262897
37.8231001768
37.8640109897
37.8750809833
37.9145417004
37.9336105575
37.9567217563
38.0053886543
38.0451734035
38.0695907359
38.0793020111
38.1028242159
38.1489927343
38.1701664588
38.2619097269
38.287048327
38.3327945571
38.3675549455
38.4091824977
38.4184578669
38.4380628503
38.4515589818
38.4585955947
38.4661878934
38.4714721573
38.4946201772
38.5113595238
38.5156818738
38.529123917
38.5393809325
38.5990367373
38.6097441525
38.6361741235
38.6681041487
38.745600101
38.7714227195
38.7796134473
38.8128770943
38.8241594569
38.8417245578
38.857931241
38.8924267755
38.9786767241
39.0761157131
39.0998265456
39.1403159505
39.2392834865
39.6304940486
39.6492335151
39.6532107264
39.8722530698
39.8779932691
39.883540056
39.9185631533
39.9511511427
39.9770054729
40.0132559676
40.031340407
40.0485852467
40.0765306937
40.1302490602
40.1358158294
40.2426304754
40.2543830962
40.3009662843
40.3059725594
40.4217400979
40.433432611
40.4589264951
40.4882062156
40.5035164555
40.5522336071
40.5871994385
40.6050835123
40.7298945429
40.8052099751
40.8093536493
40.831934278
40.8384800819
40.8576379941
40.8713667271
40.8790296361
40.8869387754
40.8971270412
40.9129066463
40.9203328197
40.9624129957
40.9852297322
41.0000126581
41.0180448133
41.0296953029
41.1270733083
41.1436316794
41.151913323
41.1567143587
41.2145080875
41.2231527463
41.2328034881
41.2483331991
41.2631712823
41.3379889585
41.3524302718
41.3782087962
41.4137089766
41.4263218094
41.5202403281
41.5612654976
41.5792441043
41.6205650529
41.7049594
41.7304589637
42.0214896326
42.029084795
42.0333506322
42.0367023017
42.0417519701
42.0501962347
42.0586580923
42.0733129277
42.1725060415
42.1768258398
42.196393477
42.2301800237
42.2444266226
42.2620569699
42.2828084357
42.2973490059
42.3189249605
42.326910921
42.336207434
42.3438613759
42.3569204918
42.3618918807
42.3724127573
42.3857670508
42.4034889239
42.4096689557
42.4233846262
42.4345604952
42.448250116
42.4541642468
42.4689554414
42.4828134184
42.4941471427
42.5143156669
42.5251822043
42.5733968189
42.7654886856
42.815798776
42.8254761575
42.8409712599
42.8585407631
42.886600938
42.9023538965
42.9297296772
43.0380636231
43.0738621599
43.0938510548
43.1197041446
43.1599801963
43.2096440229
43.2173943853
43.2329444205
43.2386745508
43.2503756834
43.2795825116
43.290765526
43.2990882875
43.3604074989
43.3789199138
43.3988342805
43.4122740265
43.4400758189
43.4589991739
43.4698950641
43.4770544301
43.4937751757
43.497505978
43.5136267879
43.520932996
43.545516789
43.553682483
43.5652052497
43.7165036358
43.722146547
43.7505814593
43.7704870051
43.795832114
43.8215294319
43.8435924762
43.8696293361
43.8791769186
43.8987694516
43.9123324615
43.9419072997
44.4126860169
44.4231545692
44.4282123939
44.4384599798
44.4434782216
44.4469937131
44.4582290128
44.4655816272
44.4734793994
44.4832457391
44.5163945583
44.5331256935
44.5408455182
44.5611244084
44.5708505287
44.5796096911
44.5873362838
44.6010227314
44.616676099
44.6388318466
44.6522896984
44.6783867381
44.6881165247
44.693818451
44.7197202703
44.7365082539
44.7577726477
44.7742775691
44.8052729725
44.8276271272
44.8512420045
44.8763356021
44.8954714447
44.940756733
44.9645383177
45.0147653643
45.02916614
45.0380090233
45.0476435946
45.0586619803
45.1582658253
45.1940842266
45.2030830212
45.22055758
45.2481325759
45.2796614739
45.3108718448
45.3465376086
45.4891771462
45.574107642
45.6085784764
45.6203542329
45.6375779814
45.6463544592
45.6551325435
45.7403616836
45.7528558723
45.7671391722
45.7995985053
45.8190275978
45.8413317018
45.8868375268
45.9046489294
45.9260433704
45.9401660622
45.9764805575
46.0038324698
46.0717793346
46.0865943186
46.0992805307
46.2605702535
46.3064368881
46.3304918208
46.3796873292
46.8378258373
46.8508274011
46.8610396837
46.8701041676
46.8807923184
46.8865464193
46.9629898116
46.9999727889
47.0102907402
47.175981495
47.1876732017
47.2153944511
47.2205155717
47.246148042
47.2720464661
47.2811626682
47.2926037768
47.2969331128
47.3318094601
47.3542504701
48.0098425318
48.0177044597
48.0228990922
48.0335155365
48.050873594
48.0594066534
48.0705327289
48.0802537492
48.0836925795
48.0984946542
48.1059195294
48.1215839081
48.134259894
48.1542622025
48.1664963131
48.1799611397
48.1925456015
48.2017992939
48.2063766754
48.216414627
48.2324447686
48.2636903147
48.278653274
48.2883041626
48.3868385131
48.3921551372
48.3997409424
48.4041710503
48.4160458108
48.4222914305
48.4314000463
48.4553629911
48.4967389023
48.5132291907
48.5382381635
48.5571011244
48.5707968497
48.5908029987
48.6230088009
48.6609852557
48.6843229035
48.7570777971
48.7604558312
48.7887428488
48.7937278281
48.8622441437
48.9086859072
48.923702305
49.0574962848
49.0949249741
49.1133827812
49.1673678495
49.205580503
49.2103877534
49.2204524411
49.2410589807
49.2455393817
49.2569180998
49.3101293114
49.3832158118
49.3958726553
49.4040265252
49.4349576076
49.4506236527
49.457606464
49.4652287235
49.4837321796
49.5035172943
49.5158996285
49.5297399411
49.5431163598
49.5631759241
49.5815551432
49.5933848295
49.5979081056
49.6075975229
49.6298961124
49.6511630419
49.6949275048
49.7582292084
49.773209256
49.7880945401
49.8152058971
49.8441917685
49.8624918669
49.878292609
49.898628675
49.922893515
50.0630729102
50.0740985894
50.0951388249
50.1467410222
50.1893963597
50.205598372
50.2175577528
50.2768786641
50.2863299602
50.33321156
50.370635333
50.3923810451
50.4054487371
50.4209831544
50.4269025533
50.4381190743
50.4504395259
51.6083271448
51.6390257104
51.6487161628
51.6551876818
51.663190083
51.673088997
51.6841119773
51.6987657396
51.7043032607
51.7078974027
51.7146441497
51.738614425
51.7484882272
51.7644566915
51.7758658358
51.7831614349
51.7986683754
51.809663799
51.8399328285
51.8537957682
51.8689139139
51.8822251915
52.8079916582
52.8222053349
52.8259777185
52.8317376572
52.8502123797
52.906572714
52.9311069559
52.9551397
52.966491036
52.9943294683
53.0050947571
53.0187793956
53.0365350998
53.1017400011
53.1077171434
53.1120847856
53.125863944
53.1389652193
53.1436742363
53.1545133347
53.1718694857
53.2961394206
53.3138451634
53.3369597828
53.3489380972
53.3559696834
53.3851326403
53.4088249295
53.4227780503
53.443398175
53.4810291314
53.50787077
53.5674632114
53.5976068155
53.6400798044
53.664681649
53.6909476822
53.7219380296
53.7499308966
54.0076372375
54.022836687
54.0339033849
54.0437051872
54.0570410746
54.0694475819
54.0799498773
54.0834830446
54.0984318662
54.1031709324
54.123876661
54.1489764436
54.1566539227
54.2557016825
54.2661153713
54.2822794319
55.2158089248
55.224581849
55.2301192998
55.2411160108
55.2554805662
55.2652889928
55.2746358227
55.3120239356
55.5366589532
55.5456788267
55.5540145684
55.5744985906
55.6292488106
55.6551621768
55.6846988951
55.7188730475
55.7397759425
55.7745432962
55.803235387
55.8145335356
55.8435171541
55.8761859972
55.9002424052
55.9209785824
55.9277111377
55.9401899268
55.9782452298
55.9824105449
55.9887874136
56.0311073863
56.0428945504
56.0890161308
56.1331880189
56.1632089446
56.1888529315
56.2123877127
56.2696062987
56.2949486597
56.3031784783
56.3212199647
56.3287483476
56.408084668
56.4192529838
56.444917981
56.4581829214
56.463983444
56.5096554372
56.5139441766
56.5357923734
56.5463994277
56.5587706414
56.5649731752
56.5843929997
56.5904321291
56.6086189604
56.6466043322
56.6726945119
56.7280311885
56.7387158394
56.7486164397
56.7954527086
56.8095790598
56.8351905511
56.8692938263
56.8945300449
56.9034140121
56.9180908678
56.934266598
56.9421702862
56.9520982596
56.9927863105
57.0927534941
57.1063064428
57.1275500265
57.1469939277
57.1762186922
57.2102451395
57.2440179015
57.3111929103
57.3406331081
57.4195286941
57.4586427789
57.4875345756
57.5430143751
57.5952656944
57.6131752262
57.6336121798
57.6438530183
57.6484769489
57.6573462482
57.673169042
57.6783811451
57.6942798484
57.6994867947
57.7068318764
57.7120984797
57.7172138278
57.7382874772
57.7806443795
57.7889061285
57.79698768
57.8220247742
57.8295551944
57.8584652576
57.8668536179
57.8940768051
57.9031525803
57.927384374
57.9340117599
57.9550642981
57.9750196447
58.0006455072
58.0244739316
58.0502846088
58.0829221087
58.173752514
58.1782809293
58.2089916809
58.2223112322
58.2799087933
58.289049429
58.3747805647
58.3805684694
58.427634112
58.5361566853
58.575646419
58.6213970062
58.6422047243
58.6805776632
58.7351531069
58.8138092097
58.8262283136
58.8435508634
58.8506644378
58.8746390617
58.8850341589
58.9044698194
58.9157326911
58.934539412
58.9435903612
58.9534279798
58.9639169103
58.9809108893
59.0157954911
59.0214665129
59.0435385988
59.0623902988
59.0683332667
59.076433388
59.1215198808
59.1365342208
59.1427111858
59.1525270136
59.1726100765
59.220407465
59.2353397234
59.2640455919
59.2836052474
59.2938186072
59.3092860997
59.317369223
59.3377506912
59.3563804635
59.3715981787
59.386089741
59.4102453135
59.4453679878
59.4602113576
59.4662231548
59.5042228549
59.5365351285
59.5454893694
59.5731614804
59.5907589893
59.6308944117
59.6650476499
59.7223968908
59.7528702696
59.7713637517
59.7934858875
59.8153960802
59.8363250191
59.8703370374
59.9106377181
60.0049219441
60.0165310337
60.0258017884
60.0326810948
60.0369643709
60.6746543755
60.6792704565
60.6912507397
60.7248900481
60.740833938
60.7767857422
60.839351688
60.853446883
60.869691352
60.8992681241
60.9423429553
60.9724734744
60.9954935538
61.2124181268
61.2295163236
61.2437734025
61.2644836269
61.2701357845
61.2815592867
61.2892881509
61.2929515351
61.3017408321
61.3394356763
61.3497842779
61.355994708
61.3691300798
61.4232345619
61.4508973779
61.4681036308
61.4975961466
61.5208194855
61.5348868622
61.5535253448
61.5667955317
61.5766698144
61.5834395707
61.6003753234
61.6181959119
61.6374589135
61.657577995
61.6812699651
61.6889263362
61.7175668255
61.7373498788
61.7567190908
61.7645687584
61.7930520578
61.7979713253
62.1936601174
62.2133739729
62.2425869946
62.253624782
62.3390126139
62.396737437
62.4093828363
62.4256528627
62.4310339276
62.4600915297
62.4646221308
62.4686272774
62.4768184193
62.4863848996
62.4949536402
62.5078604871
62.5191545714
62.5342936935
62.5413624572
62.5531668077
62.5716728581
62.5779839154
62.5933470332
62.6046384998
62.6132143103
62.625727721
62.6338162331
62.6404533632
62.6560487434
62.6745204576
62.7161353615
62.7318724606
62.7355354977
62.7397063436
62.8418575909
62.8694058878
62.8752598766
62.9029265298
62.9151656982
62.9428287114
63.0138243881
63.0326060431
63.0541035033
63.0713209892
63.0802159151
63.1203977237
63.158644715
63.2270985796
63.2371749101
63.270713256
63.3138201767
63.3293095631
63.3346420316
63.34880563
63.36211427
63.3941995264
63.4588574393
63.5220387113
63.5448268038
63.6043134486
63.6112677459
63.6309590455
63.6385679779
63.6538912327
63.661761604
63.6680042804
63.6749836897
63.696985024
63.710664904
63.7268414633
63.7430117684
63.8255547723
63.834466869
63.8457432875
63.8523104552
63.8632376752
63.8755277113
63.9009839888
63.9085655962
63.9129279016
64.1862627977
64.2036023593
64.8150228894
64.8674038575
64.8837696347
64.8947658611
64.8990795638
64.9169641656
64.9254212034
64.9338168865
64.9397209574
64.9531916254
64.9575086407
64.9697105644
65.1713425275
65.1880135628
65.2115539593
65.2149249985
65.2323413851
65.2483816147
65.26529361
65.2833153282
65.3060475095
65.320659116
65.3489007907
65.3580883982
65.3642757303
65.3799877112
65.3947218843
65.4013092495
65.4354386415
65.4548313096
66.013932342
66.0243298049
66.0363413204
66.0652327494
66.0735638433
66.0819792309
66.0857557692
66.15380652
66.2110802278
66.2212343957
66.2345377979
66.2419432445
66.2609341161
66.2803151527
66.2872642566
66.3064088359
66.3235920689
66.3346532203
66.3487576757
66.3570399494
66.3720421673
66.3839474397
66.4261697942
66.4380792777
66.5691392464
66.5912564522
66.6037822592
66.6331892443
66.6647847643
66.6798246203
66.7049698357
66.7361550823
66.7404049619
66.7904560436
66.801745733
66.8342422536
66.93719416
66.9476372595
67.0176982841
67.0303984922
67.0568535688
67.0676180745
67.1203753807
67.1297389947
67.1726356931
67.1999194094
67.2081547419
67.2135045917
67.2190044002
67.241918859
67.2499523946
67.2564473898
67.2636772188
67.2757770975
67.2987646692
67.3044033663
67.3211751999
67.3588521996
67.3900092349
67.4023008971
67.4154185296
67.4338700298
67.7858668162
67.7963656845
67.852093727
67.8607425293
67.8832626439
67.8960074791
67.9075800833
67.9514236985
67.9601823391
67.9741344807
67.9821206254
68.017661788
68.0591916175
68.0625397041
68.1292782101
68.1555642795
68.1650377491
68.1839275481
68.4179953161
68.4251945117
68.4329383064
68.4520848798
68.474316851
68.4844175205
68.5384664208
68.5624784261
68.5854622095
68.6128802247
68.681822765
68.7003511073
68.7080849029
68.7144248545
68.7224633562
68.7305908208
68.7499839631
68.759637628
68.8346915172
68.8446871558
68.8590503222
68.8763155846
68.9006515322
68.9162190156
68.9390831185
68.9588436707
68.9864949722
69.0044569328
69.0117001696
69.0434531896
69.0761875308
69.1065691504
69.1563905007
69.1745807639
69.1859255705
69.2262639053
69.2493818287
69.2810151571
69.2998816102
69.3519781356
69.3648832999
69.4045993129
69.4276354019
69.4505177075
69.5874130453
69.6082978315
69.6215406534
69.6289630057
69.6410005848
69.6635468419
69.6763744609
69.6911527718
69.7023903081
69.7103715094
69.7235867076
69.7321452393
69.7399204129
69.7468377331
69.7666437642
69.779741123
69.7862533159
69.8027598871
69.8376316782
69.8593120079
69.8763703357
69.8810133401
69.9148333357
69.9493073766
70.0238351908
70.0965549976
70.1155459507
70.1310241587
70.1432510583
70.164397461
70.1765493613
70.2049791236
70.2264619666
70.7284306887
70.7734670057
70.8104486614
70.8174333578
70.8241197769
70.8335572331
70.8397531348
70.8444997665
70.8647560802
70.8714891267
70.8859714038
70.8915076135
70.898695305
70.9094835808
70.9154545973
70.9291235828
70.9468388176
70.9638715289
71.003890435
71.0073976161
71.0172301414
71.032967909
71.0423274516
71.0625456153
71.07856776
71.1069266949
71.2842764463
71.2909287404
71.3122655916
71.3243613523
71.3429604782
71.372124902
71.3949818572
71.4076899805
71.4251146975
71.4510085034
71.4574050552
71.4651754853
71.5253812109
71.560986469
71.5789161229
71.6009237845
71.6575298947
71.6781932467
71.7154803751
71.7251835573
71.7643928637
71.7896448587
71.8018588121
71.8296167003
71.8660110021
71.9315689865
71.9384370509
71.9823359551
72.0061413824
72.0142317797
72.018680134
72.0323370565
72.0376524146
72.0426574149
72.0612856923
72.0768395412
72.0853576586
72.0954009948
72.1035430209
72.1099838006
72.1210019618
72.132760989
72.1958755116
72.2132728048
72.2172664429
72.2239006117
72.2832781949
72.2970276234
72.4363648357
72.4450589313
72.4535867384
72.4955865789
72.5296751256
72.5452633144
72.5544100292
72.5693973482
72.5948510163
72.6266324289
72.6509106757
72.6767515531
72.728389838
72.7600406559
72.8038079044
73.0156458221
73.0336835446
73.063970752
73.2240306535
73.2358669342
73.2414796555
73.2495289927
73.2555666923
73.2730224956
73.2873336469
73.2982163444
73.3166058249
73.3203425081
73.3289099464
73.3338632118
73.3396580884
73.3573418632
73.3700553361
73.3996847953
73.4186302141
73.4287068275
73.4511654694
73.4559127147
73.4710186147
73.5263854969
73.5653706312
73.5706201826
73.582660749
73.6169677369
73.6343525849
73.6429263784
73.6542334738
73.6647745884
73.6721136532
73.724671953
73.7599463471
73.7700050096
73.7797436016
74.4042163734
74.4130150254
74.4176874417
74.4628435706
74.4806290223
74.4950876133
74.6415742764
74.646997822
74.6744276966
74.6991436439
74.7061539981
74.713696449
74.7586741725
74.7704136295
74.8056736898
74.8248439494
74.8358849882
74.8546624296
74.88102375
74.904326914
74.9417734183
74.9557561336
74.9765106912
74.9872904246
75.01225054
75.0428151709
75.0597944784
75.0778696857
75.126495825
75.1379115976
75.1549384714
75.1906660669
75.2096905299
75.2627325176
75.3006593988
75.4099021099
75.4234828244
75.4661494251
75.490080417
75.5809164387
75.6125943731
75.6296427339
75.6408581436
75.6497468489
75.6585441133
75.6747692726
75.6883702282
75.6996330401
75.7678985282
75.7720673951
75.8049752764
75.8175552414
75.8724654002
76.1179311162
76.1387916677
76.1535038423
76.1682875895
76.2352932088
76.2462295965
76.2669293556
76.3069984426
76.3255763551
76.3481342528
76.3737014571
76.4159835494
76.4328255453
76.449223916
76.4733214088
76.4957526876
76.5768471099
76.621601705
76.6492146553
76.6797716955
76.7032478796
76.7725696838
76.7864826352
76.8098971534
76.8226956191
76.8308155517
76.8364590775
76.8512936026
76.8635279156
76.8782357656
76.882943253
76.8912197262
76.9162339909
76.932700778
76.9661032575
76.9759118916
76.9995055318
77.0418193184
77.0625175224
77.0752609079
77.1047027121
77.1253514775
77.138874098
77.1647074783
77.1807140368
77.1933882492
77.2143358068
77.2452682344
77.2515718986
77.3599907736
77.4545734045
77.4832557501
77.4935827526
77.831420685
77.9185621227
77.9579759348
2121
