6.00970223035
6.01486948383
6.02950820862
6.04157154223
6.05444574493
6.06001760265
6.0652694505
6.07112174318
6.08873410838
6.10770542406
6.11634116111
6.1295695737
6.16411315919
6.19297702799
6.22133462882
6.23542942615
6.28268999507
6.30369165181
6.3859841826
6.40067880034
6.4090184297
6.43068343959
6.44614044999
6.47878197331
6.49154671418
6.54023690094
6.55432110464
6.56096891935
6.57196731721
6.59315322972
6.62249101214
6.63856189965
6.66476955307
6.6735783477
6.6949230609
6.72697103145
6.74128889193
6.75884251586
6.78516365338
6.90219869958
6.92817625529
7.12329222892
7.12714853307
7.15290422445
7.17202655866
7.25224643722
7.27852299458
7.30335978688
7.31748002803
7.62545743407
7.63526975752
7.69345177484
7.71330152258
7.74180493939
7.75882127464
7.77697109087
7.79124431758
7.80232089294
7.83460409238
7.84341803419
7.87764784557
7.89636099849
7.93061809097
7.9587884831
8.06440719436
8.0887242011
8.11473987273
8.13847299866
8.18389581564
8.24325412517
8.29307883296
8.33820662532
8.39309907403
8.40789654205
8.41990025725
8.42732373955
8.43531282147
8.44055196076
8.44463854735
8.44832127948
8.45948814293
8.48222313392
8.49769754215
8.5042126502
8.50896201991
8.52356727792
8.54612716182
8.57003088869
8.58126976022
8.69491810522
8.79283028355
8.80689641739
8.82417404552
8.85867753104
8.87536441654
8.89697061699
8.93884225759
8.95341239308
9.00246451588
9.01451491804
9.07340628313
9.09733074257
9.11275130092
9.20755320541
9.21857930268
9.22351916851
9.27147721213
9.27745296392
9.32877377682
9.33823885211
9.37787401495
9.43925725554
9.5247222118
9.58783980003
9.61661231226
9.63054846175
9.64534378914
9.65456902356
9.65894592602
9.66844083763
9.675492596
9.68951081658
9.7001537719
9.70838938553
9.72533500961
9.7342678244
9.73975620352
9.74594321029
9.78508023225
9.79592921162
9.80057617798
9.95899742842
9.98222471436
9.99213803914
10.0077399335
10.0160156364
10.2985644277
10.3302764525
10.3405654053
10.3617847324
10.3971102791
10.4040303688
10.4426648693
10.4999617104
10.5772528636
10.6000405619
10.656419707
10.6747268946
10.7148608427
10.7767423428
10.7801730697
10.8056403352
10.8299217766
10.8649568948
10.8701189403
10.8836908521
10.8889183371
10.9046738142
10.9130571944
10.9302504049
10.9384399992
10.9449360487
10.9578953568
10.9910663767
11.0000045423
11.014457332
11.0217027767
11.029974413
11.050878973
11.0746614516
11.1144924258
11.143445207
11.5135049068
11.5494293976
11.6497814003
11.7348531184
11.7830588346
11.8388446153
11.9883298249
12.3112896954
12.5019551341
12.5224749187
12.527098547
12.5455712362
12.5946729256
12.6056220744
12.6371156809
12.6481613617
12.6602540567
12.687565603
12.7782573517
12.8049458343
12.9317846231
12.9756628578
13.0076342658
13.0460895461
13.1212594621
13.1891645183
13.2149547438
13.2248331116
13.2413843095
13.2546189287
13.2687800218
13.2756628391
13.2871088982
13.30956429
13.336891083
13.3806305267
13.430388445
13.454272192
13.6994944709
13.7205710117
13.7381443883
13.7604698748
13.7878037422
13.804789261
13.8087600811
13.8184928428
13.8631268323
13.8815716746
13.9142582701
13.9408233546
13.9644615918
13.9703767784
13.9769872461
14.0080251281
14.0163415556
14.0895635514
14.1050223621
14.2825410958
14.3798090964
14.4145421992
14.4588031908
14.4803826168
14.5167499205
14.5343763978
14.5439400475
14.5620377437
14.606776651
14.618862635
14.6497297496
14.6632880836
14.672244454
14.6944156128
14.7029625091
14.7187616272
14.7468928975
14.7600953472
14.7890235048
14.8053842436
14.8115342081
14.8566202007
14.8792673441
14.9015866559
14.9562200821
14.9850561338
15.0115087264
15.0148723136
15.0231830928
15.0472440396
15.0701750162
15.0827835465
15.3294547915
15.3617571407
15.452140228
15.5331077428
15.571770227
15.6086623468
15.6164625102
15.624881577
15.6367173443
15.6618568135
15.6710717894
15.6797317462
15.7750340906
15.8038187263
15.8234169034
15.8664465812
15.907250262
15.9210097449
15.970045768
15.9884003208
16.0028981718
16.0096492443
16.0354052874
16.0533320531
16.0824607696
16.1055369471
16.1368120713
16.1881578881
16.2015473557
16.2268384594
16.25995383
16.272270655
16.2897064456
16.293523374
16.3200674811
16.3289471649
16.3577507615
16.3954888784
16.4933468075
16.5489303577
16.8057908593
16.8113756111
16.828941007
16.8343014203
16.8435775188
16.8567215211
16.8617759746
16.8765164625
16.8823372733
16.9012862104
16.9358425371
16.944264082
16.9499333624
16.9628198567
16.9854675952
16.993403992
17.0080739467
17.0268100821
17.0478904235
17.0609667662
17.0953743116
17.1188067938
17.135040582
17.1433029316
17.1576969931
17.1650739465
17.2765098895
17.2829241783
17.3062535383
17.3241787684
17.3328918871
17.341528412
17.3510505885
17.3669699354
17.3941428679
17.4513810469
17.4894458347
17.7589237925
17.8042665862
17.8602917256
18.0048825994
18.0112490285
18.0233184696
18.0478431142
18.0551092408
18.0705826405
18.0807444271
18.0943047093
18.0985626083
18.1065221427
18.1276133511
18.1397425155
18.1458260882
18.1633939987
18.1807612967
18.1943185473
18.2126585401
18.2180302833
18.2389163854
18.2499305991
18.2663483516
18.2712917619
18.2936356939
18.3256651052
19.0864342584
19.1096582669
19.157503334
19.2171448298
19.2326591911
19.2458645446
19.2501722028
19.2577235626
19.2773471567
19.283884847
19.29844126
19.3444351666
19.3527035639
19.3735383848
19.3803171671
19.3886725521
19.5116668647
20.194888411
20.2246557614
20.3482446591
20.3733040754
21.3027749281
21.4493735203
21.4811967399
21.5405305514
21.5547056764
21.5778732532
21.6162485327
21.6328182642
21.6405056696
21.6621052073
21.6704878119
21.6753246065
21.6903784262
21.7137408187
21.7314287406
21.7424526116
21.7609057802
21.7922904129
21.8024281146
21.8832817503
21.900741804
21.9295733929
21.9423084258
21.9744264033
21.9914969858
22.0212202494
22.0286785673
22.0727693637
22.102557071
22.1224445523
22.1373975173
22.2039501451
22.250997501
22.2655498202
22.3051800975
22.3156021417
22.4489789612
22.4728734089
22.5068286751
22.5219828511
22.5376342599
22.5547600554
22.5711401528
22.5995438515
22.6332838222
22.6433748937
22.69892429
22.7473106173
22.7925028983
22.8168627588
22.822187488
22.8389703178
22.8524283132
22.8599602722
22.8647355796
22.868191521
22.8954472577
22.9075270351
22.9483310228
22.9763430583
22.9870057782
23.0068650745
23.0259703785
23.1026942488
23.10863292
23.134842756
23.1683786537
23.1860225152
23.1935502123
23.2155652336
23.2288702843
23.2407762589
23.2512572008
23.2551017599
23.4138729817
23.4677532993
23.4800748194
23.506508017
23.5172280862
23.5410426794
23.5778111366
23.6086753793
23.6435150689
23.6503449621
23.6886197706
23.7171263193
23.7918848039
23.8580648816
23.9143916476
23.9212025506
24.0174517321
24.0279484415
24.0399018962
24.0491574246
24.0563710944
24.0623882995
24.1244924678
24.132511188
24.1513931173
24.1576380351
24.435187094
24.4455812229
24.4592781796
24.4764161305
24.5127888974
24.5445093642
24.5718562789
24.582752759
24.6013455885
24.694677687
24.7331441085
24.8121490571
24.8365680727
24.8522317382
24.8568101464
24.8768505734
24.9071830492
24.9549677169
24.9791800803
25.026302911
25.083497512
25.128678477
25.193287549
25.2563496615
25.2642492717
25.2831059037
25.2983870319
25.3547266217
25.3771166046
25.395239305
25.4067235328
25.4368878994
25.4683338917
25.491891417
25.5134294633
25.5228844971
25.5890143432
25.6113161146
25.7340879461
25.767799735
25.7862503569
25.8016108104
25.811714515
25.8505349376
25.8604405201
25.8856981568
25.9095890256
25.9632910333
25.9911054414
26.0304057084
26.036870969
26.0423588857
26.0636507693
26.1228995497
26.1440532575
26.1649008992
26.1900975467
26.2245105213
26.255592215
26.427498103
26.4500207406
26.456237547
26.4686367158
26.4794225478
26.5065636825
26.5140726645
26.5298152573
26.5379535916
26.5639521756
26.5771736884
26.6014124264
26.6409970219
26.6482344482
26.6554872014
26.6676660598
26.6895071742
26.70803879
26.7189217938
26.7267158755
26.7394408315
26.7567840699
26.7977981896
26.8156088164
26.8316866351
26.8558146531
26.8798746363
26.8916759908
26.9268935009
26.9481364613
27.1490788658
27.1571540333
27.2108214294
27.2244912634
27.3221054186
27.3380096602
27.3626573275
27.4865090259
27.5402459614
27.5595268336
27.6170785673
27.6326658982
27.6504790585
27.6585079305
27.6989946546
27.7067505702
27.7206437646
27.8087189409
27.8139203553
27.9172911818
27.9433243662
27.9627628126
27.9725813231
27.9979513658
28.015408007
28.0399237671
28.0662954611
28.081555035
28.2366351565
28.2628298517
28.2719391127
28.3307544925
28.3365086587
28.3653055483
28.4368866637
28.5394198253
28.5740593747
28.616862205
28.8044329602
28.8112752155
28.8494636424
28.887713035
28.8922604652
28.9298022145
28.9506485562
28.9651652836
28.9823891504
28.9901601126
29.0056557664
29.0151312824
29.0337521035
29.0370889897
29.0621989533
29.094394298
29.1264896123
29.1362270652
29.1580951038
29.1704615696
29.18647749
29.1928288544
29.2072677449
29.2260416258
29.2308302801
29.2565594792
29.3410429284
29.3808401502
29.3905345884
29.3990424926
29.4389372361
29.4513920684
29.4714284443
29.4807506221
29.5711209159
29.6049125344
29.6220984635
29.6824752479
29.7663354777
29.7780366359
29.8061969413
29.8359994767
29.8775872261
29.919406555
29.9846754832
29.9997441144
30.0087760574
30.0135363615
30.0302148527
30.0368577731
30.0574176276
30.0666268306
30.0733567278
30.0901703312
30.1132148834
30.1212320533
30.136196321
30.146117233
30.1620426805
30.1796026692
30.1856942907
30.2018176937
30.2105212251
30.2311032802
30.3365029478
30.4838587659
30.4922493811
30.5147994863
30.5391808325
30.5532299407
30.5811182477
30.9996035714
31.0867886687
31.1289512959
31.1426646789
31.2102691324
31.2401289021
32.4078336957
32.4206320959
32.4244425217
32.4358270626
32.4449608409
32.4593138387
32.4733269376
32.5027091068
32.5167636063
32.5232589194
32.581764864
32.58767653
32.7635939766
33.6180384813
33.6299734064
33.6473781803
33.6932697084
33.7066170506
33.7108093881
33.7177147193
33.73054883
33.7894259673
33.7970209915
33.8315337435
33.8518507486
33.874620978
33.8933939076
34.0211096691
34.0415221927
34.0638233847
34.0914806918
34.124577346
34.1345766124
34.188241155
34.2189319576
34.242148407
34.2519752787
34.2799779934
34.3085612979
34.3454439755
34.35605552
34.3711615333
34.4676251541
34.5116514233
34.5414201645
34.5713457898
34.6087896541
34.6323743012
34.6653556641
34.7069306125
34.7500857571
34.7678134097
34.8459307938
34.8588160216
34.8688273761
34.8874567389
34.8937451633
34.9056449091
34.9249953105
34.9463306175
34.9556279866
34.9722969101
34.9816470094
35.0054607044
35.029147306
35.054535624
35.0754443206
35.0881271752
35.114663003
35.1471774744
35.150801018
35.1601431104
35.1639423476
35.1730125987
35.1810038621
35.1942223056
35.3338256895
35.3578740419
35.3663291792
35.3971187752
35.4130155336
35.452960396
35.5172916732
35.5323021616
35.7087733867
35.7391414322
35.7555680185
35.8068091566
35.8324174616
35.9685471017
35.9998764874
36.0080051153
36.0522569032
36.0556164976
36.0650358382
36.0805849496
36.0878143485
36.1065124234
36.1354832141
36.1426342849
36.1489550606
36.1589972167
36.1709763333
36.1819203501
36.1921162259
36.1972997738
36.218898037
36.2282475907
36.2433435312
36.2569813323
36.3927124332
36.4199889507
36.498341702
36.5183991449
36.5447124995
36.5720388789
36.6317031717
36.6687364981
36.6864329449
36.7139378188
36.7620262088
36.7965847075
36.8056998327
36.8398952242
36.9147576584
36.9445498181
36.9833706192
37.0103949562
37.0181096165
37.0432840859
37.0655600959
37.1522598874
37.2192872994
37.236409684
37.2404769751
37.250568667
37.2636883157
37.2764745744
37.295195122
37.2994958287
37.3045993386
37.315916245
37.3244999258
37.3341095471
37.3412439798
37.3569313631
37.3672865644
37.4966819579
37.5087792934
37.5197928115
37.5534166422
37.5700501035
37.5997649163
37.6070883557
37.6132057473
37.6639377268
37.6786850593
37.7111418265
37.7271374041
37.7518113755
37.7622860463
37.8409600892
37.8453950209
37.8883799174
37.9093608584
37.9333063709
37.9853076532
38.0943025281
38.1279793057
38.1747946683
38.1882083973
38.2236082651
38.243247315
38.3010647317
38.3563277273
38.4165365164
38.4404242246
38.4488670363
38.4812506488
38.5000600005
38.524116028
38.541029201
38.5614286152
38.5786805596
38.5894890882
38.6246357014
38.6338797955
38.6512315852
38.664200328
38.7037953024
38.7235949998
38.7364956079
38.7630771434
38.7744539039
38.794606579
38.8145665284
38.8737015693
38.8861136712
38.9089237908
39.0106961145
39.0393308611
39.0492869492
39.091361793
39.1223923935
39.2123874305
39.2792460107
39.2947435871
39.3332425705
39.3920823884
39.4078930948
39.4695436858
39.493388736
39.5237178263
39.5652219761
39.5999631355
39.6161271718
39.6799545502
39.690427849
39.7001923437
39.7115515835
39.7402776207
39.7514434458
39.759714611
39.7782239224
39.8219346541
39.8449253731
39.8656557071
39.875448984
40.0145545804
40.0239126374
40.0479205791
40.0871415499
40.1259146508
40.2069947522
40.2878556645
40.2949638752
40.3352852828
40.339400076
40.396813121
40.4920601415
40.5536485144
40.5995779134
40.6399113115
40.6684654991
40.6898017893
40.7796971726
40.8065047621
40.82672454
40.8370192726
40.8414023722
40.8568818176
40.8678874906
40.8877351478
40.8935082769
41.146259803
41.1530223725
41.1642491252
41.1746921759
41.195674761
41.2089924339
41.2601022955
41.3130036525
41.3285809033
41.3326593208
41.3493626724
41.3639924556
41.3894331552
41.423844847
41.4786438041
41.544218739
41.5550571357
41.5601249377
41.598750606
41.6353377949
41.6776808692
41.7074450787
41.7255227464
41.7407393463
41.788417842
41.8099764848
41.862389571
41.9474762903
41.9609853821
41.9649107463
41.9935577237
42.0033833648
42.0144447374
42.0347463247
42.040948909
42.0585246883
42.0878790267
42.0961780878
42.1067337522
42.1147242413
42.1277118894
42.1432688639
42.1606138317
42.1759637584
42.2699198483
42.2876704867
42.2958066266
42.3072335952
42.3735696534
42.3779263168
42.3878751073
42.4016878741
42.4413816341
42.468959779
42.4986159044
42.5054083291
42.5111097585
42.5177053182
42.5328706188
42.5502912994
42.5599807659
42.6049917494
42.6200072847
42.623534216
42.9930890468
43.061385663
43.0831294546
43.1092495221
43.1408163246
43.1563506168
43.2200736666
43.237517985
43.259032199
43.2706546658
43.2832319309
43.2928556526
43.3080070894
43.3311329677
43.3477072831
43.3615724891
43.3719016129
43.3837340344
43.3978789488
43.4249612557
43.4395170237
43.4952643648
43.5901296182
43.5954550685
43.6096859456
43.6314074803
43.6488181255
43.6707106012
43.7000759777
43.7160256091
43.7450471911
43.7634896149
43.7758703359
43.7845024972
43.7879662036
43.8022333867
43.8220599737
43.9258540621
43.950507165
44.0835354266
44.0977119595
44.1569123405
44.1944933794
44.2425223804
44.2859805583
44.3172556225
44.3652989707
44.3836962747
45.1818634821
45.4385745596
45.4613033753
45.6079814606
45.635090239
45.6498650437
45.6611329
45.6906209247
45.6962612844
45.7136230951
45.8089084465
45.8331467408
45.8450777349
45.8516045833
45.8598059162
46.0312403325
46.0530396402
46.0994944315
46.1177787022
46.1405043375
46.1612049766
46.1915957596
46.5803357949
46.5839752951
46.6086234579
46.6322517078
46.6433947707
46.7031397736
46.7676451975
46.7988661681
46.8051859147
46.8330938395
46.8447786336
46.8585215302
46.86218181
46.8886057842
46.8944058929
46.9021413968
46.9228772107
46.9334171895
46.9775710469
46.9909674647
47.0034638889
47.0138844103
47.0297849864
47.0470728761
47.139042266
47.1487632886
47.1651596367
47.1807063069
47.200094634
47.2284689039
47.2518830484
47.2644841011
47.3015983821
47.3178498344
47.341633377
47.3688434572
47.491539917
47.5074846911
47.5127489619
47.5807373666
47.5943967302
47.6058671473
47.6613279514
47.6933293005
47.7441113397
47.7539756576
47.7746476727
47.9161092214
47.9336075087
47.9968802166
48.0302857737
48.0391416904
48.0495094225
48.0626335825
48.0704678049
48.0816211794
48.1729125374
48.2069550612
48.9519393149
49.2122460214
49.2160181753
49.2196260561
49.2294208701
49.2340650326
49.2474930939
49.2513852691
49.2618140079
49.2694187986
49.2836562119
49.2907287902
49.3056341489
49.3220049988
49.341772374
49.3579318412
49.3692999879
49.3840930485
49.3959673904
49.4243252287
49.4464054667
49.4648122408
49.4707567373
49.4992632979
49.5050543929
49.5158004343
49.536185103
49.5469758291
49.5691973233
49.5842434445
49.5928612871
49.6135567385
49.6392048594
49.6613340606
49.6774164852
49.690562732
49.7165377467
49.7553417603
49.7763111666
49.821909584
49.8366785014
49.8679323711
49.8881041642
49.9118053177
49.9171368171
49.9824357256
50.0110576002
50.0211508856
50.4079880464
50.4143693726
50.4247283894
50.4683195072
50.4781057428
50.4917809005
50.5415000971
50.5529385681
50.5927931596
50.6116455517
50.6835819241
50.6899667003
50.7186418939
50.7554447817
50.7667065155
50.7908769286
50.8134441429
50.8250577777
50.8551021187
50.868628789
50.9620632808
50.973839185
50.9930373764
51.1926555019
51.3292072629
51.3483259013
51.3621140051
51.4086505966
51.4467176317
51.4652266151
51.4892134845
51.4938052257
51.6057200293
51.6243992664
51.6350312897
51.6648769207
51.6758899893
51.6810578239
51.6868100392
51.6945575896
51.8940110816
51.911300903
51.9230432252
51.9510569524
51.9702558723
52.0134053433
52.0436163854
52.0585197881
52.0698827559
52.1083592734
52.1246291336
52.1509860176
52.1672726687
52.1823689309
52.1987550953
52.2239284285
52.7601625846
52.8050536253
52.8103028475
52.9056149277
52.9266911919
53.0588501946
53.0650563944
53.119252894
53.1432502553
53.1648120666
53.1767539352
53.1995972657
53.2250186915
53.2430600969
53.2662426265
53.2858920782
53.2993456815
53.3106425728
53.3278704038
53.3432222908
53.3549205797
53.3804375509
53.4152259068
53.4686852415
53.4937698011
53.5080987762
53.5232183265
53.5299752555
53.5501057812
53.5735592624
53.5984561331
53.6272622821
53.6641887587
53.6829283329
53.7075859859
53.7186471895
53.7675520091
53.7839442939
53.8249794531
53.8901492796
54.0033978509
54.0085874352
54.0162546474
54.0241124908
54.0464195146
54.0796278681
54.1253991807
54.1364828905
54.1409096351
54.1605588253
54.1708731881
54.198887845
54.2085292252
54.2147050992
54.2214226108
54.2253307838
54.2376815292
54.2528772245
54.2768139147
54.2926218041
54.3052977554
54.319505766
54.3239974723
54.3629642378
54.3913540267
54.41402514
54.4384128786
54.44508397
54.4652520351
54.4859335737
54.5055931256
54.5161843142
54.5932502284
54.6283571371
54.6548946178
54.7399429168
54.7648306601
54.7809758869
54.8417845392
54.8628421049
54.8683767184
54.9338138129
55.215911977
55.2380377908
55.2516299244
55.2625091124
55.2790059486
55.2860816755
55.2966189246
55.3113946376
55.3217338444
55.3279958598
55.3584325551
55.3683270749
55.4165544192
55.4363016504
55.4464137865
55.5262410771
55.5469757284
55.5569603253
55.5667915777
55.5809756913
55.6092127913
55.6262205732
55.6363382972
55.7044953357
55.7193360972
55.7412257726
55.7691609888
55.7815120911
55.8129674689
55.8370283138
55.863058543
55.8847820989
55.907196543
55.9423685888
55.9671145304
56.1667658817
56.2628136278
56.2933117009
56.3074753432
56.3313718632
56.3404126584
56.3681986286
56.407067284
56.4123768681
56.4174478718
56.428503328
56.4366932285
56.446772163
56.5438178958
56.5504375507
56.5562925359
56.5723833058
56.5880293436
56.5924001798
56.6106733456
56.6190699333
56.6251019701
56.6344730602
56.6634934393
56.6686338822
56.707719376
56.7185020963
56.7334678483
56.7391519582
56.7595305256
56.7930185054
56.8023360349
56.810070823
56.8256313126
56.8465035495
56.8810200237
56.9088981062
56.9201819157
56.9928749581
57.0222574676
57.0537883401
57.0890860584
57.1227832399
57.1574335466
57.1752312395
57.1929148154
57.2456529862
57.2925609634
57.32638048
57.3811170217
57.4098221077
57.4520195058
57.6318993157
57.6424926731
57.6502920613
57.6539191838
57.6745820142
57.7028651367
57.7098295672
57.7229583808
57.7317710296
57.7379226691
57.7565340114
57.7697809584
57.7818777304
57.8074227507
57.8169130272
57.8363937981
57.8443577955
57.8655449777
57.8989030718
57.9259815538
57.9432119339
57.9493319032
57.9597334817
57.973519286
57.985653465
58.0373996852
58.0677409061
58.0837809908
58.1141496183
58.1206585499
58.1357546043
58.2369134379
58.2515652092
58.29709159
58.3847039441
58.4171545472
58.4915350199
58.5450704374
58.5765117068
58.6029330831
58.6148089426
58.7406291305
58.7568184524
58.7898916546
58.805333001
58.8642325858
58.8679309784
58.8762177816
58.9049618107
58.9229572035
58.9273933288
58.9510449117
58.9592942142
58.9760320312
58.9914450977
59.0044970649
59.0371858894
59.046482032
59.0637255634
59.1195015938
59.1232188452
59.1427430024
59.1568213434
59.1688191363
59.1854923296
59.1941354777
59.2230498335
59.2300996953
59.2627265175
59.268115019
59.2785734648
59.2974404633
59.8049709016
59.8283094117
59.8616802937
59.8842970604
59.8978647967
59.9610506931
59.9899806336
59.9934754606
60.0056857179
60.0204985629
60.0336733043
60.045325661
60.0506400305
60.0619602004
60.0796553458
60.0995738424
60.1155406781
60.1209641928
60.1323709949
60.1435442648
60.1529419582
60.1664976188
60.1914526339
60.2389034029
60.2576501796
60.3060414
60.3152607947
60.3266015379
60.3481957709
60.359870958
60.3723312097
60.3907100025
60.3952863661
60.4083908588
60.4298248337
60.4818081774
60.782550508
60.7863881637
60.8177972016
60.8604882544
60.876815499
60.8933286165
60.9087957866
60.9631726465
60.9952213874
61.0138973606
61.0261051217
61.0526996863
61.0908674301
61.2278545855
61.2554225049
61.2625395027
61.2699432361
61.2865378528
61.2930379032
61.3037229739
61.3276667581
61.3734162619
61.3968109251
61.4121115425
61.4210934409
61.4387235274
61.4497475628
61.4711994267
61.4928036004
61.5512459409
61.5681839206
61.5804738697
61.5877714667
61.6301848174
61.6443143483
61.6693047207
61.6927691889
61.7161355184
61.7219906865
61.751456625
61.7875930809
61.8026849983
61.8653640052
61.9031205573
61.9153064344
61.9265404345
61.9356162841
61.9561078681
61.9923904875
62.0167791027
62.0344000291
62.05519804
62.0690210801
62.07782756
62.091471962
62.1152804763
62.1364235974
62.1545431069
62.1791187208
62.1880101378
62.2432461562
62.2933471749
62.3221496862
62.3942342718
62.4124290188
62.4168646665
62.4426896601
62.4490196264
62.4546541495
62.4795931387
62.4998709548
62.5178996156
62.5343855237
62.5422541659
62.5699126841
62.5736627029
62.5811600552
62.6221266618
62.6261377974
62.6311240382
62.6435064605
62.6650455776
62.6836942186
62.7441360182
62.7618941279
62.7775954093
62.8299878136
62.860021518
62.8804056991
62.8884514705
62.8942850675
62.9235076676
62.9274907768
62.9441305858
62.9724917979
62.9915374712
62.9949589133
63.0074279556
63.03599306
63.0482454533
63.070808687
63.0789427908
63.1069738882
63.118121674
63.1432167015
63.1654246829
63.2007060917
63.2367082102
63.2670497286
63.3112665541
63.3209703301
63.3622631885
63.3793210823
63.5080682928
63.5439469565
63.5725443508
63.6083334833
63.614351303
63.6229329746
63.6272654479
63.6321876813
63.664562795
63.6749573389
63.685943706
63.6900970631
63.7035063668
63.7204753201
63.777727464
63.7961820235
63.8738440319
63.9153684163
63.9280160123
64.0810188543
64.0881138453
64.1070552168
64.1179135717
64.1483576301
64.1608085952
64.1712609107
64.188075035
64.2146290628
64.2333503415
64.2523829713
64.2680731383
64.2873752268
64.2984753402
64.307775032
64.3656268859
64.4056813599
64.4551589107
64.5153482926
64.52111764
64.5295663842
64.5345685602
64.5502550811
64.5913915039
64.6279411501
64.6466979474
64.6653066856
64.7858967769
64.8084803168
64.8235807648
64.8403763324
64.855476565
64.8717438709
64.9097215369
64.9457292662
64.950025994
64.9751306208
64.9797083682
64.9881881791
64.9928749111
65.0021660491
65.0105610708
65.017769487
65.0252855393
65.0542640214
65.0994546959
65.1062499583
65.1303701981
65.1478398249
65.1648046486
65.1763668489
65.1855747328
65.2044409256
65.2238727778
65.2333281804
65.239787981
65.2513615478
65.2767363108
65.3208522635
65.4053242542
65.4224906716
65.4518058291
65.4993334639
65.5026995484
65.5594296114
66.0162195594
66.02190367
66.0574788204
66.07881992
66.0903054271
66.1018042469
66.1134718442
66.120516585
66.1354336984
66.1582725028
66.2085090517
66.2172250009
66.2259141899
66.2390401768
66.2444996493
66.3091313648
66.3204745196
66.3243816523
66.338383827
66.3649748698
66.3791394842
66.3866153781
66.4389532902
66.444748924
66.4622291273
66.4674881457
66.4831148422
66.5006071975
66.5383055189
67.2747004672
67.2817630161
67.2916762802
67.3012214809
67.3253900651
67.3714236581
67.418905471
67.4855446387
67.5223510956
67.5452172127
67.5491887204
67.5633198882
67.5820787914
67.6055457933
67.6144612117
67.647966701
67.6680703716
67.8085001639
67.8246060415
67.9004066502
67.9142280465
67.9398264928
67.9602655111
67.9751459202
67.98237345
67.9868571609
68.0118246345
68.0252863682
68.1481951017
68.1792727395
68.2769805202
68.3103857316
68.3222702962
68.3547324108
68.41221782
68.4244482366
68.4314892658
68.4435256723
68.4837176436
68.6078849479
68.6250885255
68.6571985293
68.6605393536
68.6715326732
68.6803145388
68.7021163689
68.7122881434
68.737963893
68.7552983453
68.7641537415
68.7742327952
68.8052991347
68.8235523488
68.8272819756
68.8383291413
68.862330366
68.8920642327
68.9074268207
68.9978298515
69.0121202904
69.023900834
69.1694724623
69.183520082
69.257149302
69.28337569
69.3375404976
69.3770574742
69.4075640524
69.4410876897
69.4583634115
69.495815308
69.5553708656
69.6079742184
69.6150306291
69.6308748094
69.6430540248
69.6495578027
69.6710697637
69.6791588
69.6898260607
69.7105985715
69.7148505812
69.720650791
69.7264078269
69.7383184658
69.7481187902
69.7595917049
69.767637492
69.7922532505
69.8111563606
69.8261144848
69.8426447541
69.8626414921
69.8739584074
69.8873520507
69.8909415696
69.9038508514
69.9131877533
69.9321883706
69.9567230127
69.9975023576
70.0090388545
70.0158119826
70.1046511391
70.1233367539
70.1604257355
70.1756982179
70.5625342856
70.5662928143
70.57431967
70.9352593229
70.9582970892
70.97600446
70.9877349459
71.0524791041
71.0682515699
71.0873217355
71.0965434628
71.1072618375
71.1199768106
71.1351260034
71.1582138856
71.1633275127
71.1674298172
71.1851246508
71.1976394996
71.2051837121
71.2381576498
71.2550762841
71.2647033725
71.2793986986
71.3330753179
71.3457830798
71.3545498432
71.3665385368
71.3813296226
71.3922913089
71.3992481244
71.4216664346
71.4319808563
71.462267673
71.4798232377
71.4990722191
71.5133101641
71.5382374249
71.5656954841
71.5785314043
71.6151362673
71.635740241
71.6559397774
71.6711546535
71.7111668294
71.891503913
71.9390431568
72.003508994
72.0081487435
72.0212656183
72.0261883451
72.0395667988
72.0689528165
72.0808662553
72.1144772247
72.1360030171
72.1462241752
72.160918148
72.1732474999
72.1883027063
72.2044233425
72.2308178766
72.2467518848
72.2654106626
72.4389708627
72.4553956231
72.4618957493
72.4845181243
72.972378498
72.9958724702
73.0199804211
73.0326824752
73.0579713954
73.0635682131
73.0826650599
73.0983524935
73.1411028287
73.1545646456
73.1652110952
73.1843483361
73.214328247
73.3005027538
73.314503788
73.4037850911
73.4128154494
73.4285153191
73.4399273586
73.4619243491
73.4820351593
73.499379452
73.5282447892
73.539246384
73.5769824757
73.6138902678
73.6174263767
73.623065465
73.6344419367
73.752201852
73.7647130588
73.7837015333
73.8001204033
73.8097569474
73.8174673452
73.8456815372
73.8751782629
73.9278987589
73.931406646
73.9445562462
73.958422439
73.9789208672
73.983994674
74.0056140649
74.0245850191
74.239938348
74.3893644612
74.405223497
74.4182892799
74.4234581102
74.438495869
74.4443000126
74.4590288517
74.4650678722
74.4688260689
74.4810046778
74.4953039761
74.5050235341
74.5114894593
74.5194216519
74.5260627047
74.5487084138
74.5593086556
74.570354037
74.5881144557
74.6180713614
74.6250002779
74.6415702873
74.6519976382
74.9293209533
74.9393467781
74.9779196687
74.9885587138
75.0235671115
75.0388483683
75.0531508485
75.0816848739
75.1006095269
75.1220347581
75.1397705615
75.1456130968
75.1919869752
75.2096086573
75.2254048081
75.2566121029
75.2656588135
75.277886473
75.5144800286
75.5296545994
75.5483678402
75.5852806378
75.5969301007
75.6131795258
75.6221356647
75.6330441173
75.6384025799
75.6437443389
75.6488300466
75.6544028413
75.673873832
75.6774071723
75.6873024585
75.7273322313
75.7412664776
75.7591794127
75.7670635122
75.7777476124
75.8016282966
75.8977559275
75.9098671725
75.918896604
75.9290925528
75.9611819182
75.9720612823
76.0011051103
76.0106175811
76.025122426
76.0406647456
76.0749553255
76.1148102533
76.1182936218
76.1346336575
76.1414247809
76.1890922525
76.2005635499
76.2477205639
76.2705806702
76.2942508621
76.8052000413
76.8090865495
76.833489066
76.8956293601
76.9199618663
76.9430307476
76.9488643715
76.9591508446
76.9849751467
76.9976265127
77.0224556123
77.0358987837
77.0488285754
77.059532952
77.0713757726
77.088276337
77.1161475993
77.1361299287
77.1709564101
77.188149427
77.2022961706
77.2083944131
77.2287729788
77.234190103
77.2547164887
77.2680272881
77.2808643767
77.2958099103
77.3072826036
77.3164406157
77.3295484916
77.3825076478
77.4065443773
77.4689653054
77.4927784259
77.506569043
77.5686361167
77.5721492351
77.6164931528
77.6463932438
77.6644306792
77.681519677
77.7171489754
77.7614377837
77.8043302806
77.8516540245
2093
