6.00831504182
6.05079730049
6.06233332867
6.06670684658
6.08182697931
6.09579456304
6.11100181235
6.11751987655
6.21863566781
6.24934890223
6.25922832041
6.26551903274
6.27555085258
6.28644665343
6.32957244105
6.35733286333
6.36730935816
6.37544082096
6.38019948107
6.42463710288
6.44128997959
6.46635556571
6.47822651763
6.48504737435
6.51441800527
6.53919880566
6.54850865566
6.57688283125
6.58674464594
6.59087198521
6.60416612667
6.61227354762
6.63772172413
6.70246432555
6.71171210642
6.80820837642
6.85731508676
6.86471831208
6.91411985054
6.92959567021
6.96509991705
6.97755470473
7.00654689326
7.02916921241
7.0741546761
7.12964174053
7.1698841276
7.21690464133
7.22406131702
7.23044286717
7.26039628508
7.27653756942
7.28321533377
7.29338132618
7.32244755454
7.33310714042
7.37039375245
7.37746777452
7.38566738788
7.40797531134
7.4272922263
7.4706266134
7.48246211378
7.49543803028
7.51234350003
7.52654025462
7.72496158068
7.75813517984
7.77132133684
7.80111952706
7.82797886645
8.41620218549
8.42949341055
8.43751541058
8.4586064437
8.46583310033
8.47861503107
8.4856536959
8.49257865849
8.49912756273
8.50820252892
8.5166763978
8.5229166572
8.53115048114
8.54905919079
8.56328889961
8.58177631127
8.62953372838
8.63590888983
8.6828564296
8.69178800611
8.69769176321
8.72342823507
8.73805346341
8.75307382199
8.80057986277
8.82274563768
8.83515646919
8.85057891784
8.96423149656
8.98390774418
9.01504135839
9.03092630611
9.06343347488
9.10050780593
9.12716415152
9.15632546574
9.21482998279
9.26210579375
9.3869473757
9.39050568423
9.43116576884
9.43475297658
9.61046365456
9.62531754636
9.68829035607
9.69759901891
9.70340280359
9.74270073673
9.7538200422
9.75974612579
9.77646202438
9.78832082873
9.79735676014
9.80210682861
9.81124869641
9.85555684484
9.8691160578
9.88168896163
9.89280794819
9.91825705923
9.93203349231
9.94849562179
10.0373472873
10.0679104921
10.1410002261
10.1660832622
10.2109517691
10.2204565982
10.2348743635
10.3179505018
10.3270577344
10.3676039157
10.4464498357
10.4799011051
10.5122577417
10.531268688
10.5744907246
10.6130999748
10.6357688354
10.639779676
10.6592514684
10.7500581891
10.7688989673
10.8107011951
10.8207707555
10.8781816893
10.8908865017
10.9063036434
10.9187613374
10.9228047752
10.9304699938
10.9750554135
10.9836152735
11.0092923013
11.0255222481
11.0321933426
11.061076146
11.0841010934
11.108673109
11.2669514839
11.3099363479
11.3514736408
11.3770295613
11.3841017158
11.4211145246
11.4974047927
11.5578849726
11.576027688
11.5968825959
11.6214049535
11.6384653556
11.6469761353
11.7046300542
11.7399355019
11.7888626108
11.8319424412
11.847719065
11.8818578795
12.034957439
12.0448937778
12.0702118956
12.0770106833
12.0890850409
12.1026994085
12.1147162879
12.1226689837
12.1357059788
12.1707686043
12.1754153948
12.1799556843
12.1991608295
12.211063983
12.2328846937
12.2507068929
12.26309039
12.2759897807
12.2865270335
12.3104248311
12.3440445084
12.3821767589
12.3967042654
12.4780474886
12.6913327842
12.7131471892
12.7516729749
12.7769452214
12.8070121833
12.8284006557
12.8457618967
12.9149533778
12.9280693106
12.9683978114
13.0121442392
13.0804583575
13.0978048978
13.1196944279
13.1696958922
13.2290097356
13.2412549985
13.2515368006
13.2663931855
13.2932600263
13.3166470686
13.3813745511
13.3956171359
13.4178398775
13.4397593485
13.4608524941
13.4648365901
13.47291723
13.4898254053
13.5092482948
13.5296459881
13.5383086951
13.5567310912
13.576879896
13.5868124441
14.0884141563
14.1423416927
14.1723813889
14.2205329795
14.2709843109
14.3021165144
14.343149117
14.3646145
14.4049932721
14.4198158033
14.4500648693
14.4553511855
14.4666534435
14.4848019066
14.4916974272
14.5068104587
14.5131710699
14.5400646306
14.5517400765
14.5645860344
14.5813723332
14.5876396056
14.5994918415
14.6177806308
14.6413898311
14.6583934011
14.7341367912
14.745854374
14.7586082566
14.7655792253
14.7733335285
14.7794177124
14.7962658229
14.8170252451
14.8471121965
14.8604678678
14.8731497124
14.9032691026
14.934883722
14.9703648505
14.9910749986
15.0068037057
15.0185608017
15.0379919293
15.0577337674
15.0665521364
15.0909935594
15.1221984984
15.2017197059
15.2298248437
15.2678607854
15.286804102
15.3026493259
15.3461105816
15.3696153846
15.4344247573
15.447826797
15.461466485
15.5122467383
15.556997402
15.5994167065
15.6142245813
15.6806695641
15.6971336376
15.7062748788
15.7213787767
15.7315865662
15.7381842684
15.7474617263
15.7528230954
15.7675128258
15.8029527184
15.8189390784
15.8381359686
15.8463604874
15.8772411962
15.8863288903
15.9201733393
15.9276643311
15.9391618585
15.9471371207
15.9545333736
15.9641593946
15.9767215872
15.9851551431
16.0108321441
16.0252997027
16.0314810056
16.0487906301
16.0630706423
16.0752165706
16.0882824112
16.1025219163
16.1213075557
16.1601512058
16.1787701923
16.2170888923
16.2534903575
16.2994877283
16.3156009618
16.7241449027
16.7473449062
16.7978312202
16.804654307
16.81698093
16.8251722619
16.8304818993
16.9898131132
17.005710048
17.0099022375
17.0316443041
17.0397137713
17.0547859188
17.1022482122
17.1166215716
17.1763468665
17.1804888227
17.2054481383
17.2346433283
17.3329188214
17.3594258221
17.395761385
17.4253349513
17.4505191069
17.4774252026
17.509701462
17.5210495702
17.5304675538
17.5502076994
17.5556581492
17.6034972335
17.6928820189
17.7236575521
17.7513147912
17.7957890768
17.8640566487
17.9651273952
18.0064006056
18.020344071
18.0282906076
18.0509625551
18.0579767487
18.0992405075
18.1152723939
18.1329821252
18.1561463401
18.1603125462
18.1761037598
18.185452302
18.2114836275
18.2222175189
18.2272834557
18.2496946742
18.2557696135
18.2609522094
18.2730264497
18.2861702347
18.3849164406
18.3930954522
18.4018513504
18.431015707
18.4727752027
18.5042833181
18.534910913
18.5455748671
18.5785203829
18.6221343074
18.8892366631
18.9298432905
18.9737411056
18.9773526785
19.0020059834
19.0260260027
19.0937130544
19.1280230754
19.2128973239
19.2370510061
19.2486081803
19.2600249534
19.276821789
19.2887362062
19.2970317388
19.3186751828
19.3232085665
19.3311673039
19.3423306949
19.362936177
19.3846172002
19.3900279106
19.4059564973
19.4123396038
19.420569192
19.4398498008
19.4618629798
19.466305354
19.5644994675
19.5744658968
19.5908463628
19.7058611284
19.7160810834
19.7669306431
19.8699963187
19.9277432537
19.9501701481
19.9677328178
19.9723374659
20.1047328619
20.3809171367
20.4034672558
20.411032053
20.4253669144
20.4409102274
20.4568796571
20.4890741599
20.4944419521
20.5553551022
20.5960320117
20.6248541474
20.6422613854
20.6572025164
20.6977486703
20.8217398308
21.0268131943
21.0389114362
21.0842781858
21.122335252
21.1549101701
21.3553856843
21.4123581859
21.4356668003
21.4475695226
21.5374384875
21.6060344307
21.6236205864
21.6307687594
21.6396619777
21.6666695895
21.6713794295
21.6818093611
21.6894213444
21.7276001354
21.7421779919
21.7590251633
21.8167545674
22.2179708556
22.2446306092
22.2699000233
22.3460942727
22.4080368426
22.8180055465
22.8379425855
22.8599726961
22.8652686267
22.8705607667
22.8881758104
22.9000594906
22.9171970448
22.9293691725
22.9371468056
22.95528451
22.9724654689
22.9783847697
22.9903141504
23.0230921361
23.0323200863
23.0976110828
23.138268467
23.1636897771
23.1791801334
23.1908710402
23.2348757044
23.2604641626
23.2891914203
23.3327703198
23.3439209781
23.3624206549
23.3839757634
23.3967731331
23.4217493123
23.4353376767
23.7520574098
23.764572652
23.802493941
23.8102479879
23.8355476662
23.973173376
23.9994153459
24.0176711443
24.0388025546
24.0444471459
24.0616890382
24.0746307328
24.086168697
24.1097927936
24.1247538083
24.1433758796
24.1557802437
24.1774181708
24.1897249399
24.197058594
24.2625422908
24.2767163472
24.3014684424
24.3228346115
24.3351955216
24.3516512994
24.3566598061
24.3675963975
24.3773518135
24.5003425795
24.533839016
24.5702104575
24.5954983762
24.6077620522
24.680352165
24.6844263876
24.6903740707
24.7130382963
24.7397754552
24.7470720552
24.8127956595
24.8395801168
24.8560063538
24.8747434127
24.8965064482
24.9305835946
24.9511029812
24.9704967656
25.1066606425
25.2139860727
25.2276386943
25.2489767371
25.2659377921
25.2845097033
25.2935461394
25.3040833087
25.3312410505
25.3375922269
25.3552839229
25.3733222174
25.3855433285
25.3955771651
25.4097539865
25.4200538439
25.4247775236
25.4365465185
25.457013806
25.4710691806
25.4803362878
25.490387855
25.5086559842
25.5319573383
25.553048643
25.5638972512
25.7958383015
25.8435162026
25.8696524227
25.9305241442
25.965755861
25.9841810328
26.0281964576
26.0810087967
26.0902080347
26.4098998359
26.4207911656
26.4455259259
26.449680675
26.4589697019
26.4817351803
26.5097500881
26.5196680344
26.5443008309
26.5481414281
26.5653324542
26.578180898
26.5844156059
26.6003615865
26.6240082624
26.6467417656
26.6571550008
26.6899837468
26.6971641125
26.7128202316
26.7437864493
26.7565951308
26.7667632408
26.791009913
26.8156703645
26.8932403949
26.911076142
26.9460666765
27.0258059105
27.062114321
27.1583489794
27.1663908041
27.1725248576
27.204559945
27.219319128
27.2654304508
27.3052897681
27.3269050754
27.3936596518
27.4007959862
27.4752381387
27.4918536997
27.5940513729
27.611995482
27.6191414517
27.6304417188
27.6390379649
27.6425306865
27.6684694865
27.6783414799
27.6937154194
27.712380502
27.7260632237
27.7653030342
27.7745042298
27.7903165713
27.8013822637
27.8199962949
27.8757007972
27.8872435433
27.8965771431
27.9735099364
28.2248082623
28.2717875676
28.2785507279
28.3012239729
28.8143237823
28.8259401901
28.8336142989
28.850088018
28.8637122782
28.8874832449
28.8935539066
29.0989059782
29.1227747238
29.1668500194
29.5035473925
29.5109798543
29.5407004751
29.5914433747
29.6281500155
29.649702161
29.6556393456
29.7004087383
29.7406938888
29.7981169791
29.8428539011
29.8559459341
29.8814992229
29.9182931342
29.947412268
29.9731145605
29.9836361758
30.0047375273
30.0305154783
30.0361329039
30.0482382104
30.0724927646
30.0846785354
30.87658213
30.8892007621
30.9728202921
31.0160889842
31.1234466369
31.1433246333
31.2038853493
31.2229696298
31.2307303533
31.2385654716
31.254054659
31.2855810249
31.306798237
31.3251388688
31.3337111804
31.3701436034
31.3750877864
31.3924259562
31.4138065147
31.4287339725
31.4455039618
31.4663286061
31.4720681141
31.4821297374
31.491307014
31.4988620962
31.5143149233
31.5315020776
31.5434019214
31.5515516343
31.5591913656
31.5816156747
31.6014622198
31.6625668587
31.6919689473
31.7116821424
31.757229259
31.8200892382
31.8266948829
31.899757563
31.9110975027
31.9330565303
31.9967498574
32.0167795591
32.0573422702
32.0993152602
32.1252745239
32.1748872353
32.2169189898
32.2608517071
32.2717889644
32.3253374111
32.3773661284
32.3820712151
32.4074435267
32.4181134735
32.4318182324
32.4506628147
32.4669599406
32.4786668744
32.4943777534
32.5032192295
32.506682831
32.5260736864
32.5380425944
32.5483813912
32.646658044
32.723011455
32.7470344981
32.7853271749
32.8179095494
32.8544053245
32.8717348235
32.8959170406
32.9225525773
33.0218781537
33.0327492466
33.0426731267
33.0624392924
33.0896131858
33.1144302621
33.1683963681
33.1812489869
33.2092089701
33.2197847105
33.2418535369
33.2716572061
33.310549935
33.3380477049
33.3562905128
33.3919843501
33.4030381682
33.4274159837
33.5157730146
33.5859474215
33.6038432449
33.6161356231
33.6680236611
33.6742311632
33.6832368704
33.7107645903
33.7166187532
33.7303306916
33.7364996112
33.7452992808
33.7601665116
33.771468546
33.7886171172
33.7990664804
33.8065430028
33.8165349098
33.831481709
33.8534670763
33.8663118573
33.8738976712
33.8793321529
33.8964129222
33.9007716962
33.918105193
33.9365001402
33.948892074
33.9668714366
33.9767091071
34.0787621108
34.1234754627
34.1633592714
34.1874654475
34.1978373703
34.23041006
34.2652937943
34.3494646272
34.3944731935
34.4291551276
34.4533426558
34.497233465
34.5274814545
34.6347220605
34.6491171363
34.664202897
34.7050662311
34.7650581028
34.7977292954
34.8165399312
34.8293351852
34.8366350907
34.8509993374
34.8644766988
34.8730341505
34.8907938076
34.8975713788
34.9076021329
34.9180253483
34.9326209496
34.9517552053
34.9705198688
34.9832086279
34.989908373
35.0014183782
35.0128448912
35.0238679593
35.0472040916
35.0552488046
35.0656158099
35.0736174215
35.0887177041
35.1152580998
35.220755815
35.2376979723
35.2541952258
35.2794278204
35.2968983372
35.3225832718
35.3580162235
35.3987698131
35.4207908728
35.4433906084
35.4569459459
35.4895480769
35.5060638264
35.5131530525
35.538443788
35.5744558849
35.8934806541
35.9415176606
36.0040360919
36.0113212805
36.0282402665
36.0498726111
36.0599394335
36.0673371844
36.0720659693
36.0812115502
36.0987101044
36.1219083403
36.1427508901
36.1478940015
36.1566214681
36.1630034839
36.1793816702
36.1924923847
36.2116505507
36.2174587879
36.2290721642
36.2376769653
36.2435578778
36.2575831964
36.2938692497
36.3190070144
36.3311873871
36.3845589007
36.4022245764
36.4290838031
36.4631811848
36.4710277472
36.4810222537
36.498262907
36.5257740036
36.5614507712
36.5862120048
36.6240881484
36.6425630274
36.6677314824
36.6824630609
36.6930567626
36.7230917682
36.7419522735
36.7551575394
36.8998524441
36.9288382586
37.1065947091
37.1549018279
37.176599234
37.1830418412
37.228680629
37.2649216109
37.2754729805
37.2871392429
37.3206255401
37.3782536412
37.3899649444
37.4056801352
37.4238547598
37.4332755222
37.4448019828
37.458355871
37.4710789931
37.4821259298
37.498470605
37.5219757991
37.5283540417
37.5433130549
37.5734492424
37.8654610551
37.9003335638
37.9428372659
37.9595188763
37.9876695818
38.0111982117
38.056661762
38.0913921221
38.1404315135
38.2019643086
38.2270041181
38.2767850612
38.3216003494
38.345191202
38.4101002891
38.4278208698
38.4338472787
38.445551642
38.453582953
38.4629087135
38.474824295
38.4918042844
38.5131516542
38.6966284198
38.7165137335
38.7207257329
38.7331397245
38.7434731439
38.7544623145
38.8005738089
39.3066473837
39.4033327402
39.4428011343
39.4857545421
39.5822951878
39.5987151038
39.6268401595
39.6668790733
39.6928936585
39.7131635522
39.7233099493
39.742722844
39.7849648135
39.7925278307
39.8247797092
39.8406743253
39.857742043
39.8838268853
39.916815231
39.9294430978
39.9529638061
39.9711137654
40.0078018543
40.0278094016
40.2631839441
40.2938190661
40.3051963227
40.3262521628
40.3577761018
40.3806555244
40.3932516977
40.4491319519
40.4945744009
40.5483463338
40.5623304605
40.5691500805
40.5922884914
40.6030442534
40.6475205161
40.6834503317
40.6885750166
40.712035086
40.7412654984
40.8217541172
40.832041964
40.8392080465
40.8504687583
40.865031932
40.8886210133
40.8961560801
40.9080518294
40.9185322697
40.9406267554
40.9606618706
40.9854603585
41.0060046325
41.0133830974
41.0350973556
41.0491949122
41.069899945
41.0845770596
41.1117153171
41.1607489122
41.1876288816
41.2065444105
41.2101004719
41.2263760633
41.2535187123
41.3100821324
41.3183669257
41.343782726
41.3591559025
41.385689618
41.4045962683
41.5795034075
41.6026058641
41.6377711549
41.6494621228
42.0214516754
42.0298751898
42.041087559
42.5894744221
42.607181002
42.6159766192
42.6437515432
42.6642178776
42.6813928236
42.6908421322
42.6986044783
42.7477411177
42.7877989691
42.8082535798
42.8235204828
42.8371016989
42.8469808682
42.8845060521
42.9314070745
42.9680028748
43.1201542735
43.16810993
43.2061767633
43.2136482715
43.228601354
43.2340829151
43.25587228
43.3703360152
43.3844501932
43.3963656999
43.4128270322
43.4325491273
43.4414891119
43.450779365
43.4552706112
43.4587407734
43.4631776562
43.4835686649
43.497542598
43.5051159735
43.511911747
43.5281554837
43.5327702912
43.5457091552
43.5672245197
43.6429546575
43.6499665726
43.7069364065
43.7321101515
43.7503398382
43.7848813321
43.7976077909
43.8459877946
43.9195000605
43.9404510701
43.9598751329
43.9860372703
43.9963421145
44.0437227185
44.0852093462
44.0949963203
44.1152835102
44.1475947911
44.1636048335
44.1672079381
44.1948848888
44.2259978128
44.2503577036
44.3072761232
44.3338871023
44.3988501389
44.4050361198
44.4208430077
44.4282328109
44.4332035477
44.4421521589
44.4460518686
44.4559240067
44.5161861396
44.5267230184
44.5423784205
44.675923446
44.6918071684
44.7156897294
44.7373817967
44.7413779353
44.7765013323
44.799524608
45.1930861238
45.2088508358
45.2303760102
45.2600183467
45.2920106895
45.2993260996
45.3084130109
45.3313079425
45.367599983
45.3729391617
45.395974603
45.4311852216
45.4455833564
45.4510433985
45.4634087639
45.5130066666
45.5618400782
45.5674344604
45.5785101555
45.607533726
45.683214807
45.7285471659
45.7333459451
45.7451945612
45.7628594953
45.805279445
45.814680074
45.8392603111
45.8448182308
45.8588154993
45.8887095622
45.9074201001
45.925986226
45.9745087679
45.9830812118
46.0040743088
46.0293180479
46.0357379652
46.0670800595
46.0865270349
46.0953054004
46.1297259874
46.1451243673
46.1996693332
46.2245494403
46.2356216417
46.2662304118
46.2757008608
46.2903831902
46.3016573081
46.3138909807
46.3564734159
46.3938940024
46.4173375868
46.4426035776
46.4813754958
46.5033283289
46.5685938939
46.5811756726
46.605181269
46.6290400679
46.7163816907
46.7559090281
46.7872807661
46.8176458944
46.8264252085
46.8439122851
46.8636626361
46.8777049961
46.8888672523
46.8982468729
46.9107517152
46.9218472211
46.9257848718
46.9300413944
46.942974851
46.9485227238
46.9661539742
46.9844573264
47.0011761737
47.0174389405
47.0374704987
47.0807428348
47.10086813
47.1072793221
47.1457960799
47.1521196944
47.164716368
47.1719586436
47.1940856028
47.2035348939
47.2189408187
47.2330316137
47.2417075974
47.2622464056
47.2734591991
47.3004404896
47.3484492948
47.7101590959
47.7416343459
47.7560569806
47.8242960723
47.8534853623
47.9040978898
47.9270202578
47.9673436464
48.010997867
48.021323513
48.0525946234
48.0649609103
48.0784451674
48.0851518758
48.1044090846
48.1175507066
48.1222302389
48.1725303864
48.1858974486
48.2045042081
48.2208539205
48.2256328604
48.2405487025
48.2519567879
48.2646924711
48.2707186377
48.275015858
48.2949711234
48.3114942696
48.3301590395
48.3376128681
48.3447162214
48.3565922223
48.3823231102
48.4001660839
48.4261508481
48.4470761196
48.4580554293
48.4616358192
48.4844974045
48.4991071848
48.5140513492
48.5321230474
48.7082750967
48.8139770735
48.8993495417
48.9263309624
49.2118004292
49.2154241253
49.2439045287
49.2545415433
49.2670767536
49.2729989377
49.2763768951
49.28898388
49.3047865696
49.3202999433
49.3275739381
49.3427750444
49.3561978536
49.3706026221
49.4544098433
49.4600791718
49.5409168958
49.5632757882
49.5759769195
49.5898960427
49.614078148
49.65823706
49.6764159642
49.6932077132
49.7240110299
49.7441540567
49.9105095978
49.9347544484
49.9632078626
50.0094906424
50.0512823701
50.1648798722
50.1992271179
50.2090397395
50.2340137405
50.2661661508
50.3049697221
50.3444103962
50.4150451095
50.4402331021
50.4473090097
50.4509109556
50.4621498903
50.4754644928
50.4927922298
50.5074165994
50.5235314635
50.5462806731
50.6117340908
50.6424437013
50.6718908984
50.6959095482
50.7080844237
50.7170102026
50.7229302156
50.7375896717
50.7425999087
50.7640635619
50.7981001406
51.2168175998
51.2321248483
51.2868375641
51.3039201949
51.3232080692
51.3574528785
51.383102337
51.454394492
51.5020541503
51.5685104396
51.5804343721
51.5862957938
51.6077477147
51.6186253502
51.6239946315
51.6286486355
51.6342029605
51.6497179949
51.655459903
51.6691291769
51.6782092379
51.6846307516
51.6975847138
51.7114336478
51.7249318619
51.7562875293
51.7613716692
51.7682991631
51.7737451155
51.7803088768
51.7961388422
51.8866033367
51.9389943849
51.9568894801
51.9683420792
51.9718480495
51.9823695436
51.9979447787
52.007784581
52.0292141649
52.042138406
52.0756615999
52.1442231989
52.1841189261
52.1995277734
52.2593955569
52.3464836466
52.3771511563
52.4596534533
52.5061595166
52.5388576802
52.5724792836
52.6042953617
52.639036929
52.7289829467
52.7577475401
52.7690222671
52.8068166685
52.8138665284
52.8332331997
52.8373590184
52.8450299281
52.8520405946
52.8588709748
52.8686543576
52.8747652671
52.9035838711
53.0259328364
53.0485390911
53.0692178686
53.0806345521
53.1060398763
53.1199939607
53.1313842277
53.1399638387
53.1491668913
53.1639397248
53.1675614779
53.1910084032
53.2060061923
53.2150661156
53.2433297416
53.2493990856
53.2683629197
53.2855026184
53.3200332087
53.339806824
53.3606618017
53.4005664786
53.4579934036
53.4713488498
53.5148802161
53.5408000086
53.5908860326
53.6295631862
53.6380664159
53.6627467977
53.7280060417
53.8335716311
53.837207441
53.877231726
53.8972377962
53.9357148776
54.0049463013
54.016064067
54.0232796927
54.0330524975
54.0402014552
54.0466965227
54.0541877479
54.0652000668
54.1707703295
54.1823806472
54.2003506883
54.2183606
54.2822812754
54.2869306908
54.2950298086
54.3198373264
54.33424272
54.3668980549
54.3900168074
54.4347541519
54.4634498935
54.502440593
54.5090150774
54.5334344015
54.5781852552
54.5998418817
54.6283399379
54.645116951
54.6550628305
54.6753221863
54.6979100905
54.7498473002
54.7886893102
54.7922283603
54.8064835744
55.2047450208
55.2152810936
55.2196694697
55.2249874389
55.2297162087
55.2552240477
55.2617202954
55.2695085642
55.3406561454
55.3469046756
55.3672048632
55.3725147043
55.3790871495
55.391677297
55.3965865141
55.4186969936
55.4354894571
55.4764677377
55.4929441518
55.4984574168
55.5091842093
55.5168775049
55.5298360083
55.5559348506
55.5702258479
55.5741609912
55.6573814096
55.6737052974
56.4158057572
56.4370398729
56.4535645894
56.466228471
56.4836791087
56.4981512915
56.5129097861
56.5251183743
56.5320389508
56.5486667854
56.5622323955
56.5795587251
56.5958794593
56.6071547582
56.6156040795
56.7528482025
56.7628247892
56.7859097466
56.7977677336
56.8166098935
56.8418856523
56.8479240318
56.8654025425
56.8815511772
56.8889001051
56.9131929155
56.9393517807
56.9527468105
57.2264224967
57.2698376759
57.3110294148
57.3402559368
57.380050817
57.3860709453
57.6147105488
57.6199548413
57.6398363807
57.6522577936
57.6588472244
57.6750544113
57.7250398708
57.7386380617
57.746286219
57.7567432027
57.7604836818
57.8189398704
57.8942903563
57.90706676
57.918984637
57.9473984623
57.9772973993
57.9999894329
58.0112740166
58.0184247576
58.0274096235
58.0440896774
58.0730342939
58.099947882
58.1333449248
58.1785124679
58.2044528221
58.2342307061
58.2725510452
58.2761419138
58.3117809042
58.3836569286
58.3982135274
58.4061634235
58.5134571829
58.5460099079
58.7117200182
58.7354142202
58.7813077205
58.7870906333
59.4303099643
59.9398085729
60.0178017674
60.0229258808
60.0334944982
60.0377811183
60.0493611721
60.0755375621
60.0834211346
60.0913444397
60.1037561664
60.113102886
60.1276682113
60.1431656336
60.1534460472
60.19867705
60.242423658
60.2581617224
60.2774101694
60.2958075375
60.3137552359
60.3400859164
60.3508224924
60.3614991769
60.3777144632
60.4152414519
60.4611610392
60.4882695571
60.5388611286
60.5474185605
60.5767145616
60.6077007159
60.6249120995
60.6558521734
60.6832082292
60.696004966
60.7119842181
60.7786894208
60.7966240405
60.8169726974
60.9040237985
60.9517026763
60.9675594762
61.0314792016
61.0402867724
61.0504709773
61.0720611328
61.1623236712
61.1828966977
61.2119104081
61.2196280373
61.2234313814
61.2578338871
61.3423519642
61.3474994752
61.3937528515
61.4049465895
61.4326477527
61.4388302082
61.4736633384
61.4830742027
61.4885349062
61.499723183
61.5121251582
61.5199758091
61.535505617
61.55580476
61.6611982752
61.6782691561
61.7015630714
61.7198644083
61.7266795604
61.7445214856
61.7531220892
61.7620330825
61.7739410963
61.7964649403
61.8129292561
61.8248554069
61.8355340165
61.8620901288
61.8743049756
61.9166125785
61.940257452
61.9569750873
62.0030899047
62.0201625734
62.0491463144
62.0666196762
62.1010950275
62.1389966362
62.1532370424
62.1614066231
62.1665629931
62.1885206961
62.2331485581
62.2638082402
62.2768367451
62.3319689307
62.3710968523
62.3754248779
62.4101013228
62.4134707971
62.4352573795
62.4407269433
62.4480882711
62.4638542226
62.4695205977
62.4730704641
62.4824362385
62.5224993594
62.5379271515
62.5521826735
62.5771045044
62.6007940759
62.6077745938
62.6206220616
62.6463969529
62.656339316
62.6895887783
62.7081108404
62.7386929051
62.7578452762
62.7654491151
62.7735972912
62.7797013675
62.7948216925
62.8263553407
62.8433328072
62.8507525572
62.892312674
62.9154396449
62.9309384726
62.9589028755
62.9774610998
63.2957984715
63.3744897366
63.378799252
63.3987307135
63.4417325049
63.4478354598
63.4772713955
63.5035006366
63.5328046511
63.5871817198
63.7657281733
63.7948173323
63.8075749664
63.817044335
63.8278579119
63.8356700655
63.8492907598
63.8731217663
63.8824063595
63.8999675852
63.9135411568
63.9215353924
63.9433603643
63.955889087
63.9852903261
64.0138541796
64.0289723747
64.0335241344
64.037745695
64.0485822528
64.0576611839
64.0753638972
64.089451175
64.1081824969
64.1193463996
64.1321301497
64.1531679825
64.162633569
64.2006725357
64.2159199387
64.2333464753
64.2460529464
64.3236237773
64.3743495188
64.6815877964
64.6854110956
64.7184526087
64.7766568127
64.8183916183
64.8306631501
64.8628037117
64.8790640255
64.8868245222
64.9010879912
64.9225518111
64.9291086951
64.9379113767
64.9488156432
64.9799595123
64.9855240375
64.9947690136
65.0122537339
65.0223979252
65.0312038733
65.0572251473
65.0890143343
65.1062943369
66.0081702507
66.0363757322
66.0420042883
66.0569496948
66.0620305927
66.0738345702
66.1022647057
66.1110912723
66.1192491974
66.1332618137
66.1558487913
66.1619618606
66.1702809012
66.1936735319
66.2038733353
66.2338033101
66.2382640054
66.2554265969
66.2709804352
66.2922771995
66.3062709579
66.3193463519
66.8185362912
66.8494738157
66.871058038
66.8783606625
66.9152810273
66.9418015479
66.9736678187
67.0074063603
67.0149334682
67.0427344631
67.2310744278
67.2425997347
67.250691392
67.2611507202
67.2675229043
67.2771953189
67.2917414383
67.3683483419
67.3917919128
67.4115685948
67.4212565171
67.4417992959
67.4472792381
67.4564123404
67.4623363493
67.4784379582
67.4868283201
67.5050395246
67.5375889571
67.5585998873
67.5797571146
67.5935656708
67.6088762793
67.6373172333
67.6448715573
67.6563357369
67.6626197954
67.680345485
67.6893497754
67.7131417898
67.7288786939
67.7389917428
67.77520296
67.7938908347
67.8410842053
67.8510772841
67.8733489887
67.8810148564
67.8992625177
67.90549342
67.9193637709
67.9330645473
67.9527503453
68.0354391634
68.1005538649
68.1184961545
68.1281186835
68.1329373741
68.1658670872
68.2082996921
68.2413674018
68.245608086
68.2583167949
68.2687021422
68.2979708103
68.4111340236
68.4353829917
68.4565093367
68.4652035985
68.4809868453
68.5254829996
68.5380350729
68.5429866134
68.5723252312
68.6148814419
68.6186250664
68.661674596
68.6650658932
68.6835445064
68.6872798328
68.7011978196
68.7160240762
68.7290648602
68.7357111157
68.7400546643
68.751107655
68.7608025748
68.7734425594
68.7839208801
68.8106884677
68.8383722746
68.847141489
68.8628697599
68.9073887672
68.9265258125
68.9479527597
68.9760928348
69.0459662551
69.0671704567
69.1037717508
69.1199990089
69.1316225727
69.1818712313
69.1871468547
69.1994185354
69.2552051961
69.6049735973
69.618787874
69.6263205793
69.6338844496
69.6417606368
69.6554504271
69.6660382343
69.7091983561
69.7131089494
69.7293141176
69.7400485236
69.7488898156
69.7531276938
69.7666142828
69.7892304044
69.7959119073
69.812903361
69.8257983598
69.8468066737
69.8509470327
69.8667983079
69.9167619137
69.9216674138
70.0330978404
70.0541392252
70.2845471982
70.3147498461
70.3405606429
70.3523754255
70.4012544064
70.4437741477
70.4598780047
70.4722890047
70.5259283528
70.532382917
70.8068199608
70.8122614965
70.8181238683
70.8267396608
70.833779639
70.8374090846
70.8445343971
70.851051163
70.8571064386
70.86743683
70.8808255718
70.8980487044
70.9305720211
70.944672796
70.9480214499
70.9569404966
70.9700523452
70.9782558075
70.9862753605
70.9926041775
71.0060805868
71.0239550064
71.0685766214
71.0778199198
71.0923040131
71.1197673455
71.1295864649
71.1387832908
71.1432217841
71.1755075859
71.2021406096
71.2059305923
71.2336808941
71.261818151
71.2934502598
71.3022626721
71.3498383855
71.4604582087
71.4735289237
71.4775787891
71.5299836007
71.5397299401
71.5572775815
71.6374009483
71.6483201306
71.8454996896
71.8634754192
71.8885075788
71.902020155
71.9183862434
71.9394300652
71.9599478904
72.0219787113
72.04311049
72.4706466239
72.4919961015
72.5103820672
72.5327726142
72.5541793368
72.5666402914
73.3276406026
73.3365967524
73.4639447151
73.4873309196
73.5024078685
73.5198202237
73.5297157344
73.5380628232
73.5651666556
73.6528777174
73.675071341
73.6876894663
73.7658170132
73.7868879892
73.7956133541
73.8072691144
73.8368886934
73.8665288171
73.8785096547
73.8876181825
73.9105381683
73.927714646
73.9746224517
74.0084684909
74.024630613
74.0692126299
74.141503995
74.2098850914
74.2421263484
74.30197434
74.307032151
74.3440627581
74.387153885
74.4114738322
74.4235641196
74.4325286354
74.4366095697
74.44147465
74.4621860901
74.4997770671
74.5085222493
74.517322022
74.5379708383
74.547785766
74.5559967528
74.5647911153
74.5777934254
74.5923051944
74.6080332518
74.6494989417
74.6602481489
74.6807453991
74.6879453988
74.7132050465
74.7286138473
74.7419022257
74.7464115879
74.7546233072
74.7644432739
74.7804723961
74.7861460257
74.808819402
74.8202489989
74.8327236629
74.8464520768
75.1023603529
75.1208489529
75.1424747631
75.165482661
75.1870803563
75.2368183939
75.2459182491
75.2687194748
75.3654785725
75.5970609672
75.6048746922
75.6221128887
76.1102470499
76.1926865466
76.2101880975
76.2292304092
76.2640774286
76.2868080778
76.3107807102
76.809034292
76.8203504785
76.8265103535
76.8513770292
76.865696332
76.8924995896
76.8973938915
76.907815852
76.9405463739
76.9594427308
76.963661616
76.9763383208
77.5509066244
77.5706902113
77.6437045624
77.6506862243
77.6562386884
77.6880509143
77.7400225697
77.7533142167
77.8040188646
77.8249483683
77.8578182586
77.8659938164
77.884894667
77.9916398641
2137
