6.00559860123
6.03094901172
6.04284241359
6.29666243419
6.3138259871
6.31997028211
6.32607533442
6.36752661494
6.38004872169
6.39056377843
6.41156334212
6.4239837379
6.44307719462
6.47909112884
6.79667100228
6.81280283588
6.8783811676
6.89660221404
6.95765524628
6.99222598321
7.06663065638
7.07695768417
7.08298749641
7.21711325625
7.22578029335
7.24598799546
7.25911652487
7.62182251751
7.6300326953
7.64271029099
7.66812791831
7.69900795515
7.71012596155
7.74151974818
7.77380367228
7.80338257282
7.81776734509
7.84273492514
7.86046159722
7.88963437222
7.92576809455
7.95197402468
7.96230585055
8.02880408871
8.07549928469
8.09098794137
8.11990809608
8.14560827524
8.19522243946
8.21094250694
8.23455137764
8.28362913943
8.34382755156
8.36594992273
8.4089876247
8.41710589342
8.42589008943
8.46521720775
8.47044878263
8.47464280367
8.48394093128
8.48798206447
8.52643585223
8.53509577732
8.56501920809
8.60636611703
8.61008098971
8.64674339459
8.65556268594
8.67058460166
8.70810189193
8.72556786561
8.73489612636
8.74325269537
8.77752747936
8.81953481589
8.83488185399
8.86353375249
8.95309934338
8.95679788212
8.96696313297
9.03955905184
9.08475650606
9.12495459999
9.15848161232
9.20007003351
9.30423429537
9.56292276682
9.58008189475
9.59526881688
9.61686625228
9.63658083936
9.64341231727
9.650229426
9.66383237276
9.6761920943
9.68638461912
9.70131699073
9.75487967448
9.76098268649
9.78417086626
9.79067423518
9.81356404104
9.85663437853
9.87488297501
9.89920435076
9.91673145337
9.93957098228
9.95335014798
9.97737069099
9.99157700012
10.0118675392
10.0326497275
10.0512125239
10.0854846242
10.094855651
10.1043119966
10.1217947781
10.1325097083
10.1965828686
10.2470447641
10.3243445686
10.3738793858
10.4012374288
10.4420224199
10.4686135623
10.5098045121
10.5774862235
10.5831162349
10.6290830814
10.6568556921
10.8578148422
10.8679501433
10.8904772425
10.9633525392
10.9735567985
10.9948515269
11.0140560911
11.0290952269
11.0443429667
11.0647657058
11.0687197786
11.0885060615
11.0973989224
11.1083004212
11.2000125818
11.2515249516
11.3310992296
11.3428677361
11.3546810846
11.3627766689
11.373511966
11.4085006573
11.4607390862
11.4877478372
11.4968933616
11.5154976047
11.6680612626
11.7189443398
11.7288780536
11.7440060465
11.7607809156
11.773121621
11.7942754791
11.8157206501
11.8192921045
12.0138177298
12.0238409076
12.0386246426
12.0520888808
12.0673266575
12.075852208
12.0903361023
12.0965412165
12.1078041617
12.1114238561
12.1188598624
12.1385956951
12.1676327735
12.1853288384
12.2102503463
12.2422925709
12.2616015131
12.4208365497
12.4656326865
12.4872821769
12.5030931192
12.5284887776
12.5441241314
12.5754821311
12.5975838303
12.7920601862
12.854063376
12.8776135443
12.8994309164
12.9179908776
12.9277863977
12.9507043161
12.992911465
12.997729476
13.1098160847
13.1318057162
13.2092047704
13.219129481
13.3087644367
13.3274262961
13.3440167055
13.353522422
13.3589609637
13.8158132951
13.8383572004
13.8438218436
13.8614165741
13.8908428033
13.9001918073
13.9107340707
13.9198878412
13.9427550301
14.0473310906
14.0952940773
14.1211764165
14.1556002433
14.2805151543
14.3825332993
14.4224287489
14.4366509682
14.4413268276
14.4582394039
14.4839242484
14.7961124466
14.8348331074
14.8558689462
15.6141872825
15.6298553954
15.6431550633
15.6550416083
15.6593148191
15.6757655581
15.735834013
15.7647832391
15.773481423
15.7828676647
15.8116234637
15.8159680848
15.8325635587
15.851881389
15.8681456064
15.8941821096
15.912679254
15.9213880729
15.9359054456
16.0731718483
16.1020986127
16.1276751534
16.1419299487
16.150751764
16.1610429605
16.1742765904
16.1956287635
16.2071870658
16.2536521847
16.5721342186
16.5839509214
16.614401969
16.6724347482
16.7154205934
16.8060587505
16.8173332349
16.8458050127
16.8498681486
16.8538188412
16.8599420117
16.8790611586
16.8887037749
16.8979127681
16.9413798844
16.9660293984
16.9827877227
16.9883767565
16.9920269308
17.0049907554
17.013912546
17.4902379456
17.5080468983
17.5578416265
17.5827395564
17.6035144592
17.6545250211
17.8129341029
17.8231747878
17.9458598342
17.9677078094
18.0038140846
18.0075162487
18.0266133264
18.0471755708
18.0566600005
18.0773193288
18.1050454819
18.113470926
18.1380644609
18.1541355757
18.171933409
18.2007259569
18.2058953972
18.2317782256
18.2355093467
18.2420063462
18.255150027
18.2908502128
18.2996938543
18.3098350178
18.3642458387
18.4599092609
18.5334966667
18.5420491205
18.5706507793
18.6093345565
18.9981337056
19.0499311214
19.0655124494
19.1235692936
19.1269839308
19.1436053686
19.1672342492
19.2134367742
19.3745896914
19.3949819261
19.4098964856
19.4265736768
19.4427923109
19.4542153592
19.4906986684
19.4954397414
19.5092193739
19.5826673521
19.5966534793
19.6049174786
19.6386529802
19.6603889379
19.6715304235
19.695999031
19.7055728666
20.410391507
20.4227839508
20.4287752414
20.4453375092
20.4499111486
20.463697388
20.4742209684
20.4837012931
20.4935306962
20.513285008
20.5217992253
20.5256017807
21.6153828318
21.6277104622
21.6368264624
21.6459856491
21.6524754437
21.6615143621
21.683663295
21.690112196
21.7221187871
21.7256443435
21.7478806481
21.7832866626
21.8034723837
21.8246782435
21.8336788066
21.8424962805
21.8664976875
21.9024000787
21.9164584846
21.9255191096
21.9408032493
21.94827084
21.9681800604
21.9732870944
21.996012138
22.0166249612
22.0408075359
22.0765551873
22.0895956449
22.3580385337
22.3997802665
22.4154749624
22.478214013
22.5363736334
22.603629457
22.6952675594
22.8059041582
22.8351691057
22.8769016885
22.8832910273
22.8903840413
22.9007950513
22.9072752939
22.9245872377
22.929339285
22.9477653147
22.966603255
22.9784611381
22.9966406836
23.005090326
23.0158301747
23.021749088
23.0307582113
23.0536237334
23.0683704994
23.0758152938
23.0867915883
23.2122924766
23.224984253
23.2605997334
23.2715256691
23.286180479
23.2979299718
23.3174232582
23.3434995548
23.3557263812
23.3695017924
23.4022135001
23.4252204165
23.4450641539
23.4528546396
23.4726756097
23.4953657891
23.5214158787
23.5368336443
23.5600613956
24.0178318087
24.0309946793
24.0372444884
24.0489292685
24.0551393765
24.0780057576
24.0876765426
24.0944674241
24.1045262698
24.1580466886
24.1672069395
24.1712156887
24.1796897401
24.1911815517
24.1966428933
24.2042856053
24.2170709306
24.2276104889
24.2347471819
24.2595455649
24.2765199383
24.2880879118
25.2188476827
25.228025192
25.2420431751
25.2590940319
25.2836422429
25.2989789197
25.3051493424
25.3114381105
25.3266854982
25.3356399981
25.3625791488
25.4047271615
25.4175273199
25.4362647156
25.4540588966
25.4635400135
25.493033866
25.7490598194
25.7969987531
25.8061263024
25.8743734658
25.9062433786
25.9196634534
25.9418925713
25.964978004
25.9787601867
26.0183261792
26.0349119517
26.0590700927
26.1460859411
26.2070926087
26.2410305032
26.2462578781
26.2542074854
26.2774539259
26.3005865724
26.3285186725
26.3468442284
26.3702856341
26.3802741259
26.3953399906
26.4107697993
26.4727785241
26.5209617466
26.5372421488
27.6066031507
27.6685576555
27.6750930783
27.6910780202
27.6983124064
27.7033283368
27.7110201231
27.727894932
27.7423923788
27.7480328769
27.7534178415
27.774272468
27.7843179637
27.8087581807
27.8304377991
27.8390518542
27.8455722516
27.8626142341
27.8796729981
27.8912210926
27.9008551242
27.9175913121
27.9300422715
27.9678416907
27.9925531592
28.0607423737
28.0691844219
28.0764683887
28.0909510128
28.1010038273
28.1334693281
28.1685841939
28.1835205785
28.20400801
28.2273932673
28.2513115958
28.2645128774
28.2981022878
28.361260268
28.378664817
28.3982781257
28.4313057639
28.4436731439
28.4834177018
28.4876164632
28.5178811223
28.5247548198
28.542140942
28.5655928737
28.5950718582
28.6354474535
28.6543567118
28.6761067845
28.6880591086
28.7449928116
28.7832278037
28.8169063311
28.8262565004
28.8327980119
28.8377960962
28.847582358
28.8610052023
28.8711841876
28.8975819555
28.9136117475
28.9266978003
28.9527860054
28.962841784
28.9913767578
28.9962642894
29.013720481
29.0357368096
29.0757935594
29.0816201713
29.0866724
29.0932860115
29.1132892753
29.1337219737
29.1543950713
29.1967003668
29.2405971476
29.2523807367
29.2881104032
29.3223179027
29.3451234279
29.3659124657
29.3840045473
29.4047269293
29.4346336803
29.5492005905
29.5789454941
29.7366702163
29.7872227867
29.8070808681
29.8161215052
29.8999366837
29.9919736131
30.0142707959
30.0241901646
30.1032813808
30.1140835792
30.143535292
30.1513215452
30.1606425429
30.1736112301
30.1796617604
30.187245556
30.1972168027
30.2168277381
30.2252149038
30.2710186765
30.2947717678
30.3316940193
30.339401533
30.4199715154
30.4328591672
30.4505602242
30.4741868528
30.4923978472
30.5968759477
30.6258838013
30.6477453652
30.6720422724
30.6846740871
30.7197401044
30.74470675
30.7818064466
30.7922376879
30.8738848953
30.9501872061
31.0042568713
31.0325260228
31.223554836
31.2312400653
31.2516128105
31.2561009838
31.2690452657
31.2770316528
31.3696260938
31.3777575648
31.3860613037
31.5182329187
31.5499822108
31.5563985323
31.5691507688
31.5873799741
31.6644751384
31.754250038
31.7683174778
31.7997147195
31.8449308611
31.8905144313
31.9066191165
31.9308359013
31.9555721405
31.9631272239
32.0042117959
32.0254293935
32.031403731
32.0623380886
32.0935152653
32.2089562231
32.2920541864
32.3384790692
32.3756061421
32.4117881356
32.4230577089
32.4342446379
32.4384787355
32.453627192
32.4848587374
32.4946337097
32.5117606304
32.5224824953
32.5390911937
32.5481425897
32.742163816
32.7481166029
32.7621036205
32.7863898024
32.8128321316
32.8440736429
32.8997845418
32.9160986461
32.9456936335
32.9700614187
32.9762704122
32.9889506376
32.9987519033
33.0297060435
33.1374350612
33.2286107415
33.263659176
33.2674920456
33.3264804531
33.3479632979
33.3566602042
33.3974917686
33.423349519
33.4407434647
33.4859283631
33.5183786229
33.7434272997
33.7605520687
33.769921599
33.791418967
33.7978860896
33.8161606867
33.8309134015
33.8483474845
33.8561024816
33.8761517557
33.907269052
33.9162251032
33.9309723511
33.9723225929
33.980268317
34.0080741431
34.0394795696
34.1312733243
34.191304546
34.3099164285
34.3449740373
34.3635356263
34.4385195889
34.4712246609
34.5043392714
34.525109153
34.5560793661
34.6210429425
34.628772824
34.6516374396
34.758388541
34.8209201381
34.8918089971
34.9477056415
34.97247884
35.0263045859
35.0544809674
35.2247586462
35.2525798424
35.2766088272
35.2899364479
35.3162682584
35.3277635842
35.3345313067
35.3460323438
35.3524482412
35.3862475442
36.0054784352
36.0189372745
36.0260578725
36.0572452765
36.091500872
36.0948513492
36.1184942198
36.1301297348
36.1555909489
36.1776648829
36.2021975398
36.2314943244
36.2606195262
36.2715475492
36.2821108467
36.3060675517
36.3230186596
36.3338003766
36.3414062629
36.3819237491
36.4130691929
36.4401266099
36.464109549
36.4851946177
36.5021426182
36.5137293865
36.5664428528
36.5812286208
36.6382202549
36.677424348
36.7309917882
36.7647406773
36.7898146108
36.8009238586
36.8177908233
36.8768318811
36.889078714
36.903036829
36.992663998
37.0208395733
37.0673069753
37.1067293269
37.1437988929
37.1918523001
37.2093804148
37.2183496843
37.2367263736
37.2469925369
37.284995404
37.2923461415
37.3082285409
37.3162058751
37.322188993
37.3600971041
37.3694942352
37.3756563904
37.3858242206
37.4200997912
37.4287619163
37.4511640275
37.4650855055
37.4799035308
37.4933471744
37.5001244667
37.5136514887
37.5554516641
37.5820838056
37.6103887748
37.6257099344
37.6592730985
37.6674113389
37.6975769677
37.8105624438
37.8270405385
37.8843974463
37.936126388
37.9462288741
37.958633182
37.9709607466
37.9842867342
38.0304834452
38.0477120316
38.0703838259
38.1298833931
38.1665957923
38.1702381702
38.1999297402
38.2471494803
38.2914457675
38.3277776948
38.4043194851
38.420262472
38.4322518493
38.4435033984
38.4510536358
39.6065859845
39.6267803207
39.6363925699
39.6479803437
39.6566466971
39.6671528044
39.6759546124
39.682880124
39.6919344076
39.6996302419
39.7094927498
39.7157798198
39.7251636521
39.7397888645
39.7758124847
39.7832262033
39.8024970258
39.8081035752
39.8313002514
39.8591443926
39.87680297
39.8814029171
39.9157591541
39.9364811632
39.9553702888
39.9874332134
40.0030123982
40.0242950418
40.0453872423
40.8046240659
40.8565708755
40.8685871708
40.8841041902
40.8985040556
40.9111436388
40.9321123
40.9534106545
40.9637767646
40.981255994
41.0048073922
41.0284215352
41.0320802231
41.076608813
41.0845652987
41.0906872676
41.0980063199
41.1112741933
41.1411979996
41.2135553264
41.3311090801
41.3453630261
41.3846243669
41.407743798
41.4381530923
41.5643152646
41.6117084731
41.631809209
41.6696092967
41.7952058241
42.0103962451
42.0490561989
42.054982559
42.0606185264
42.0684369948
42.0722242991
42.0951408706
42.107443145
42.1245540871
42.1384433724
42.1513717469
42.1700551528
42.182138001
42.1993522233
42.2204431614
42.2253384115
42.2735271955
42.2857862893
42.3045827965
42.3125545468
42.3372601833
42.3531459292
42.3635653844
42.3669590743
42.3824370984
42.3924327409
42.4581004231
42.4804626594
42.5013086683
42.5063156682
42.5173048822
42.5576498715
42.5736296946
42.645767534
42.6718701765
42.6825770566
42.6962465068
42.8010653579
42.8136344681
42.8701726216
42.8785893814
42.9012279389
42.9176558703
42.9947344279
43.0338315351
43.0881545831
43.113085645
43.1457022495
43.187502128
43.323549133
43.3789287727
43.3961637148
43.4342014246
43.4465645738
43.4518504246
43.4730874387
43.491317789
43.5050654541
43.5095258817
43.5218921626
43.9447244343
43.9660272633
43.9755175756
44.0148894361
44.0246360067
44.0647836859
44.1129438876
44.1464430494
44.1586714044
44.1677332018
44.1958452981
44.2184430369
44.2753438997
44.3013550944
44.3229179502
44.3474643341
44.4240113079
44.4631145981
44.4965184139
44.5040103252
44.5220323256
44.5417154055
44.6429594777
44.6534576994
44.6653230179
44.677383963
44.6931543803
44.6981316364
44.7038006175
44.7114548394
44.7339189333
44.741896617
44.7578186101
44.7620437926
44.7836717971
44.7926833934
44.8090639007
44.816681021
44.8426011243
44.8575273092
44.9437722055
44.9477953937
44.9570216985
44.9824840549
44.9991095257
45.009375263
45.0189958606
45.0443655269
45.0583558653
45.0741126936
45.1064794811
45.1323730329
45.1920180337
45.2464227555
45.254602613
45.2662727015
45.2968261171
45.3071095813
45.3458300703
45.3632875953
45.374419343
45.4143347867
45.4440149773
45.4947125414
45.6109452978
45.6245355422
45.6459418154
45.653289791
45.6880976947
45.6973619892
45.7119614022
45.7269127605
45.734575609
45.7436341848
45.7507205331
45.7733114333
45.778925053
45.7911182379
45.7977584362
45.8058148719
45.8185699971
45.8358107164
45.870144735
45.8897713017
45.9088017426
45.930175542
45.942481292
46.0614614548
46.0717908358
46.1224514582
46.1374572935
46.1701437768
46.2337492875
46.2383841414
46.2836490984
46.3108766057
46.8079416168
46.8400399098
46.8498973103
46.8629585274
46.8712947363
46.8981143632
46.9029236444
46.9130867914
46.9280160665
46.9524242564
46.959627623
46.9705508979
47.0388840639
47.052009986
47.060791575
47.091187533
47.1298643951
47.1481345832
47.3343214282
47.3632685362
47.3717946023
47.4600044085
47.4936574348
47.5044206245
47.528661496
47.6040634016
47.6239568419
47.6456579068
47.6679541456
47.6907873494
48.0139800465
48.0176427875
48.04037074
48.0632201661
48.0752115402
48.1150102357
48.1215374844
48.1337883927
48.1419272775
48.1813247148
48.2237996176
48.2295606546
48.2611991065
48.2729820846
48.2852959543
48.3174483717
48.3385110437
48.3525478692
48.3807888655
48.3925344179
48.4016202054
48.4155445155
48.4354729969
48.4475080405
48.4567153191
48.469502583
48.4830734302
48.5093643233
48.5328160684
48.5529999992
48.5739181269
48.5862964331
48.6130853292
48.6612238373
48.6839938839
48.6962802471
48.7032393696
48.7272953634
48.745906234
48.7683226717
48.7863403846
48.8037474263
48.820610126
48.8252672139
48.8583644564
48.9037024799
49.0196649978
49.0660614192
49.0882245097
49.2086099052
49.2199736635
49.2323979288
49.2594683104
49.263303767
49.2759805758
49.3243198441
49.3346304705
49.3448906832
49.348699942
49.3689366179
49.3803094085
49.4226697494
49.4822403986
49.5074580724
49.5716400546
49.5957574006
49.6240535828
49.6320649412
49.6575384195
49.6928221564
49.6998153759
49.711143589
49.7276037216
49.7460635934
49.7568759077
49.7611755551
49.8097732446
49.8326702587
49.8656094576
49.8862736625
49.9286181702
49.9584397437
50.0127024219
50.0411671917
50.061423466
50.0752350502
50.1362959983
50.2061010432
50.2270581621
50.2494356838
50.2775724521
50.2918110783
50.3091110686
50.3254388636
50.3412773053
50.3837071131
50.4050741116
50.415012846
50.4187789961
50.4344217107
50.4379547021
50.4507042489
50.4832287546
50.4946823436
50.5226528143
50.5363002817
50.5460113342
50.5588618112
50.5647631433
50.5764490402
50.5938141156
50.617172629
50.6422401471
50.6925942341
50.7167295075
50.7226575518
50.7382630497
50.7562333333
50.7739726501
50.7938405587
50.7990970089
50.8031648907
50.8205657244
50.8276676432
50.8554371296
50.9098319302
50.9179272258
51.0073027301
51.0408457364
51.0613137058
51.0802890122
51.1162626429
51.1703546111
51.2355813915
51.2767237301
51.3257287417
51.3348978415
51.3765919722
51.3920703833
51.4126339636
51.4303345424
51.5722553649
51.5958485715
51.6233350557
51.6314419412
51.6443505363
51.6757561424
51.6849740572
51.6986148134
51.7221676348
51.7303085028
51.7414283097
51.7554210346
51.7650396254
51.8215841505
51.8283145203
51.8466097387
51.8608118828
51.8725850104
51.8889105531
51.9013036421
51.9066928114
51.9102844653
51.9165318776
51.9260867144
51.9437818809
52.1113985178
52.1257142782
52.1333720471
52.1826197906
52.199267713
52.2358832554
52.2554994603
52.3368283897
52.3942598121
52.4086064252
52.415995698
52.4433567615
52.4953079456
52.541809675
52.5603887283
52.5638948772
52.5985503975
52.663695291
52.6720940528
52.6829523225
52.7158746293
52.7294942457
52.7620814531
52.7788550795
52.8098476765
52.8381573995
52.8573455296
52.8708105128
52.8860919809
52.8941814096
52.9048434278
52.9118253177
52.9182953366
52.9308154732
52.9402644638
52.9822546741
52.9891187017
53.0017637128
53.0533515434
53.1276622158
53.1530414561
53.2379769851
53.2423564434
53.2509716652
53.260423578
53.2887156603
53.355932937
53.7588190639
53.7781778482
53.79267101
53.8104121244
53.8641645672
53.905974851
53.9172310352
54.0314136432
54.0406280805
54.0816820921
54.0947096202
54.1073734533
54.1175021111
54.1766202999
54.1858730722
54.2068836782
54.211693912
54.2174061046
54.2262576065
54.2447402795
54.258902076
54.2690530861
54.2776743355
54.2821555827
54.3026083036
54.3206516454
54.3490490987
54.3810254056
54.3952469629
54.3994705424
54.4505052081
54.475081655
54.4884279704
54.5170068422
54.532210476
54.5614543027
54.5943670055
54.5986511834
54.719992744
54.7322650978
54.7789759582
54.8120959309
54.838934436
54.8850521553
55.222037657
55.2335648318
55.2487791924
55.2527803012
55.2806410608
55.2929220678
55.3171880179
55.3253034592
55.3491894014
55.3802796064
55.3871661984
55.3966781614
55.4094260714
55.424648023
55.439458788
55.4491071088
55.4610679937
55.4700479948
55.5089434246
55.5228091987
55.5374566683
55.5689548755
55.5899587118
55.5973274437
55.6073176659
55.6181576186
55.6318634495
55.6544889622
55.6769975321
55.6945573479
55.7215314688
55.7427901259
55.8234097462
55.8341573649
55.8588968344
55.8807774514
55.8979481432
55.9092198913
55.9467188619
55.9575495609
55.9694300318
55.9735430089
55.9927653531
56.0229291772
56.0515708948
56.0727070237
56.0976915331
56.1031751264
56.1749390995
56.1912101686
56.2971648003
56.3270562735
56.3304073043
56.4114257078
56.4167693145
56.4276866781
56.4352442426
56.4481040751
56.4668212296
56.476765568
56.4986137108
56.5021248331
56.5197995634
56.5292588917
56.5424962364
56.5483422518
56.5558115241
56.5592399147
56.5766264232
56.5909190694
56.5957224416
56.5991616686
56.6061606793
56.6339019976
56.6402784043
56.6551403565
56.6597577373
56.6719193258
56.7029858768
56.728475588
56.7512751598
56.8033969186
56.8096297812
56.8261930613
56.8505942981
56.8632750787
56.8718551201
56.9670898118
57.1584967331
57.178516071
57.2206885473
57.2568774617
57.334036582
57.3526964007
57.3811948258
57.4132518301
57.4478427499
57.5006444945
57.5540633092
57.5878590998
57.6054893794
57.6143899279
57.6260511645
57.6300155172
57.6470428086
57.656149068
57.6652885496
57.6721401967
57.6884443244
57.6976023613
57.7063941578
57.7107571037
57.7168165435
57.7266586665
57.7353195738
57.7484877622
57.7571685549
57.763837247
57.7732551555
57.786351089
57.7924190309
57.8050262224
57.8126075168
57.8292247379
57.8366061811
57.8446765452
57.8604720991
57.8711268027
57.8822673188
57.8932664672
57.9109365675
57.9178305863
57.9278058465
57.9422247612
57.946235299
57.9554648893
58.0992191896
58.5196895926
58.5431641375
58.5664260734
58.5985080357
58.6172091783
58.6239609242
58.645560476
58.6795066836
58.7121047455
58.7195597264
58.7371260873
58.7459384791
58.8056395305
58.8226386174
58.834164205
58.8526392751
58.8576161053
58.876339116
58.8822311915
58.8945461401
58.9139372739
58.9206169812
58.9472701009
58.990916845
59.019465493
59.0432062771
59.0587688896
59.0745183833
60.0126631503
60.0164080855
60.0320499317
60.0424244127
60.0508255088
60.0705108976
60.0777261029
60.0891050911
60.1030473666
60.1241659412
60.1618959143
60.1698485837
60.1897607249
60.2004999318
60.2159259452
60.2391886277
60.2748558249
60.2956093534
60.3033415728
60.3156815374
60.3236602923
60.3290302332
60.3465527037
60.3550475375
60.416491458
60.4269312829
60.4620828263
60.4766082917
60.5162742619
60.5311024918
60.5611838244
60.6189534034
60.6322613142
60.6543797926
60.6722391712
60.6887303755
60.7080486169
60.8783343518
60.8935011864
60.9046355911
60.916877232
61.0729431128
61.1021771152
61.1251980196
61.1918380436
61.454342244
61.5214617694
61.5369259751
61.5433194857
61.5808988841
61.5948996493
61.6077146304
61.6271941155
61.6413546354
61.6574676694
61.7122566387
61.7215042697
61.7380501013
61.7571412977
61.7665659777
61.7747853286
61.7857771833
61.8480940237
61.8917680929
61.9941418385
62.0197640029
62.0389293689
62.0611213233
62.0801456203
62.0942727137
62.10961394
62.4041228944
62.4075531664
62.4189993174
62.4342384867
62.4382842105
62.4497546118
62.4817397089
62.4895712804
62.5026040177
62.5094133597
62.5197183071
62.5283319689
62.5380292839
62.5543508148
62.5702025188
62.5888722433
62.5946651909
62.6240199848
62.6526635453
62.6591722321
62.6769406158
62.6958393472
62.7126554175
62.7483763839
62.7719931418
62.8015895055
62.8162611672
62.8285642277
62.8348978969
62.8447402293
62.8635109594
62.9199371217
62.9377856966
63.0322665037
63.0472266252
63.0826131691
63.6459383469
63.655801844
63.6688210081
63.685852594
63.6981505478
63.7080241773
63.7161199115
63.723814365
63.7342931915
63.7605041268
63.766449129
63.778312792
63.7890596147
63.8778845264
63.9134619113
63.9656521683
63.9919059007
64.0094938237
64.0285777852
64.0355852343
64.0518106464
64.0601099484
64.1499543245
64.1603751267
64.173572614
64.2251161207
64.2723112896
64.2862408086
64.2922489416
64.3171327466
64.3207841313
64.3764479828
64.3840526442
64.4192700354
64.4444551032
64.4984868605
64.5487540621
64.7266701251
64.756525252
64.765583462
64.8093659677
64.8231872703
64.8308810872
64.8499749479
64.8552583731
64.8682804861
64.8743544602
64.8882034729
64.8975652607
64.9121066419
64.9192148082
64.9358284997
64.9464096005
64.9509393035
64.9587836281
66.0113790843
66.0690934803
66.0753641746
66.0855274994
66.0899409512
66.0945262935
66.0986430298
66.1076166313
66.1159343666
66.1290182428
66.1393791116
66.1448493328
66.1505976213
66.1613038715
66.1847232537
66.2016167387
66.2096830691
66.2273791669
66.2402003613
66.2548146999
66.2713338782
66.3132420087
66.3375040488
66.3456039226
66.3602013861
66.3809252068
66.4006727708
66.4207839931
66.5890006861
66.5930411999
66.614099463
66.6252983422
66.6409252945
66.6749201207
66.7031672954
66.7255339776
66.7466215255
66.7845738525
66.7921570248
66.8654972462
66.8881737279
66.9092352872
66.9379486745
66.9948844159
67.0182707126
67.0948177567
67.1400475461
67.1786527878
67.2057443455
67.2156147761
67.2201562575
67.2382750165
67.2419445614
67.2481118053
67.2521914917
67.2740937313
67.2899556615
67.3155166423
67.329263924
67.3370933473
67.3447624685
67.3592821886
67.3670649687
67.3765454755
67.391225953
67.4011232027
67.410516773
67.4141541595
67.4240196592
67.4300403014
67.442272738
67.5887511565
67.6031177095
67.6244185135
67.6372392118
67.6520255179
67.6911107906
67.7051051035
67.7142126189
67.725567316
67.7406656661
67.7981925508
67.8161022235
67.8206387034
67.9214761722
67.9337578234
67.9583133723
68.0603096231
68.0806708401
68.1257376733
68.1869105652
68.2007930093
68.2422694366
68.2629604256
68.2794394105
68.4127403366
68.426825428
68.4348164811
68.4406456889
68.4488212832
68.5028874838
68.5068572478
68.5637436978
68.5685352373
68.5824658513
68.6653851069
68.6719972091
68.6859039416
68.7027923716
68.7066066631
68.711453116
68.7359648141
68.7954232363
68.8032187956
68.818387623
69.535448413
69.5769393198
69.6232782287
69.6296547053
69.6445901819
69.6480833252
69.6669090951
69.6714810326
69.6781026528
69.7202484669
69.725976984
69.7395233952
69.7520320973
69.7647671202
69.7793080678
69.797719723
69.8087892484
69.8146087824
69.8468904991
69.8657795132
69.8799473404
69.9012843595
69.9242415199
69.9482377918
69.9994493574
70.0115287848
70.018160458
70.0388131402
70.0484054591
70.0847594973
70.0938811736
70.1213380164
70.1403288299
70.1698837421
70.20579133
70.2436709669
70.2480625579
70.2648820147
70.2806992844
70.2961171279
70.3238011555
70.3422719994
70.3828392707
70.4042179425
70.4287764451
70.4659190354
70.4898283832
70.5320509971
70.5735381064
70.6037060046
70.6223762063
70.6749689693
70.6924049596
70.7038508834
70.7480333554
70.8052837692
70.828704319
70.8471090915
70.8647893881
70.8755225862
70.8944742702
70.901362545
70.905790478
70.913964699
70.9203051665
70.9256297342
70.9536122597
70.981097097
71.0027921832
71.0354600496
71.053279449
71.0577568711
71.069101853
71.1170377874
71.1350221809
71.1728624505
71.1969061721
71.2168637857
71.264619124
71.2782463962
71.3026952677
71.3606198237
71.391922593
71.4288782599
71.4766068884
71.5002315537
71.7320007101
71.7665187854
71.7851185345
71.7964491504
71.8150189134
71.8800291071
71.9230128671
71.9619153459
72.0119218116
72.0235619324
72.0334534103
72.045838093
72.0568632032
72.0607313395
72.0673349369
72.1047702918
72.1157065868
72.126263876
72.1371956633
72.1510214914
72.1645936059
72.1813079918
72.1894375293
72.2004193858
72.2162783208
72.2220481208
72.2336629642
72.254236171
72.2619209828
72.2654797602
72.2823622751
72.3100545397
72.3342483791
72.3489668828
72.3664219658
72.4044414232
72.4226259957
72.4681353824
72.4727765631
72.4876127237
72.5018150078
72.5428342913
72.547061662
72.5723096867
72.6206046489
72.667753721
72.6897644346
72.7038052299
72.7489893293
72.766612518
72.7977735296
72.8339563107
72.840292861
72.8526415366
72.949960029
73.0123776425
73.0274608858
73.0509367163
73.0559791853
73.0811289726
73.1277287609
73.1471409752
73.1825047125
73.1868603572
73.2188615515
73.2455369831
73.2503217491
73.2630775127
73.2898661974
74.0463908348
74.3339869257
74.3665124841
74.3928808979
74.4065977108
74.4422017452
74.4490454339
74.4659291928
74.4825573118
74.490949982
74.5009464946
74.5263159154
74.5357092776
74.5503550633
74.5613315012
74.5701549684
74.5831083142
74.5934550273
74.5983711392
74.6130293708
74.6280931253
74.6358730859
74.6509724865
74.6643496531
74.6853162511
74.6892624594
74.7508025575
74.7547890567
74.7758020893
74.7910952476
74.8062651169
74.8124595486
74.8275408314
74.8474222702
74.8606180546
74.8753735403
74.8915122784
75.0003903127
75.024648087
75.036648279
75.0569773077
75.0700920078
75.1356056817
75.1490132179
75.1726465803
75.2056740167
75.244493262
75.2601179516
75.284757581
75.3058274518
75.3240770717
75.3609007582
75.4061225889
75.423219459
75.4524186022
75.4886487495
75.5116318
75.5176364385
75.5253615999
75.6115385846
75.6148751329
75.6277504164
75.6480575678
75.6665138904
75.6708155635
75.6820292291
75.6918476061
75.7241062952
75.7445547791
75.7542065174
75.7590118805
75.7754933268
75.7874572061
75.8006361846
75.8090252713
75.8169221568
75.834659195
75.8455058387
75.8543099191
75.8704141952
75.885880381
75.896043924
75.9030654408
75.9080676092
76.0036210285
76.0183678557
76.0240514998
76.041004206
76.0923911601
76.1224038069
76.1376993526
76.1475211044
76.1853180048
76.2165805064
76.2254206852
76.34149397
76.3512329646
76.3720899025
76.3829418883
76.4184313588
76.4306630345
76.4494121234
76.481136112
76.8135637378
76.8286201647
76.8468309832
76.8605030519
76.8688553562
76.8827657919
77.0287029762
77.0473640223
77.0603545959
77.0640867528
77.0766638404
77.1031533899
77.1118456869
77.1341861711
77.1494891999
77.58796223
77.6230020693
77.6544497829
77.6765373968
77.7047046294
77.7333520423
77.7520193197
77.779069437
2067
