6.00585785088
6.01132922281
6.02061649615
6.02793847522
6.03490639
6.04909449303
6.06451360866
6.08090842547
6.0922682332
6.10108326042
6.11868096844
6.12809534698
6.16687353173
6.17104572965
6.19588930854
6.20600696445
6.23021396564
6.26887557603
6.27276435046
6.28775638723
6.30369875559
6.34422376583
6.35724354338
6.38002949518
6.44030216778
6.45056794231
6.46134752071
6.48225463035
6.52970957623
6.56205614071
6.61744132
6.65788540342
6.67707548505
6.71092699273
6.74887591711
6.8009322596
6.81948422476
6.85512442371
6.86593512475
6.91206468503
6.93171066128
6.96658241445
7.04099761743
7.06964624825
7.08573152457
7.13577872196
7.20713911514
7.21702849007
7.35811198332
7.3641052558
7.37438568121
7.39434914192
7.52957000655
7.55367011263
7.63460137331
7.64781494214
7.65497709627
7.67693668097
7.68708614038
7.72184834474
7.74017118183
7.74358908144
7.78506051663
7.80195014519
7.83333535194
7.86361444409
7.87166634145
7.89690515587
7.96275448492
7.9782009916
8.03636538017
8.10662748262
8.14919087389
8.17210708592
8.21594200581
8.25044112652
8.26252223782
8.32061145507
8.38022084064
8.41320432019
8.43179608711
8.44713138597
8.46118075358
8.46877803356
8.48909851111
8.54220866983
8.58614469188
8.59601009209
8.61807534432
8.65179489523
8.6748914924
8.68098233671
8.69711649935
8.81160857724
8.84392070625
8.86962750063
8.88653276127
8.8905519624
8.9066020114
8.91516387773
8.93220890227
8.94582269924
8.97070663837
8.98625693365
8.99939382177
9.02010157098
9.11663193591
9.13199680647
9.14451425274
9.15511418397
9.16878833838
9.26540268865
9.28202413841
9.28711825272
9.29239479349
9.32011654536
9.348090148
9.42982936138
9.47486937787
9.53219263017
9.58225810016
9.61573320326
9.62301174547
9.65840195821
9.66747281022
9.72873912072
9.75147474416
9.75561777552
9.76362218159
9.7681497121
9.78500094267
9.80138912226
10.0899331793
10.1140621943
10.1338529065
10.1567235295
10.1766127844
10.1985931555
10.3611984362
10.3653811078
10.3850911861
10.4223306922
10.4866589358
10.5405246585
10.5770024985
10.5982504594
10.6521619324
10.7114143699
10.7570571917
10.9530254899
10.962332536
10.9729428967
10.9946597563
11.0207909922
11.0371077635
11.0484873076
11.0664132653
11.0840441042
11.1328685342
11.1586537422
11.1770029221
11.1986182041
12.0076002248
12.0132013472
12.0333070857
12.0395638245
12.0478115151
12.0588005227
12.0672989103
12.0741509746
12.0865274793
12.1075956622
12.1144601197
12.1207471641
12.1332129965
12.1453772871
12.1564930609
12.1850123422
12.3712202553
12.3838337662
12.3972289575
12.4202367554
12.435960406
12.4676869283
12.543289731
12.547102931
12.5607553991
12.5781413016
12.5948973654
12.6162595379
12.6509696237
12.6843013979
12.7265352443
12.7490112011
12.771894737
12.7945544424
12.8217457265
12.8378582132
12.8848165212
12.9497929262
12.9564755526
13.0671269713
13.0949490397
13.1723895633
13.1993149525
13.2636610215
13.2671332518
13.2816448608
13.2900164062
13.3008628676
13.3418019602
13.3498457401
13.3591715
13.3993405803
13.4106726802
13.4253038478
13.4329530449
13.4547753988
13.4778814943
13.4917205776
13.5030043364
13.535195472
13.5432551046
13.5588335585
13.5851687636
13.593920908
13.6163987713
13.6316947378
13.6442554021
13.6660006448
13.6902872122
13.725245199
13.7436536554
13.7624482484
13.7827132883
13.8266020672
13.8496678312
13.878655487
13.9273046409
13.9503913609
13.9731143143
14.0257633592
14.0322452011
14.079121677
14.0968573059
14.1472313071
14.1546329991
14.1620199797
14.2209360614
14.2272525596
14.2585400802
14.2790563945
14.3073428489
14.3396765339
14.4253183679
14.4343303693
14.4567622501
14.4692692314
14.4841502301
14.4968121687
14.5035562598
14.5120942345
14.5278281387
14.5364104444
14.5471899133
14.5574141556
14.5756891071
14.5911207631
14.6048833943
14.6152012653
14.6404930109
14.652133954
14.6819798678
14.6910358876
14.7029225723
14.7072143703
14.7472488944
14.7576319618
14.9015903115
15.1444527512
15.1531961524
15.1908655528
15.2087632488
15.2547334257
15.6111954938
15.6225839677
15.6356963931
15.6524642353
15.6664972515
15.6844431761
15.7055842533
15.7224094017
15.7270858604
15.7340642402
15.7678661557
15.7856524695
15.8280533342
15.8377213754
15.9526940103
15.9851566142
16.0114025712
16.0171819689
16.0435362107
16.0481077704
16.1091031241
16.1321455506
16.1671612055
16.1944163966
16.2343350438
16.2656775938
16.3043226758
16.3431106759
16.3667276183
16.3856570894
16.4164849502
16.4344304767
16.470007516
16.517604433
16.5810868919
16.6303679855
16.6342577675
16.6940813818
16.7547421227
16.7814986753
16.8042817975
16.8093663082
16.8369194766
16.8473775069
16.8540381882
16.8594302279
16.8970232571
16.9083288884
16.924892915
16.9354369083
16.9431457186
16.963388987
16.9707194688
16.9799895892
16.9919549377
17.0055508363
17.0162068737
17.0284990642
17.0602147079
17.0760883919
17.0883815067
17.1055338052
17.123179179
17.1329925546
17.1573071705
17.1807139387
17.2049403684
17.2147135468
17.2224143077
17.2289588072
17.2668105015
17.2756632802
17.2960365473
17.3642501699
17.397794414
17.4233643313
17.447857132
17.4525581148
17.4838161826
17.5186883938
17.6012649566
17.7372116697
17.7969200015
17.8320595911
17.8587092088
17.8639899249
17.905779986
17.9765487678
18.0082250542
18.0254617056
18.0363291606
18.0499608339
18.0789946469
18.0852248787
18.1242001721
18.1338624602
18.1554265075
18.1798431315
18.1873568238
18.1949672124
18.2201498076
18.2280525428
18.2531992377
18.2735527472
18.296123656
18.3027093096
18.3345097343
18.3441552845
18.3688996245
18.3972625991
18.4074145197
18.4450876781
18.5028620201
18.515717831
18.5370843615
18.5662364615
18.6321189912
18.6840570778
18.6948974447
18.7002166985
18.7580733376
18.7995296482
18.8503428659
18.8934853292
18.9238628144
19.0011220685
19.0244164449
19.0664244885
19.0876085715
19.2086268129
19.2171368058
19.2302520529
19.2390680794
19.2557479715
19.2620003616
19.267823684
19.2722236998
19.2834454886
19.2955072054
19.3041354292
19.3774787056
19.3812137565
19.4034882156
19.4087325387
19.4155335692
19.5139360692
19.5737585048
19.591602401
19.6469165514
19.6546550608
19.6796819556
19.7075848937
19.7527773856
19.767106344
19.7949667995
19.8185822225
19.912212799
20.2548485532
20.3114762344
20.336656612
20.3534945601
20.391293305
20.4114044862
20.4167291727
20.4251336673
20.4692000588
20.5185696421
20.5294310003
20.5494925976
20.5780214447
20.5893376223
20.6034549012
20.6139522598
20.6201080979
20.6234623247
20.6324376031
20.643975699
20.6610274339
20.6834960902
20.9438008589
20.9824916208
21.0342042367
21.0544193292
21.0708980529
21.0917640509
21.2051870915
21.2721811123
21.3076795037
21.3257314613
21.383529926
21.4066303223
21.4419871379
21.4966447958
21.5388248951
21.546944782
21.5773628293
21.5868475054
21.6077711814
21.6335462993
21.6489277279
21.6708187442
21.6862256539
21.7128172956
21.7207575558
21.7290716052
21.7397136102
21.7671390166
21.7717121845
21.8064907845
21.8144159107
21.8238514515
21.8377188654
21.8569372756
21.8691905987
21.8846381147
21.913732054
21.9261524671
21.9372496542
21.9452321218
22.0207543062
22.0316511693
22.045718315
22.0771263141
22.1163298589
22.1257943913
22.129328293
22.1665266814
22.2549943024
22.2735286351
22.318277367
22.3648269404
22.4646866551
22.4886630998
22.5030296654
22.5288210104
22.6051057822
22.6208891463
22.6515682376
22.6789781114
22.7392770969
22.7498991889
22.8199933963
22.8438848409
22.8573730572
22.8795566886
22.9064352139
22.9153212747
22.9306075665
22.9481709605
22.9561468624
23.0280635236
23.0400656106
23.3005454009
23.3356359563
23.3481667013
23.3870127681
23.4037248034
23.4406111748
23.4497974258
23.4850900765
23.5263897927
23.5412031871
23.6142557567
23.6493938368
23.6743127203
23.6929882042
23.7106675839
23.7610082862
23.7691177574
23.7940410597
23.8802041055
23.9100319344
23.9209766669
23.9799656706
24.0299311108
24.0429171256
24.0556132775
24.0663145706
24.0717751648
24.1175835827
24.1429905031
24.1474970637
24.1653806841
24.1790855793
24.211429279
24.2258223578
24.257199325
24.2811761962
24.3196960525
24.326325918
24.3480174372
24.364067784
24.3788788881
24.3931765744
24.4042686023
24.4529757118
24.4595627358
24.528375823
24.5554447565
24.5716447118
24.6169778754
24.6296576118
24.669580726
24.6877690016
24.7160791732
24.7348557718
24.751108232
24.7748120676
24.7941351468
24.8043122902
24.8369056599
24.8799039641
25.0389840825
25.0458709267
25.1261335654
25.1449084946
25.1752453854
25.2074495559
25.2135337298
25.2202007377
25.2324937084
25.2933219916
25.3108548522
25.3162712922
25.3372534693
25.3462898622
25.3556321269
25.3817782581
25.3874936183
25.4527049837
25.4916375104
25.5107342623
25.563472638
25.5965918401
25.6062131853
25.6173031562
25.6502237754
25.6806678265
25.6976436736
25.7350022102
25.7412092671
25.8088498673
25.9234778044
25.9685606711
26.0053746029
26.0598882007
26.0719844182
26.0866815356
26.1345634191
26.1488622501
26.175354252
26.2123569345
26.414668531
26.431218882
26.4499987552
26.463305283
26.8274529519
26.8364215345
26.8501492536
26.8628693355
26.8772657111
26.9418096975
26.9637662559
26.9906386606
27.0105168316
27.0212550708
27.0300094361
27.0808522347
27.0937685269
27.1809208731
27.2070555024
27.2766285326
27.2899946183
27.3249592389
27.353136568
27.4030548376
27.4641646061
27.5133075421
27.5632109633
27.604257241
27.619040919
27.6237861718
27.6355092424
27.6419674405
27.6787697034
27.6913542741
27.7061490203
27.7196925509
27.8151968774
27.8276100864
27.8457287083
27.8616572099
27.8775045509
27.8861207502
27.906530585
27.9303838028
27.9418172702
27.9523581649
28.0654951596
28.073582618
28.106284793
28.1135110722
28.1391459624
28.1494276736
28.1798704187
28.2006102806
28.2708925115
28.288072472
28.330768418
28.343236374
28.3835551654
28.4234763565
28.4333854276
28.5673562504
28.6220305107
28.7429533144
28.7544883117
28.7614598327
28.7987172081
28.8050032451
28.8106466074
28.8186089435
28.8381064622
28.8456229538
28.8565740196
28.8666783049
28.881398447
28.9002625011
28.9139669419
28.9417540676
28.958734456
28.9825072427
28.9969813781
29.0174353368
29.0224207244
29.0545200394
29.0667396153
29.0729300274
29.186118305
29.2417187576
29.2656421372
29.2884868218
29.3083535333
29.3266840348
29.338907321
29.37298936
29.4113942926
29.4376085723
29.4751877875
29.5035374326
29.5756820245
29.5849540079
29.6175272001
29.6607370729
29.7282187886
29.8933374743
29.9160137748
29.9523855752
30.0154994037
30.030117139
30.0436951947
30.0576400754
30.0819640386
30.104507736
30.110308009
30.1297481814
30.1476173155
30.1617094307
30.1991333392
30.2160042767
30.2608381489
30.2652025467
30.2795115002
30.2990614593
30.314339206
30.4229091524
30.439320475
30.5387189076
30.5811881813
30.5877443003
30.6357109078
30.6558905035
30.7041267641
30.7560107112
30.7855625731
30.9737694786
31.0312439199
31.0602473185
31.092881441
31.1264677252
31.1954967578
31.2089468444
31.2178688174
31.5179810033
31.6110193295
31.6276982902
31.6819181215
31.6990345551
31.7252566202
31.7372055728
31.7420465018
31.7457393486
31.7752621648
31.7798305746
31.813941773
31.8348416129
31.8478075562
31.8688362347
31.9281059253
31.9651094489
31.9845778737
32.0019252002
32.0427971646
32.0709201586
32.0952545578
32.1311861365
32.4118283226
32.419396002
32.4403866425
32.4476564221
32.4601785337
32.4865604444
32.4950770216
32.4985725778
32.5069917144
32.5217955303
32.5335646269
32.5433297367
32.5614018049
32.5686347251
32.6404207193
32.6558622236
32.6617693018
32.6781599372
32.6900755959
32.8451918869
32.9053235571
32.9302611539
32.9583608623
32.9666190845
32.9914837656
32.9954904408
33.0039781208
33.0258057471
33.0425540659
33.0554962583
33.1053080641
33.1308273281
33.1738653918
33.1822505543
33.2026130427
33.2060638472
33.4477021311
33.4882369146
33.5104065272
33.5639952619
33.60997058
33.6178508983
33.6250917083
33.6287428743
33.6441606687
33.6657387634
33.6772478664
33.6941376224
33.7072282561
33.7113664056
34.8118255604
34.8279937239
34.8392550195
34.8516377732
34.8563704409
34.8723933214
34.8841277722
34.9009020743
34.9046122456
34.9125179867
34.9228895715
34.9406235187
34.9701272108
34.9868532537
35.0451482912
35.0552346781
35.0648309969
35.0701868761
35.0842549323
35.0962896311
35.1157217015
35.1425729548
35.1624789073
35.1905682048
35.2064774193
35.2403928662
35.2605940789
35.3148150963
35.363527692
35.3761823201
35.3867830027
35.3967461366
35.4021925562
35.4404671443
35.4587365584
35.4734981732
35.491275227
35.4953727335
35.5175940838
35.5434838546
35.7921588624
35.834679966
35.8800153825
35.8890569106
35.9440329917
35.9637021707
35.9677167319
35.9865030861
35.9906609056
36.0036034369
36.0134524759
36.0285888464
36.0467107468
36.0697606948
36.1646959281
36.1819398941
36.1981510106
36.2431455134
36.2705400115
36.281260406
36.3012331045
36.3307149364
36.3518081565
36.3826555944
36.3944811714
36.4074948676
36.4189844675
36.4231404587
36.43579818
36.464111796
36.4707943382
36.5088534955
36.5286296268
36.5506710183
36.5894412491
36.5996696268
36.6192820725
36.6476575129
36.6620930749
36.7053231338
36.7246709142
36.766217496
36.8067339198
36.8489926709
36.9101998523
36.922370399
36.9738428084
37.0079995056
37.089173983
37.0959079224
37.1220424352
37.1748768126
37.211700521
37.2210204032
37.235651074
37.2600012734
37.3268348435
37.330253609
37.3429213801
37.3613197835
37.3650235485
37.414634874
37.4225768239
37.4312779022
37.4461121429
37.4507241834
37.4702930978
37.4842808421
37.4974502572
37.5057384691
37.5131974751
37.536051807
37.6081200607
37.6249868792
37.655435424
37.6685694381
37.6840408087
37.7014993628
37.735526847
37.7627259438
37.7757564193
37.7996764581
37.8312056083
37.8761241414
37.8988958036
38.163703511
38.2448621624
38.3084000268
38.3230103565
38.4231255871
38.4393712034
38.4619737078
38.4713278501
38.4843880486
38.4914196442
38.5024267232
38.511731989
38.7787743418
38.7835560125
38.8091999191
38.8222840114
38.8402245884
38.8887412127
38.931240712
38.961797962
39.1382064777
39.1640539026
39.1679165826
39.2047234951
39.2673683962
39.2930782909
39.340273282
39.3782299857
39.6122571415
39.618963876
39.636402203
39.6510457433
39.6708708979
39.6802756649
39.6858113735
39.7036212093
39.7729381124
39.7874097615
39.8285822754
39.8428508832
39.8553226726
39.8708985347
39.8775036058
39.8948253267
39.9061550276
39.9172733368
39.929050412
39.9525214949
39.9743694194
39.9785926691
39.9929659212
40.0046246709
40.081617251
40.0890861428
40.104383685
40.1153265873
40.1403157701
40.1756985921
40.1901723569
40.1988908002
40.2053291486
40.2332263655
40.2750965611
40.289853301
40.3149444891
40.3212222403
40.5045032279
40.550904716
40.5949368364
40.6192800744
40.6394592235
40.6598598194
40.6706905391
40.6818370859
40.8131615451
40.8167975594
40.8328829214
40.8569817472
40.8742586417
40.8874672956
40.8917266155
40.9004598036
40.9667305772
40.9719793601
40.9830217554
41.0022600084
41.0316861803
41.0398043825
41.0560783649
41.0669713015
41.0975630064
41.1144739436
41.1239674194
41.2599884469
41.290273066
41.3369983443
41.380865524
41.3949190881
41.4394736702
41.4582579997
41.4885293766
41.5179563347
41.5311652158
41.5462082453
41.5674090485
41.5777247532
41.5940446971
41.6214825892
41.6379179111
41.6524472685
41.7008904334
41.7337068983
41.7581372457
41.8004580172
41.8169399378
41.8670836144
41.9058137609
41.9224550549
41.9398215671
42.0059898563
42.0140695108
42.0230731721
42.0279293673
42.0442487192
42.0497967636
42.0627563249
42.5017153945
42.6082738894
42.6649264742
42.7030044493
42.7193216703
42.7296271882
42.7568731087
42.7619207607
42.7827114463
42.8656145392
42.8809092811
42.9181317811
42.9519019946
42.9656360524
42.9853443735
43.0255335219
43.0336714582
43.059705356
43.1280934504
43.1663310101
43.1824127201
43.206363809
43.2186125954
43.2364368122
43.2424319999
43.2518005367
43.2735818333
43.2783278215
43.2862942154
43.2922202153
43.3253845184
43.3328428854
43.3392562953
43.3461256402
43.3545106565
43.3592052765
43.3749616949
43.4064471663
43.4180540253
43.4351540145
43.4425538495
43.4704314928
43.523006523
43.5333296204
43.5389152548
43.5442877416
43.5527062328
43.5583766386
43.5665233819
43.5770518074
43.5931339883
43.6020809749
43.6170146221
43.6258888234
43.6960911167
43.7384307305
43.7639543527
43.7906403175
43.8110516774
43.8209023593
43.8572941969
43.8724096088
43.95773303
43.9746437221
43.982271746
43.9951793952
44.050084201
44.0717018311
44.0765194661
44.0918844488
44.1151413007
44.160794941
44.1659839561
44.1908265278
44.2087477893
44.2484810533
44.268210933
44.3229028383
44.3533884718
44.3568923869
44.3920759935
44.4111936813
44.4324521457
44.4577423368
44.4660967865
44.4777305985
44.5496525354
44.5568992173
44.5755849475
44.5801159144
44.5912541185
44.6083994387
44.622614023
44.6354477097
44.6661014066
44.691729667
44.7097144523
44.7192958641
44.733971333
44.7572288808
44.7731480275
44.8467682703
44.856941568
44.9416909267
45.0075990489
45.0393256569
45.0701639973
45.1191181645
45.1627147208
45.1884772316
45.228114187
45.2430354247
45.2614006148
45.2716239376
45.3040947341
45.3385758015
45.439849351
45.4530886917
45.4799840752
45.5243794159
45.5487974673
45.5913665849
45.6109607668
45.6220257812
45.6260978826
45.6403888335
45.645770803
45.6515666157
45.6606680265
45.6680952694
45.6738391149
45.6834471755
45.692649092
45.7195040317
45.7328137035
45.7520246743
45.7921643082
45.8007947118
45.826492136
45.8358550168
45.8543005921
45.8699147689
45.8929370609
45.9024019486
45.9230899246
45.9312776029
45.9458813103
45.9736381911
45.9810200883
46.0520503606
46.0702894725
46.0837556039
46.1124471771
46.1226521315
46.1701438317
46.1983295751
46.2193891095
46.2415951246
46.2869735095
46.790679561
46.806043703
46.8252401999
46.8341977858
46.862418341
46.8732565249
46.9006961419
46.9117502795
46.9250696961
46.9444203261
46.9608140137
46.9679538246
46.9893203549
47.027633666
47.0457017681
47.0609051358
47.0663917245
47.0869799111
47.1077717797
47.1254599442
47.1684755509
47.1759988315
47.2293629038
47.2832124657
47.2932767506
47.3191274223
47.5302112773
47.5490965325
47.5665181985
47.5787717485
47.6254753995
47.6355059673
47.744865742
47.7899005897
47.9253514147
47.9584484959
48.007623804
48.0177704829
48.0214514555
48.0328251038
48.0476415841
48.0526953304
48.0596840217
48.0635899296
48.0689424967
48.0777674775
48.0815306816
48.147591941
48.1550104525
48.1837973813
48.2075872743
48.2165152386
48.2243363032
48.2341476495
48.2515304352
48.3523930386
48.4795623154
48.500787788
48.5175459957
48.5502554944
48.5818523406
48.6070012617
48.6327719473
48.7917020899
49.2074171939
49.2267107194
49.2327304238
49.2410183916
49.2577396985
49.2621679704
49.2740157331
49.2825398612
49.3019857964
49.3129705706
49.3202937933
49.3276056811
49.3362306696
49.35057105
49.3624303583
49.3803491674
49.4053577218
49.4245354447
49.4345734977
49.4561701761
49.4733918559
49.4774971679
49.4876286552
49.5170487834
49.5253790558
49.5341685763
49.5439048939
49.5651944071
49.5809921531
49.8932810807
49.9105807745
49.9181718249
49.9552816901
49.9620063758
49.9921424376
50.0042234566
50.037270608
50.1157154747
50.2373991826
50.2835131956
50.3114692804
50.3384794398
50.3756301635
50.3934477007
50.411318124
50.4273953858
50.4313220361
50.4396756792
50.4547482359
50.4602144938
50.4668193043
50.4808896167
50.5073175664
50.5113962207
50.519434774
50.5357939124
50.5428182225
50.5544886858
50.5653781452
50.5774716461
50.590708826
50.6425794443
50.6469713795
50.6888508289
50.7024889672
50.7115479774
50.7193992855
50.9159447362
50.9748668948
51.0485700654
51.0653704889
51.1000432477
51.10559934
51.1356268821
51.291110289
51.3135104743
51.6240566758
51.636572912
51.6508914535
51.6625801776
51.6873615979
51.7147031827
51.736634253
51.7440344222
51.7721972203
51.8063742926
51.8300851067
51.8403152043
51.8474341398
51.8834528984
51.9567355319
51.9622810773
51.9694265669
52.0005289701
52.0332023329
52.071763535
52.0853680711
52.1026929938
52.1275309228
52.141205036
52.150209376
52.1635240184
52.1839373868
52.1895244566
52.1996915467
52.2043634606
52.2086193305
52.2172471292
52.2308758895
52.2395412041
52.2698489035
52.2914069213
52.3070366069
52.3275627081
52.3456656984
52.3936097463
52.4152698732
52.4209640584
52.4512657467
52.6902922183
52.7050009585
52.7376779496
52.7886174136
52.8064299437
52.8179629529
53.2148257545
53.2600200294
53.3613994674
53.3889642627
53.3993463933
53.5085481373
53.5352063813
53.6196323711
53.6406663811
53.6587093129
53.664757875
53.7025192548
53.7879351468
53.7990794931
53.8213301528
53.8622020206
53.9015993945
53.9411464074
54.0165605244
54.0280036447
54.032299441
54.0422931643
54.0457976378
54.0610642615
54.0748683023
54.0962599749
54.105076508
54.1129868281
54.1167992999
54.1333118327
54.1476293393
55.2064738442
55.2353566756
55.243731705
55.2508055952
55.2606556974
55.2777414268
55.2975550564
55.6203683116
55.6412043849
55.6598847702
55.7163603198
55.7475337135
55.7696311812
56.0188026518
56.0503678483
56.0677556838
56.0753161932
56.0961513182
56.1311972597
56.1808723562
56.2137392191
56.2440660737
56.2724481322
56.3070744268
56.5033274002
56.5614182556
56.567079434
56.5741239062
56.5796766469
56.5975544586
56.9936858557
57.0139207644
57.0239383358
57.040159173
57.0746360687
57.1362394377
57.1474558579
57.6148629743
57.6226127307
57.6312625023
57.6505551896
57.6546575821
57.6755509854
57.6927625649
57.7092826115
57.7248977035
57.7636544069
57.7703109693
57.7865776941
57.7927032684
57.8446478317
57.8577168873
57.8838522339
58.0181938648
58.0342322862
58.0432568574
58.0571940388
58.0967295347
58.1267220363
58.1611982254
58.1701978829
58.1981949839
58.252941693
58.2866085801
58.3552070721
58.3927325378
58.4124818608
58.4158832048
58.4920859176
58.5135242538
58.545306733
58.5580886588
58.5987709943
58.6060405615
58.6670414629
58.7025534921
58.7121033416
58.7317581127
58.739144925
58.7531757554
58.8063994525
58.814461948
58.8382357966
58.8611789413
58.8763394563
58.8817573146
58.8962071853
58.9045369866
58.910015994
58.9378133602
58.9752107801
58.9863507888
59.0274128092
59.0553596749
59.0617171188
59.0823934252
59.1045125243
59.1328896877
59.1570742438
59.1659481887
59.176766165
59.2046511479
59.2226516279
59.2457744541
59.2749703092
59.3076856814
59.369749176
59.4054011904
59.4237377198
60.017425891
60.0362273118
60.0458822687
60.0510344369
60.1426371459
60.2656147732
60.2729350956
60.2800832286
60.3367117287
60.3442994679
60.3561685213
60.3668064143
60.3883382921
60.4192726797
60.4499478934
60.4661196427
60.4815162621
60.5008277175
60.5163008074
60.521553994
60.5517147145
60.5799823844
60.6071000007
60.6274428528
60.6674165555
60.7046099925
60.7253189315
60.8845732233
60.9012092557
60.9445451889
60.9833508108
61.0421899782
61.2063924767
61.2119952416
61.2201587259
61.2275899252
61.2398059683
61.250107757
61.2644788462
61.2765682409
61.293490009
61.3083762644
61.327720418
61.3370543902
61.3435766898
61.3587561202
61.3764676986
61.3902749348
61.4285278788
61.4534185059
61.4701922827
61.4858846131
61.4992619535
61.5052926279
61.5282631097
61.5416873305
61.5641199374
61.5751697741
61.6227127366
61.6663402922
61.6774198202
61.7008419649
61.7208957303
61.7298321523
61.7546983155
61.7740689639
61.7869117254
61.806817047
61.8210023492
61.8327423575
61.8481632737
61.8859210925
61.9006069605
61.9192873976
61.9255794152
61.930245971
61.9395205743
61.9773612907
62.0041693178
62.0251257029
62.040505396
62.0522592613
62.0742318601
62.1099026906
62.1246497354
62.2000208711
62.2130495038
62.3362797304
62.3726058525
62.4152674498
62.4186703025
62.4254284308
62.4329757287
62.4378997708
62.4463919875
62.4600808286
62.4641128354
62.4943061674
62.4979164086
62.5094361267
62.5264920208
62.5341721131
62.5568864832
62.5699694502
62.5813346065
62.5940664048
62.6003285482
62.60937118
62.6359448264
62.6465203991
62.6618673598
62.6703080841
62.6817417295
62.6937050403
62.7064018634
62.7173717057
62.7435529389
62.7530915743
62.7596968705
62.7630922598
62.7732710297
62.7959035756
62.8111495061
62.8174845879
62.8471332504
62.8591783871
62.8632069489
62.8920732454
62.9025294064
62.9216106745
62.9288383997
62.9534307419
63.0261884305
63.0432088968
63.0526521983
63.1052628344
63.1351882423
63.2782911619
63.2919159381
63.5443197663
63.6224079015
63.6312525919
63.6368772797
63.6493346538
63.6577749219
63.672070971
63.7519449485
63.7721163094
63.7883733059
63.7950231921
63.9211474377
63.9309021018
63.9378807232
63.9605525857
63.9684476735
63.9864132291
64.0009186427
64.2992566676
64.3176287119
64.3238838566
64.3362240739
64.3598167911
64.3846798824
64.4087008816
64.4319159721
64.4589801506
64.4801485978
64.4960847173
64.5908336688
64.632998076
64.6599299922
64.6992299338
64.7573279927
64.778692489
64.8034195787
64.8070583887
64.8147127387
64.8238367094
64.8450371756
64.9003544386
64.9060986709
64.9763348037
64.99027869
65.0093205975
65.0311799881
65.0399803711
65.0690977662
65.0987980653
65.1134647531
65.1255921394
65.1850477818
65.2098476133
65.2231762153
65.2448712301
65.2561584865
65.2627578374
65.2925091653
65.3015041024
65.3430834845
65.4000570562
65.4164490842
65.4655401523
65.4825332397
65.5633815946
65.6041592736
65.6266983996
65.6409245816
65.6591061235
65.6818542919
65.70968063
65.7353880948
65.7607164946
65.8070521936
65.8228461091
65.8333647249
65.8870151808
65.9347263483
65.9905115181
66.003605776
66.0115524672
66.0259804456
66.0432597336
66.058250997
66.0784177996
66.0819093597
66.1188668088
66.1230716001
66.1529351491
66.1600238641
66.1637972693
66.3362850925
66.3566480478
66.3673983184
66.3758509307
66.3978979506
66.4067925106
66.4259380483
66.4343081282
66.4395591469
66.4526104625
66.4634888945
66.4713645706
66.503494532
66.5347558413
66.6121665162
66.6235317112
66.6586830295
66.680665911
66.6895009638
66.7647944782
66.773594969
66.8049636286
66.8194609265
66.8701708047
66.8781199028
66.8951976403
66.9235692402
67.0051509107
67.0160998771
67.0305036976
67.0389791699
67.0859982477
67.1443532623
67.1798195948
67.2121867313
67.2219950916
67.2331359154
67.2435768599
67.2678520337
67.2897872672
67.3038151654
67.3140857964
67.3267801685
67.3378197318
67.3463976062
67.3577197147
67.3880435567
67.4128606959
67.4223603766
67.4352729987
67.4445572801
67.4494435421
67.4622363753
67.4716172475
67.4750622109
67.5141009992
67.5432603055
67.5763071855
67.5976265311
67.601044702
67.6098256132
67.6453091789
67.6563088056
67.6730623787
67.6940590327
67.7035622034
67.7140351676
67.7381663752
67.803709193
67.8988780072
67.9240033989
67.9362083139
67.9668968646
67.9894113488
68.0395004528
68.0542899012
68.0594886844
68.0977597632
68.1280138432
68.1688653815
68.2124038415
68.2326997866
68.2770591281
68.297015319
68.3218660032
68.3751492526
68.4166323869
68.430183442
68.4475491311
68.4566736057
68.4668764539
68.4711398208
68.4891821917
68.4942676058
68.5167748832
68.529566651
68.5435858207
68.5560028492
68.5771789275
68.5878665448
68.5919328655
68.6054062474
68.6250708207
68.6545180619
68.667097705
68.693026016
68.7004437158
68.8321564254
68.8687322064
68.9383007753
68.9928081399
68.9966316143
69.0349202435
69.0650996909
69.1084237244
69.1220107731
69.1546940132
69.1647905843
69.2042482935
69.2181995435
69.2508924307
69.2738818279
69.2999728412
69.3336895957
69.3416707514
69.3656137571
69.391965589
69.4239898776
69.4663706294
69.5102737948
69.5278441213
69.5622114033
69.5927118155
69.6145428312
69.6256990576
69.6356704448
69.6565972468
69.6644194402
69.6716066803
69.680161909
69.6864589973
69.6913464392
69.695950103
69.7125759263
69.7217989858
69.7475318756
69.7828906507
69.7911991159
69.8488680812
69.8655820236
69.871672695
69.8873825193
69.8910532579
69.9052423501
69.9240122988
69.9351290201
69.9527777173
69.9627639691
69.9923383914
70.0108142873
70.0232427703
70.0361893044
70.0422860689
70.0723160551
70.4076395326
70.4306963632
70.4570057686
70.810677827
70.8177724678
70.8309777291
70.84930943
70.853617185
70.8936141625
70.9072014436
70.9162122346
70.9610888423
70.9730848756
71.0057917613
72.0115814869
72.0247465471
72.0302300655
72.0444166464
72.0540351503
72.0636600069
72.1396728424
72.1443902827
72.1570633966
72.1696493269
72.1839413032
72.1956125501
72.2422893114
72.2529908781
72.2640913463
72.2745134512
72.2944149694
72.3295351306
72.3366338226
72.3439157368
72.360030186
72.3741118432
72.3844807689
72.4103630747
72.4187229426
72.438165438
72.4851628147
72.4921851529
72.5095615118
72.5157983344
72.522771008
72.5306837897
72.5674043277
72.6043597762
72.6296699965
72.6452874714
72.686200003
72.7439741403
72.7577530278
72.8770029768
72.8854216935
72.904231258
72.9214231851
72.9361512186
72.977345257
72.9846218309
73.0022926607
73.0146401552
73.0383524214
73.1078635594
73.1171953826
73.2038953127
73.2201256269
73.2340073511
73.2433440788
73.2651551938
73.2778101034
73.2882914088
73.3005607514
73.3087420464
73.3141516691
73.3422476132
73.3511860863
73.3716798482
73.377751496
73.3866879471
73.4316956124
73.4481970432
73.4584513588
73.4940914943
73.5111927725
73.5343828694
73.5725902289
73.5970295997
73.7211387666
73.7387582111
73.8223972368
73.8367935021
73.8559091125
73.9248723374
73.9449130508
73.9488784958
73.9895202727
74.021140879
74.0306865153
74.0363895058
74.1601752251
74.1717848173
74.2216539493
74.2495753021
74.2846677169
74.3212309982
74.3479951703
74.397744651
74.4087906671
74.4196165767
74.615158132
74.6289600992
74.6604459917
74.6798930544
74.6961597374
74.7164237534
74.7283753001
74.7324645492
74.7507217896
74.7668065005
74.7948376894
74.8093053699
74.8227105254
74.8327969562
74.8477531963
74.8696882678
74.8853860507
74.9211158155
74.9784443586
74.9969763757
75.0269361501
75.0439855351
75.054729631
75.0940803133
75.1105105444
75.1224510826
75.1669240952
75.2126340014
75.357778735
75.3964632483
75.41300472
75.4572385018
75.488808979
75.4924002143
75.5042481063
75.6169547253
75.6237254444
75.6337476306
75.8760889206
75.9080489447
75.926454609
75.9458658972
75.971653015
75.9794785127
75.9921586294
75.9972185485
76.0531457953
76.0822541492
76.1456791779
76.1635307358
76.1822146451
76.2104051242
76.2322257848
76.2488635904
76.259157002
76.29594031
76.3120059129
76.3468114967
76.3755767127
76.3923921152
76.4349376122
76.4569429215
76.4702706488
76.4857831487
76.5745547619
76.6015136198
76.7140891078
76.7257013396
76.7423028676
76.7731475104
76.7826389808
76.7941363343
76.8083727343
76.8439811793
76.8722002489
76.8804721955
76.8977552273
76.9467968337
76.965064233
76.981464999
77.004383122
77.020104529
77.0280034515
77.0323604117
77.0493827165
77.0591928222
77.070809809
77.1245613164
77.1607976654
77.1736703785
77.1913870162
77.2157153811
77.220234164
77.242460493
77.2508630814
77.2572542319
77.2691986802
77.3057139777
77.355575966
77.4072751496
77.4318238778
77.6058342185
77.7482817579
77.7910890166
77.8021321974
77.8197631092
77.8589835557
77.8867830999
77.9653288119
77.9972181285
2203
