6.01043258404
6.02009576187
6.02889974894
6.04391279787
6.06114613321
6.07664771973
6.0954498244
6.11161983535
6.11803646949
6.1229306913
6.13606695052
6.15359922291
6.17076707415
6.17583577596
6.19086774901
6.19638308055
6.2417619223
6.25725916466
6.33110600733
6.33994898107
6.35647631616
6.42271284407
6.43440906466
6.45849290906
6.46646022952
6.47866078158
6.48969545206
6.50158788755
6.52947891068
6.60748895036
6.62808514759
6.69737689869
6.71576244814
6.74439953594
6.81847477445
6.83605743795
6.85835543615
6.91285234734
6.91643921264
6.92918546247
6.95799658007
6.97817630257
7.00996492748
7.04846095852
7.06477228299
7.10976191408
7.14924535229
7.17311553447
7.20369590506
7.21022154022
7.21737066756
7.22999504892
7.2624940952
7.27434088608
7.29439656947
7.30819366153
7.31346094356
7.32600062233
7.33407029671
7.38958213313
7.84355263928
7.86062884422
7.8897532496
7.89426705564
7.90917330449
7.94138185861
7.96932327278
7.99273452684
8.0214528712
8.04924263308
8.07926861066
8.08713203636
8.10304678798
8.15464978541
8.17125299119
8.18644329638
8.21839001293
8.24430973833
8.26125122895
8.27806190336
8.30512333696
8.31844150139
8.4114163421
8.42633934233
8.44925150548
8.46457913027
8.47059174517
8.50216125746
8.50783557761
8.55445616633
8.57954064009
8.58959088752
8.66247431571
8.67188594154
8.68227650702
8.6946884034
8.71234891197
8.7221734267
8.7263570617
8.73578448729
8.74910389508
8.75629264747
8.82401540249
8.84307602822
8.85799246816
8.89753321487
8.93152517248
8.97374828293
9.03456344827
9.08126894672
9.12450104745
9.13834512794
9.16885003507
9.18002188637
9.20459582651
9.33427605155
9.34189637176
9.43317898455
9.60459780351
9.67263810608
9.68469568871
9.69884372971
9.70853400702
9.71645730493
9.72036150287
9.73699229105
9.74770775004
9.76092423384
9.76547531271
9.77437982624
9.78738350977
9.83751298633
9.84899249065
9.85805045704
9.88810092468
9.89958278954
9.91621165639
9.92427559926
9.93036779971
9.95454906432
9.96037329693
9.97852295933
10.0146777135
10.0312428186
10.067916112
10.1094903293
10.1389332624
10.1558825043
10.1628457366
10.175108609
10.2273004076
10.2391118525
10.2577520584
10.2864431061
10.3255255869
10.3386486296
10.375337491
10.4262616707
10.4651846849
10.4948567941
10.5138518175
10.6025176753
10.6555976662
10.6741739195
10.722898075
10.8084734305
10.8217964159
10.8354349755
10.8487835077
10.8810168828
10.8933778493
10.9082767348
10.9303766553
10.9494627321
11.0007781147
11.0182205262
11.0395747177
11.1101311874
11.1258840508
11.1365985445
11.1539781557
11.1655916325
11.1824470149
11.2061450307
11.2163905316
11.2239543291
11.2336106108
11.2466917888
11.2571375228
11.2759281561
11.5921279995
11.6146906275
11.6395163884
11.659913599
11.7274467171
11.7487554331
11.7665413495
11.8158758708
11.8839622703
11.8974974409
11.9769515343
12.0158237996
12.019633563
12.0386029588
12.0710160469
12.0802053087
12.0897535472
12.0970956955
12.1079027289
12.1299864726
12.1382176574
12.1443803946
12.1548516929
12.1605548552
12.1779200226
12.200090741
12.2120052453
12.2222281883
12.2403572251
12.2457849441
12.2540602902
12.2595887706
12.3881349669
12.416411663
12.4374566641
12.490743176
12.5115275536
12.5255718647
12.5941128647
12.6546263113
12.6655471735
12.6813032669
12.7025345004
12.7135944502
12.7604999994
12.7669632875
12.7964940075
12.8508059329
12.9396779904
12.9607268573
12.9952538699
13.2123774015
13.2164380902
13.2257390357
13.2311963382
13.248772602
13.259891734
13.2753956372
13.284957061
13.2972010251
13.3083635369
13.3322596738
13.3390879369
13.3512739034
13.5491721279
13.5756797117
13.5993095208
13.6323009295
13.6448216406
13.6546972908
13.7343838969
13.7516199167
13.7669622205
13.774514158
13.7788135489
13.7903314913
13.8147067816
13.8289887064
13.8520377437
13.8951114402
14.0420389148
14.2354497473
14.2671123092
14.2871648226
14.3669390057
14.3997285153
14.4118416837
14.4299873013
14.4390814062
14.4476693958
14.4577911346
14.4749010576
14.4837533781
14.4887135633
14.508951251
14.5198115047
14.5846165266
14.6049497303
14.6195556818
14.6702525874
14.6837601343
14.7101739048
14.727207587
14.7377766319
14.7440817048
14.7749232397
14.7939968024
14.8201231339
14.8242743112
14.8327278773
14.8635361672
14.8948173794
14.9061081259
14.9206923416
14.9403558127
14.9556130966
15.0070373984
15.0586386835
15.0625231662
15.0962589737
15.1350577647
15.1734605932
15.2002134752
15.2769220384
15.4038118537
15.455206725
15.5119769464
15.5582177431
15.5812375059
15.8768734974
15.8811438632
16.8094730354
16.8196468411
16.8450750212
16.8640072377
16.8702260649
16.8937584292
16.9042785097
16.9233135547
16.9447848897
16.9800153559
16.9858173402
16.991986203
17.0027780518
17.0084025617
17.0232739899
17.0345532373
17.0503267233
17.0678134686
17.0898677459
17.0984234871
17.1257439636
17.1399403183
17.1585915212
17.1963579971
17.2175356223
17.2264731973
17.2820062099
17.3068197108
17.3209677432
17.3379928887
17.3610128809
17.3672618093
17.377126301
17.3828310459
17.4003963146
17.433682682
17.5194002448
17.9370387024
17.9649142249
17.9894885255
18.0194438642
18.0229876997
18.0331172464
18.0419234389
18.0581887011
18.0667979477
18.101479283
18.1094599561
18.1139411975
18.1251324333
18.1313783653
18.5150814225
18.5198877489
18.5311051793
18.5426009989
18.5644483175
18.63135401
18.6420685575
18.6493090405
18.6729681541
18.6964699287
18.7600169752
18.8066390415
18.8471211512
18.8731745296
18.9113399515
18.9285430651
18.9707438264
19.2159418107
19.2315521975
19.2611147505
19.2856238202
19.2980148686
19.3044293333
19.3227197269
19.3332114845
19.3461108312
19.3759769542
19.3844796061
19.4062416394
19.4211188765
19.4313660904
19.4363559971
19.4576183479
19.4808013133
19.4919850107
19.4966547289
19.5038093027
19.514955443
19.5200015981
19.5601487593
19.5659529663
19.5816241997
19.5910256762
19.609176198
19.6195268906
19.6449086003
19.7377390155
19.7713410329
19.7855044489
19.7925376701
19.8163947963
19.8804470174
20.1520504796
20.19610632
20.230636049
20.2597973182
20.306532867
20.3386989408
20.3897505127
20.4102511134
20.4177957055
20.4602622032
20.4659820141
20.4767385215
20.4836201127
20.5126840539
20.5308293173
20.5411542729
20.5580636593
20.8328852478
20.8482874979
20.8689565288
20.8780500475
20.8868093501
21.0022506617
21.0235191905
21.0496268393
21.0832799704
21.1206880201
21.1995053315
21.2306472985
21.2723896933
21.2979632952
21.3334257179
21.3561647335
21.3715639223
21.4036319565
21.4094415951
21.5547572104
21.6044087323
21.6108501696
21.6613445312
21.6692466651
21.6757432968
21.6925132635
21.7076142271
21.7132826782
21.7254859313
21.73887882
21.7649693811
21.7739362234
21.7917095863
21.798197055
21.8027442016
21.8560077395
21.867856121
21.8794789586
21.8973971554
21.921687114
21.9553925902
21.966780522
22.0079991944
22.0343303013
22.0493018551
22.100600902
22.1097053016
22.1600890629
22.1675789785
22.2258734067
22.2297863774
22.2610498541
22.2652558291
22.2939663132
22.3128464051
22.4646391906
22.4847950204
22.5247032345
22.5541395064
22.5732704849
22.6481129962
22.6537888996
22.7007236717
22.7147232303
22.7781103675
22.8043065724
22.8142823109
22.8285662281
22.8606525747
22.8676235642
22.8755208356
22.90666597
22.9223654132
22.9391594196
22.9509774803
22.9593307895
22.9737176863
22.9904897899
23.0069252819
23.0265569134
23.1033499181
23.1205484452
23.1366429397
23.1528340764
23.1708531345
24.0161009125
24.0354188318
24.0448713917
24.0483315163
24.0552382918
24.066782377
24.0760536712
24.0845430028
24.1010254917
24.1092037928
24.131953316
24.1424572281
24.1609152655
24.1711299647
24.1831321383
24.2359856213
24.2951803597
24.68774331
24.7135619923
24.7901364874
24.8117814389
24.8476083565
24.9035052267
24.9247903695
24.9467028014
24.9991236957
25.0657547987
25.0702196188
25.1001593385
25.1056143008
25.13989392
25.1718577094
25.2119110048
25.2316443937
25.2400007714
25.2439163602
25.2475383909
25.2532246605
25.2633083403
25.2680452989
25.2746874978
25.9183635159
25.9862913389
26.0300046663
26.0939122952
26.1488940514
26.3620501525
26.6418693752
26.6459690921
26.6511046169
26.6684767816
26.6837171858
26.6935762543
26.6997554932
26.7048945111
26.7103242879
26.7346478517
26.7823003564
26.8235600553
26.8468660714
26.8580900871
26.9059528555
26.9368908675
27.0147143566
27.0307763571
27.0345238821
27.0508662993
27.0800722492
27.1101259353
27.1519210046
27.1654391009
27.2101303914
27.2422742684
27.2688024529
27.285948424
27.6058837955
27.68455754
27.7050918474
27.7127835879
27.7306880101
27.7377644625
27.7647446872
27.7760125371
27.7851824898
27.7896237209
27.7983064835
27.8037909999
27.8249868426
27.8707486333
27.8969015085
27.9036553683
27.9120401784
27.9370018289
27.9633364745
27.9727277882
28.0031046717
28.0101592761
28.0385353524
28.0596763287
28.078335189
28.0893595913
28.1173747691
28.1308351076
28.1417579503
28.1764266988
28.2291872784
28.2554339038
28.2674664478
28.284107337
28.4884291044
28.5314236046
28.803981058
28.820432738
28.8460715894
28.8536489402
28.8623473906
28.8782458805
28.9056923635
28.919330774
28.9355413495
28.966049404
29.0149834501
29.0292517795
29.0592301863
29.0765154668
29.0867928787
29.0956029982
29.115489981
29.1436475778
29.1807322928
29.1991815707
29.2251686405
29.2832421424
29.308037207
29.3250310509
29.3470371054
29.3647915401
29.4952655697
29.5038957182
29.600879102
29.6373807101
29.6540978943
29.7128255233
29.7499210112
29.7989751293
29.829575829
30.0097303279
30.018285568
30.033914303
30.0470719747
30.058993744
30.0711789297
30.0932512007
30.1078951598
30.1254683021
30.14336827
30.1482996464
30.1590084981
30.1770896167
30.2211681239
30.2437810486
30.2666827843
30.2803671353
30.2984713655
30.3169973581
30.3263127389
30.3414246226
30.398905152
30.4222943192
30.4408519643
30.4480855273
30.4874495424
30.4923390811
30.5079364835
30.5259171983
30.5543039203
30.5826920874
30.6027466855
30.6163755291
30.6226159001
30.6534504229
30.6797492425
30.7102533579
30.7479894052
30.7697706479
30.8162728572
30.8477463426
30.8690573763
30.949713553
30.9566565646
31.0276129384
31.0860673496
31.1123218072
31.131833348
31.1976735017
31.2146756482
31.2217342375
31.2316095154
31.2430443638
31.266725849
31.2767920923
31.2973655232
31.3168704112
31.3244946502
31.366339138
31.3897965354
31.4051525881
31.4162829138
31.4383923833
31.4621469311
31.4744906494
31.4917469059
31.5057053945
31.5238726922
31.5350713825
31.5603157687
31.5926264443
31.6031022829
31.6881818531
31.6922217551
31.7870162861
31.8087156319
31.8147613483
31.8604642783
31.9003871018
31.921194639
31.9569807194
31.9680724312
32.0041935998
32.0527320571
32.1048400791
32.1140023233
32.1911391577
32.2152583707
32.2405141146
32.3006830696
32.3754516762
32.4051304623
32.426456995
32.4358625334
32.4479312523
32.4523819316
32.4697315794
32.489385698
32.5095631114
32.5280754285
32.5373247427
32.5480746334
32.5585766159
32.5646445015
32.5813628874
32.5983571509
32.6327439254
32.6522807272
32.7119741029
32.7305566298
32.8296315735
32.840300484
32.8629941812
32.9121657079
32.9650436043
33.0048501756
33.1267162828
33.1550336667
33.1587751333
33.1967132557
33.2445799652
33.2904059475
33.3240822293
33.3533010391
33.3938712143
33.4668999042
33.5067134496
33.5791844785
33.6039871701
33.6133692129
33.643513496
33.6682234705
33.6851347283
33.7039737772
33.7099769316
33.7278370311
33.7596417459
33.7631256305
33.7818832033
33.8110437709
33.8164808182
33.8226464571
33.8340357434
33.8422270177
33.8586104629
33.8695429341
33.8839028779
33.8904326197
33.9005039608
33.9242104012
34.0353700616
34.0543503639
34.0818082454
34.1018097882
34.2221686079
34.2293800323
34.331238063
34.3515561069
34.8463498854
34.8622288946
34.8682019019
34.8844310728
35.0160917019
35.0468919485
35.052455206
35.0712824406
35.0866127449
35.0922449174
35.0980712497
35.1178472602
35.14699072
35.1770259998
35.2395637315
35.2635051552
35.2939941583
35.3027007527
35.3087759181
35.3211425157
35.3471986202
35.3616419779
35.3732141981
35.3944973968
35.4173803631
35.4498550158
35.4597367758
35.5825794072
35.6120755611
35.643339062
35.6620254901
35.8192559933
35.8364712142
35.8752044548
35.8843428559
35.9788752295
36.0072768763
36.0162649947
36.0900322418
36.1002811465
36.119251849
36.1313895807
36.1430729377
36.1640824638
36.1833838914
36.1986970428
36.2167777404
36.2496143434
36.2646430059
36.2908596556
36.3761491138
36.3854920555
36.4052429099
36.4163250401
36.4351109469
36.450193313
36.4602254043
36.4787310851
36.4860363392
36.4896246953
36.5096818894
36.5360740776
36.5643166498
36.6039380101
36.6195927499
36.6337809255
36.6384836251
36.6615849971
36.6917755002
36.7669850274
36.7976090935
36.8127644654
36.845811683
36.8827177378
36.899974559
36.9040956319
37.0177540348
37.0760395206
37.1263695294
37.1743509433
37.2122957061
37.2289276461
37.2402345251
37.251150035
37.2716791543
37.2805315984
37.2884319438
37.2926610389
37.3117908266
37.317155685
37.3210221091
37.3264627309
37.3381980588
37.3505531036
37.3658152192
37.3747201142
37.3905765907
37.4012914526
37.4126379801
37.4317833777
37.4384089953
37.4929150745
37.5070210363
37.5260235524
37.5487642538
37.5587901022
37.5859247934
37.6956026404
37.7646228584
37.7895624395
37.7935005865
37.817922435
37.8800773015
37.8854387851
37.9366007357
37.9486733873
38.0020238337
38.0629424519
38.1496377051
38.2544979201
38.3140947285
38.3688744271
38.4034495783
38.4103926561
38.4253226873
38.4673705774
38.7173354566
38.7416933866
38.7651732809
38.7930894535
38.8094215091
38.821945137
38.8614903109
38.8819789952
38.897987099
38.9143749353
38.9272896389
38.9533459593
38.9651262109
38.970876667
39.0037662877
39.0105425353
39.0401644355
39.0718757563
39.0909976483
39.1097990159
39.1716850535
39.2142532083
39.2206783595
39.2395209398
39.2504526333
39.2776336886
39.2825997849
39.3389870837
39.3876842379
39.4460800594
39.4951598395
39.5202873255
39.5415769166
39.5631533899
39.5672507403
39.5983084918
39.6059814386
39.6108096538
39.6164227208
39.6274224923
39.6339147256
39.6798555305
39.686177659
39.7086289534
39.7203675981
39.7571973728
39.7730214716
39.7765774051
39.8147986462
39.8242971649
39.8357880103
39.8445432029
39.8611318178
39.8685663222
39.9097468443
39.9210690972
39.947294424
39.9519584839
39.9592426171
39.9923199274
40.1385794214
40.2386804027
40.2792858228
40.3713150099
40.4395359587
40.491198949
40.5107825947
40.5497480542
40.5799842735
40.6107920419
40.6622688086
40.8342968626
40.8397123389
42.0131005438
42.0264522672
42.0733837912
42.0789401575
42.0886195906
42.0989525064
42.1126453637
42.1436666775
42.1508145323
42.1561243465
42.1626053806
42.1785781889
42.1996908873
42.3541797459
42.3951586948
42.4083404045
42.4271488775
42.430556304
42.4561817493
42.4781111284
42.49555989
42.5023540589
42.5117986501
42.5341786669
42.5393539269
42.5610731769
42.5813682509
42.7155140379
42.7214813786
42.749944828
42.7911477409
42.8118304373
42.8342232068
42.8539141126
42.8762720624
42.8937738517
42.9306837983
42.9712540785
42.986250177
43.093972389
43.1044605292
43.1261057843
43.1647132116
43.1928320186
43.208561848
43.2190864517
43.233650612
43.2393226221
43.263445289
43.2728782407
43.2841209372
43.302357521
43.3506441546
43.37892006
43.4013147008
43.4153217229
43.463813448
43.4779905039
43.4813953515
43.6527655801
43.6803733723
43.7184556318
43.7429187206
43.7606713217
43.773317507
43.79810031
43.8164303171
43.828316966
43.842818771
43.8526697394
43.8709304648
43.8916699537
43.9278751951
43.9663995213
43.995164268
44.0239729955
44.0498219306
44.0728746058
44.0909285603
44.3159145683
44.3607958129
44.3688121128
44.3929016277
44.4084852256
44.4196872623
44.4313189646
44.4391003478
44.4542807046
44.4583952882
44.5254358893
44.530039618
44.5441751751
44.5679820649
44.5836596686
44.6017218937
44.6083158175
44.636035185
44.6999885379
44.7149064393
44.7262524223
44.7360235211
44.8353797181
44.8538855215
44.8840610269
44.8964736864
44.9678372533
44.9716535473
44.9873492883
45.0129501333
45.0313387568
45.0606993525
45.0717759923
45.0973177157
45.1257955103
45.1716773598
45.2379513879
45.2623445696
45.2836912814
45.3357941056
45.4133091253
45.467275873
45.4995579641
45.5426437103
45.5561768147
45.6103722237
45.6532955543
45.6574716216
45.6683652915
45.6791092502
45.688657387
45.7079547309
45.7141425419
45.7579227228
45.7659163451
45.7835007287
45.7889306039
45.8008001278
45.8042381551
45.8412242791
45.8747266702
45.8946349471
45.9269070454
45.9575283235
45.9861398881
46.0120877232
46.0290462462
46.0548186322
46.0821856265
46.0910277806
46.1225817348
46.1494604131
46.1656950277
46.1733792409
46.1905076299
46.1991163541
46.2061506389
46.2362804779
46.3388601458
46.4323446685
46.4781633368
46.5402670652
46.5690068169
46.5935934848
46.8058273762
46.8169972333
46.8338547296
46.8484973413
46.8564557548
46.8634818285
46.8876808967
46.9003755553
46.9122887115
46.9260239017
46.937950239
46.9469326198
46.9725444285
46.9852561166
46.999658884
47.0045457545
47.0106192969
47.0148923617
47.0345452504
47.0469094617
47.0735111878
47.0901611012
47.0939295242
47.0975514229
47.1388061425
47.1514054968
47.1558429325
47.1728373139
47.1838873332
47.2307010862
47.2345944117
47.2727879875
47.2964901016
47.3242538433
47.3371734818
47.3646259305
47.4567806227
47.4844651046
47.5092841953
47.5480393282
47.5815779158
47.6078866703
47.6288949497
47.8118370782
47.8309026797
47.9924212832
48.073833361
48.0776342055
48.0909517818
48.0962842965
48.1218865185
48.5146937867
48.5282793176
48.5801684689
48.6106488075
48.6143773524
48.6754912835
48.7114729358
48.7276043113
48.7443279048
48.79932582
48.8026789711
48.8190718795
48.8243932557
48.8502637951
48.897474245
48.9406435158
48.9521681175
48.9698406028
48.9887156088
49.0186445618
49.0401782823
49.0597944691
49.0705131758
49.1613720095
49.215119338
49.2233014332
49.257475829
49.2619149613
49.2802715318
49.287754212
49.3056978487
49.3124019534
49.330446341
49.3468092816
49.3624661251
49.3711930531
49.3825826566
49.3905458708
49.7156028808
49.7310869102
49.7364274349
49.7470274776
49.7505757615
49.7585082463
49.8201026055
49.8525543632
49.8731961048
49.9028011666
49.9297274989
49.9438135817
49.9596504491
49.9897386863
49.9968083037
50.0135809004
50.0829496738
50.1430118952
50.2025981016
50.209422789
50.221411212
50.2758814086
50.2792694659
50.3101727163
50.4072095906
50.4221955484
50.4450605194
50.4652319841
50.4774893103
50.4983170838
50.502584225
50.5156402611
50.5255810045
50.5380074589
50.5573647265
50.5660901151
51.6102130454
51.6157829097
51.6292733849
51.6350688846
51.6465382084
51.6674794291
51.6863962344
51.6973861342
51.7137366731
51.7195540661
51.7302736417
51.734259263
51.7451472537
51.7525716891
51.8248633368
51.8529730808
51.8652805231
51.8841958358
51.8903828925
51.9054935308
51.927837556
51.9593235056
52.2261363521
52.2300488545
52.2412980289
52.2452305422
52.2667734201
52.317899497
52.3360207712
52.3631866737
52.3766832674
52.3851861972
52.402273953
52.4113221384
52.4296001386
52.4520959812
52.4654835544
52.4901446588
52.5216837026
52.5272657278
52.5420801814
52.6706610103
52.7211589918
52.7694700591
52.7923398225
52.812375912
52.8249001709
52.8758489373
52.8816936244
52.8949180814
52.9232260682
52.9335761297
52.9630119771
53.0237258614
53.0302642474
53.0501106912
53.1046471313
53.1245276011
53.1498809537
53.1588752098
53.3475175202
53.366104919
53.3827080885
53.3891202757
53.4170544177
53.445217394
53.462504852
53.4747015958
53.5107566286
53.5387951352
53.5511909578
53.7553819343
53.7796782134
53.8644353291
53.90129785
53.9128194959
53.9605506595
54.0147410549
54.0284417605
54.0376521763
54.0429070029
54.2074800239
54.2273849471
54.2505483564
54.262805596
54.2832548868
54.2932167998
54.3418271854
54.3778241958
54.3868838929
54.3939408183
54.6254295963
54.6429687081
54.6657746184
54.6902582439
54.7139234703
54.7268463845
54.7474431694
54.7851513218
54.8544481166
54.8728175374
54.899691313
54.904937659
54.9310381223
54.9875442827
55.0117234328
55.0924640439
55.1081848801
55.131169178
55.1356461687
55.1452529095
55.1831431642
55.2051030945
55.223111166
55.2487480938
55.2676939603
55.2891808157
55.3058884369
55.3260435544
55.3431484414
55.3534373215
55.3580030319
55.3785755811
55.3967111101
55.4111519828
55.4200390141
55.4304138853
55.4405490206
55.4484653459
55.4661455888
55.4842914564
55.4971513715
55.5062845685
56.0074766213
56.0311664567
56.0596095588
56.0827207176
56.1060042177
56.1175964969
56.1797240876
56.1835493553
56.194646302
56.2118592669
56.3096830442
56.3293098185
56.3804405435
56.4133823348
56.4997558895
56.508282534
56.5158489711
56.5234070338
56.5393026418
56.5506807101
56.5612495373
56.5751709453
56.5919661161
56.6035212382
56.6188908543
56.6309049253
56.6495969629
56.6551233653
56.6683610952
56.6752895976
56.695863905
56.7105961254
56.7212821773
56.7295333753
56.7593358511
56.7700087548
56.797688996
56.823007287
56.8551506754
56.8865168456
56.9139505169
56.9524346747
56.9647408702
56.9723564826
56.9764617848
57.0059328815
57.0174788335
57.131165693
57.1696652547
57.1846500657
57.1990443251
57.2406890309
57.2584757407
57.27561294
57.3117754188
57.3477634257
57.3548765866
57.3863128425
57.4299707219
57.4523320876
57.4881773562
57.5100463206
57.6180004685
57.6271758685
57.6371436345
57.652199329
57.6687270785
57.6806116938
57.6890586116
57.6997497818
57.7115727639
57.7273555348
57.7420212986
57.7619998262
57.7754708791
58.0406788833
58.0583484284
58.0922953125
58.104635256
58.1171322229
58.1453458237
58.1652056547
58.1736082638
58.1816932428
58.1903309953
58.2020248739
58.2190331865
58.2469668887
58.3556481105
58.4028863334
58.4422948745
58.4635570888
58.482452295
58.491741131
58.5123441075
58.529542456
58.5413085035
58.5623889635
58.5952314326
58.604159632
58.6439116835
58.6854600415
58.7294338183
58.755239225
58.8066012369
58.8212552454
58.8411498185
58.8477168164
58.8592031817
58.8937534501
58.9177463816
58.924018
58.9321956873
58.9457119912
58.9701487234
58.9787950991
58.9845494293
58.9990406467
59.0085750694
59.0181913916
59.0364037671
59.2151611951
59.2324509495
59.2409890761
59.2484942171
59.2589915951
59.2779083622
59.3134833581
59.3252287466
59.3753136592
59.3825907273
59.3950038247
59.4059750611
59.4101985129
59.8946340612
59.9525673115
59.9571496425
60.031931707
60.0374799557
60.0546432758
60.0621939818
60.0692865648
60.0746377434
60.1251241396
60.1551004941
60.1679303321
60.1794573689
60.1912054847
60.2036225849
60.2188715298
60.2243063709
60.2333215125
60.2582879762
60.2642118645
60.2881653089
60.3035902109
60.3082075077
60.3158647589
60.3314772371
61.2214734149
61.254531894
61.2629954641
61.2741711813
61.2884377003
61.2921022719
61.3044851443
61.3126325537
61.3349314837
61.349576171
61.3860660674
61.4004873893
61.4115536025
61.4448120913
61.454242927
61.4781148702
61.4961035653
61.5136031221
61.6069339582
61.6238964862
61.6683057683
61.6832810649
61.7034257187
61.7073550051
61.729689934
61.7670931188
61.7960595017
61.8267496222
61.8839071816
61.9314998886
61.9471759021
61.9548908912
61.9947797656
62.0116600191
62.0282667414
62.0490848862
62.0807748216
62.1120004994
62.1835095958
62.196505974
62.2143370367
62.2248919911
62.2766438007
62.3430261668
62.3923380122
62.3992170055
62.4104422001
62.4146350611
62.4248629461
62.4359863571
62.4637856854
62.4721067372
62.5551201166
62.5669410751
62.5829647097
62.5989870938
62.609034973
62.6233208851
62.6285718279
62.6386837723
62.6442705776
62.6506084301
62.6576563834
62.6625225228
62.6851852884
62.6936975993
62.7102585071
62.7239243284
62.7319919597
62.7406179924
62.7467546028
62.7783461883
62.9603062335
62.9813848581
62.9887301559
63.0021964419
63.0264026774
63.0499241602
63.0805238623
63.1246066514
63.1298981148
63.1483460097
63.1659266794
63.192128327
63.1986599422
63.206834552
63.2139686686
63.2842932759
63.325307267
63.3400148127
63.367299251
63.4004671008
63.4357267774
63.4498993579
63.5196324409
63.5653836597
63.5691267003
63.6054579577
63.6286411407
63.6339047727
63.6443204165
63.7063963077
63.7300053142
63.7412738968
63.7452300849
63.7706202559
63.8007793105
63.8100417175
63.8153480446
63.8260628369
63.8436072706
63.8499378825
63.8725135099
63.8842991004
63.8984824188
63.9370946898
63.9475151631
63.9565256579
64.0051549263
64.0417016264
64.0524229466
64.0573343163
64.0994110983
64.1219083364
64.1380600867
64.1690095742
64.1856798551
64.1980629365
64.2080186483
64.2328463253
64.2639419617
64.2951180571
64.3398021612
64.389408027
64.4022388973
64.4225481972
64.4535440617
64.5195743353
64.5358657224
64.5493649308
64.6025496827
64.6178322006
64.6296522996
64.6687906294
64.7410854213
64.7558587959
64.8118140479
64.8235923461
64.8427053548
64.8591334954
64.8635758182
64.9220432054
64.9535498893
64.964225193
64.9716820219
64.9822763976
64.998786166
65.0146197245
65.0566632685
65.0604340128
65.077667949
65.0861642189
65.1111328528
65.1196200431
65.1274895989
65.1316735445
65.1435370647
65.1766816937
65.1829943051
65.2208250674
65.2278890265
65.2573997662
65.2701811291
65.3024010793
65.3094121262
65.329832965
65.3666324786
65.3873049761
65.4168603597
65.4853076764
65.4972526017
65.5062643734
65.5250993576
65.5683684441
65.5797144716
65.6132700089
65.6452209725
65.6718963356
65.7034440481
65.7424424826
65.7672509342
65.7791952283
65.7980304687
65.8646373142
65.9266693632
65.9385654807
65.9654677924
66.0049165195
66.0108212821
66.0283227825
66.0404749353
66.0479693195
66.053886271
66.0591714381
66.0656181126
66.077030282
66.0904988649
66.1009294233
66.1311525505
66.135411277
66.1596924413
66.1673838929
66.1945289098
66.2066447889
66.2271291048
66.2448876999
66.2657202655
66.2777647474
66.3224673283
66.33576173
66.3610405502
66.3656701529
66.3812477295
66.3930331829
66.4244893155
66.4479102229
66.4610422474
66.4888921884
66.5486641327
66.5725830435
66.604795845
66.6186217404
66.6304758677
66.6962115251
66.7042711525
66.7281093453
66.7413358041
66.760799991
66.7763832213
66.8196888642
66.8388277295
66.8913170996
66.9089108814
66.9869161429
67.0359307568
67.0617536043
67.1638395257
67.1804161376
67.2087934501
67.2248317825
67.2364142692
67.2564790753
67.2663647347
67.3439230981
67.3527586605
67.3675002791
67.395364835
67.4281539772
67.4456946523
67.4557583025
67.4864213654
67.4941712548
67.5140151914
67.5224708838
67.5354726572
67.546668697
67.5967040064
67.704783557
67.7353439696
67.7457077006
67.7587359895
67.7762884292
67.787758371
67.8151173797
67.8475678516
67.8962428449
67.9107608537
67.922490923
67.9581330854
67.9712739801
67.9882935553
68.0496741723
68.0827446627
68.1220965219
68.1597118691
68.2013878945
68.2422227387
68.2670468405
68.3345496505
68.3970055183
68.41440035
68.4233554375
68.4272859868
68.4516130116
68.4789769136
68.4948552818
68.5035802977
68.5078362624
68.5164291294
68.5342345107
68.5503136879
68.5648955721
68.5774526314
68.5822582122
68.6375911094
68.6451300718
68.6683970161
68.6749658952
68.6891018279
68.709424492
68.7235430119
68.7518900974
68.7813140662
68.7932851427
68.7993878592
69.0320483511
69.0572181131
69.2615775656
69.2841126678
69.4132557627
69.4386810347
69.5510741156
69.5742108
69.6161398071
69.621785092
69.6330648608
69.6473750238
69.6562262034
69.7077941053
69.7241608308
69.7622021612
69.7683606816
69.7916085749
69.7960715857
69.8341119863
69.8628301899
69.8736014767
69.8843221647
69.905832796
69.9093472267
69.930457569
70.0862824349
70.1017466594
70.1259374226
70.1554138644
70.182419989
70.2280726928
70.2574174179
70.2951739445
70.4554530598
70.4659607085
70.5074357853
70.5288019629
70.5466155138
70.5714199666
70.6013053157
70.6062715581
70.6384782782
70.6845135614
70.7185308117
70.7533146943
70.7765038433
70.8075585091
70.8129150284
70.8255653403
70.8289926102
70.8368503476
70.8506687488
70.8553744376
70.8895537263
70.8957120368
70.9043165376
70.9267574588
70.9402396146
70.9478318345
70.9826712075
70.9948225312
71.0046603327
71.0102160781
71.0257736728
71.0439025599
71.0489898679
71.0691946499
71.0910878128
71.1008378913
71.1139183824
71.1452462297
71.2026153521
71.2179909233
71.337918047
71.4015997963
71.4224554163
71.4825158892
71.5015762026
71.507324529
71.5535094449
71.5665578767
71.5871681713
71.6100561256
71.6359850036
71.6552367971
71.6824298052
71.6974606477
71.7262257091
71.7561126596
71.7798664846
71.8035981458
71.8112281609
71.8353576128
71.903105479
71.9309298698
71.9651016593
72.0334092261
72.0562964912
72.0650090744
72.0688344339
72.0763354455
72.0832631457
72.0917953471
72.0993277878
72.1123586383
72.120935529
72.1716529509
72.1819210258
72.2052060035
72.2129917304
72.2406772733
72.248168134
72.2653590264
72.2861492193
72.2977064405
72.3131125812
72.3274715319
72.3707352388
72.3772986323
72.385259342
72.3957064764
72.49671545
72.5043593807
72.5210423535
72.6389150558
72.6679994973
72.6854303234
72.6993431072
72.7486303711
72.9146316816
72.9321430839
72.9487683574
72.9700397923
73.0549116818
73.0708595768
73.092023679
73.1320501263
73.1912110845
73.2038909314
73.2157740003
73.2243016052
73.2402557062
73.247774132
73.2574741377
73.2642566341
73.2789961791
73.2834314636
73.2940744996
73.3003419254
73.3071760582
73.328835539
73.3433222206
73.3474030994
73.358586395
73.3624657863
73.3708639988
73.3891979888
73.4037041498
73.4112987728
73.4179451516
73.4336605348
73.4659416629
73.485139058
73.5027027498
73.5176595391
73.524603298
73.5339978918
73.554388704
73.5654756783
73.5776495527
73.5976265739
73.6099715768
73.8006845545
73.819721449
73.8515122985
74.016399596
74.0631722168
74.0670279523
74.1246484743
74.1863566033
74.1900521567
74.3101086674
74.3194757607
74.33586331
74.4038275845
74.4130192558
74.4266419044
74.4448623329
74.45231161
74.4803599909
74.4869694326
74.4983911025
74.5982651069
74.6160323518
74.6253312988
74.6293722726
74.6406963553
74.6642734796
74.6765683881
74.6926461288
74.6976862024
74.7075828112
74.7411749959
74.7454386711
74.7708150218
74.8151033295
74.8404336027
74.8665939848
74.9097964453
74.9259468026
74.9526357495
74.9677440956
74.983781692
75.0135600808
75.0199218405
75.0289091124
75.0460504965
75.0677565251
75.1200502414
75.2594079186
75.2675273751
75.2855949117
75.3334163194
75.3628086426
75.4236346553
75.4443725979
75.469306972
75.487268833
75.5373178128
75.6372517855
75.6415163161
75.6507416371
75.6603931113
75.6686131342
75.6740508843
75.6903702962
75.7109298452
75.7270817915
75.7329862384
75.739477554
75.7473612677
75.7793746548
75.7891938113
75.7965626647
75.8035032256
75.8168998198
75.8303004973
75.8650561235
75.8878606551
75.9014945004
75.9241349752
75.9328451808
76.0130273031
76.036316565
76.0475655611
76.756255992
76.8111854746
76.8792824917
77.001144444
77.0565620522
77.0839097157
77.0936315073
77.1009423743
77.1252610435
77.13461952
77.1443823219
77.1693099026
77.193292408
77.2156032078
77.2797860943
77.4371934118
77.4799917983
77.4833873932
77.4995817905
77.5073678865
77.6325814188
77.6495230202
77.696774003
77.7889857554
77.7947873022
77.8362730426
77.886400807
77.9954352698
2208
