6.02684772355
6.08206427395
6.11955669346
6.13060142847
6.14850375808
6.15859034725
6.16812112098
6.17987142707
6.21391898262
6.223340383
6.22707126683
6.25525047443
6.25987516838
6.28543789412
6.30436646039
6.35418182243
6.37677877649
6.42239896376
6.44761935597
6.46771592822
6.5017933626
6.57324472531
6.60613403747
6.63304888124
6.64982372921
6.67324628017
6.69518191591
6.71677325836
6.73552171083
6.7637949877
6.79608135712
6.83237873766
6.89691570113
6.91472403658
6.93729897789
6.94080659702
6.94831691415
6.99491108015
7.06587439397
7.08553482175
7.14372880023
7.22191557777
7.23225345286
7.2394454957
7.37095266985
7.41053000443
7.42179855508
7.45387685396
7.4600271435
7.47515875815
7.48660522352
7.49443397714
7.51012330002
7.51864004316
7.60310116198
7.61920559468
7.62687261432
7.64088207972
7.65957457801
7.67507095637
7.67887217018
7.70579841269
7.71655547011
7.72610747693
7.73181268966
7.76709984363
7.84424300623
7.87490710486
7.89115331935
7.9386670516
7.96186684907
8.00903173905
8.03608575124
8.07359027075
8.16818387584
8.23395545594
8.2386389913
8.24325706093
8.33490487095
8.3613473573
8.38359638477
8.41123663431
8.41466677638
8.42476453142
8.43906648675
8.55833053515
8.57185428906
8.59305356504
8.63904278447
8.65365896797
8.66899633174
8.68553032684
8.69218820711
8.74175199193
8.75673044049
8.76209206868
8.76661147643
8.78345775726
8.85809312706
8.88921203891
8.90573998042
8.91969610395
8.95052815421
9.0031187773
9.0630757987
9.10485221773
9.14144599396
9.15880918629
9.19867018353
9.25979867996
9.40836501134
9.50547802686
9.58064736386
9.59302068821
9.61349246528
9.61759984211
9.63179110267
9.63529256363
9.64988281501
9.67029231495
9.68049582132
9.68816562799
9.69418652041
9.70507928214
9.73560854672
9.7473303617
9.75541582191
9.77094334067
9.77760806747
9.78928339211
9.79866077278
9.8026769671
9.82953338848
9.84777922323
9.86009230507
9.86696163459
9.87958445584
9.90118055599
9.90453101621
9.91587331147
9.93058440208
9.97495629289
10.0001880289
10.0301971853
10.0519752159
10.1894091573
10.2036611167
10.268294229
10.2787053816
10.28957018
10.3031037106
10.334901962
10.3462989224
10.3639911124
10.4685770553
10.4791354415
10.5045329711
10.5301029766
10.5850589666
10.5997995164
10.6205223965
10.6683394365
10.7040457961
10.7250092415
10.7575180269
10.8063986261
10.8122299877
10.822061696
10.8255817321
10.8419581584
10.854924656
10.8661491855
10.8762422386
10.9056176929
10.9246352531
10.9485087273
11.0089356186
11.0166945678
11.0455444521
11.0541813371
11.0726869291
11.1062606223
11.1118465206
11.166310585
11.1832283408
11.2070690658
11.2161000788
11.2638109518
11.3022824066
11.9258714985
11.9497848308
11.9704512433
12.0187030393
12.0238275028
12.0320192196
12.0357082331
12.0446584629
12.0544790623
12.0716632423
12.0786035799
12.1101281071
12.1267140698
12.1390343402
12.1459244659
12.1550614273
12.2143491973
12.239369524
12.2444605816
12.2664355496
12.2742663361
12.2830302652
12.3001029548
12.3379696301
12.3579871472
12.3817211227
12.3954501133
12.4188366319
12.4832170281
12.5033138874
12.5513541372
12.5889956202
12.6273382801
12.6754726884
12.697734103
12.7417788313
12.8709405625
12.9250109118
12.9471178503
12.9630082524
12.9676085376
12.9822446587
13.0056588339
13.0335916107
13.050909473
13.064556988
13.1139297417
13.1825298539
13.232991276
13.2545360957
13.2619130503
13.2816509017
13.2921860763
13.308499684
13.3296831431
13.3382916094
14.4058760818
15.0307363593
15.0625440274
15.3034301745
15.5232271882
15.5722872831
15.6071900225
15.6116185195
16.1396429606
16.1891365699
16.2201812529
16.3929812421
16.4136175022
16.4479680018
16.4958301589
16.5387776356
16.6047043105
16.6493696329
16.7192827817
16.7511253456
16.8846155421
16.8929948815
16.9137030115
16.9374897329
16.9448968973
16.958108791
16.9637716964
16.9778323382
16.991157058
17.0121361322
17.0248717271
17.0423432732
17.0719356101
17.1020771305
17.1166195811
17.1252261254
17.1479091648
17.1877084508
17.2040436914
17.2085397535
17.2189185286
17.2226589188
17.3193930541
17.3522723367
17.3810580828
17.4205035503
17.5065961549
17.5353428914
17.6432728326
17.6801257056
17.6876199671
17.8055964766
17.8398716847
17.8692407236
17.93383543
17.9452155957
17.9651512747
17.9901083898
18.0085258492
18.0292099543
18.0329931984
18.0389395806
18.0570329056
18.0921562863
18.1157234103
18.1316612039
18.1398468
18.1466415299
18.1525702337
18.4733991374
18.4773066651
18.4884224297
18.4942361403
18.5173414856
18.5292935989
18.5664576886
18.5728126518
18.5779007884
18.6193303148
18.6260692823
18.6527728467
18.7221863919
18.7427731172
18.7708871217
18.8057846032
18.8149167001
18.8537623634
18.8715022655
18.9786993767
19.0333161339
19.0472923789
19.1421590988
19.2304049532
19.2339625919
19.2383129876
19.2474204254
19.2561423978
19.2601398048
19.2751613726
19.2788910203
19.2976833685
19.324174741
19.3360301287
19.3509487157
19.3647543179
19.395937759
19.4123191088
19.437492723
19.4425327916
19.4497178673
19.4623092287
19.5954893342
19.9329186827
19.9636921897
20.0161629867
20.0634485415
20.0979669201
20.1056688885
20.1670159047
20.1716127339
20.2015102062
20.2341743477
20.4097412324
20.4190442572
20.4921389259
20.50546841
20.547304833
20.5636862862
20.5676710978
20.6090391443
20.6157840436
20.6244368188
20.6491539616
20.689375086
20.6970567033
20.7131347245
20.741053579
20.747848251
21.0974860808
21.1403400342
21.180725819
21.2175448848
21.2377706981
21.2610468291
21.2761077755
21.3005211638
21.3440681954
21.357813118
21.400692034
21.5315251238
21.5987598493
21.6122085763
21.6238497787
21.6501764578
21.6650589171
21.6763173497
21.6853481691
21.6922027867
21.699828209
21.7143582767
21.8576019593
21.9750076727
21.9959340987
22.0172388583
22.052030519
22.0598689065
22.1158920058
22.1315898139
22.1637131448
22.195515051
22.2005318777
22.2214016959
22.2658411719
22.2919931885
22.3310314463
22.3575719745
22.4705957246
22.5068281499
22.5291662919
22.5460634645
22.5622315066
22.6068238173
22.6723639905
22.7099263839
22.7777588302
22.8720783751
22.8955656878
22.9178071334
22.9485971695
22.964208433
23.0080854022
23.0271983063
23.0519030574
23.0605789433
23.1461863009
23.1628297768
23.1881404466
23.199850022
23.3607506468
23.4692815573
23.4767855563
23.5051713486
23.5147588373
23.5556875269
23.9234339601
23.9343965766
23.9632953492
24.0138842763
24.0295272764
24.0401631663
24.0471288623
24.0518202837
24.0619207951
24.0685279912
24.0829577703
24.1248793339
24.1388136145
24.1576764398
24.1777199143
24.1878557673
24.197405488
24.2259701649
24.2615783395
24.2984879718
24.3257223286
24.3436594074
24.3684984714
24.3879564897
24.3979138572
24.4227935493
24.4276000223
24.4316137777
24.4593706242
24.5406993209
24.5731583683
24.600453992
24.6332140245
24.6605638325
24.6907510216
24.7095454629
24.8249364746
24.8705678033
24.9971493918
25.0759905229
25.1239164009
25.1530399171
25.1671072422
25.2125316936
25.2307668254
25.2363380143
25.2430765956
25.2842771972
25.2986036271
25.3103572022
25.3338395985
25.3419835339
25.3729531638
25.3897969572
25.4101260786
25.4204235696
25.4459666975
25.4743439435
25.4833142252
25.492947309
25.5063369018
25.5134625279
25.5234189878
25.5510050728
25.6271470257
25.6590212727
25.7503633284
25.7862181772
25.7989242223
25.8241844226
25.8430580581
25.8575088841
25.9246501219
25.982909928
26.0508076097
26.0618322115
26.1398113443
26.1588785538
26.2049562844
26.2462080512
26.2738019221
26.3008210967
26.3651292038
26.3926932405
26.4099659674
26.4193369271
26.4299696624
26.4454390963
26.4499654647
26.4594578704
26.4773516792
26.4947713668
26.5050821172
26.5258039974
26.5400929203
26.5452814278
26.6020518995
26.6057943824
26.6175007466
26.6521226557
26.6596365931
26.673850061
26.7294142484
26.7426354658
26.7570516746
26.8977895164
26.9668466613
26.9946927502
26.9999853674
27.0121265177
27.0460236634
27.0545863414
27.0924806715
27.3321458179
27.4243853664
27.4793967906
27.5054028226
27.5248114133
27.6106162369
27.6205575313
27.6300601692
27.6493991791
27.6630116655
27.6731618171
27.7638403697
27.7720008033
27.7967481159
27.803284918
27.8148777522
27.8288995064
27.8356617863
27.8598623362
27.8689302918
27.8853519779
27.9148234821
27.9330659973
27.9596829782
27.9654540697
27.9753103007
27.9818227973
27.9920308459
28.0122275218
28.0529429083
28.1531123085
28.172210751
28.1922063433
28.2278956775
28.2401065019
28.2565875394
28.2606550743
28.2813810712
28.2962972827
28.3019689391
28.3074198089
28.319675568
28.3764749255
28.4270658532
28.4412274635
28.4680217761
28.4958142679
28.5212479467
28.671404554
28.7889591702
28.8151065454
28.8259043591
28.8529902079
28.8781461473
28.8820717044
28.8978124902
28.9040989937
28.9108738963
28.9303484481
28.9368168015
28.9544600694
28.9586129471
28.9773402126
28.9906102439
28.9965298388
29.0135791498
29.0428130652
29.0571231611
29.0674910624
29.0936156985
29.131240941
29.3058655769
29.3399557162
29.3467499848
29.3553448559
29.359103777
29.4030389466
29.4213220976
30.0078752208
30.0226132326
30.0426937171
30.0572916631
30.0986318272
30.1892020749
30.1971129088
30.2078649454
30.2232138097
30.2334466497
30.2547259303
30.273573373
30.3046048881
30.3127722304
30.3382202073
30.3492705735
30.3663049081
30.3802704738
30.41272902
30.4198310398
30.4437625909
30.4539215751
30.475827301
30.4912248256
30.5085127725
30.5233764684
30.7106770335
30.9381786582
30.9707781365
30.9788990081
30.9825178269
31.0481849314
31.2201564795
31.2320880429
31.2480231145
31.2526216091
31.2632568034
31.2735692962
31.2987479912
31.3107722342
31.3258895693
31.3293159693
31.3357703447
31.3696817979
31.3797055879
31.4012709362
31.4187278632
31.4255941129
31.4811442805
31.5026546181
31.5295050626
31.5420318036
31.5537721187
31.5756369912
31.5884997814
32.4058322086
32.4115152773
32.4228386312
32.5069189834
32.5198687982
32.6479517222
32.6678961102
32.693367707
32.7219007733
32.7314082152
32.7399345166
32.7466217139
32.7583259026
32.7708494084
32.7967583115
32.8154029201
32.8242848629
32.8400811233
32.8606290109
32.8783730181
33.0181020997
33.0381848141
33.0548897583
33.1128196447
33.1377055768
33.1603468462
33.1845605583
33.2375203406
33.248929073
33.2722716918
33.3122405473
33.3339446003
33.3780278372
33.3852558514
33.4023531393
33.476719783
33.55507468
33.594401508
33.6687715223
33.6833490146
33.6984115428
33.7037083227
33.7300933603
33.7418799763
33.7523786061
33.758282218
33.7651535217
33.7789843718
33.7839579173
33.800762875
33.8114016021
33.8201700314
33.8291125488
33.848816362
33.8776127533
33.8951526836
33.9183219945
33.9923586279
34.0136392266
34.0463671725
34.0625626798
34.0783769906
34.1088935947
34.1136858441
34.1184411708
34.1361539706
34.1968838591
34.2130533076
34.2515230049
34.26649303
34.2800412665
34.3151892223
34.3500793223
34.3666574575
34.4146996862
34.4381247665
34.6573390862
34.6617448465
34.6655790329
34.6974448064
34.7416828599
34.7559713053
34.786424717
34.8172437978
34.8354039643
34.8449055714
34.852374107
34.8652251265
34.8790416573
34.8906571048
34.901478403
34.9129725532
34.9206668319
34.9390388695
34.9583287399
34.962583574
34.9769150761
35.0081973516
35.0415714412
35.0660486041
35.0878148803
35.1438057851
35.1630778513
35.1778682752
35.1939593394
35.2008617365
35.2152445545
35.2328838564
35.3169570916
35.3300811152
35.3461241644
35.3714176644
35.3914801975
35.4034884719
35.4285285076
35.4497371454
35.4944300339
35.5362771216
35.5690929782
35.5838192897
35.623503046
35.6391475637
35.6667048648
35.6708852441
35.6925916092
35.7295865684
35.7882223478
35.8466947283
35.8856840938
35.9240343348
35.9593771223
36.0202800885
36.0415036207
36.0484777089
36.0519564863
36.0604132397
36.0727493434
36.0834528793
36.1031133865
36.1107564597
36.1323682965
36.153162473
36.1642165202
36.1706195064
36.2097455662
36.241349343
36.2542294634
36.260214164
36.3858050515
36.4019062709
36.4294167669
36.4444250459
36.4787748429
36.5086568543
36.5154131491
36.5336865414
36.5374614173
36.5802209204
36.6185833465
36.6257391286
36.6454776214
36.6981471875
36.7026745348
36.7372592763
36.7541965062
36.7855798072
36.8179464122
36.8507361117
36.9148423216
36.9528173188
36.9893424132
37.0522840655
37.0765848176
37.1345769305
37.2170507919
37.2396893579
37.2459828407
37.2804153375
37.2957251772
37.3103482097
37.320769803
37.338603897
37.4051765869
37.4176286919
37.4264622013
37.4395200846
37.461897853
37.4817462485
37.5009683993
37.5193153506
37.5338432045
37.5598057978
37.5787995311
37.5826804043
37.6094592747
37.6342644583
37.6635282745
37.6931363544
37.7511426653
37.7618847355
37.7731636783
37.799083357
37.8254815199
37.8907337889
37.9247891316
37.9416175637
38.2983074887
38.3195722569
38.3408241008
38.4040889218
38.4129549392
38.418836653
38.4522131103
38.4621391468
38.4896537757
39.6611878345
39.6757218301
39.690509132
39.7104370735
39.7173170785
39.7366128051
39.7802913128
39.8236562258
39.8481207835
39.8787744348
39.8831177965
39.9007486911
39.9619445354
39.9788080107
39.9952175992
40.0223832986
40.0421168951
40.0487509736
40.065916098
40.0845920302
40.1191344373
40.1357682188
40.1869750173
40.2129705393
40.2491997501
40.2859650569
40.3224675684
40.338615375
40.382109909
40.4011164179
40.4326297666
40.4672748496
40.4877591527
40.5337692531
40.6451156153
40.7794593098
40.7980944308
40.8044030013
40.8126768407
40.8204167066
40.8365934032
40.8404447543
40.8827747999
40.9293773698
40.9618893953
40.9720379965
40.9911948896
40.9966023055
41.0031380929
41.0110918884
41.0220957436
41.0362967649
41.0457217062
41.0607947635
41.0663867382
41.0844058842
41.127640024
41.249071393
41.2676647716
41.2887047966
41.3378354451
41.3467714742
41.3804241493
41.4075079951
41.4573540867
41.5231678588
41.5346820714
41.5781514524
41.6010521956
41.6136174667
41.6533342043
42.1587610406
42.6866426219
42.7440882011
42.7769848899
42.8350351734
42.8418748313
42.8856060667
42.9157956191
42.9476009298
42.9783305555
42.9871059254
43.0118617059
43.0574593344
43.0794646465
43.1373756971
43.1840931012
43.209353695
43.2177333595
43.2214744703
43.2335609745
43.2451051908
43.2606521927
43.2882537124
43.2984044868
43.317797588
43.3300644596
43.3421817852
43.362626315
43.3728527065
43.3806074299
43.3922931668
43.4033424453
43.4261449023
43.4360634238
43.4430291205
43.4465485147
43.4595339134
43.4807741689
43.4964259051
43.5081287803
43.5251127476
43.534387243
43.5467996715
43.5735974039
43.594136617
43.6085473619
43.616191407
43.6491471997
43.67735609
43.6890365614
43.9532946074
43.9669104482
43.9702936952
43.985401744
44.0040231002
44.0198892422
44.0498786277
44.0647154313
44.1043942153
44.1317974629
44.1704384806
44.2055954191
44.2303823472
44.2594087129
44.3428762746
44.3640925802
44.3878068477
44.3959691084
44.4057869711
44.41867391
44.4278478247
44.4359358197
44.4400516846
44.465968112
44.4735107349
44.4940839106
44.5416811192
44.5500294273
44.5657610696
44.6021039472
44.6170917671
44.6375519416
44.6500190807
44.6751415765
44.6918087679
44.7040383776
44.7111738055
44.7389397945
44.7477231759
44.7585196963
44.7817613208
44.7935868202
44.8157194872
44.8859395891
44.9065557305
44.9478784896
44.9720722554
45.0510986666
45.0780706506
45.1134625888
45.1215366599
45.1359884283
45.1590781699
45.1865828843
45.2478477991
45.251390461
45.2857982664
45.3115836633
45.3418835897
45.3604481954
45.3748869352
45.3946275777
45.4187976681
45.5468534252
45.5651250167
45.6154098341
45.6289332392
45.644514255
45.6489707196
45.6536208047
45.6652041877
45.6697830254
45.6768926868
45.6842442651
45.694102557
45.6996520154
45.7310615052
45.7458245143
45.7611144237
45.786337653
45.8042735641
45.8142039244
45.8192862324
45.8327451471
45.837914084
46.8043303012
46.8122606715
46.8247184016
46.8304365798
46.8459582379
46.8657335882
46.8780349757
46.9649029477
46.9818245685
46.991774784
47.00652877
47.0176051896
47.0238721109
47.0336094361
47.1327353862
47.1505971756
47.155088903
47.1711358516
47.1968106469
47.2083780868
47.4507220377
47.4812912816
47.5875277398
47.6041986663
47.6411566519
47.6693736488
47.7118724795
47.7463435166
47.7904482559
47.8250349611
47.8364559951
47.843992361
47.8955921811
47.9265280226
47.9835369712
48.0092897861
48.02834906
48.0545853994
48.0665403167
48.076092824
48.0830272242
48.0909526089
48.1030366624
48.1095579339
48.1249748145
48.1307893594
48.1355614667
48.1486619093
48.1648739563
48.1694429582
48.1854901437
48.2013965391
48.2165640074
48.222189786
48.2316435707
48.2487582119
48.2583714435
48.276935509
48.2832462554
48.3040922413
48.31605603
48.3495643937
48.3658209421
48.402583325
48.4636668738
48.4923410691
48.5188295494
48.5373671291
48.5646684002
48.6493953192
48.6811938667
48.6963404901
48.7135821314
48.7204873942
48.7449282749
48.7640782276
48.7882903558
48.8332531208
48.8584285985
48.874204548
48.8945264671
48.9307080099
48.9657773226
48.9877669202
49.0280914234
49.043876201
49.1343349865
49.2128527561
49.229467115
49.2339223352
49.2520699115
49.2580012905
49.2715378671
49.2847911742
49.2925460623
49.2994712449
49.3583394461
49.3667683166
49.3732900567
49.3822238667
49.3911487817
49.3970329644
49.4050781612
49.4187275465
49.4378691933
49.4696150343
49.4872640873
49.5047501633
49.5193043455
49.5359287446
49.555139806
49.631608259
49.6474503379
49.6543652754
49.6676067706
49.6730498924
49.6857333329
49.707695887
49.7192112841
49.7413050994
49.7484151539
49.9243069283
49.9477751171
49.963287105
49.9883559313
50.0149314736
50.0446862432
50.0672922028
50.0966258207
50.1020475409
50.1487640149
50.1640135771
50.2099522003
50.2597228106
50.273271683
50.2766600995
50.2935395609
50.321235089
50.3392386082
50.4194474206
50.4368493563
50.4436791779
50.4546551801
50.4607928513
50.4656042836
50.4742473243
50.5064717388
50.5146498557
50.5481149057
50.6577382417
50.6650591211
50.6878944276
50.7152967536
50.7563105956
50.7773964625
50.7991399391
50.8224187465
50.8274273814
50.8338467275
50.9183890783
50.9599289183
51.6053905851
51.6235463647
51.6407189838
51.6768046297
51.6990582684
51.7105686395
51.7268122531
51.7319510583
51.7547857646
51.7608992085
51.7690911855
51.7857496311
51.7924646053
51.82842156
51.8393112222
51.8438022733
51.8789183633
51.9031878333
51.9161900873
51.9477859205
51.9534073388
52.8051516767
52.818930143
52.8307474516
52.8408277036
52.8760199463
52.8872082827
52.9092763546
52.9374676311
52.9535559981
52.9998270853
53.0190149616
53.0582787491
53.1028398331
53.1085406781
53.1161703753
53.128839835
53.1456685071
53.1782533971
53.3133021746
53.9481570808
53.9836548137
54.0125482996
54.0221520384
54.0363923047
54.0478220653
54.0648046614
54.0756031546
54.0926662268
54.0991661577
54.1147315859
54.135936567
54.1404410449
54.1518403169
54.1632995724
54.1782824233
54.1881804918
54.1920483148
54.2023397066
54.2158797729
54.2240023659
54.2362279091
54.2430503456
54.2575179009
54.2737049801
54.2970992937
54.3074756986
54.3151286412
54.3212114768
54.3351677091
54.3439347439
54.3796387057
54.388770385
54.4044405711
54.4087635563
54.4407450469
54.4501441349
54.5667352589
54.5926569579
54.7475668967
54.7831278291
54.793543685
54.8167282655
54.822731332
54.8365401454
54.873719156
54.9275652771
54.9334146902
54.9456688242
55.0183968219
55.0512019111
55.069770417
55.1064655531
55.2149965471
55.2405524177
55.2736651763
55.2794205936
55.2828792074
55.2897678547
55.3065543887
55.311830285
55.336009307
55.3544727377
55.3648169205
55.3721587708
55.4051573653
55.4226038412
55.4433084937
55.4611700258
55.4804227832
55.5294894484
55.5368396137
55.5456946306
55.5526048145
55.6057204528
55.6143707005
55.6323352744
55.659159989
55.6912698871
55.7000189521
55.7206865288
55.7412060563
55.7654138756
55.7966955753
55.8423441501
55.8635411064
55.9114842533
55.9394595029
55.9612409043
55.976558149
56.0277579529
56.0476024002
56.1120695606
56.1400819881
56.1572860148
56.1894230705
56.1963061411
56.2084768905
56.2442932318
56.2778216664
56.3319321944
56.3386631845
56.3503399423
56.4078710721
56.4191394605
56.4233809872
56.4270794045
56.4329848364
56.4520479025
56.4609694843
56.4658086345
56.4692034489
56.4842396924
56.488829496
56.494994357
56.5104001185
56.528794549
56.5385643533
56.5540550992
56.8235250885
56.8545245886
56.8873157903
56.9025637145
56.9150669497
56.9342261661
56.9609835634
56.9835301832
56.9930287381
57.0124311149
57.0446272756
57.096052076
57.1184608754
57.1446810525
57.1574888244
57.1884839271
57.2303481355
57.2619235525
57.304807218
57.3167596432
57.3950803564
57.4334710426
57.4669932715
57.5242386534
57.5461943598
57.619879912
57.6334892503
57.6408229646
57.6460345061
57.6566884639
57.6700960592
57.6768396089
57.6896784517
57.7008610899
57.715278833
57.7287630533
57.7463136365
57.7522132655
57.7707263103
57.7769197257
57.7884976315
57.7930170399
57.7989509987
57.813033007
57.8277930685
57.8362131111
57.8908404282
58.8197639558
58.8240853062
58.8305470154
58.8429293641
58.8614988689
58.8688875725
58.8792718596
58.924326402
58.9405557556
58.9464951567
58.9519146011
58.9775164898
58.9954974807
59.011706039
59.024419662
59.0349103464
59.049830911
59.06733626
59.0713894378
59.0818457907
59.0976018575
59.1091048248
59.1274733147
59.1483060338
59.180330141
59.2059322408
59.2301541019
59.2401451021
59.2823961441
59.3186838283
59.3329994452
59.3560389464
59.3731436129
59.3817966457
59.3947854848
59.4169360684
59.4729461681
59.4773556442
59.494097587
59.6219350124
59.6488797441
59.6710808182
59.6846464747
59.7321105009
59.7396914307
59.8769170589
59.913702736
59.9384968531
59.9757481347
60.0097400475
60.013651805
60.0227550304
60.029845807
60.0641577131
60.0788366503
60.0937657354
60.1546416063
60.1589462368
60.1949836475
60.2037067173
60.2174229904
60.2277138963
60.2421122098
60.2530874049
60.3722378801
60.3829465727
60.3939143694
60.3982970727
60.456418256
60.4714930659
60.4821544675
60.5116464938
60.5594490231
60.5842830047
60.6223531835
60.6489577851
60.6988239148
60.7036282218
60.707000881
60.7244284377
60.7334565497
60.7545952372
60.7883449167
60.8163790784
60.8307127534
60.8735057387
60.8876752691
60.8989222409
60.914607736
60.9459232147
60.9909982796
61.0100206161
61.059734672
61.1105145954
61.1996914299
61.233321089
61.2466177988
61.2722163133
61.2763742304
61.2861291275
61.3277270291
61.3476428194
61.3644095027
61.4180677494
61.4357032377
61.4446549952
61.4711014095
61.4886878358
61.5024762385
61.658842812
61.6813165301
61.6945190071
61.7020002631
61.7327357084
61.977682589
62.1728308486
62.1967341877
62.2296281539
62.2643440039
62.2961828672
62.3130494388
62.3362622469
62.3844816744
62.4153529664
62.4214939346
62.4269618416
62.4453780029
62.4554076915
62.4795136736
62.498725629
62.5055613738
62.5214131379
62.5769546849
62.5941361816
62.6031634623
62.6116736106
62.6261204326
62.6509297214
62.6554395065
62.6639702291
62.7263601533
62.7351781605
62.7462206133
62.7684651398
62.7911669981
62.8014795587
62.8103492481
62.8245844982
62.8372841952
62.8541042236
62.8625290417
62.8879048119
62.905721886
62.9264493279
62.9405657309
62.9683962354
62.9733788799
63.0024887906
63.0353000183
63.0708160915
63.1021721967
63.1389744154
63.1492731496
63.1611213853
63.217257293
63.255044303
63.2714505221
63.2868723378
63.3769689085
63.3860589947
63.4234528835
63.4698318979
63.5367649454
63.565712275
63.5826454824
63.5944698409
63.6660893534
63.7130822349
63.7218440683
63.7424968177
63.7590992125
63.7703369592
63.7875284464
63.7979120153
63.9628012001
63.9726140051
64.010802376
64.0197109926
64.0409074152
64.0648607038
64.1059645728
64.124443637
64.1874370659
64.262550349
64.2713142795
64.2935053327
64.3237311528
64.3480061889
64.3929712727
64.456654933
64.481673909
64.4975949864
64.5720107642
64.6044067607
64.6311606769
64.651411097
64.6720024375
64.681157161
64.702630051
64.7157975783
64.8044650369
64.8090854616
64.8134895359
64.9615538311
64.9653325
64.9719311897
64.9863584252
65.000199848
65.0151851632
65.0302384619
65.0366733887
65.0833832745
65.1018004764
65.108658109
65.1329230057
65.1455991303
65.1587897913
65.1666577861
65.2110274519
65.2493256219
65.263150865
65.273151101
65.2928969562
65.297901425
65.3201811364
65.3344944058
65.3825230562
65.3908375413
65.4309356388
65.4848723206
65.4903263819
65.5263392995
65.5473183816
65.571791193
65.5966128026
66.0193096146
66.0243274745
66.0309478615
66.0674790905
66.0729914714
66.0860355504
66.0930412752
66.1173817271
66.1346464917
66.1524483914
66.167780669
66.1750884152
66.1941880561
66.255407445
66.2637948445
66.2708401577
66.3026628093
66.312479384
66.325596372
66.3372222253
66.3519211713
66.3603437641
66.3727724915
66.3812414095
66.402401281
66.446793336
66.5141922734
66.5207731282
66.6344266173
66.6505300083
66.6662987702
66.7140444425
66.7344943733
66.7505496038
66.7834949501
66.7940843361
66.8272184582
66.8335702438
66.9175480267
66.9363583763
66.949079749
66.9728109478
67.0105759104
67.027804128
67.0703632609
67.1060938649
67.1530351014
67.1946622698
67.2228991807
67.2350329366
67.2418321924
67.2497633918
67.2610074027
67.2751202948
67.2796614715
67.2990574845
67.3051052616
67.3241338103
67.4039264524
67.4255818246
67.4345581563
67.4399505134
67.4469115377
67.4692902754
67.4856194472
67.4929245454
67.4968234956
67.5092397418
67.5346648432
67.5572782953
67.5943728637
67.6210665485
67.6493911018
67.6688639122
67.6879369964
67.6978309597
67.7195553133
67.7357257103
67.7618877463
67.7772844113
67.8004895244
67.8250608981
67.8530636378
67.8743857287
67.9087207404
67.9388746644
68.1489162221
68.165845085
68.2073375288
68.2144780788
68.2520198651
68.2777778367
68.2959553617
68.3217865832
68.393437217
68.406979543
68.420151526
68.4324928728
68.4445009456
68.468287903
68.4806007658
68.5517777214
68.5624135259
68.5818026678
68.601595451
68.6122443897
68.6660683076
68.6760694629
68.6879951057
68.6955992047
68.7076151908
68.7168499785
68.7239916969
68.7300311495
68.737640286
68.7475611856
68.7662984668
68.7736629693
68.7840000387
68.8631452375
68.8759797472
68.8954500498
68.8988888195
68.9030182652
68.9132065984
68.9214897321
68.9468850564
69.1812762668
69.20218385
69.2088256321
69.2312613001
69.3506594122
69.3873902222
69.4467086443
69.4703921943
69.5059868511
69.5193376333
69.6058938379
69.6134845745
69.6461932143
69.6647881431
69.6817037836
69.7040726266
69.7107027045
69.7277580282
69.7398026433
69.7595045107
69.774605503
69.7812349851
69.7993136733
69.8075668773
69.8165667696
69.8393868979
69.8760362978
69.8943807435
69.9051300189
69.9125422235
69.9279225132
69.9354783821
69.9487224441
70.1770045501
70.1892242355
70.2119517176
70.2255537132
70.2289671103
70.3753381198
70.4043804621
70.4103087206
70.4227042839
70.4712690245
70.5108765915
70.5277276222
70.5498590104
70.6136965683
70.6264398291
70.6412451008
70.666015247
70.7308533198
70.7846194247
70.7933173746
70.8067647121
70.8130798281
70.8275859919
70.8455443649
70.8562807447
70.8656880292
70.8775728437
70.8999346183
70.9048419812
70.9234631213
70.9304322895
70.947028419
70.9636246049
70.9699924925
71.0245599889
71.0347347628
71.0578716688
71.073973564
71.0957486186
71.1007031962
71.1262383988
71.1482657243
71.1516524333
71.3256956555
71.3498422525
71.3941066229
71.4107532775
71.4414382956
71.4664785533
71.4968768756
71.5106717636
71.5934719937
71.6142851504
71.6551449529
71.6948589044
71.7125496053
71.781198036
71.8203752354
71.8573552132
71.8916022673
71.9206788894
71.9607876789
71.9651423699
71.9824830988
72.0042733335
72.0164847971
72.0432469517
72.051107382
72.0549502697
72.0685353364
72.1485928646
72.1578503389
72.1673265633
72.1725032044
72.1897471959
72.1931712378
72.215222112
72.2425847788
72.2579276202
72.2718527749
72.3153209669
72.3421125238
72.3608344036
72.3861381862
72.4106905619
72.4257945588
72.4825087445
72.493483587
72.7415125814
72.7574389878
72.7724333754
72.7830654035
72.8261359274
72.8420640251
72.8807935336
72.8877160919
72.9058869808
72.9214582829
72.9620765194
73.0079920646
73.0483362249
73.0931249006
73.1486758614
73.1872715155
73.2090709426
73.2225267155
73.2306936618
73.2454176019
73.2544230369
73.2628849527
73.2772895354
73.287845717
73.2942731935
73.30425958
73.3214237514
73.3318442209
73.3490709177
73.35316539
73.3688829342
73.380251365
73.3916368008
73.4002131116
73.4280666733
73.4777524283
73.497802832
73.5227661514
73.5377127076
73.7786907312
73.9877731144
74.0269106971
74.1203126061
74.1723401902
74.2103446705
74.2246938889
74.2527578011
74.2709707448
74.2872901115
74.326872212
74.3394488316
74.362796551
74.3789542953
74.3919753367
74.4086442809
74.4171734831
74.4273857973
74.4352378694
74.4395412613
74.4578325
74.4687786211
74.4853068476
74.5087098272
74.5241342026
74.5340465132
74.5435637409
74.5902273344
74.5952591469
74.6147976464
74.6255745555
74.6315556622
74.6479548244
74.6638451842
74.683389752
74.6920487024
74.822114953
74.8423198497
74.8527779155
74.8608503998
74.8999643149
74.9052339217
74.9169508328
74.9272714872
74.9717670684
75.002375499
75.0131481722
75.044375338
75.0687302152
75.1231218019
75.2031534323
75.2335855339
75.2821760476
75.3234617176
75.3396954589
75.3710738638
75.5421644098
75.553208435
75.5644897391
75.607846951
75.6132629631
75.6565930801
75.6706853895
75.6871945266
75.698845137
75.7117869529
75.7281397145
75.7570915856
75.7634693613
75.7736271421
75.7821057007
75.7938557071
75.8009157455
75.8641254739
75.8788833021
75.8924547888
75.9225913718
75.9404055296
75.9455930286
75.9672906517
75.9963915889
76.0208771831
76.0286709162
76.0429806114
76.064145219
76.0849187748
76.1002171866
76.1150091959
76.1686564614
76.2119487662
76.228035262
76.245795368
76.2654111498
76.2946806502
76.3184034856
76.3437135665
76.4534289637
76.5096198248
76.5201680852
76.5353421393
76.7147892113
76.7462661367
76.770842277
76.7855307807
76.8047291464
76.8114975062
76.823192378
76.8272913215
76.8689265566
76.876833458
76.8930489512
76.9054921206
76.911436987
76.917854541
76.924261167
76.9294327496
76.9331752077
76.9387937482
76.9497047679
76.9582017747
76.9664529464
77.0118348469
77.0955272595
77.1140400322
77.1269279408
77.1497902177
77.1545571377
77.1634654411
77.1909876838
2144
