6.00526708205
6.01246869429
6.0267209376
6.03262791395
6.04046388482
6.04847071245
6.06353111909
6.07511145148
6.09102221419
6.11993306498
6.16706656569
6.18677465374
6.20677947205
6.21326702346
6.22791971195
6.33784018391
6.34281330429
6.35862236181
6.47869159332
6.49219758931
6.50891956859
6.5327953915
6.5683196892
6.59131386316
6.62116759269
6.63458674447
6.65039630674
6.67710415313
6.70483351392
6.70962718059
6.72748069007
6.75194183386
6.7644827415
6.80537135776
6.87944252635
6.90039918213
6.91156022535
6.96413170012
6.98255692315
7.00691885144
7.02484139968
7.0381217507
7.07958590632
7.086333156
7.2148471347
7.23522180523
7.24945846792
7.26144476084
7.4629063806
7.48617106488
7.51663049035
7.53969751842
7.56326763565
7.57225107587
7.60098530771
7.61931125063
7.63345311011
7.64416491561
7.65301873773
7.65663913205
7.68471900471
7.69649279277
7.70217781322
7.70878559617
7.72312742027
7.72657760911
7.83105180894
7.856527191
7.87851652415
7.90248435209
7.96725726526
8.4329630706
8.44731420488
8.45396783564
8.52150808848
8.56917797446
8.5740348049
8.59318191527
8.61454890749
8.62744461476
8.65152673607
8.66147978691
8.66811580441
8.7018149639
8.74456237437
8.78140306014
8.83661195146
8.86742906044
8.92865463998
8.93835788379
8.95438951577
8.96205257177
9.02315379409
9.04289455008
9.09504827341
9.11503655228
9.12414164248
9.17095989205
9.18601037427
9.21011699223
9.23596364626
9.26632154627
9.28696894428
9.33802918107
9.37872518879
9.3937063482
9.42282820635
9.47487139656
9.51833024351
9.58032948889
9.61922121061
9.62480213399
9.64172142975
9.66183623975
9.67676044594
9.68542548887
9.70375696426
9.72067184326
9.73385639797
9.74477545445
9.7841483374
9.80913844862
9.81741118687
9.82680803372
9.84461665548
9.85712371061
9.88199896201
9.91219126039
9.93373234085
9.94601809483
9.99511285451
10.009331892
10.1284131239
10.8189119268
10.8331514899
10.836735228
10.8548925338
10.8694907535
10.8813258114
10.9108930048
10.9347665855
10.9502655149
10.958322716
10.9670806274
10.9823243411
11.00745286
11.02262141
11.0310074806
11.040809195
11.1496642248
11.1745677134
11.2066587158
11.2149972897
11.2357981783
11.2397602062
11.24719179
11.2684561803
11.280971865
11.316254233
11.3340896421
11.347238353
11.3547382775
11.3776801858
11.4097915769
11.432276417
11.4359831161
11.6602356931
11.686674572
11.7778848821
11.8286948657
11.9291754975
11.9714222287
11.987301079
12.0111285721
12.0188648569
12.0423445074
12.0581111264
12.0665126838
12.1049561417
12.1245820373
12.1332738742
12.1446901606
12.1639726801
12.1680956811
12.1782304883
12.1872057374
12.198904895
12.2088675637
12.2212269677
12.2316427697
12.2445587551
12.2744623974
12.2863044734
12.2915014292
12.2974524969
12.3389369076
12.3537050894
12.3750922269
12.4486851491
12.4590405898
12.5241621048
12.5374431676
12.5804593632
12.5883918351
12.6120141982
12.6350353983
12.654052929
12.6858207801
12.710328069
12.7350202007
12.8913422509
12.9281323992
12.957845228
12.9992353527
13.0207567667
13.0758756924
13.094262986
13.1422335052
13.2086342268
13.2210390304
13.2272333986
13.2318475014
13.2433308408
13.2572150575
13.2853098391
13.2967482154
13.3092797541
13.321701353
13.3554693745
13.3675852367
13.9790104885
13.997003957
14.027571515
14.0414002074
14.0612979562
14.0694297928
14.080495109
14.1054493932
14.1150146074
14.1301281285
14.1731364073
14.1949452687
14.2136640921
14.2344733894
14.263270875
14.3317357427
14.361711804
14.4112502121
14.4213469548
14.436282413
14.4418140223
14.4511980369
14.4644950486
14.4691043285
14.4786332743
14.5157022336
14.5213837483
14.5406670698
14.5456320708
14.557026357
14.5633484367
14.5772453687
14.5892827543
14.5983091438
14.6065765604
14.6169914986
14.6446678893
14.6738002199
14.6799233295
14.6853325849
14.7214481726
14.7346738351
14.7421294662
14.7564392832
14.8505545799
14.8811795499
14.9066556894
14.9433162696
14.9567777079
14.9738916846
14.9866498999
15.0122783799
15.0741571342
15.0854466436
15.11390394
15.1598735874
15.190371375
15.2056284534
15.2208512788
15.225713531
15.2520850569
15.297878455
15.344347817
15.3781061472
15.4009462829
15.4688055222
15.5050122425
15.5229973083
15.5312918048
15.5457651478
15.6058698378
15.6493704178
15.6592890104
15.6765174468
15.7031068224
15.7184588251
15.7266290728
15.7800405413
15.8251347977
15.8308013249
15.851174606
15.8805156565
15.8947613813
15.9037536734
15.9311504919
15.9370659995
16.0111357752
16.1212028322
16.1365579527
16.1525186085
16.1575358743
16.2323383677
16.2568089635
16.2775826069
16.2819842078
16.2989628258
16.3142397141
16.3309949499
16.3438502078
16.3484856733
16.3558605421
16.4181627636
16.4457952851
16.4760858424
16.5227692157
16.5506728764
16.5817532427
16.6070644807
16.6204555039
16.6364942871
16.6896249637
16.731723361
16.7443042268
16.8171696551
16.8526879432
16.8607175453
16.87775062
16.884071879
16.8963128235
16.9005043965
16.9107590662
16.9170962531
16.9230032626
16.9402980369
16.9733532589
16.9830278968
16.9947000612
17.0358001789
17.0418325854
17.0513900235
17.1403975516
17.1682033195
17.1949877533
17.2135368737
17.2248203863
17.2505860158
17.2691840168
17.2794463822
17.3581852194
17.3673586014
17.3799239282
17.3910250728
17.4031100929
17.4162999182
17.4356677942
17.4525043788
17.4768892496
17.49598835
17.5105064418
17.5396439023
17.5463280668
17.5783166559
17.5842966805
17.6711438383
17.7023982445
17.7508213635
17.7804347712
17.8348350245
17.8439058474
17.8708262643
18.0089740892
18.0176435873
18.0226342027
18.0272676912
18.078064613
18.081625576
18.0953910652
18.1147966897
18.1335336099
18.1379135621
18.1496826297
18.1560158361
18.2128168235
18.2306126878
18.2483730022
18.2607944155
18.3169331369
18.3297526961
18.3498728016
18.3931552291
18.4035036569
18.4209036359
18.4890488849
18.4996881734
18.5384080481
18.5908616159
18.6202370077
18.6533420056
18.8025513084
18.8426482167
18.869732797
18.8952693652
19.0435082815
19.0698194512
19.1239484629
19.1517196863
19.1583618042
19.1859477816
19.2187141358
19.2825330448
19.2933507942
19.3107061137
19.3431553502
19.3522259401
19.3597440357
19.409808645
19.4326918915
19.4454800149
19.4529935725
19.4884728942
19.5000347688
19.5260833147
19.5451167317
19.5718937873
19.5791344551
19.6168516932
19.6245008089
19.6326978365
19.6434383765
19.6904600667
19.7080608774
19.7531243385
19.8143608036
19.8542935329
19.8695551482
19.8803457301
19.9182585878
19.9612683651
19.995181597
20.0162766658
20.0306485791
20.0369905144
20.0530984764
20.0780980554
20.1082514009
20.1476916132
20.1771201719
20.2285077645
20.324115061
20.3304280712
20.3726693467
20.4474206229
20.4750173293
20.486539762
20.5001863629
20.5113337985
20.5415094396
20.5636885819
20.5683178525
20.5742269216
20.6090440288
20.6490389119
20.6632662913
20.6800435762
20.686780482
20.6995275992
20.7120553165
20.7745760204
20.7904944414
20.8141132673
20.8480641035
20.8592676542
20.8901135105
20.9238434812
20.9446807615
20.9582992675
20.9740336056
21.0067510437
21.0438079816
21.0891881154
21.1206329725
21.1440985453
21.2114114962
21.2648030038
21.2740454443
21.3069824933
21.319500531
21.3540354806
21.3802992717
21.4363753381
21.4736068355
21.5438612986
21.587627426
21.6091941216
21.6292001982
21.6422773537
21.667429241
21.6777108377
21.6860913095
21.7105376312
21.7142185526
21.7437136063
21.7670313915
21.7839250452
21.8093028713
21.8210954904
21.8290626827
21.8334511126
22.2308328821
22.2541234902
22.2903490253
22.3271458731
22.3411357421
22.3937190348
22.4218615898
22.5131189993
22.5498997812
22.5831466184
22.6163799788
22.6268214472
22.6390718472
22.6820243001
22.7768566705
22.7941732897
22.8082553103
22.8364733889
22.848604408
22.8582914684
22.8667545372
22.8732932736
22.9033963425
22.9103396233
22.9183726183
22.946779401
22.9715683198
22.9809595938
22.9874934164
23.0091387968
23.0257547929
23.0510863117
23.0559514289
23.0819886423
23.0920499079
23.1249212033
23.1519798185
23.1590112845
23.1861833255
23.3294967632
23.3446094155
23.3559856501
23.3942825982
23.424680766
23.4391545217
23.4503097702
23.5092274268
23.5278495441
23.5717406495
23.5873895425
23.6299188101
23.6538941256
24.0152598303
24.0221619808
24.0282220126
24.0417683553
24.0568466064
24.0749242963
24.2881192032
24.3029132038
24.3103102803
24.3355581008
24.3437248946
24.36538694
24.3856389464
24.4062795447
24.4241294606
24.4340387986
24.4528255494
24.4639511739
24.4945083951
24.5067422045
24.516028574
24.5389111057
24.5642402253
24.573678516
24.5778256425
24.583082503
24.5952077443
24.6160766131
24.6410183291
24.6444962377
24.7532077893
24.8115261511
24.8236275249
24.857908953
24.8760288558
25.2164215334
25.2299521739
25.2517155322
25.3315113478
25.3451101751
25.3545131476
25.3586931508
25.36563946
25.3779260983
25.4109591225
25.4165527394
25.4401830107
25.4512656024
25.6594649895
25.6639090126
25.6742592493
25.6848918418
25.6967909375
25.7089710779
25.7188869571
25.7366537545
25.7478373061
25.7802016786
25.8091597837
25.8229455371
25.8338544092
25.8794004337
25.8988520338
25.9126625287
25.9402900921
25.9576651097
25.9983373515
26.0425622002
26.0702157561
26.1213212072
26.1689223497
26.1959364496
26.2787263978
26.3158818655
26.3464319775
26.4336002436
26.4540640257
26.4582308996
26.4629720465
26.4713545612
26.4887767529
26.4948579978
26.5127610977
26.525214549
26.5395107843
26.5529494602
26.6413278583
26.6590677193
26.7279464173
26.7407603383
26.7558074255
26.7723318307
26.7832317207
26.8021610882
26.8140573485
26.8353452665
26.8388074099
26.8455842545
26.8885500664
26.900510029
26.9399850882
27.0619072756
27.1080044836
27.1307791017
27.1497421734
27.195374538
27.3585536133
27.4166579559
27.5158142939
27.5522127074
27.6145733194
27.6322826663
27.6418700208
27.646460683
27.6519240665
27.6592509293
27.6778921733
27.6963065496
27.7047896076
27.7251564632
27.7433589158
27.7585289494
27.7702576037
27.7816079983
27.7891436225
27.8014421947
27.8121915287
27.8258051009
27.8421151663
27.8514725574
27.885726048
27.9015505237
27.9466053745
27.9667127012
27.9721871589
27.9817113315
28.0208482074
28.0890554465
28.1116697122
28.1319995197
28.1641025443
28.2144594373
28.2373693845
28.2882656207
28.31634473
28.3349751815
28.4056512058
28.4200748603
28.4432887155
28.4517007392
28.4733376714
28.4998472395
28.5251310391
28.5371676035
28.5788032724
28.6305167529
28.6415825545
28.6630202763
28.6680549412
28.7051437108
28.7958234614
28.8133089016
28.8195518749
28.8399315423
28.8528838528
28.8568896048
28.9373725177
28.9529888256
28.9687517157
28.9803210801
28.9930600269
29.0073878871
29.0202867208
29.0301032947
29.0489746833
29.0644096439
29.0730099724
29.1124512173
29.1321984793
29.1419470293
29.1555774582
29.2143351256
29.2369412127
29.25264482
29.2791668087
29.2996224567
29.3420138539
29.3871069452
29.4138284327
29.4310016257
29.4350632267
29.4757747543
29.5075815832
29.5683884163
29.5995310732
29.6056927734
29.6578333588
29.6916918962
29.7166005261
29.7925323458
29.8462093496
29.876136522
29.9197298926
29.9388629642
29.9983923233
30.0861164837
30.0988192541
30.1078132942
30.1201589968
30.147646689
30.1713468784
30.1860548281
30.193650454
30.1996448595
30.3619036715
30.3870684861
30.4083118556
30.4214357857
30.4265145983
30.4353294
30.4539926066
30.4734385933
30.5001807126
30.5219931346
30.5361811858
30.5694598784
30.6172310123
30.6446472193
30.7070708841
30.7428457747
30.8164942784
30.8456067111
30.896981055
30.9199415224
30.9363729977
31.0045916537
31.0312429665
31.0937943976
31.1597430471
31.1858441069
31.2118855587
31.2911006171
31.2994628301
31.3092862206
31.3216560994
31.3349004142
31.3392271218
31.3590540811
31.3819971211
31.4016564387
31.4424647024
31.4583004499
31.4722550085
31.6828666648
31.7040442504
31.7372581828
31.7629298535
32.0614785263
32.0887585808
32.1238713232
32.200992891
32.2138422691
32.2637543383
32.2930665976
32.3266702884
32.376706751
32.3929717318
32.4072631532
32.4120359607
32.4199215211
32.423793079
32.4494803933
32.4738344328
32.4892569592
32.5117497509
32.520413454
32.5262966008
32.5506121432
32.565197337
32.580142483
32.6143653436
32.6205528691
32.626957498
32.6520150419
32.6729881738
32.6838674692
32.6955455544
32.704319544
32.7160952999
32.7210583041
32.7404533001
32.7477186863
32.7704909372
32.7884958249
32.8191888709
32.8280192681
32.8586178139
32.8944368032
32.9004022968
32.9529773754
32.9712072131
32.9748017044
33.0056817796
33.01734675
33.0539721379
33.0872735738
33.2661960303
33.3042017193
33.3824710264
33.4350933776
33.4492492777
33.5137407724
33.5769932344
33.6110039409
33.6460146598
33.6726954732
33.6770248966
33.6889704069
33.6983247327
33.7167487028
33.7735312175
33.7836524396
33.7972125465
33.820161813
33.8347637203
33.8442415242
33.8518575783
33.8606103827
33.8754359627
33.8906489395
33.9460754845
33.9541411721
33.9602637648
33.973427784
34.008184588
34.0132889012
34.0633742145
34.0969434715
34.1275201732
34.1853484821
34.2166208758
34.2449397513
34.2649410305
34.2730719314
34.2871745616
34.2906378751
34.3311615651
34.6554304201
34.6702469869
34.694991317
34.7658460635
34.7996186374
34.8053204721
34.8197552603
34.8385782947
34.8505442858
34.8602445416
34.8761564106
34.8957431623
34.9033517715
34.9172509661
34.9276386622
34.9510372019
34.97434486
34.9874266588
35.0050157669
35.0087995741
35.028266353
35.0377346978
35.1253033096
35.1427323591
35.1486995765
35.1582032108
35.1626815684
35.1809642593
35.4663988106
35.4783853534
35.4942060579
35.5702996611
35.5884720307
35.6152721788
35.6508364279
35.6703674366
35.6871172844
35.7839155701
35.8240341914
35.851072174
35.8683611381
35.9148429771
36.0045130629
36.0186365775
36.026511289
36.0305935167
36.0425294587
36.0656233681
36.0713584788
36.0839168053
36.0944474004
36.110718425
36.115706261
36.122143201
36.1321052073
36.1364227175
36.1754380818
36.1977061287
36.2108341718
36.2238006187
36.2440950428
36.2680156969
36.2840168936
36.2969123103
36.3136366586
36.3257320009
36.349412788
36.3798811447
36.386427627
36.4006309041
36.4138451487
36.4343422211
36.4518289616
36.4731581585
36.478103201
36.4966302876
36.5362456612
36.5625749023
36.5707611959
36.5855225428
36.6141725122
36.6306852235
36.6408687755
36.7060971355
36.7444683478
36.7597547529
36.7752184519
36.8171396279
36.8366735558
36.8673473052
36.8880137617
37.0041358623
37.056567864
37.1305570243
37.237020835
37.2536503561
37.2591511441
38.4052589516
38.4159477783
38.4585957975
38.4659928755
38.4875289643
38.4946842001
38.5046474467
38.5244788368
38.5557730648
38.5731597876
38.5892271047
38.61932866
38.6313906071
38.6428165228
38.6469198903
38.7297604667
38.7435509439
38.748427231
38.7917719767
38.807858051
38.8246816698
39.6075004671
39.6197485406
39.627952136
39.6437349115
39.65845844
39.698646061
39.729315302
39.7554823504
39.7826819731
39.7924348
39.8443829354
39.8629409978
39.8846711232
39.9058788253
39.9263621335
39.9384477985
39.9716882113
40.013140874
40.0510918869
40.0546245145
40.0821316089
40.1120308371
40.1187313615
40.1658963216
40.1768888075
40.2195769576
40.2566275884
40.2929508861
40.3069620988
40.3420932897
40.3670422989
40.3974714534
40.4152840877
40.4533557909
40.5970182238
40.8080138536
41.0604000668
41.0760661416
41.0830222908
41.1127747333
41.1341633794
41.2202033696
41.2538663067
41.6992103776
41.7480018307
41.7913110699
41.8135919378
41.9148533513
41.9732136776
41.9997899163
42.1992093427
42.2059901845
42.2159391114
42.2311067927
42.2363269681
42.2443223472
42.5698431428
42.6034567226
42.6186629356
42.6471414995
42.6642434393
42.6688165643
42.6980219087
42.7393910408
42.7847257985
42.8149766169
42.8207317774
42.838769546
42.8708068424
43.216803309
43.2398925442
43.259960649
43.3229882387
43.3280921994
43.3346405014
43.3402599156
43.3499515326
43.3563439392
43.3632955851
43.3683484149
43.3728504289
43.3868475643
43.3970936445
43.4025739073
43.4137127644
43.4263344639
43.4342359439
43.4502784529
43.4587502635
43.473217357
43.4900519126
43.5001673491
43.5197315221
43.5765533074
43.5901366329
43.5982034685
43.613780436
43.6224455215
43.6629187582
43.6958161837
43.7138513482
43.7555554266
43.7682918718
43.7807141965
43.8081587568
43.8220387057
43.8350175234
43.8663438488
43.8844057985
43.9048475389
44.0689512437
44.0919679656
44.1149257519
44.1641776506
44.1893807586
44.2435810059
44.2778442576
44.3069430383
44.3656556509
44.408287614
44.4172646267
44.4312271892
44.4380598513
44.4471215871
44.4796658264
44.4882722134
44.5034699462
44.5117390805
44.7470331299
44.7708415343
44.7851907177
44.7925312222
44.8075795573
44.8251925794
44.8373608676
44.8758519937
45.0830125758
45.1204426223
45.1367945404
45.1710573411
45.1925443462
45.2071263851
45.2119281696
45.2192101814
45.2277210871
45.2380782313
45.2536247621
45.2918795078
45.3149381831
45.3260741572
45.6131649237
45.7102722266
45.7235798675
45.7284271297
45.748599816
45.754731244
45.7634289827
45.7953456681
45.803602953
45.8194658563
45.8235461175
45.8452574042
45.8625279908
45.9043143702
45.917079203
45.951722554
45.9645620964
45.9725231504
45.9765818865
46.0000300855
46.0060765045
46.012795008
46.0311834641
46.0417730023
46.051506149
46.0668366371
46.0890663876
46.1350205114
46.1670352542
46.346436307
46.3589759364
46.39097181
46.4222796436
46.4352633899
46.4601970471
46.4641310137
46.4830913647
46.5095996817
46.5508633546
46.5757285105
46.6101884131
46.6562659798
46.6688436256
46.7709889702
46.8182852348
46.9437404723
46.957502848
46.9739148463
46.9833373873
47.0131051875
47.0341049077
47.057021403
47.1007575993
47.1232859365
47.1711886995
47.1778928697
47.211276406
47.2258209311
47.2373394933
47.2502233826
47.2733011101
47.3545931268
47.3878891436
47.4036340901
47.4097653269
47.4265539164
48.0076391168
48.0140379249
48.0186547606
48.0306264285
48.0438959083
48.0509323958
48.06110548
48.0654185884
48.0763166501
48.0900717227
48.0976278951
48.1115894696
48.1186791917
48.1403647948
48.1607386489
48.1759149344
48.195997756
48.2855749907
48.3267253734
48.3494854102
48.3611759831
48.3724209099
48.3814203815
48.4095771373
48.4397619001
48.4985195187
48.5241490768
49.0683900556
49.1017152185
49.2318118203
49.2390742256
49.2526232063
49.256371045
49.2723504686
49.2757812269
49.287274419
49.2997363181
49.3111986618
49.3219042025
49.3352287147
49.349930605
49.361307013
49.3693209837
49.3785267139
49.3936747268
49.5969376086
49.6183321609
49.6323384101
49.6535795202
49.8352457125
49.8595108945
49.8891168675
49.9167514442
49.9682807596
49.9895268549
50.0167237279
50.1433638751
50.1554937209
50.1854361248
50.2206562774
50.2491909864
50.3289232805
50.3589008008
50.3925585747
50.4142537647
50.4231166955
50.4313810914
50.4474409219
50.6246457506
50.6386970838
50.7106072729
50.7252488002
50.744139984
50.7706892141
50.7787218502
50.7888774452
50.8066665275
50.8204799629
50.870121116
50.9298231957
50.9398984317
50.9596123284
50.9839922537
51.0021893603
51.010937499
51.029413581
51.0741183034
51.106548539
51.114862827
51.6132159081
51.639105273
51.6434751078
51.6579889495
51.6901892584
51.705295951
51.717973818
51.7326070747
51.7459830709
51.755871135
51.7672877377
51.7827313741
51.8120534077
51.8186188407
51.8235809921
51.8433504718
51.8529190664
51.867835565
51.8874007208
51.9771821227
51.9929547466
52.0007708375
52.0155623037
52.2345621998
52.2549650205
52.2934168352
52.4310988665
52.4553352547
52.4698781419
52.4974823442
52.6020403835
52.6282565487
52.6602939299
52.6855680309
52.7279584376
52.7419923358
52.7917277744
52.8091820608
52.8472750037
52.8557204171
52.8618324339
52.8741583879
52.8909380651
52.9031718594
52.9358890044
52.9713901104
52.9767423239
52.9835541126
53.0006865421
53.0073484975
53.0320397657
53.0614448843
53.0711885619
53.0805860218
53.0881527
53.1393393007
53.1870021395
53.21292467
53.2317781598
53.2599845209
53.2826567242
53.3029375785
53.3070852677
54.1914514028
54.2030081374
54.2241141702
54.248386335
54.2753701259
54.2886690541
54.3067520592
54.4327998634
54.4463023132
54.4712981698
54.490297374
54.5242539405
54.5632825728
54.5931714809
54.6136658751
54.6297464437
54.672869854
54.6773499131
54.695287298
54.7329069019
54.7512620234
54.7765601781
54.7842358287
54.8015833831
54.830659091
54.8609792235
54.9052673003
54.9555603103
55.2077521219
55.2181294021
55.2280567652
55.2330688592
55.2467860194
55.2709480052
55.2809137712
55.317937786
55.3471893702
55.3795918783
55.4145532806
55.4296691772
55.4424005099
55.4587988686
55.4742617834
55.6092481907
55.6347916429
55.6466931107
55.7116140357
55.7322534588
55.7514776643
55.761320976
55.7826173289
55.7926756817
55.8589872191
55.8999589827
55.9103832323
55.9138088446
55.951848721
55.9815780216
56.0004928042
56.0180702607
56.0379627998
56.0590526046
56.0722747056
56.099960277
56.1179337328
56.1606382791
56.244333467
56.2605479861
56.3067625728
56.3399954574
56.3846904168
56.4034754606
56.4196224907
56.4244933864
56.4398660173
56.4492597283
56.4604582715
56.4734817127
56.4792078484
56.4938884212
56.5552537572
56.5673382328
56.5778864307
56.6066028881
56.6575152943
56.6650227862
56.695715878
56.7340827052
56.7453668926
56.7635023133
56.7702712023
56.7750756234
56.7815956085
56.7891650508
56.8340255863
56.857479004
56.8677031781
56.8824775053
56.9067238508
56.9333904779
56.9529349648
56.9949080603
57.0141996295
57.0494152012
57.0660230335
57.1346136182
57.1541279134
57.1738029183
57.2377836275
57.269332773
57.2926454381
57.2966732109
57.4005363426
57.4348607501
57.5764317292
57.5874220824
57.6509250082
57.6681108438
57.6811361021
57.6904578206
57.7068797572
57.7584483334
57.7620135879
57.7798657808
57.8119476704
57.8267829276
57.8447082051
57.8532988966
57.8737053193
57.8986597053
57.9587496992
58.0770581246
58.0954873922
58.1021671346
58.124634825
58.1763556721
58.2162337212
58.2794269903
58.3234923085
58.3456723231
58.3643224382
58.3812161848
58.4058078935
58.4195538415
58.4239368238
58.4305108875
58.4656084024
58.6459659539
58.6749129421
58.697494253
58.7145691833
58.727081674
58.7610649498
58.8134386353
58.820648829
58.8250221133
58.8328721807
58.8383081522
58.862768082
58.8668574514
58.8943867707
58.9516087972
58.9622208192
58.9744505287
59.0101184243
59.03123635
59.0354207548
59.0686671512
59.0806099391
59.0906436985
59.1099999896
59.1402005185
59.1619017956
59.1806870035
59.2044519053
59.2188359388
59.33067467
59.4172858225
59.4293892532
59.4408008871
59.463538747
59.4920815413
59.5074209069
59.5291495404
59.5408508144
59.5913646404
59.6227405498
59.7876716374
59.80895779
59.8327571729
59.8697788027
59.9209706923
59.9773279671
60.0224848073
60.0335534048
60.1588735483
60.1744309334
60.1781662612
60.1922196356
60.2361395456
60.2430079593
60.2487254404
60.2651214683
60.2818456321
60.3019325675
60.3143476789
60.3317071861
60.3380853716
60.3679862495
60.3782530606
60.3839355357
60.4111685928
60.4197938729
60.4366426519
60.4533305593
60.4689199093
61.2079997565
61.2138374554
61.2286545313
61.2364223711
61.2410395735
61.2586430502
61.2875791248
61.2950351624
61.3021685099
61.323031172
61.3310641058
61.3824159292
61.4076251087
61.4214702172
61.4320510377
61.4461383411
61.4533394695
61.4735865099
61.4971888286
61.5546145031
61.5617560494
61.5840095695
61.6827381184
61.697555317
61.7318489823
61.7565510732
61.7702452449
61.7828974374
61.8369372788
61.8649413193
61.9396227841
61.9555049279
62.4290355986
62.4667634647
62.4934674338
62.5194450632
62.5501009178
62.5572954577
62.5800998422
62.6007304459
62.6161910911
62.6230140983
62.6309256442
62.6411515782
62.6457645747
62.6581506187
62.6775912103
62.6939360858
62.7033036702
62.7173767255
62.7521824699
62.927582367
62.9482568554
62.982063042
62.9927394137
63.1331582779
63.1393050597
63.1547606914
63.1727153429
63.2797513807
63.3110945042
63.3348712441
63.35746864
63.3625707267
63.3736576831
63.421584488
63.4471460774
63.5629602198
63.6094895333
63.6213182258
63.6431358077
63.654859173
63.6611309424
63.6696679757
63.677248817
63.6827974403
63.696187391
63.7059858268
63.7198719589
63.7239297866
63.7497885648
63.7601277151
63.780962652
63.7870429739
63.795128631
63.8098908918
63.8154345183
63.8246261037
63.8408037519
63.8609742613
63.8744718643
63.8929295931
63.9769623966
63.9961299483
64.0300142286
64.0599699681
64.0872796577
64.1087794093
64.1125313127
64.1510354174
64.1660838883
64.195168433
64.2042959419
64.2479761154
64.2575194932
64.2786036932
64.2909168558
64.3702554279
64.3827396424
64.3877358877
64.4127696152
64.4304732819
64.4517854516
64.4872533373
64.4960723033
64.5543747107
64.5841862506
64.6269213018
64.6528831135
64.68919715
64.6976029445
64.728764481
64.7982187235
64.8288344371
64.8394832533
64.8439430998
64.8581194361
64.8690716161
64.8894908417
64.9160434178
64.9227722348
64.9848265556
64.9910153521
65.0117210989
65.0258812185
65.0327481663
65.0959633356
65.1139284898
65.1176664997
65.1317023099
65.1423175615
65.1536238335
65.1902924257
65.3444194468
65.3585781502
65.3733144696
65.3786953758
65.3982300439
65.4142465685
65.4395067857
65.4582171017
65.4888880937
65.5203849431
65.733574301
65.7411074366
65.7995608881
65.8465302806
65.8739417769
66.0135945721
66.0238397338
66.0299340662
66.0376179906
66.0479999909
66.0685358251
66.1605448792
66.1684900268
66.1970127404
66.2054977998
66.2174207973
66.2993716068
66.3152443045
66.3206726809
66.3367268313
66.3467461089
66.355614101
66.3762866629
66.3902031108
66.399708003
66.4260393538
66.4421948128
66.4668685925
66.4780227298
66.4825371
66.5043098251
66.5360864153
66.5556247034
66.5771350696
66.5934548929
66.6445100652
66.6730464034
66.6866508379
66.7050239264
66.7274870175
66.7495872777
66.7871177226
67.1140801209
67.1420144953
67.2036093387
67.2528886459
67.26313666
67.2726990096
67.283120048
67.2868884753
67.2932430335
67.3074567785
67.3148145204
67.3239686477
67.3307892412
67.3396854326
67.4120895856
67.479942632
67.4990779366
67.5129554925
67.5369419436
67.544146999
67.5530850978
67.5785626125
67.5988046585
67.6040779752
67.610902219
67.645353024
67.660169541
67.6651374502
67.6979584353
67.7526533803
67.7853132497
67.8902298494
67.9096647959
67.9283758721
67.9495610124
67.9664064434
68.0134841782
68.0356883336
68.2167346346
68.2960311719
68.3125260702
68.3518599025
68.3907394066
68.417615445
68.4392700646
68.4557488952
68.4671809005
68.4887579868
68.5041073493
68.5154828221
68.5264770356
68.5399538945
68.5579935984
68.5665899542
68.5887521259
68.5939911541
68.6136573064
68.6273204777
68.6378035946
68.6432430923
68.6648415689
68.7002528128
68.7790041196
68.8277062901
69.2411070248
69.2575590101
69.2739373122
69.3016130991
69.3172730574
69.340382815
69.3495015828
69.3889177205
69.4234066807
69.4437290263
69.4508784201
69.4580940576
69.526891033
69.5668821627
69.5709211466
69.5887663278
69.6427874137
69.6557814757
69.6631983561
69.6720565996
69.6887306354
69.6969570341
69.7021509086
69.7112550595
69.7197923358
69.7242107591
69.7376393612
69.7449669995
69.7529897488
69.8225562082
69.8321661065
69.8521113644
69.8581322891
69.8640594539
69.8816503843
69.9035637559
69.9157176455
69.9331705776
69.951133793
69.971756359
69.9836613751
70.0209649482
70.0300741005
70.0343416217
70.0449383374
70.0603084655
70.0882762298
70.0968988874
70.1239763645
70.1491619814
70.1591754448
70.1767124884
70.2156303466
70.2318019621
70.2517734009
70.2620833311
70.288792388
70.3125700641
70.3336885506
70.432035867
70.4382342051
70.4917782679
70.5326196737
70.5465263561
70.611785434
70.6984258689
70.7087971798
70.7450220109
70.8043505405
70.8179277167
70.8232443269
70.8341168382
70.8440287259
70.8485721545
70.873535422
70.8937725453
70.8980134149
70.9030457678
70.9255751815
70.9294729822
70.9466842778
70.9585705838
70.9757335973
71.0242164898
71.0371779901
71.0494372918
71.0551279431
71.0879724537
71.0956722836
71.1348640435
72.008810695
72.0160599012
72.02947786
72.0402444231
72.0510939462
72.0684563832
72.0719968999
72.0956996379
72.1222861665
72.1354521295
72.2384526788
72.2691398911
72.2910616688
72.2982732026
72.314352908
72.3194513205
72.3640185069
72.380696223
72.402633791
72.4263197966
72.4326362175
72.4664534639
72.9433096086
72.9733537086
73.0643614436
73.107097037
73.1398051597
73.2073912663
73.2112188547
73.2176574534
73.2375970806
73.2525433712
73.2673844686
73.2743108985
73.2804320687
73.2844743121
73.2960861098
73.3201254361
73.5378946092
73.5633072735
73.5737712359
73.5908077712
73.5975144001
73.6061276337
73.613240753
73.6377390493
73.6464123674
73.6792386563
73.6918840692
73.7024377539
73.7247598463
73.7689594277
73.8121196999
73.8296586526
73.8432573859
73.8586528625
73.8842736663
73.9385751281
74.004301229
74.0940684019
74.1264168378
74.1382047691
74.1471779808
74.1589672673
74.1676433906
74.1846753023
74.217375503
74.2351390565
74.2596717393
74.2761827136
74.2875454052
74.299536121
74.3413825886
74.3761210838
74.8261597841
74.8593956144
74.8881946831
74.9036715068
74.9129192044
74.9392001397
74.9539383703
74.9807011012
75.0197795211
75.0307157921
75.0456413426
75.0932377908
75.1058959069
75.1588084516
75.2160775067
75.2570747633
75.2974523313
75.3363838136
75.388426664
75.4315823253
75.4483532529
75.5017761412
75.5738843072
75.578351762
75.6066086402
75.6217685109
75.6573938451
75.6764952445
75.6837145063
75.6892782561
76.1303392563
76.1373626168
76.168041161
76.2359977599
76.2831607323
76.2943818687
76.3711402809
76.3993756141
76.4352999606
76.4619061503
76.4687339133
76.4784297846
76.4999741265
76.5343668887
76.5654413483
76.6126298038
76.8173228676
76.9080952537
76.9196885216
76.9379253261
76.9546227238
76.9649378709
76.9766349628
76.98266312
76.9966348149
77.0009620673
77.0548151587
77.068937337
77.0757975657
77.155705317
77.1646941661
77.182576428
77.1901939686
77.2048173727
77.2101843561
77.318305942
77.3345985782
77.3691930212
77.3921090545
77.4027869197
77.4077841869
77.5021726115
77.5324703428
77.5725391581
77.5914142415
77.6164791587
77.623488122
77.6736564965
77.7206565069
77.7506166648
77.7759275845
77.7967986594
77.8050422368
77.8173913774
77.8674601483
2137
