6.03282614961
6.04507612213
6.05025472579
6.0557023915
6.07641232945
6.0896886421
6.10690681385
6.1240415346
6.13671623177
6.21633354488
6.23579083524
6.27602109976
6.28361770576
6.30239349128
6.32257368883
6.33768776919
6.35731872292
6.39450251672
6.41732913752
6.44322793136
6.46835291855
6.54808217412
6.56567547502
6.60568091497
6.61550845733
6.63269036141
6.68619516957
6.69329112812
6.70782850293
6.72808861728
6.76127834328
6.78245559092
6.79911453263
6.80861928664
6.83588641115
6.8603279383
6.89470203695
6.90991120335
6.9358128929
6.94366148616
7.00058353895
7.03180507534
7.05477867243
7.13603141341
7.17548233136
7.21834436696
7.22513754624
7.24198881533
7.25834656435
7.26857850987
7.30801154303
7.3145127707
7.32571107403
7.33345832792
7.34700899223
7.35476026441
7.37673061687
7.38474635025
7.40218912098
7.46862584396
7.48614841877
7.49584237942
7.51281478368
7.52529502324
7.54693319629
7.56436647052
7.58618888028
7.59011385635
7.59970285382
7.61064513687
7.61938816391
7.63291849874
7.65442838531
7.69870108432
7.71191865408
7.71868831609
7.73762096665
7.74894468695
7.76169289216
7.77034121997
7.81093586819
7.83996587619
7.88070566316
7.89311216978
8.04258967023
8.10755756822
8.1162121339
8.1226418892
8.15439625914
8.21918655001
8.3313815015
8.39159877044
8.41645051797
8.42169856817
8.43687080796
8.45142076237
8.46337007708
8.46738096093
8.48538362733
8.49369245509
8.50557433369
8.51861150114
8.52702393174
8.54684406467
8.56697048377
8.58846231846
8.60187317598
8.61734524936
8.63199259875
8.66572054652
8.67900242488
8.68235537611
8.68954510563
8.72023429837
8.73155980988
8.74616733629
8.75756839805
8.77561707429
8.79735931097
8.81718231213
9.35955856977
9.43434526588
9.44228163015
9.49178429632
9.50020539973
9.61536889187
9.66639741216
9.6714631041
9.67514053653
9.68432832988
9.69130357264
9.70779911
9.72452646946
9.73762805808
9.7533293975
9.7682530943
9.79195906395
9.83060166788
9.85437604613
9.86174817636
9.88175948899
9.92964010589
9.97365140295
9.98838926749
9.99262981251
10.0039574309
10.0117195282
10.0626769894
10.0909440536
10.0968822068
10.1165331087
10.1350609632
10.173925509
10.2271099837
10.2909348105
10.3170315115
10.3336125739
10.3542560865
10.6726592502
10.7152400341
10.8051036553
10.8085958756
10.8191062421
10.8304428499
10.851593745
10.8592529848
10.8638836148
10.9001368667
10.9119349547
10.9420107313
11.2781875
11.3075177063
11.3222254717
11.3459679076
11.3494725551
11.3603561742
11.371431444
11.3949513565
11.4558137807
11.4987568694
11.5111905813
11.567376597
11.5755673446
11.6260174801
12.0132916489
12.0464755869
12.0701711875
12.0770833439
12.0938067644
12.1042467174
12.1255051965
12.1652117729
12.1741298533
12.1803662829
12.199718069
12.2080650508
12.2216741373
12.2529409503
12.2695569652
12.2831645323
12.295113299
12.3059432152
12.3367928615
12.3622684775
12.3978419949
12.4071910097
12.4465102746
12.452287768
12.4664419585
12.4766136861
12.4887191527
12.5205043225
12.5263523049
12.5508418165
12.5547392848
12.5605287016
12.5756129515
12.5959139279
12.6608316306
12.6964694388
12.7083606339
12.7122755826
12.7461210194
12.7576313637
12.7741827345
12.780946987
12.8877378633
12.9859667645
13.0067697482
13.0244632972
13.0284605601
13.205398609
13.2151711559
13.2688172612
13.275850196
13.2848231377
13.296082661
13.3086484714
13.3186299001
13.3455580786
13.3603959123
13.3760090692
13.3884258727
13.3981089199
13.5124677293
13.5418130959
13.5563857518
13.5836404646
13.6624084986
13.6758509354
13.6801002282
13.7167453002
13.7200817902
13.7502027979
13.856706496
13.9157648429
13.9268150141
13.9468482889
13.9773437231
14.0392948334
14.0565402549
14.0972739905
14.1399862004
14.1794145369
14.2086754456
14.2174521823
14.2792143193
14.2999087125
14.4165680331
14.4253798443
14.4319697645
14.4378995832
14.4695155414
14.4886281284
14.5073517041
14.558129965
14.5696038193
14.5762816429
14.5807171737
14.5904415035
14.5997712888
14.6133154401
14.6214362169
14.6371028916
14.64073399
14.6443610897
14.6650362887
14.6904512315
14.6985163359
14.732613069
14.7466198588
14.7526381374
14.8142066794
14.8884558675
14.9245359535
14.9482912751
14.9636800878
15.0084628448
15.0418219787
15.079801527
15.1099416469
15.1564019606
15.1749848648
15.180647648
15.2124151722
15.2510715318
15.3021987254
15.3570507469
15.382947639
15.4436837055
15.4707727631
15.549481944
15.6084277536
15.6163446516
15.6361341432
15.6499706616
15.6548556986
15.6733203647
15.6884489527
15.7851201922
15.8039184814
15.8091856923
15.846301068
15.8767473672
15.8927332666
15.9172752589
15.9414810835
15.9627778819
15.9968576028
16.0005407374
16.0126226741
16.0388728588
16.0480308985
16.0612807403
16.0895267529
16.1105321828
16.1440440773
16.1497062258
16.1608266762
16.1803901675
16.2301950088
16.24917982
16.3161008144
16.3970729571
16.4288714994
16.5118849449
16.5331635919
16.5810939522
16.6360565358
16.6930726193
16.7100438612
16.754895254
16.7854270583
16.7988095158
16.8126451393
16.8165530954
16.8214134891
16.8473760545
16.8546074236
16.8827035491
16.8903015489
16.9129416801
16.9406355805
16.9705519193
16.9844027063
17.002731111
17.0071408257
17.01248125
17.0303592851
17.0516975898
17.0711314323
17.078029819
17.0880618583
17.0940975991
17.1014108751
17.3629086351
17.3831481306
17.4248537409
17.4489886159
17.4792712476
17.5213525248
17.525477032
17.553358736
17.5872648797
17.6058567538
17.634815432
17.6433199897
17.7247736101
17.7323535493
17.7619127375
17.8122191879
18.018056549
18.0313564716
18.0511650261
18.0725633218
18.0966397597
18.1104773353
18.1164982059
18.1320828135
18.1397325323
18.1678817775
18.17831929
18.1878286936
18.1944490132
18.2118778227
18.2319813829
18.2503466476
18.2593733038
18.2694570561
18.289975533
18.3274489168
18.3481436437
18.3609959955
18.4050217737
18.417458551
18.4379227615
18.4413703659
18.4667063146
18.515777457
18.520603038
18.5493388752
18.581557063
18.6112065217
18.6488737272
18.6983923956
18.7446322856
18.7678441291
18.8070019368
18.8140513297
18.8385273669
18.8755465497
18.880999651
18.993239268
19.019557047
19.1362447638
19.192366671
19.7129644664
19.8162646146
19.8312940043
19.8353043715
19.8546852933
19.8821741715
19.9261885131
19.9567274487
20.2641345554
20.2989020761
20.3169108803
20.4074853683
20.4319750119
20.4397263223
20.4486228091
20.4606270976
20.4826578685
20.5025063289
20.5098943598
20.5173544118
20.5246694124
20.531744971
20.5596409664
20.5695707118
20.5968143326
20.6089074622
20.6216311047
20.6374593864
20.6493782542
20.6537928842
20.6986084387
20.7659593963
20.7731795419
20.7877990103
20.8311443678
20.8596492036
20.9284049612
20.9390410134
20.9861972283
21.0691398784
21.0905513881
21.1180712202
21.2181035884
21.2421476514
21.3138272783
21.3869838589
21.5174038235
21.5259089975
21.6061247268
21.6235412674
21.6786152016
21.6893848874
21.7229956586
21.7307189086
21.7379319552
21.7483125975
21.7709640435
21.7898873733
21.8064786032
21.8125124098
21.8269786911
21.8394995461
21.863448746
21.8983568313
21.9072779274
21.9125705558
21.9261668662
21.9807718023
21.9938924804
22.0098297203
22.0152828381
22.0428151348
22.058293391
22.1068822989
22.1420044148
22.1981657352
22.202755826
22.2277848976
22.3013697038
22.3205763664
22.3294257111
22.3489716455
22.3576313792
22.3923416763
22.4102987
22.4384294134
22.4551395569
22.5023651053
22.5203784129
22.5412640274
22.6006932115
22.6664790663
22.8060101664
22.8249031484
22.8351494058
22.8410989745
22.8473300268
22.8557996113
22.8898187579
22.9102950536
22.9265291961
22.9381669245
22.9425423751
22.9621910388
22.9737163077
22.9775677717
22.9893771467
23.0317061009
23.0391018152
23.0561829708
23.066500742
23.083886819
23.1084025828
23.1174135706
23.1370273294
23.1574609892
23.1695616098
23.1808399142
23.2050486466
23.2261454873
23.2404245588
23.249483899
23.2852871234
23.3092492089
23.3505915122
23.3625847181
23.3833821946
23.40242454
23.4221759038
23.4524993961
23.4657179253
23.4915457405
23.4986483075
23.5039766753
23.5322424837
23.5463826896
23.5969655762
23.6551300117
23.70270087
23.7327329363
23.7748369997
23.8180852407
23.8406611015
23.860778771
23.9121985538
23.9946974204
24.0160183424
24.0236835474
24.0289744906
24.0988791675
24.1144866332
24.1482073608
24.1556874354
24.1782219184
24.2015392879
24.2528802234
24.2629425722
24.2680479245
24.4289236542
24.4354598552
24.507528535
24.5246238385
24.5405520581
24.5533975391
24.5616641927
24.5925869146
24.5965650386
24.6199903266
24.6523691074
24.6901858598
24.6969755911
24.7400879834
24.8599195352
24.8921407633
24.9008132317
24.9174631584
24.9642022862
25.1170015829
25.1943814793
25.3146318657
25.3249566862
25.3564060719
25.3818743566
25.3867180923
25.3962706244
25.4074668048
25.4140492339
25.4273138832
25.4811136059
25.4942787365
25.5031633703
25.5250487317
25.5364013613
25.5729491527
25.5850256733
25.5973458495
25.6035531727
25.6416627267
25.660250982
25.6824108281
25.7189240049
25.7278546254
25.7474083391
25.7627675227
25.8322336689
26.4036043348
26.4163667653
26.5527986085
26.5576836361
26.5752040848
26.587367183
26.6002891905
26.6167914818
26.6244650355
26.6303527955
26.6415745441
26.6655726413
26.6853600032
26.7996324002
26.8236924618
26.8442992103
26.8731320312
26.8889301583
26.9173720881
26.9279373483
26.9322832977
26.9379872906
26.9932896009
27.0250185528
27.0664400396
27.1011523748
27.108764746
27.2240146411
27.2439091913
27.2753863761
27.2826507942
27.3145815775
27.3502669458
27.3889149078
27.4352783884
27.5048890919
27.5614278744
27.6038394562
27.6144330241
27.6218740047
27.6332868306
27.6389455691
27.6441711361
27.6482657466
27.6582681706
27.6651119398
27.6770561458
27.6841291539
27.7049795171
27.7298551765
27.7533114117
27.7659052516
27.7692858288
27.7903244555
27.8165803638
27.8300706236
27.8455989017
27.8626968402
27.8729439276
27.9326066947
27.9493622275
28.0435038006
28.0872808329
28.1163349212
28.1370616648
28.1790770337
28.2050536136
28.2477911476
28.2653190532
28.298833656
28.3094169107
28.3278842504
28.3931987338
28.4314635392
28.4960589454
28.4995715041
28.549722518
28.5675770569
28.6001136129
28.613587011
28.6331057595
28.6459818142
28.6965441869
28.7517911859
28.807407733
28.8172134662
28.8326219837
28.8403567071
28.8539009507
28.8599479078
28.8700096177
28.8775781234
28.8881234557
28.9007340099
28.9084285789
28.9177289591
28.9262266913
28.9569090456
28.9712858157
28.9990964454
29.0212165551
29.0300638043
29.0419854392
29.0540796398
29.0577800487
29.0741909358
29.0790872797
29.0915832265
29.0956739643
29.1120571023
29.1238209293
29.1504297145
29.1654072101
29.1796376479
29.2067819804
29.2158683779
29.2334160535
29.266495224
29.308326863
29.3217363769
29.336824233
29.3532058647
29.373637268
29.3900689682
29.3956413936
29.4215435951
29.5724005013
30.0091800549
30.0167993342
30.0228690149
30.0462418546
30.0520592805
30.0596462428
30.1333322737
30.1522268369
30.1707716447
30.1888954691
30.20883183
30.2146078257
30.2369545559
30.2493916865
30.258700381
30.2732523006
30.2985833314
30.3101992759
30.3263971497
30.3392082668
30.3475184617
30.3600882303
30.3645138755
30.3741497567
30.381363087
30.3947397389
30.4127068149
30.4224652192
30.4342274914
30.4566674241
30.4996413449
30.6328277259
30.6468938621
30.6800046605
30.6913944576
30.7274456916
30.7309106725
30.7724637624
30.8163468093
30.8630604814
31.0697875674
31.2059518576
31.2128471464
31.2376850472
31.2440413728
31.2502544175
31.2573086024
31.261984257
31.2826845756
31.5870868722
31.6087889737
31.6139161908
31.6389735473
31.6718929792
31.7381654285
31.7579502335
31.7788057796
32.1030905084
32.1435008813
32.159106916
32.1762035851
32.2437975773
32.2763925322
32.3382633554
32.4043387285
32.4100012111
32.4276685789
32.4393200648
32.4443900795
32.4654568139
32.472781965
32.4774706573
32.4851774728
32.494008144
32.5116896114
32.5214955783
32.5394068288
32.5548768892
32.5732384453
32.5795177559
32.6348665957
32.6477762909
32.6774639984
32.6843813538
32.7098206051
32.7304261483
32.7576368091
32.7810043006
32.7895126866
32.8006823055
32.830454049
32.855137655
32.8594176975
32.9121754683
32.9616120962
32.9775617194
33.005022879
33.0462359503
33.0855532484
33.1336739346
33.1503528009
33.17478068
33.3129789588
33.3673846274
33.4970512191
33.5290966084
33.5609105208
33.5727782467
33.5911556333
33.6190392349
33.6266206685
33.6466025276
33.6688599593
33.7226111036
33.7295976517
33.7632863671
33.7730310397
33.7882558865
33.825902548
33.8467345353
33.8632525628
33.8707714437
33.8917240071
33.9018299641
33.9250327561
33.9808357921
34.0113022508
34.0186270368
34.0236710942
34.0285486681
34.048429719
34.067545388
34.0806310567
34.1154501559
34.1197697863
34.1877158274
34.2340068788
34.2507604029
34.2792528664
34.3132890808
34.3538692815
34.3908868128
34.4070792408
34.444319014
34.469652998
34.4902629887
34.4988215569
34.56309607
34.5784516275
34.5958051825
34.602434173
34.6592402601
34.7190172722
34.8113324683
34.8181373643
34.8390304337
34.8443661169
34.9490644679
34.9613133463
34.9787663566
34.9851663654
34.9965826543
35.0084388621
35.0282686144
35.0353618889
35.0472007555
35.0571984056
35.0756666237
35.1027335918
35.1101014025
35.1197153851
35.1636722848
35.1904691773
35.1957501683
35.2545843987
35.2745004369
35.2904189035
35.3411175419
35.3478387319
35.3631446893
35.3881039687
35.428938268
35.4667840245
35.4941968333
35.5041251033
35.5452220376
35.6316244689
35.674997159
35.6973985664
35.7167116285
35.7673681611
35.9027228213
36.0128391557
36.0330626352
36.0396844748
36.0453293115
36.0583931939
36.0751742766
36.101473313
36.1167785648
36.1333196582
36.1459914435
36.1623026125
36.1822685625
36.1911003115
36.2041677834
36.2171674063
36.2279027673
36.2612415991
36.2862037248
36.2946926732
36.3015835043
36.3071010859
36.3158270295
36.3194477717
36.3732537044
36.4016838228
36.4188033868
36.4315159388
36.4514564557
36.4603647055
36.4989760404
36.5300812236
36.5393955095
36.554868753
36.5736583941
36.5917630957
36.6293194059
36.6642367634
36.7233245721
36.7701179567
36.7813507654
36.7876382917
36.8234231656
36.8669973037
36.880113585
36.9007980327
36.9617576921
36.9737623585
37.0498149079
37.0861402003
37.1439480628
37.2150237956
37.2314583261
37.2364290652
37.2409648726
37.2544884598
37.2594554231
37.2859556695
37.302989677
37.3947551892
37.4069158031
37.4937273644
37.5530307308
37.5792214251
37.605276185
37.6197343964
37.641229481
37.654456357
37.7195144554
37.7313608898
37.7695472973
37.7818023137
37.9076328003
37.9495372811
37.9586534117
37.9955903469
38.0089861099
38.0233477358
38.0443217754
38.0592204303
38.1319161927
38.1594428175
38.1682269137
38.2044362647
38.2765882236
38.3093168341
38.3416712289
38.4399555031
38.4707117284
38.4932192428
38.5765563646
38.5818662819
38.5912168215
38.6106341285
38.6271706609
38.6493975934
38.6723983872
38.6856836712
38.7051043704
38.7182187018
38.7297221671
38.7387320072
38.7430419648
38.775941941
38.7821049911
38.8029149302
38.8234657968
38.9903416038
39.0194856215
39.0366146863
39.0433793287
39.0654610509
39.1045599539
39.1541468922
39.1684199199
39.1975382811
39.2355251707
39.2719217391
39.2989830395
39.3273686001
39.339906795
39.3732861404
39.4239221497
39.4660252912
39.4976493563
39.5209084666
39.5741402283
39.6170921536
39.6258635338
39.6357762891
39.6518344142
39.6593090967
39.6681364799
39.678519471
39.6943789841
39.7056496844
39.7366751852
39.7420750809
39.7470396472
39.7579058828
39.99883257
40.0033978972
40.0334903784
40.0490278765
40.067790399
40.07249181
40.0854668243
40.1175487755
40.1298279756
40.1889536307
40.2154749416
40.2479854465
40.2646029602
40.283956487
40.3208045317
40.3334985632
40.4057360127
40.4255638955
40.4532711637
40.498122359
40.5153867426
40.5297615951
40.5654893769
40.5785143272
40.5911751706
40.6014597858
40.6732754739
40.7192447938
40.8101095506
40.8195160137
40.8261190794
40.8441732044
40.8516375912
40.8596450285
40.8660809475
40.8776127255
40.9043661375
40.9184940563
40.9219586325
40.9364097902
40.9465341014
40.9549801318
40.9675513352
40.9765249562
40.9828032625
41.0000823647
41.0094052552
41.0185915727
41.0367147794
41.0579492017
41.107251485
41.1129844497
41.1514205211
41.1672698365
41.1852875508
41.1940212501
41.2112626068
41.278212941
41.3175725175
41.3392111789
41.356993573
41.3980538266
41.4171845816
41.4680289317
41.5343454642
41.6390527266
41.6713549474
41.6886368677
41.7294179241
41.7670163757
41.7993910297
41.8791931898
41.9267318269
41.9746316434
42.0075265604
42.0116150902
42.0249804636
42.0391682797
42.094127364
42.1053641926
42.117811234
42.1346341988
42.1403835582
42.1559548899
42.1724255299
42.1795750003
42.1916119998
42.1984626646
42.2045723325
42.2088139807
42.2550931884
42.2646301725
42.2740956175
42.2952086756
42.3136352514
42.3363369135
42.3660910189
42.3935452135
42.4656320764
42.4756462706
42.4850980612
42.4973663742
42.5109309346
42.537937938
42.5961811793
42.6441619093
42.6518035237
42.6886794549
42.7408294493
42.7572262399
42.7635251342
42.8025356652
42.8461460623
42.878815668
42.9119270559
43.0407849804
43.0830156603
43.1265683764
43.1414543832
43.1895314124
43.2101471152
43.2178709542
43.2239036573
43.2556916943
43.2683718147
43.2788551275
43.2835260141
43.3474349314
43.3689674347
43.3866309484
43.4191234313
43.4657075845
43.4881366911
43.5073941551
43.528119535
43.5355372229
43.5443613876
43.5546077438
43.5666448588
43.5927438289
43.5993236961
43.6144337935
43.6388207832
43.740192285
43.7495091408
43.7583111834
43.7700029717
43.8746912497
43.9062480275
43.9424411342
43.9883434104
44.0104903379
44.0215292515
44.0350503513
44.0618333418
44.0760833917
44.1272049075
44.2664316701
44.2914987261
44.3105825316
44.3715880422
44.4121533491
44.4196332583
44.4276647625
44.4828532768
44.5187314114
44.5419403069
44.643168543
44.656139288
44.6681811336
44.6845545116
44.7240232601
44.7543391211
44.7608789701
44.7862989611
44.8126148984
44.8381402659
44.8567958443
44.8739025583
44.8772583945
44.8882576741
44.8994648674
44.970096789
44.9849423394
44.9941753649
45.0061205491
45.0159587741
45.0616262213
45.1105283439
45.1268054678
45.1664716987
45.1957762078
45.2345807986
45.2629876701
45.2841291679
45.3204948781
45.349343678
45.3781693475
45.4463315275
45.4644861886
45.4883421316
45.5363180638
45.5428841052
45.5583671577
45.5791974761
45.5997740247
45.6085829167
45.6126101626
45.6249905945
45.6312062982
45.6409540507
45.656417655
45.6763424554
45.685266022
45.7180813348
45.7350302751
45.7596125684
46.8143825516
46.8189466195
46.8310729605
46.8407467715
46.8476448822
46.8537715977
46.8674700826
46.8864652759
46.8991753166
46.9172447934
46.9342513255
46.9594561626
46.9729447085
46.9859198901
47.0158450138
47.0240287664
47.0536555502
47.0572391095
47.0821427993
47.1083438236
47.1218705324
47.1263489654
47.1471441577
47.1551316472
47.1696140858
47.1799082568
47.1846008861
47.2075875981
47.2461266711
47.2796560529
47.3394193255
47.4126699171
47.4448889567
47.472092015
47.4871924642
47.5305738542
47.5985184481
47.6267018649
47.9375179404
48.0083395312
48.0231242326
48.0384543096
48.0554401619
48.0689900503
48.0831563635
48.0894065795
48.0944071766
48.1019416348
48.1061450981
48.1304512413
48.152624708
48.171793974
48.1812490385
48.1871842864
48.2007933655
48.2142627981
48.2347732113
48.2387985431
48.2709698872
48.2817454155
48.2934373233
48.3087754224
48.3262213623
48.3338975798
48.3566469976
48.3906233156
48.413771746
48.4351934303
48.4469986196
48.4673178003
48.4993139273
48.5256300923
48.5496218889
48.5856257817
48.5948388073
48.6338413215
48.6422699484
48.6667561746
48.6781761519
48.6918684275
48.7017607579
48.7780337957
48.9041606869
48.9347978525
48.9819300951
49.0037601527
49.0336730738
49.0861947837
49.1610660325
49.1783331151
49.2414573887
49.2463935454
49.2621053957
49.2703711459
49.273942665
49.2779168892
49.3242779052
49.3441090309
49.3489756342
49.3643545409
49.3869832374
49.3930659671
49.405964213
49.4291426445
49.4467449275
49.4585552295
49.4635514795
49.4803309674
49.4943547824
49.5050180003
49.5142480373
49.5296307047
49.5368671889
49.5599730694
49.5847367344
49.592259439
49.6093695421
49.6172186688
49.6409946354
49.6622447017
49.673587888
49.6863716906
49.7060106184
49.7497478003
49.767290189
49.7875594858
49.8603781281
49.8868674632
49.912287821
50.0217894178
50.0670679796
50.0833339766
50.1110746364
50.1797641936
50.2004809976
50.2506601478
50.2797772663
50.3134602918
50.3255312034
50.3574246412
50.3999194844
50.4096633727
50.4186863607
50.4353906252
50.4435601233
50.4597861849
50.4686716928
50.4872085547
50.4998760727
50.5146082425
50.5425802671
50.5715633269
50.5981409176
50.6062074815
50.613138019
50.6746181833
50.6864203121
50.7379864539
50.7494790431
50.778296202
50.8161944354
50.8451217474
50.8546497084
50.8688639377
50.8965967111
50.9139930077
50.9207549324
50.9272521583
51.0236462159
51.0546323762
51.0779344395
51.0950332786
51.1260617346
51.1668949648
51.1799757002
51.2178933526
51.2915196562
51.3112807538
51.3422457464
51.3506504088
51.3637657241
51.3855193316
51.5836456628
51.6097798718
51.6217677731
51.6336925098
51.6411556441
51.6508200823
51.6603652652
51.6810211607
51.6929964897
51.727515571
51.7382353378
51.7817088568
51.7894824345
51.8061455779
51.8475665262
51.8602862953
51.8682656447
51.8794826262
51.8857068437
51.9013506677
51.9449523378
51.9595839231
51.9639256604
51.9814623519
52.005114383
52.1082579672
52.1552023808
52.1811201641
52.1915130038
52.1959177264
52.2256453697
52.2338379924
52.2418598103
52.3042015887
52.3234433132
52.3418631357
52.3852149797
52.4256746086
52.4485308697
52.4699071191
52.4965262797
52.5425776224
52.5665231711
52.5882976568
52.6016135012
52.6636237451
52.7375055895
52.815634297
52.8375156477
52.8458609232
52.8614015881
52.8721312219
52.8821565002
52.8958052094
52.9000005178
52.907278525
52.9154035645
52.9254205508
52.9342999152
52.9574013214
52.9738453593
52.9879028655
52.9920574876
53.0171401812
53.0224737776
53.0311502083
53.0616744033
53.067852113
53.0901735327
53.104665962
53.1122568362
53.1169701111
53.1405260387
53.1754574899
53.1951590957
53.2123392127
53.2466994149
53.2752379526
53.2908934951
53.3022260257
53.3154295842
53.3336661863
53.3789788758
53.4881563967
53.50174023
53.5284354754
53.5444834931
53.5707303687
53.5793351308
53.5950240814
53.6083442502
53.6262665693
53.7095235065
53.7718732433
53.7993171673
53.8931655733
53.9415051832
54.0082683809
54.0147625669
54.028927821
54.0357785383
54.0442774422
54.0582662817
54.079281308
54.0857468834
54.0975497477
54.1037901482
54.1168103221
54.1333588725
54.1516156157
54.1669376191
54.176720964
54.1894195506
54.2348599597
54.2421153966
54.2711977354
54.2768219788
54.2811997676
54.3056624813
54.3200026539
54.3414866528
54.3476531272
54.3562440363
54.3688554778
54.3859624424
54.3970518301
54.4286251374
54.4442630408
54.4778772846
54.4906013865
54.5128066304
54.527126282
54.5564329693
54.5767987625
54.5827829165
54.6105137238
54.6138622531
54.6357539299
54.6506374967
54.6833981375
54.7125874185
54.7252215363
54.7408878071
54.7539719961
54.7690506225
54.7897135952
54.8137901001
54.8430337809
54.8611632977
54.8761224717
54.9064891301
54.9308539149
55.208274655
55.2179304893
55.2357073968
55.2408359887
55.2590612632
55.310871869
55.3432039021
55.3552842684
55.3609449401
55.3674290344
55.3719440997
55.3822098468
55.390034551
55.4009418423
55.4173499847
55.4247558596
55.4301296265
55.436111132
55.4558968891
55.4777505874
55.5058464465
56.4210749152
56.4373072772
56.4595504669
56.4688247947
56.4845712314
56.5002810014
56.5071167291
56.5248358237
56.5301764324
56.5350533604
56.5436162951
56.5472131739
56.5543990906
56.5585170329
56.5728010156
56.6025197161
56.6246476661
56.6293687067
56.6701935617
56.6824245363
56.6999999852
56.717241879
56.7349719597
56.7519687969
56.8056775634
56.8312054037
56.8533380161
56.8634243375
56.9045104025
56.9291108602
56.9399069349
56.9753297133
57.0030321221
57.0282399255
57.0411641969
57.0769088197
57.1077666297
57.1236788538
57.1481875328
57.1518669609
57.1818776824
57.4146555102
57.442491378
57.4627623504
57.4822558548
57.4991826267
57.5550828144
57.5836124534
57.6068700704
57.6481950431
57.6549088013
57.6735009224
57.6863365667
57.690347651
57.7337269377
57.7444146889
57.7586821597
57.7634652555
57.7772470479
57.7874042655
57.8169859144
57.8288306533
57.8408923574
57.8488217985
57.9090195355
57.9427555976
57.9667402153
57.9765860579
58.0113208623
58.0631436438
58.1086814621
58.1379528234
58.1699112206
58.2014949489
58.2080521135
58.2251050309
58.2413495725
58.2553285752
58.2695963916
58.2883162484
58.3109786633
58.3409120987
58.3702480787
58.3887549128
58.4384210986
58.8071513393
58.8156369839
58.8247007373
58.8406422598
58.8700370648
58.87604203
58.88509204
58.9248608195
58.9293580738
58.9434692861
58.9515553821
59.0371297746
59.0521702093
59.0671367525
59.086404059
59.0983629402
59.1103900847
59.1147120315
59.1208272615
59.1243955255
59.1388672654
59.1465804308
59.1617147861
59.175241821
59.2111658147
59.2285981518
59.2521493727
59.2746572713
59.2928843285
59.2999704996
59.3647660647
59.38902453
59.4296549165
59.4670013783
59.49162816
59.5117179878
59.5168685399
59.5288598455
59.5596306794
59.6901960681
59.7098857868
59.745775298
59.7917667663
59.8253867561
59.8451411282
59.9027388634
59.932719226
59.9469984286
59.9846819784
60.0074186729
60.0575959444
60.06828599
60.0722081723
60.0891780176
60.0963558398
60.1143005826
60.1343962588
60.1579029202
60.1670144162
60.3276800028
60.341071733
60.3478465737
60.3539087423
60.3706179631
60.3881421553
60.4140710194
60.4276670962
60.4422462559
60.4722623357
60.5035200091
60.5248139468
60.5296506627
60.5358501933
60.5450519112
60.5631138999
60.5680198667
60.5836250301
60.6067662799
60.6893286689
60.7107757659
60.7411283407
60.7446295343
60.7812950145
60.7969948319
60.8159771143
60.868891671
60.9261538707
60.9457060543
60.9986495104
61.2245469111
61.2306316807
61.2388476221
61.2486253701
61.2758136802
61.3006074651
61.3094332145
61.3153539508
61.3281623631
61.3463325343
61.3628815744
61.3779880461
61.3910021732
61.3979501392
61.4171351844
61.426129478
61.4316489137
61.4386248241
61.4494990407
61.4625554762
61.4714857822
61.4786387349
61.4855536901
61.4975758413
61.5127880512
61.5312093488
61.5436906661
61.5535418087
61.5779119469
61.5965940847
61.6032703557
61.6227798728
61.6307176715
61.6519508704
61.6712892647
61.6894771115
61.7248781621
61.739784524
61.7729957357
61.7980733699
61.8064492266
61.9715976705
61.9899239402
62.0116457782
62.0248368096
62.0282896657
62.0715104502
62.1024675929
62.1575742451
62.1658163792
62.1860584321
62.1968428604
62.2276077466
62.3854129972
62.4131170327
62.4200609757
62.4249609994
62.4344404085
62.4507867407
62.4578411747
62.476481476
62.4902933549
62.4984002422
62.5093412339
62.5476035225
62.564409725
62.6053501267
62.6151450656
62.627407397
62.6503498381
62.6697345302
62.6788931539
62.7528416123
62.7676376697
62.7780475924
62.7889502432
62.7977515743
62.8212160836
62.8339930999
63.0995286876
63.1053431581
63.1146351427
63.1401339426
63.1662650633
63.1906109777
63.2231382161
63.4780333296
63.4873060899
63.5306784289
63.6154577265
63.641229328
63.6615443241
63.6675045812
63.6765424814
63.693347373
63.7107721638
63.7194647763
63.7295022268
63.7928704023
63.8119008038
63.8263457257
63.8301516539
63.8501264974
63.8630515011
63.8673418107
63.888711543
63.8924352867
63.9120553062
63.9325357312
63.9444800181
63.968237103
64.0719314929
64.0866784028
64.0938703342
64.1156370055
64.1330787857
64.1425591683
64.1797026616
64.2184573406
64.2392048083
64.2440370219
64.2641079577
64.2940670072
64.3029580019
64.329189383
64.3500952269
64.3681902419
64.3981978439
64.598741347
64.6133866663
64.8839244117
64.8896317581
64.9041920282
64.9114374877
64.9197238154
64.9552850288
64.979417437
64.9854323997
64.990776923
65.0009954574
65.0553814627
65.0629075045
65.0709152881
65.0834085253
65.1709224337
65.1761414111
65.5012481979
65.5098086903
65.5220093631
65.5492054542
65.5696077994
65.579390826
65.6031039753
65.6191874699
65.653783513
65.6597171169
65.7162967465
66.1381922225
66.151989049
66.1632847165
66.1727779805
66.1857580615
66.2007637819
66.2100940866
66.213653349
66.2263227162
66.250471048
66.2551957137
66.2769422169
66.3011471484
66.3142512839
66.3280212631
66.3648839588
66.3838032219
66.3902703539
66.4132095377
66.4205326799
66.4496361987
66.4684429062
66.4733684653
66.4947270182
66.5240703358
66.5690741404
66.604774528
66.6199252223
66.6439913416
66.6588355528
66.6759353715
66.7092426691
66.7491586578
67.0208079279
67.0465578311
67.0893002626
67.1404523126
67.1897200793
67.207065263
67.2210001892
67.2406211282
67.2480856923
67.2702158937
67.4090869822
67.4249444198
67.4533918158
67.469778581
67.4862409843
67.5065277312
67.5156061995
67.5529325173
67.5745480732
67.5807795575
67.6016049739
67.6062593069
67.6164356964
67.6300619829
67.6484178616
67.665154072
67.6945635827
67.7027865655
67.7944783656
67.8227452995
67.8386850836
67.8600182466
67.88171359
67.90238146
67.9101599914
67.9192128143
67.9350731365
67.9605783531
67.9913942976
68.0270611015
68.0402685192
68.0720450179
68.0875372154
68.105936432
68.1294713976
68.1328715097
68.1552564588
68.1705427028
68.4054383768
68.4096882998
68.426872967
68.4335132763
68.4588510792
68.4670867842
68.4789246331
68.4920785068
68.5005177168
68.5120972277
68.5193137541
68.525313916
68.5292953855
68.540635793
68.5575212558
68.5737253604
68.591616249
68.6077000129
68.6276970293
68.6560289119
68.6824196772
68.7119559154
68.7332943711
68.7418176543
68.750853553
68.7672095943
68.7981126544
68.8095008263
68.8300216058
68.8501911156
68.8554664734
68.8871372095
68.9253519547
68.9487681639
68.9589925372
68.9724634229
68.9934377622
69.02682772
69.0589965286
69.0790700076
69.1016930015
69.1298076654
69.2431180109
69.2501031373
69.2580316562
69.3037162252
69.3201895446
69.3506411066
69.458489269
69.4778220844
69.5007162889
69.5197317589
69.6147367493
69.6270419608
69.6323551796
69.7477851544
69.7596149358
69.7735363648
69.7771940356
69.7904783092
69.8074719817
69.8200320834
69.8335813522
69.8380548911
69.9297774988
69.949366968
70.0020041321
70.0226695459
70.0755968409
70.0829856839
70.1140347123
70.1484153645
70.2082771531
70.2143133251
70.238778063
70.2694754769
70.281617011
70.2952317427
70.3420023678
70.3504475551
70.3900198619
70.4690827782
70.4772570769
70.5151482957
70.521675573
70.6695621022
70.6805182761
70.714190296
70.7205096796
70.738892279
70.7426761829
70.7756985875
70.807487292
70.8130688644
70.8173677391
70.825165801
70.8924216255
70.9046690599
70.911812629
70.9167771016
70.9272495298
70.9324466694
70.9415220057
70.9681076943
70.9754498175
70.9823412668
70.9962632911
70.9997601061
71.0152817783
71.024089954
71.0301129211
71.0833217821
71.0931913762
71.1441937768
71.1601740145
71.1707528026
71.1867516893
71.2003907616
71.2128699566
71.3531760516
71.3861115639
71.4045233285
71.4186733801
71.5887758291
71.6156795207
71.6287491738
71.64468249
71.6644383909
71.6970032333
71.7147986406
71.7342805249
71.7673627134
71.8061033362
71.815660902
71.8397310895
71.8863988464
71.9060638149
71.9249869518
71.9509780016
72.0936299458
72.1141863716
72.1231652335
72.1454452609
72.1504691103
72.1655561743
72.1727418216
72.186624068
72.1955642033
72.2043226585
72.2128921538
72.2216004529
72.2413326987
72.2625252196
72.2851833258
72.2901643867
72.3039555206
72.3214602367
72.3380171448
72.4296751665
72.4486239063
72.485018675
73.20400542
73.2135300557
73.2211656761
73.2937470829
73.3037570983
73.3237033775
73.3362098034
73.3471941371
73.3689722225
73.3795807538
73.3834528006
73.4011102318
73.4068889565
73.4295712657
73.4365540644
73.4568278672
73.513565892
73.5376527164
73.5525788139
73.5703343736
73.5788058178
73.5845346051
73.609012036
73.6159207006
73.6399418922
73.6579029051
73.6675009594
73.7096063298
73.7201908212
73.9255096723
73.9344525228
73.9479042345
73.9625934779
73.9796187794
74.0251804642
74.0314386056
74.0463087146
74.0629731082
74.1214152226
74.1380431616
74.1577675862
74.2362292242
74.2829238567
74.6410684358
74.7358446283
74.7514550104
74.7610421774
74.8228157268
74.8334156174
74.85648437
74.9906182818
75.0851424775
75.1142985244
75.1368817666
75.1492590592
75.1830930003
75.1992584039
75.2580054739
75.2763184387
75.3119759577
75.3348448774
75.3917839814
75.4400217119
75.4973916114
75.5233033981
75.5673003294
75.6108798816
75.615614838
75.6288332939
75.6357171492
75.6469356451
75.6691080406
75.6846099709
75.7108693111
75.7142605508
75.7282503548
75.7638060862
75.7771506744
75.7943103827
75.8187155358
75.8313321979
75.8358000283
75.8466818244
75.8669267412
75.8765423423
75.8861448565
75.8937225903
75.9144235732
75.927875314
75.9516950741
75.9616603055
76.2603843563
76.2915819893
76.3057971219
76.3277616583
76.3321125006
76.3389479908
76.3674786996
76.3859632589
76.432877895
76.4649104831
76.4979011712
76.5220125968
76.5407125063
76.5758394482
76.600549701
76.6144383251
76.8110161595
76.8190140992
76.8275016103
76.8411582702
76.8707287221
76.8819827767
76.8966006027
76.9071768219
76.9270571318
76.9405001049
76.947589028
76.9764110396
76.9969468508
77.0010738885
77.0100345675
77.0205285391
77.0257502617
77.0400908301
77.0510354338
77.0586759313
77.0651661881
77.09420646
77.104548328
77.1163839995
77.140649606
77.1491361953
77.153820687
77.2251025604
77.2432824073
77.2791695751
77.2871227557
77.3151052816
77.3198598334
77.3309133376
77.3536103759
77.3789076537
77.4166446185
77.433000429
77.4482563708
77.4780592161
77.4887542442
77.5111909777
77.6841283367
77.7271098118
77.7991256106
77.8205997785
77.8436179596
77.8722209431
77.9588227742
2400
