6.0125265047
6.0184298755
6.02771477398
6.04206811734
6.05701185241
6.09188078059
6.0964169528
6.11412306769
6.40977294823
6.42245023881
6.45499435288
6.46812762082
6.49395791104
6.51119835245
6.54193023943
6.57208645816
6.60178415526
6.62456069465
6.66575609194
6.69554841628
6.73270574776
6.9106542259
6.94735748964
6.95125270276
6.99895174491
7.02515524375
7.03635424385
7.09017461553
7.10849567216
7.18123041087
7.20630576662
7.21963611412
7.22863987743
7.23346734961
7.24928651252
7.26469245751
7.28644093185
7.2923828877
7.31434947541
7.33281398624
7.33856976609
7.34956272445
7.41473478461
7.43315489123
7.44033301569
7.46028543319
7.47912585207
7.56542878404
7.57692932275
7.58932661064
7.60224206966
7.62948737367
7.68228692045
7.70321204611
7.71562010987
7.73464189569
7.75766298828
7.78187195299
7.81176008182
7.81946466277
7.84431634849
7.91107943996
7.95954619992
8.00864598394
8.04104045368
8.12153218091
8.28777346354
8.30681869073
8.32718035499
8.3666533596
8.38004785016
8.40437232175
8.42789446235
8.43643628531
8.45943003666
8.47597950464
8.48918363075
8.50465018127
8.52244814078
8.53319672639
8.53855221953
8.56398507132
8.57556772736
8.60036005362
8.62017254333
8.62748178787
8.647097501
8.6941060678
8.70522891018
9.04391545986
9.06394782703
9.26145026184
9.30002066159
9.34998524385
9.37583320178
9.39810245215
9.40871186015
9.44215229941
9.49645684016
9.56125380424
9.59630123005
9.62017416787
9.63946420098
9.70990786576
9.71397360772
9.73710928447
9.75487084278
9.76463181514
9.78189727307
9.78596552989
9.80395871717
9.81035933221
9.82100124965
9.88030550403
9.89379448243
9.94584838019
9.95014669836
9.95383778111
9.9577201016
10.0080634328
10.0409998763
10.0788735246
10.1506743676
10.1694939912
10.213831314
10.2296699173
10.2448898892
10.2946590783
10.3134098994
10.3516010448
10.3652008776
10.4177974659
10.4478891372
10.4730776399
10.4928153031
10.525913573
10.5746977515
10.6053335672
10.6112779967
10.6585074576
10.6940760953
10.7250355175
10.7596767277
10.804799913
10.8140873194
10.8198997386
10.8269513208
10.8496133995
10.8569929612
10.8704458912
10.8757941026
10.88907437
10.90159493
10.9146867046
11.0202806944
11.030951935
11.0415975924
11.0528138061
11.0649079244
11.0743596183
11.0927312565
11.1171916732
11.1333883962
11.1482716535
11.1684418371
11.1814044736
11.1967110385
11.3846370815
11.4036166893
11.6372206302
11.687368623
11.7002716991
11.7502612768
11.778654348
11.804836933
11.8473083512
11.8779071007
11.9553007501
12.0054688878
12.0354675826
12.0462222773
12.0823802343
12.0871349754
12.0947601953
12.1284545527
12.1410713146
12.1664639177
12.1849947671
12.2048733406
12.2252938061
12.2467012879
12.2546439095
12.2661720844
12.2761595384
12.2950180861
12.4128334854
12.4268982037
12.4452618373
12.4812064423
12.4959992508
12.5167765466
12.5236055715
12.5282970726
12.5438560714
12.5552719604
12.6104868551
12.6242677124
12.6841939459
12.6876529485
12.7302190994
12.7579682845
12.7792297758
12.8102336162
12.8577622364
12.9013100813
12.915878733
12.9310966352
13.0064746258
13.0543226634
13.1091733641
13.1696287006
13.1798312561
13.1990925533
13.5854774242
13.6024722563
13.6213574431
13.6505456309
13.6738126079
13.6956764199
13.7296187301
13.7332102526
13.7596855423
13.7908891624
13.8235297482
13.8316841194
13.8433451086
13.8526209302
13.861915407
13.8787115943
13.9121302749
13.950012888
14.394109162
14.4099817192
14.4299454355
14.4381908295
14.4455363739
14.4598026678
14.4757625909
14.4978820044
14.5041207214
14.5241046959
14.548035613
14.5523957733
14.5667265062
14.5827912651
14.5974652514
14.6133689576
14.6375857299
14.656141985
14.6650292525
14.6794648012
14.6979370077
14.7144138937
14.7315660201
14.741455745
14.7878233701
14.8137812553
14.8293124154
14.8420236088
14.8625749298
14.8784855131
14.9074692879
14.9340154379
14.9484794104
14.9547265328
14.9985385198
15.0208948093
15.06271164
15.0690349199
15.1092524456
15.1472207312
15.1654104176
15.2106746056
15.2228087906
15.2386863815
15.2577057845
15.3159301008
15.3429436997
15.3563635302
15.4210337949
15.4418606756
15.460058725
15.4937836173
15.5125305667
15.5294899924
15.5962378519
15.6215592298
15.629446288
15.6345537204
15.6425403764
15.6506807847
15.6679363568
15.6972537469
15.7149131464
15.7386363972
15.7464470102
15.750953397
15.759822275
15.7665963284
15.7844374689
15.7981461801
15.8080962249
15.8212209091
15.8307524983
15.8395176861
15.8626743762
15.867979547
15.8873514995
15.9174686635
15.924797942
15.935904958
15.9547216469
15.9752636187
16.0001346376
16.0269264292
16.0545895362
16.0716719402
16.1004808732
16.1278785334
16.1317971811
16.1529155772
16.160367832
16.2191814285
16.2504097218
16.2908159454
16.3490065193
16.3575724612
16.3852998828
16.4250203016
16.4917615831
16.5208075789
16.5388895984
16.5711162274
16.6042106395
16.6447769402
16.6901690974
16.7487460876
16.813362775
16.826732862
16.8370291649
16.8439530298
16.8487192996
16.8649179
16.8887528841
16.9021412594
16.9145399064
16.9236209664
16.946474867
16.9559596857
16.9739837708
16.9933611549
17.0041684861
17.0231061671
17.0888234868
17.1108319059
17.1347987537
17.1725133279
17.1857208052
17.1928405418
17.2153953508
17.2375904498
17.2603452698
17.2697544598
17.301984905
17.3343477264
17.3520379655
17.3907593693
17.4008727236
17.4446323998
17.4695984096
17.5101035055
17.5480338946
17.5792062925
17.6233929895
17.6344469528
17.6733971382
17.6923535573
17.7533436823
17.7938108304
17.872937775
17.8933229655
17.9269187413
18.0216636563
18.038155261
18.0502526095
18.1174185871
18.1267664969
18.136126523
18.1448029599
18.1735405987
18.188859485
18.1964010642
18.2120435783
18.2262407674
18.2319937081
18.2718814571
18.2867326949
18.369529993
18.3848316581
18.4045394329
18.4091685867
18.4350259121
18.4728228085
18.480698715
18.5240515874
18.537640589
18.5594721963
18.5712419531
18.5832483389
18.5986579411
18.6082056934
18.6249770553
18.667121933
18.6963291117
18.7138821762
18.7297126735
18.7627253867
18.8197712293
18.8427201345
18.8462644307
18.89930418
18.9483237706
18.9743862445
18.9937404264
19.0405700561
19.096605064
19.1128110686
19.1186723331
19.1428194523
19.1644499585
19.206678655
19.2179222155
19.2411305875
19.2483895121
19.2620719898
19.2817760514
19.3641323352
19.3716587645
19.3994968897
19.4138305112
19.7239015312
19.746786514
19.7602067087
19.7789934841
19.7843199875
19.8060757797
19.8151358089
19.8371913644
19.8581226176
19.8798955669
20.028169415
20.0971086877
20.1230455556
20.1339188064
20.1775347596
20.2370090329
20.2637746676
20.406114816
20.4229224699
20.4274845372
20.5932829743
20.5992072823
20.6827547111
20.698645032
20.7034329644
20.7277744106
20.7507338299
20.7995200769
20.8219381086
20.8792604151
21.1547976819
21.1687175948
21.2091515508
21.2463589333
21.2670281845
21.2830641223
21.3023248271
21.369593485
21.4127501878
21.4557475585
21.468849703
21.5359241834
21.6153596481
21.6304757321
22.8066465782
22.8339675825
22.8658432193
22.8914224231
22.9104694519
22.9337954095
22.9446670025
22.9552799346
22.9706945219
22.9798376431
22.9897663769
23.0282327459
23.1177329353
23.1220479333
23.1695574736
23.1900460045
23.1947067011
23.2312231462
23.245983169
23.2677151093
23.2891551644
23.3002378738
23.3137908771
23.3215307731
23.3263631859
23.3655589732
23.4060846573
23.4567071837
23.4892383883
23.5939464387
23.6257182891
23.649180343
23.6665616535
23.6922254854
23.7198022
23.7445188505
23.7743002088
23.8133658524
23.8502414154
23.8725828072
23.8760660888
23.9430940961
23.9944752984
24.0272816982
24.3771428015
24.3815062513
24.4109142461
24.4186901246
24.4370747896
24.4487802704
24.4897544225
24.5169923426
24.5504930828
24.5719786772
24.5997352077
24.6291125482
25.2526573141
25.2660525758
25.274613473
25.3040932482
25.3075589525
25.3162886446
25.3330425535
25.351768494
25.3754062384
25.3834138074
25.4071610825
25.4209725676
25.436129735
25.4438009316
25.4545855665
25.4587549561
25.4830793747
25.5132807814
25.536290501
25.6389752001
25.8177527289
25.899735532
25.9190160777
25.936900063
25.977184889
26.0200726393
26.0397476024
26.0785054022
26.0977290188
26.1303827324
26.1598844393
26.1928925348
26.2196709454
26.2404580923
26.2883658651
26.332757954
26.3787993964
26.3990628938
26.4072797986
26.4126120792
26.4174552854
26.4333513488
26.4452470007
26.4553353672
26.4709793162
26.4861312239
26.4930699973
26.5029915828
26.5211247099
26.5371141496
26.5510029269
26.5614258333
26.5766723794
26.5908566652
26.612363368
27.1123928159
27.1287961909
27.1498747716
27.1604873356
27.2265591757
27.2367211795
27.2650333842
27.2776960082
27.3010509214
27.3135723269
27.3450208126
27.398216254
27.4693541778
27.5328472714
27.5867604378
27.6037495291
27.6460092361
27.6582348096
27.6758782943
27.684007964
27.6933088196
27.7000912471
27.7394692621
27.7475719342
27.7690607733
27.7892721129
27.9106216238
27.9461733427
27.968580221
27.9826736424
28.0008801942
28.0367395645
28.0559762976
28.0765967726
28.099906346
28.1333663159
28.1504304328
28.1623014031
28.1769100192
28.1854592118
28.2144817444
28.2236568113
28.3638638677
28.3881364013
28.4023724888
28.4774265053
28.4902391144
28.5054846826
28.5394617901
28.6781450494
28.7384178318
28.7691499568
28.8102423858
28.8172150917
28.8288328856
28.8395989118
28.9154885817
28.9395840068
28.9548360679
28.9583043127
28.9909232775
29.0107656595
29.076774088
29.0852505709
29.1238291692
29.1499613806
29.1669311123
29.2058845788
29.2436556069
29.2773373556
29.2943053846
29.3185263184
29.6306630006
29.6800202039
29.7034171007
29.7231881463
29.7426011418
29.7588787523
29.7767549421
29.791903387
29.8348421601
29.8554813727
29.8874983486
29.9394650991
29.9938645721
30.0375845609
30.0495212672
30.0588908285
30.1201777214
30.1266557849
30.1312810066
30.1440187768
31.203580333
31.2167709002
31.2255078281
31.2354846751
31.2479457066
31.2555948705
31.2663580186
31.2804435025
31.2914359066
31.2962486359
31.3044920547
31.315202178
31.3200710791
31.3458177952
31.3548785226
31.3743052114
31.3898303046
31.399426791
31.4175955801
31.43227033
31.4388172729
31.4441525436
31.464156793
31.4741622679
31.4879620387
31.5132379956
31.5361102897
31.6053514709
31.6193458106
31.6335342353
31.7662474607
31.8170887371
31.8794661868
31.8878791475
31.9014997202
31.9229802694
31.953569954
32.0095977148
32.0502460028
32.0945367874
32.153570447
32.2242734205
32.2613401623
32.2924104614
32.2996458259
32.3126212149
32.3695211265
32.4066036988
32.4245686573
32.4335204203
32.4496989919
32.4550452343
32.4723750627
32.48806767
32.7521812923
32.7682598499
32.7913165676
32.7981882457
32.8048278329
32.8107945165
32.8310972704
32.8555752609
33.1721675842
33.1996829457
33.2082439937
33.2872930612
33.3056670636
33.3383194703
33.3813631625
33.6139209491
33.6310472289
33.6396991505
33.6899608975
33.693516948
33.704062118
33.7094777228
33.7269510957
33.7547559961
33.7656067981
33.777621578
33.7825218903
33.8076755764
33.8971635698
33.9336278424
33.9539605613
33.9741685286
33.9873095265
34.0031698959
34.0187779427
34.0850367105
34.1093335524
34.2279423181
34.2762555239
34.3142970095
34.3559227008
34.3935454625
34.4420654008
34.4799658016
34.492698775
34.5154056027
34.5695966809
34.754114895
34.8201241972
34.8274813445
34.8312529666
34.8404068952
34.8551134638
34.8598071483
34.870673935
34.9571566775
34.9639563636
34.9884259685
34.9999584992
35.0060081118
35.0257189198
35.0452273017
35.0559391989
35.0799209303
35.1072985829
35.1279665178
35.2041705624
35.2157192394
35.2389837748
35.2430116355
35.2613260925
35.2868302637
35.3055607407
35.3338321205
35.347652919
35.3745110217
35.507122264
35.6324560344
35.660927157
35.7263686859
35.7828648694
35.8749691789
35.9423573391
36.0250057539
36.0404703908
36.0596697004
36.1247195122
36.2234680761
36.2303602459
36.2368410216
36.2532061644
36.2782310402
36.2818566278
36.313520771
36.3207185754
36.3323548773
36.3600063094
36.3736189426
36.4048214232
36.4312010232
36.4607962203
36.4854045662
36.5299951782
36.5397869189
36.550496354
36.5850452667
36.613023266
36.6342521814
36.6421002401
36.6670986839
36.6958973273
36.7127252227
36.7427026589
36.7676302032
36.7800223039
36.7960366967
36.8565233377
36.9184333428
37.2080826713
37.2159060804
37.254519831
37.2579781709
37.2731076229
37.2882663
37.3031864997
37.3198163415
37.3314877554
37.3385145703
37.3476713382
37.3597802679
37.3729283591
37.3831141221
37.3932164515
37.4371158827
37.4637226616
37.4932452488
37.541036118
37.5535774878
37.5604659131
37.5769766826
37.6592148697
37.6825691304
37.6943110889
37.7121244653
37.7159569115
37.7428096433
37.7827115417
37.8108203523
37.876028166
37.9316192778
37.959120393
37.9807814527
38.0167538245
38.0314574463
38.0786335443
38.0823575781
38.0901251933
38.1409080933
38.2138969851
38.3449274422
38.3905793727
38.4050231286
38.4104751538
38.4191552198
38.4230336767
38.4355142037
38.4512619457
38.463720257
38.4730614513
38.4799795255
38.4862621246
38.4939574813
38.50844484
38.5243322329
38.5455123522
38.7406391906
38.7603218676
38.8341719832
38.9244477721
38.9394043805
39.004272822
39.0475335103
39.0885322055
39.1273120275
39.1678981001
39.2151436284
39.2783856965
39.3375730732
39.3758103139
39.4179168875
39.4337404303
39.61104243
39.6194790172
39.6373966848
39.6517812533
39.6671755118
39.683473142
39.7300568283
39.7473892139
39.7545409367
39.7681516789
39.7874741225
39.7990038291
39.8247614681
39.8367115196
39.8525277024
39.8688388257
39.875920066
39.89313345
39.9173068271
39.9467721951
39.9614194219
40.027231819
40.0505346633
40.0697920625
40.0923654411
40.1204460914
40.144429661
40.192187753
40.3175525385
40.3356527115
40.3592970744
40.3741290105
40.4055138776
40.4988239605
40.5239351668
40.5273167762
40.6064567218
40.665471491
40.6843567839
40.7524295565
40.7785431268
40.8137400013
40.8383597573
40.8435732436
40.8824560561
40.8869908126
40.8923696821
40.9018155729
40.9222781952
40.9352331571
40.9429434323
40.9543099247
40.9902944379
40.9994822632
41.0048382324
41.0281174891
41.0465338677
41.054360575
41.0747095558
41.0847186196
41.093307616
41.1098481207
41.114225128
41.1297827656
41.1550273057
41.1723014517
41.1951819832
41.2009955781
41.211443711
41.2240172173
41.2377855232
41.9778978899
42.0539521029
42.070230116
42.0753098585
42.0871045349
42.0935900579
42.0994570063
42.129972234
42.1440614048
42.1488955366
42.1857929329
42.2067906865
42.2128870321
42.2257506483
42.2479217467
42.2725865454
42.2893337343
42.3115778221
42.3242189918
42.3498831092
42.3597417967
42.3829364767
42.3959044753
42.4048492907
42.4167249256
42.4488837553
42.4920363963
42.5103710618
42.5348361444
42.5650120987
42.5853071719
42.6132596527
42.62313731
42.6372721277
42.6474371474
42.6879292464
42.7260375972
42.757524327
42.7777599847
42.7944921319
42.8174929708
42.8273630763
42.857429878
42.8702887762
42.8830740649
42.9157700902
42.9728047999
43.0110804286
43.0208040958
43.0408699523
43.0719009512
43.0921907214
43.1762299639
43.188726494
43.2338489646
43.2477721673
43.2532574191
43.2672267663
43.2775954956
43.2913620219
43.3022156842
43.3212847194
43.3371074463
43.354619792
43.3724018658
43.3916261333
43.4059563789
43.4122058239
43.4238418221
43.4316575825
43.5609953595
43.5793425955
43.59088162
43.6196655504
43.626704781
43.6546540309
43.7537004552
43.7638214699
43.8125066109
43.8269067224
44.4104307157
44.4241356643
44.4338705949
44.451120985
44.4621758149
44.4782270874
44.4836064749
44.4955426194
44.5059917281
44.5196215912
44.5296910036
44.5351443338
44.5409097524
44.5814719945
44.5887728638
44.5991603035
44.603119196
44.6198479503
44.6276657287
44.6464445377
44.6603125562
44.6705240558
44.681945732
44.6920473141
44.7070225528
44.7283421626
44.7482045161
44.76469589
44.7874172021
44.795227819
44.8161862065
44.8197055767
44.8300674936
44.8579067731
44.8616532999
44.8920047791
44.9164844822
44.9363288974
44.9769890915
45.001113769
45.0291667549
45.0360302491
45.057273063
45.0697428952
45.0788704122
45.0894021209
45.1100911131
45.1465390114
45.251688754
45.2796400658
45.3106238598
45.3252053505
45.3661673392
45.4332909127
45.5390413004
45.5686508897
45.5768083999
45.6046304888
45.617180688
45.6313454791
45.6426537145
45.6568038675
45.698095228
45.7052037843
45.7241079888
45.7341165066
45.7578933937
45.7958267165
45.8390161627
45.8444228112
45.8565578173
45.8670855696
46.8034199847
46.8077624776
46.8236179027
46.8314720221
46.8375184619
46.8447595634
46.8518492418
46.8973550673
46.9047436999
46.9101093393
46.9360809268
46.9483291456
46.9582548201
47.0049491663
47.0124496616
47.0212444843
47.0291712674
47.0472373252
47.0582277866
47.0715931114
47.0922163741
47.1272292046
47.1392332452
47.168464354
47.1833789787
47.2216299611
47.2447775015
47.2535585994
47.2699958215
47.298610306
47.3093749842
47.3274992834
47.5306013557
47.6277849998
48.0035440685
48.0184999617
48.0270785233
48.0324747719
48.0507619497
48.0664387856
48.074543915
48.0886912779
48.0966201072
48.100669907
48.1064016374
48.1156553779
48.1337035331
48.1446698232
48.1501568659
48.1696428978
48.1973502473
48.2929864041
48.330992958
48.4260995065
48.469878503
48.4831488743
48.4934642806
48.4974355176
48.5253374065
48.5933479279
48.8919977327
49.104832727
49.1405440893
49.1754607428
49.2087333639
49.2184827362
49.2230955208
49.2391921915
49.2447750162
49.2496802579
49.2629940153
49.2732223017
49.2936540205
49.3002779226
49.3155994407
49.3294285222
49.3388298285
49.3429359425
49.3521411471
49.3713147977
49.3789729417
49.384553669
49.4033602394
49.442606219
49.4681652589
49.4809458246
49.4884016985
49.5014969152
49.5100764122
49.5200378172
49.5251611529
49.5394276294
49.5455914392
49.566997906
49.6068076504
49.6197490453
49.6298774258
49.6419528475
49.6654274788
49.6891661334
49.736292329
49.7465607887
49.7590255895
49.7660065663
49.8049573755
49.8113511126
49.8414005827
49.9825502931
49.987390816
50.0022937774
50.0305025866
50.0769305664
50.2775515063
50.2942952858
50.3283107624
50.3495507643
50.3759799683
50.4073839775
50.4189022148
50.4305954484
50.4496824323
50.4576116218
50.4664206155
50.48286088
50.501297739
50.5092884311
50.5244525499
50.5394667377
50.5511483857
50.5569350781
50.5783886961
50.5853321442
50.5948728347
50.6079789541
50.6143606354
50.6181213491
50.6229661915
50.6461979111
50.6580904801
50.6794284311
50.6975454985
50.7177519595
50.7337523805
50.7508951063
50.7707838538
50.7775162995
50.8138156213
50.8216110951
50.8257319657
50.8484910514
50.8618094664
51.0499225141
51.0615044304
51.0721651065
51.0966696688
51.1468873145
51.1909237068
51.2352766427
51.3403059899
51.3642901183
51.4935043271
51.5175435249
51.5453728193
51.6106112259
51.6146839645
51.6298282964
51.6450231736
51.6609149832
51.6807120166
51.6934550389
51.7017846877
51.7167939096
51.7297461341
51.738278565
51.7497338798
51.7649579294
51.7691382104
52.2037121705
52.2080992139
52.240972133
52.2590344586
52.3195999258
52.357540266
52.4791844262
52.4920088037
52.5094763542
52.5350307316
52.56147302
52.5783498246
52.6029102212
52.6412419384
52.6611210596
52.7031366559
52.8047971837
52.809765622
52.8162055273
52.8264261581
52.8327261696
52.8433359913
52.8737414542
52.8905695781
52.9039747157
52.907986443
52.9168088393
52.9202287122
52.9436642788
52.9519068415
52.9657524914
52.9739376689
52.9853195104
53.1585756331
53.1637786235
53.1801823701
53.1972924438
53.2330785068
53.2463050051
53.2588207126
53.2642027993
53.2934752989
53.3102546926
53.3225531683
53.3346020661
53.3681359144
53.393640857
53.4021088445
53.5919038601
53.6097035429
53.6345252817
53.6564840701
53.6674327231
53.6870263703
53.7397927432
53.782123582
53.8047297797
53.8413768763
53.8879133079
53.9519879073
54.0084565083
54.0160897368
54.0291433804
54.0516881018
54.0794429232
54.1200105932
54.125632919
54.1290855062
54.1391365434
54.1517054626
54.1608975277
54.1678647217
54.1827865133
54.1863102956
54.2027170654
54.2120061766
54.2192622222
54.2454361951
54.2551113353
54.2933631888
54.3348214055
54.3560097651
54.3803481815
54.4387330229
54.4490741969
54.4746298397
54.4975703353
54.505200614
54.5116238912
54.5267788683
54.6123613235
54.6345929538
54.6910699159
54.7112041517
54.7321781017
54.7385192874
54.8261724873
54.8726212541
55.0267321151
55.0682734763
55.0749097358
55.086411842
55.1257826746
55.2076356662
55.2217554144
55.230848186
55.2379846169
55.2443763796
55.2588171074
55.2837296734
55.3247850431
55.3357917886
55.3476597885
55.3583789739
55.3769001685
55.4040181089
55.4581099426
55.4731002666
55.4824209887
55.5039419916
55.5328949977
55.5413303374
55.5506250546
55.5639494983
55.5782319495
55.6426629574
55.666250695
55.6868792693
55.700698192
55.7197008114
55.7283993875
55.7794998047
55.7942508564
55.8710952379
55.8805973515
55.9042693166
55.9238404066
55.9275037735
55.940797381
56.4035677553
56.414032722
56.4241143489
56.437309452
56.448719933
56.4988959998
56.513505904
56.5236496633
56.5521351938
56.5754500782
56.5838286721
56.5952197813
56.6005455743
56.7196477982
56.7269827524
56.7363272995
56.7876337578
56.8199315674
56.8280651529
56.846319879
56.8678465006
56.8846757923
56.900921676
56.9061810787
56.9232725029
56.9444868664
56.9738689898
57.5660394313
57.5717695554
57.6128150744
57.6302981748
57.6366053302
57.657779905
57.6632448091
57.6717876925
57.6756201892
57.6832730134
57.69509823
57.7052462427
57.7178696123
57.7223933067
57.7300420682
57.7434153967
57.7506188387
57.7593966293
57.8460268018
57.8552431122
57.8643743298
57.9075685252
57.9248811669
58.1324527645
58.1542240795
58.1689538333
58.2323619292
58.2906298829
58.3165840368
58.3457013984
58.3878014915
58.415991677
58.4535077033
58.511690383
58.5309752427
58.5445011722
58.584026982
58.6061730995
58.6492814571
58.7072970218
58.7299609405
58.7771761259
58.8211436833
58.8342040471
58.8387295886
58.8447235381
58.8555644751
58.8788625079
58.889261017
58.9010127382
58.9191938089
58.9726070991
58.9793471361
58.9930191229
59.0024025827
59.0268452959
59.0396323903
59.0620872119
59.076562475
59.0839698212
59.1007108053
59.10883288
59.1198852291
59.2192360792
59.22976615
59.239772798
59.2473603892
59.2635418478
59.2780259747
59.2966926875
59.4004550314
59.46149127
59.4905094105
59.5324856884
59.7434883329
59.7943465511
59.8521125623
59.9037221038
59.9457207741
59.9539986864
59.9786175354
60.0088044988
60.0202882273
60.0297313141
60.0421295168
60.0656362704
60.0773977059
60.0969225223
60.1068522911
60.1177665093
60.1311873642
60.1405055774
60.1542494235
60.1698252318
60.2091650402
60.2282465207
60.2461562488
60.262150714
60.2803921647
60.291863902
60.3028644518
60.3106503177
60.3346533808
60.3424474192
60.3626830474
60.3678537561
60.3799912803
60.3909784774
60.3979015956
60.410423474
60.4596021848
60.4663227542
60.4832921006
60.4901663285
60.497770472
60.509065627
60.5402222473
60.5454307412
60.5541586913
60.5650551679
60.6203163015
60.6958447512
60.7211541884
60.757927138
60.7886622032
60.8114286666
60.8504543906
60.8667694023
60.9004250825
60.9334532887
60.9999764173
61.0289191004
61.0757839043
61.0904002079
61.1328000966
61.138232159
61.2155476395
61.2242977611
61.2292754197
61.2455039308
61.2549969106
61.2732645128
61.3018786965
61.3283727206
61.3337850781
61.3724393287
61.3840668498
61.4073866141
61.4145482964
61.4241842864
61.4820133627
61.486840635
61.493036003
61.509320673
61.5241711198
61.5309679493
61.6268408021
61.6333252321
61.7197050394
61.7599984458
61.8214175133
61.8532351602
61.8761973821
61.8937016301
61.9270364864
62.4129174799
62.4189886127
62.4269580689
62.4338415092
62.4548713815
62.461270665
62.5369292271
62.5534379238
62.5664796317
62.5769810915
62.5893064257
62.6006343373
62.6163024603
62.624139245
62.6301428506
62.6359371189
62.6454605801
62.6519283406
62.6555288814
62.670289543
62.6994767382
62.7180184908
62.7307840454
62.7697831495
62.77458631
62.7930894069
62.8181560651
62.8238638545
62.8448793234
62.8516793162
62.869754026
62.884545944
62.9185608865
62.9472912309
62.9508336183
62.9648959781
62.9849433541
63.0081944347
63.0238745702
63.0605831852
63.101294811
63.1351343969
63.1540510693
63.1898973826
63.6089271046
63.6215908938
63.6337431189
63.6439828157
63.6485050423
63.666017529
63.6855055685
63.7069653367
63.7180023255
63.7231081135
63.7350522069
63.7544041378
63.7738484708
63.8655252444
63.8741852135
63.8846818224
63.8955433655
63.9464952461
63.9651328992
63.9747488029
64.0000284154
64.0115597209
64.0231330494
64.0472128126
64.0806196379
64.1041960517
64.1192298308
64.1352886092
64.1675713791
64.1815885498
64.2003721828
64.2094490544
64.2383761375
64.2600133213
64.3862846593
64.4227100446
64.428467989
64.7081917947
64.8095309853
64.8142936573
64.8463814382
64.8526931346
64.8663403535
64.8743524234
64.8783893648
64.890632498
64.9092124765
65.0211460573
65.0339834373
65.0684339137
65.1128251036
65.1222713577
65.17549943
65.1880694528
65.200413276
65.2125200493
65.2349830577
65.5070460622
65.5215928786
65.5537727333
65.5890474426
65.60955622
65.634190107
65.6832879901
66.0168632957
66.0266329949
66.0315094091
66.0404369843
66.0502858954
66.0626409597
66.0742494653
66.0795500368
66.101561164
66.1055056007
66.1147628319
66.1222099933
66.1263379745
66.1422293275
66.1573938085
66.1674893921
66.1786181125
66.1987957289
66.2127751694
66.2269481516
66.2783421531
66.2817258611
66.2871860543
66.2969973227
66.3043204846
66.3079114071
66.3326674047
66.3541932295
66.367758066
66.3928210476
66.4033310465
66.4100844396
66.427136563
66.4346931775
66.4931459622
66.5035693681
66.5285265647
66.547616091
66.5675796041
66.5807825967
66.6008459713
66.6210453433
66.641963658
66.656245209
66.6646062374
66.6826891464
66.6955742617
66.7072556703
67.2303128514
67.2353645687
67.2395160393
67.2445145181
67.2528771601
67.266674263
67.2736082727
67.3594344957
67.375181229
67.3848232351
67.4104764674
67.4233039803
67.4368803741
67.4540377155
67.4682533433
67.5038749782
67.5152095317
67.5255212636
67.539699204
67.5918311862
67.6274021564
67.6595392901
67.6674772843
67.6759257198
67.6882806016
67.7230211216
67.737531883
67.7635734495
67.7908803973
67.8010966375
67.8308771774
67.8397464391
67.8452681043
67.864024371
67.8960241398
67.9231936788
67.941447976
67.976926606
68.0029873385
68.0275431085
68.040689612
68.0746174377
68.0797433231
68.097323591
68.1331012779
68.1528086074
68.1598428948
68.1745019705
68.1921849102
68.2090547184
68.2240101258
68.3060237472
68.3771203247
68.4066372701
68.4186704783
68.4246386279
68.4352130779
68.4400627501
68.452680675
68.4628807634
68.4812369686
68.4955392471
68.5021098149
68.5090161292
68.5564214569
68.5723240118
68.5849669719
68.6062678072
68.6137188377
68.6286674301
68.6777389294
68.687564946
68.6977849712
68.7113580364
68.7257168237
68.7434170084
68.7699303007
68.8301491752
68.8400696964
68.858055177
68.866470637
68.9034314965
68.9161651185
68.9483127561
68.9581976762
69.138736438
69.1748109399
69.2286538431
69.2678099592
69.2720188123
69.3022713209
69.310392702
69.3248192044
69.3682189584
69.3967086077
69.4431925989
69.4612038155
69.5029852737
69.5564866399
69.6047466829
69.6137707566
69.6198571247
69.659915936
69.6701158344
69.7185888006
69.7711188666
69.7775761644
69.7907895588
69.7972348151
69.8045382334
69.8485852615
69.8535821755
69.8605165458
69.9449966743
69.9620241847
69.9714278531
69.9804480873
69.9948216143
70.0139267825
70.0346140371
70.0728323097
70.0955131392
70.1193649497
70.1326169427
70.1395139088
70.4521521621
70.4827955886
70.4993549226
70.5405401887
70.5888044192
70.6039444006
70.6176263716
70.6460240153
70.6712219736
70.721705964
70.7328997611
70.783189036
70.7970980012
70.8133787702
70.818221739
70.8220839327
70.8264126621
70.8309698854
70.8416343717
70.8677968399
70.879324879
70.8932692302
70.9150608208
70.9318611531
70.9466657573
70.9918284679
70.9982090348
71.00644476
71.0148600383
71.0219909191
71.0394226622
71.0683809016
71.0769295257
71.0848956332
71.1223783908
71.1367019513
71.1928822383
71.2021601898
71.220363545
71.2466960938
71.2608086623
71.2792629119
71.2875781555
71.2946031143
71.2995516008
71.3711480797
71.3792011188
71.4461724601
71.464248204
71.4705139293
71.491625702
71.499893673
71.5213082187
71.5524014212
71.57719568
71.5906160458
71.6604359154
71.6824521048
71.716234103
71.7384929567
71.8269117896
71.9071388084
71.9158143018
72.0036715315
72.0153434005
72.0212133966
72.0449704034
72.0576364462
72.0676028609
72.0723170035
72.5050883206
72.5304992431
72.566479911
72.5849821938
72.5957866776
72.6098660409
72.6328271555
72.6687917334
72.8014616489
72.8114931955
72.8193002601
72.8400739144
72.868012434
72.9469493442
72.9627866002
73.0110089206
73.0540868218
73.0818947562
73.1272272252
73.1374279759
73.1463967479
73.161727104
73.2296051956
73.2373497117
73.2440331041
73.2752396214
73.3273550324
73.3421332097
73.3576099682
73.3710156043
73.3847024065
73.3908326479
73.402848265
73.4218473964
73.4421516929
73.4555137108
73.4663368432
73.4751511605
73.4927134985
73.5032770551
73.5487852388
73.5691498792
73.5860202518
73.6069245632
73.6234720011
73.6665440654
73.6726139374
73.6960963498
73.6995565123
73.7636648199
73.7914464093
73.8162779445
73.8271965004
73.840507414
73.8676513419
73.8958413392
73.9163997907
73.9240616124
74.0599456212
74.0683431977
74.1546660905
74.1715132501
74.1951261446
74.2102275241
74.2329952689
74.2922272227
74.327383154
74.3777964514
74.4036634144
74.408062529
74.4132595663
74.4178764069
74.4334862834
74.4685641258
74.473532355
74.4932791234
74.5078668264
74.5131187372
74.5169408242
74.5294057256
74.5429834834
74.5498525716
74.5636782694
74.5691121242
74.5815239141
74.591534702
74.5964334867
74.6055660955
74.6147226445
74.6197674399
74.6262678817
74.6400794354
74.6540498768
74.6584788756
74.6683859273
74.6868362907
74.7070269258
74.7135323629
74.7192730396
74.7263449512
74.7348627569
74.7563427348
74.7686117006
74.7830357606
74.7952185492
74.8900490822
74.9919858332
75.0113655846
75.0452281616
75.056329693
75.0756962857
75.1083520507
75.1523217132
75.3679931921
75.3852310245
75.3963472312
75.4370262434
75.4472629773
75.5309545763
75.5890022603
75.609928832
75.6169265128
75.6291582737
75.6372551781
75.7170819261
75.7213797955
75.7343883589
75.7409048519
75.7460266809
75.7515958401
75.7673085989
75.7929607969
75.8187109709
75.8344132673
75.8682692269
75.8737387325
75.8894965384
75.9040901097
75.9241111311
75.9438332279
75.9799611292
76.0337904453
76.042843291
76.0628098403
76.0861794048
76.1248273783
76.2049111851
76.2191591297
76.2475326361
76.2580950099
76.2773380386
76.304411479
76.3128375925
76.3462792444
76.4140560421
76.4681147534
76.5009758476
76.5597787286
76.6031956521
76.7732971006
76.8105471941
76.8167526849
76.8258621428
76.83637506
76.8561337621
76.8656574817
76.8701762759
76.8837096329
76.8919001201
76.9062047
76.9182215574
76.9528240301
76.9592567656
76.9897259535
76.9988156268
77.0053330998
77.0115947035
77.0191390399
77.0249609178
77.0611605166
77.0914815549
77.0997960745
77.1112094901
77.1278564741
77.1464746763
77.1785851612
77.2035179971
77.2144942871
77.2247231735
77.2401251845
77.2597440018
77.3834699797
77.4754283081
77.4924421342
77.5003113711
77.5199174243
77.5348052241
77.5384648408
77.557081271
77.578685686
77.6428495189
77.6619265667
77.6812899055
77.6948020226
77.7306442695
77.7783692985
77.8133278688
77.8379448235
2232
