6.00839010502
6.01538074676
6.03602201591
6.04657342456
6.06051065822
6.06748813942
6.09080539207
6.11037472773
6.12264461697
6.12657695773
6.13488929306
6.1511980601
6.16604687182
6.17123937186
6.17632881739
6.20112199835
6.23892379394
6.25827791831
6.27306022824
6.27777266599
6.3611414173
6.38526674954
6.4254646035
6.49977972139
6.51053162953
6.53038068464
6.550304103
6.57176330564
6.58646638777
6.72378942118
6.73895665827
6.77899206127
6.9430118365
7.05873536598
7.08032736409
7.08983792331
7.12672860563
7.16545108441
7.2067353317
7.21845872254
7.22745106763
7.24223225543
7.26253682218
7.26877010841
7.27343440754
7.28490806647
7.30925807083
7.32135002899
7.34034387478
7.35192259613
7.41592445411
7.42181370609
7.44168671326
7.44978740105
7.45592364084
7.47846416361
7.54770031615
7.5694897598
7.58728547068
7.60907587707
7.62673012376
7.65612860552
7.68489983179
7.71134799528
7.73058377456
7.77772365067
7.98060823701
8.00980145855
8.04390738807
8.05099674858
8.09159001089
8.17703264087
8.19935284938
8.26074215483
8.419942775
8.43462675664
8.44471849861
8.45936807253
8.47543307075
8.49009347301
8.4936735397
8.51058466459
8.53540395433
8.59102029664
8.60293157793
8.68081482413
8.70698649945
8.74360599579
8.78469523526
8.80308574627
8.82148443834
8.8254527227
8.85053930583
8.86123980564
8.97556213156
9.12335688226
9.13065791542
9.60516172495
9.6095512998
9.62035294206
9.63538020272
9.64189667957
9.65094846795
9.65474339914
9.680955256
9.71138980195
9.76895843472
9.78251486126
9.79138956549
9.80375251997
9.81526189487
9.82935279913
9.84556058765
9.86090448295
9.87329536623
9.89661594994
9.94667538241
9.95929693147
9.97837502964
9.98485837347
9.99732799825
10.0043258784
10.0247029092
10.0517977054
10.0856465279
10.118120478
10.1356271936
10.1741176582
10.2242294131
10.2344615988
10.2385098852
10.2498255552
10.2853101697
10.3032310732
10.3420730558
10.3849585663
10.3936606355
10.5097891895
10.5302480213
10.7548559459
10.7790847961
10.8163250687
10.8378491793
10.8431063282
10.8573732152
10.8709171776
10.8886087758
10.9090647518
10.9246676785
10.9454071126
10.9578925244
10.9698185084
11.0235365088
11.0396409258
11.0433101582
11.0578723449
11.0751403705
11.0954988452
11.1296134708
11.1413591419
11.2653288539
11.2894404057
11.2963436019
11.3627192951
11.381476411
11.3978644343
11.4047196041
11.4562949429
11.4611503018
11.4744456048
11.508758828
11.5447815696
11.6010281502
11.6598753582
11.6976383173
11.7455737446
11.8004980917
11.8267328711
11.8304820673
12.0168065673
12.0262982373
12.0440820532
12.0597997366
12.0700154486
12.0783931561
12.089344982
12.1058818903
12.1249818712
12.1297627372
12.160615109
12.179893575
12.202242642
12.2248865474
12.2339615084
12.2472651539
12.2558499741
12.3193973561
12.330225921
12.4968996317
12.5216676204
12.5445220596
12.5673724956
12.6015805435
12.6344438313
12.6624159224
12.6777158931
12.688019619
12.6973777223
12.7337872528
12.7537801202
12.773519491
12.7874132711
12.8511725723
13.2405678292
13.2500407284
13.263671373
13.273352304
13.2806837706
13.2909863963
13.3018551512
13.3224887223
13.3509290197
13.3622498707
13.3744469977
13.3853620857
13.4054868385
13.4159402275
13.4365665116
13.4551222029
13.4642129031
13.4816961028
13.4879383093
13.5047552278
13.5196515666
13.5277270286
13.5409283198
13.5514595561
13.5877955212
13.6379833033
13.6701856595
13.6907977926
13.7083233325
13.7274798026
13.7604256858
13.7752285618
13.7820052099
13.7963722063
13.8280549215
13.8574951128
13.8976400602
13.9317708622
13.958052008
14.0012940979
14.0236014983
14.0349579794
14.0676679263
14.1286178228
14.1804204431
14.1942548182
14.2199642946
14.3062465287
14.3097499485
14.3311203462
14.4060398181
14.4128434997
14.4174943296
14.4309244171
14.4385883676
14.4508994011
14.4625966324
14.4688890752
14.4802516273
15.2372960491
15.27134191
15.3030399392
15.3137051141
15.3443190522
15.413045529
15.4224790886
15.4544751236
15.4717003219
15.4944249657
15.509930411
15.520965371
15.5431147318
15.5828141822
15.5864955708
15.6127364236
15.6265111102
15.635182691
15.6533792531
15.6787182323
15.6863980832
15.7021824108
15.7101780996
15.7204835538
15.7299480077
15.7353759895
15.757505676
15.7744967703
15.8105385301
15.8328292306
15.8402268836
15.8485136171
15.8583452211
15.8682082415
15.8851814884
15.9068099134
15.9138231228
15.932470303
15.9766238653
16.0017069702
16.0519396064
16.105958355
16.1139425177
16.1313213968
16.1742213159
16.1824737538
16.2084324359
16.2234110057
16.2806832983
16.3429325096
16.3810015022
16.4035783442
16.5357874728
16.5421134305
16.5935160873
16.6006955349
16.6602840961
16.6761383767
16.6972427325
16.7261251913
16.7330780105
16.8173834308
16.8318095633
16.8450566117
16.8598738014
16.8654460781
16.8755827458
16.885143223
16.9254397442
16.9633204632
16.9933881862
17.0051122115
17.0235248089
17.0454158181
17.0556232783
17.0645847052
17.0950090267
17.1060413773
17.1206216444
17.1382286429
17.1703924568
17.1819359217
17.1989249372
17.2058462933
17.2322877537
17.268902219
17.3782162107
17.3899237947
17.402787508
17.4199149697
17.4567934585
17.4881327174
17.5092780571
17.5699581671
17.5903970983
17.6124907372
17.6332118194
17.650129996
17.6810991236
17.8460759557
17.897897729
17.908582869
17.9226654144
18.0113794028
18.024981987
18.0440107671
18.0548243561
18.0775411964
18.1018324564
18.1136917333
18.1640777685
18.2022554929
18.2145070519
18.2268500016
18.2545978092
18.2758739107
18.3200904589
18.3333474417
18.3650463759
18.3870960394
18.398927079
18.4066213332
18.4113727945
18.4563392882
18.4666712206
18.7540757942
18.7808503664
18.8294048579
18.8997527443
18.9468892542
18.9916111155
19.0460578205
19.0502641833
19.066025057
19.1471789759
19.1864012131
19.225997443
19.2366655392
19.2475672434
19.2707373274
19.2800599547
19.2989631508
19.3075274802
19.3206442201
19.3331400973
19.3411687197
19.3525937271
19.3643735732
19.3767884836
19.3850361056
19.4118567495
19.4153418541
19.4192998102
19.4573326649
19.481849023
19.5109500323
19.5546845456
19.5714196855
19.6184856966
19.6562659851
19.679988859
20.4126877942
20.4456622602
20.4506233739
20.4683137168
20.4859980598
20.5037208014
20.5145323805
20.5427727534
20.5566477762
20.5750155497
20.5915935073
20.6037840315
20.6137217232
20.8831500789
20.9104256747
20.9286058474
20.9526319743
20.9618925372
20.9873040747
21.0212712188
21.0437173766
21.0641787826
21.0819906247
21.1051133417
21.1292885978
21.1821330627
21.2163542441
21.2414891563
21.2862636204
21.2952534808
21.324419397
21.6044822299
21.6173443457
21.632220365
21.6452674491
21.6606658353
21.6668640661
21.6850270996
21.7012867544
21.745584859
21.7593889074
21.7732371488
21.7921275083
21.8234723993
21.8337487629
21.8413367833
21.8749931571
21.8864578384
21.9097564021
21.9392672058
21.9488596851
21.9917284873
22.0072841319
22.0373818395
22.0824475918
22.1477910663
22.1729146041
22.2109955815
22.8038902743
22.8128627819
22.8238965395
22.8367900765
22.8459341399
22.8540145195
22.8786451936
22.9002575927
22.9188852248
22.932445063
22.9706089453
22.9819335432
23.0006029755
23.0179922402
23.0363976539
23.0507696776
23.0673251918
23.0777874292
23.0983166123
23.1080911562
23.1130095889
23.1275882338
23.1947374773
23.2103713543
23.233985006
23.2511282643
23.2902230639
23.2992559447
23.312139466
23.3295451991
23.3459354297
23.4115541097
23.4251063315
23.4402250109
23.6090818725
23.6373045507
23.9744386585
23.9941027523
24.0068328668
24.0223804801
24.0258892405
24.0324040549
24.0429067908
24.0622538117
24.0843665244
24.098190248
24.1542671823
24.1747312008
24.1791306984
24.1879988199
24.2118417906
24.2282768064
24.2485649075
24.2567846033
24.2802521735
24.2941088676
24.3019588063
24.3225587206
24.3522881262
24.3569128363
24.4007049452
24.4331509791
24.4577656041
24.4868459893
24.5111774227
24.5259155526
24.5376997687
24.5478237037
24.5631771775
24.573313944
24.5771169818
24.5980553622
24.6196328463
24.6523269286
24.6905283985
24.7214445223
24.8425428201
24.9897691059
25.0514965831
25.0839840968
25.1631022299
25.1857339575
25.1899080108
25.19383587
25.2399545486
25.2537923759
25.2692881961
25.2760290173
25.2953191929
25.3107461535
25.3153367395
25.3414591852
25.3480541153
25.3594688526
25.3737074437
25.3926523783
25.4051964617
25.415969352
25.429666417
25.4506299096
25.4713778799
25.4859994035
25.5056008563
25.5177331466
25.6209570402
25.6436617994
25.6577756121
25.6733419723
25.7003637326
25.7358791685
25.7567052644
25.7738867897
25.8431599991
25.9477227113
26.0178073989
26.033582377
26.0494325732
26.0862698027
26.107747975
26.1582885422
26.1956241925
26.2232387934
26.3514613793
26.4051672083
26.4199863587
26.4290308943
26.4325259582
26.4377108494
26.4449878057
26.4633440665
26.4797473524
26.4913387265
26.4972003749
26.5027959091
26.5061568612
26.5179406357
26.5275272503
26.5398567166
26.5543264948
26.5613292563
26.5714901544
26.6040105051
26.6384220439
26.7137467363
26.7252481081
26.7644075461
26.7828403538
26.8246629378
26.8321849253
26.8709000609
26.875683556
26.8902178095
26.9099381649
26.9820446202
26.9982951797
27.0315372552
27.4928411282
27.5237756583
27.5431993157
27.6089030171
27.6141848428
27.6315948914
27.653590425
27.6574572174
27.6875702341
27.7082268739
27.7268282362
27.7441147376
27.7703650748
27.7785705011
27.7978482905
27.8119501209
27.8220424775
27.8412631804
27.8598549497
27.9156555788
27.9370320617
27.9484750187
27.9642484146
27.9892742815
27.9929499065
28.0717794278
28.1140735919
28.1761506779
28.2282010007
28.239777503
28.2673155088
28.3413028813
28.3784647865
28.3855557028
28.4054043164
28.4844828322
28.5235364725
28.5648607954
28.5754645449
28.6818263028
28.6926729235
28.7664274765
28.770946573
28.8083933598
28.8146879257
28.8398163852
28.8517156384
28.8610737647
28.8743187957
28.8927076126
28.9042735709
28.9132233408
28.9486126425
28.9772406121
28.9932331747
29.0014321762
29.0081315448
29.0217210018
29.0282881789
29.0381178999
29.0467775944
29.0548043821
29.0788811083
29.2273723388
29.253851598
29.2710123899
29.301800481
29.3096478042
29.3331391389
29.5495564958
29.562851023
29.6055199961
29.608864762
29.6252557985
29.6522559591
29.7224433776
29.749123322
29.7970207924
29.80990121
30.0300470418
30.0383137024
30.0454809396
30.0549248576
30.0587177567
30.0809453857
30.0886643992
30.1986546869
30.2053047525
30.2340500951
30.2442723901
30.2598535905
30.2831452149
30.2960553346
30.3108501713
30.334444533
30.3517797378
30.3598702705
30.3758559371
30.4008664587
30.408177093
30.4444933298
30.4502259709
30.4752893562
30.4882572524
30.4967319065
30.5811257521
30.6939597198
30.7541763115
30.7620725302
30.7872196908
30.8297174661
30.8524257725
30.8769132081
30.8917544427
31.009355122
31.0469822558
31.0837766737
31.2067681336
31.2129323049
31.2372243433
31.260351403
31.2684915337
31.2765380406
31.2915381507
31.3105635476
31.3640238471
31.4614998956
31.4879487104
31.5033084963
31.5450043782
31.5516983809
31.5568391225
31.5873018542
31.6033307201
31.6275146102
31.6687285418
31.686281129
31.9993143156
32.0633394603
32.0772668292
32.1314038306
32.1527388524
32.2018212884
32.2424398184
32.2896986301
32.3227427843
32.3437518426
32.3599708174
32.3810772413
32.4095529031
32.4141536158
32.4183013515
32.4433646085
32.4487655204
32.4794058437
32.7557801687
32.8028357304
32.8121950715
32.8469354117
32.8701576144
32.8929984677
32.9022043664
32.9122680402
32.9202433333
32.9589008463
33.0317263698
33.070214842
33.0829885224
33.135139546
33.1654033598
33.1960281604
33.2504765098
33.2755191079
33.3654319492
33.4467962976
33.4946575113
33.5038160732
33.5225654018
33.547596336
33.5902431112
33.6165013796
33.6305638359
33.6432099433
33.6474569871
33.6566935751
33.669580323
33.6860479909
33.6944927782
33.7202178422
33.7340368278
33.755485926
33.7708396466
33.7932692892
33.8052750653
33.8191175011
33.8319115837
33.8416952173
33.8543618132
33.8883268036
33.9820586263
33.9940515355
34.0044833412
34.1146340742
34.1306208539
34.1400912527
34.1502652958
34.1684961556
34.1786956495
34.2019577524
34.2223147296
34.2426386513
34.2648269319
34.3005294018
34.3358522538
34.3514946315
34.3842310235
34.4021449965
34.806633945
34.8210287333
34.8367471673
34.845979844
34.8656313969
34.876478782
34.8903469488
34.9000482127
34.9225640685
34.926368142
34.9340036888
34.9644329658
34.9747797115
34.9899789716
35.008508181
35.0301627652
35.033531264
35.0631240274
35.0681881641
35.0905442962
35.1144208816
35.1224833009
35.138316046
35.1659239664
35.1983687613
35.2398023486
35.2641573313
35.2729703015
35.2965816702
35.3242945184
35.3623932697
35.381139672
35.4121777693
35.4430386542
35.4464197408
35.4559968577
35.4909833872
35.5109980977
35.520565852
35.5440376084
35.5714831001
35.6861546468
35.7161445261
35.7983213286
35.8581866522
35.8928257918
35.9411309053
35.9907529295
36.0178920166
36.026962648
36.046066829
36.0499787563
36.0634453638
36.0717706518
36.0777911684
36.0958201579
36.1052072883
36.1115983568
36.120343286
36.1566821199
36.1691547725
36.1926929139
36.2007320841
36.2355530243
36.3867241269
36.4156193168
36.5571854223
36.5758997402
36.6003439451
36.6323948859
36.6429626725
36.6632964751
36.685948827
36.7063378441
36.7250209435
36.8247922415
36.9033709067
36.9083690739
36.9352319665
37.0371333178
37.2222322576
37.2302113295
37.2339175217
37.2483671689
37.2626629532
37.2887182457
37.2984786004
37.3326389736
37.3657513442
37.3744711127
37.3838575176
37.3972231807
37.4210311789
37.4336233876
37.440432415
37.4794968014
37.5303782865
37.5733943053
37.577273999
37.5878990567
37.6013163383
37.6302046029
37.6391326766
37.6783799839
37.7218430048
37.7323708154
38.4142782119
38.4360014114
38.4635620128
38.6095858695
38.638403843
38.6448734054
38.6584879607
38.6719430759
38.6828476819
38.7035670929
38.7100957763
38.7403558065
38.7608427216
38.771731808
38.7772551645
38.9180438729
38.9337226493
38.9576470069
38.9761143638
38.9881302375
39.0196247427
39.0285688777
39.0326997469
39.0385355058
39.0525638857
39.0670797763
39.0730706792
39.0918924023
39.1114072961
39.2001954848
39.2306159628
39.3610308663
39.404544922
39.4600472893
39.5070167174
39.5469048086
39.5650704696
39.6101792815
39.6222661997
39.639083465
39.6513109935
39.6558430042
39.6693837539
39.7101102005
39.7415835569
39.7493002696
39.7651100947
39.7898378178
39.8163430886
39.8247202805
39.8400961467
39.8524387691
39.8590211728
39.8823544702
39.8881694304
39.9022769285
39.9243120592
39.9905662686
40.0073341745
40.020873695
40.0243333362
40.0388808688
40.052860133
40.0620426208
40.0782127311
40.1013983476
40.1208162887
40.8261111279
40.8378237839
40.8416647227
40.8663046569
40.8868953571
40.8977841066
40.9106306174
40.9207215083
40.9388379743
40.9549654387
40.9847844934
41.0069046574
41.0756661543
41.0940739992
41.1550964908
41.1763464683
41.2115365582
41.2283430929
41.2532504466
41.2715732148
41.2796413135
41.3481860685
41.3750018825
41.3952966599
41.4074883558
41.4473978626
41.4584851104
41.4723115584
41.4892916637
41.5324202174
41.5761456604
41.5917132224
41.6003603145
41.6332776534
41.6568327784
41.6692998209
41.7609698816
41.7747567185
41.9076235174
41.9311134079
41.9790272555
42.0150887082
42.0298800634
42.0571376299
42.0605869101
42.0712146979
43.2091748864
43.2149090346
43.2252217408
43.2569820654
43.2705151733
43.2759607368
43.2914072209
43.2996205897
43.3034453327
43.3107236327
43.3185381958
43.3284865896
43.3435405226
43.3535241872
43.3708513917
43.3757426109
43.3866403576
43.390141798
43.3955239712
43.4055272988
43.4709371679
43.4924680726
43.5443606101
43.5502314702
43.5583519511
43.5682951673
43.6084804031
43.6168109096
43.6474133488
43.9250945066
43.946660047
43.9672447199
43.9932643629
44.0205011491
44.0448664597
44.0716818519
44.1201971147
44.1385792989
44.1603332934
44.3940154312
44.4458273849
44.4516609731
44.463274801
44.4742091806
44.4834339741
44.4890909357
44.4954318834
44.5122845388
44.5270631241
44.5491805124
44.5614788598
44.5777389758
44.5977009337
44.6129633696
44.629759737
44.6543892548
44.6769089108
44.6833325221
44.6990727558
44.794317536
44.8278779579
44.8389247343
44.8490879102
44.9469679838
44.9811097945
45.0110922953
45.0216584855
45.025409515
45.0359497216
45.0655148574
45.0702382743
45.0919612147
45.295721808
45.3213431288
45.3418018506
45.3524973546
45.3888126061
45.4452798227
45.5635644687
45.6085065907
45.6213735902
45.6361953202
45.6517878183
45.6604556606
45.6643904515
45.6751125468
45.6873990608
45.6932834814
45.8012429081
45.8134072881
45.8380172763
45.8515628631
45.8681078094
45.886221624
45.9630856382
45.9876565573
46.0041233436
46.0187545987
46.0393657029
46.0492767565
46.0542547257
46.0599507404
46.081416695
46.1064553864
46.1266893129
46.1316687385
46.1638549417
46.2011738582
46.2112405927
46.2217833299
46.2372126989
46.2539625641
46.2770922104
46.2896492256
46.3099383512
46.3175290158
46.3290035484
46.3454390226
46.3726685752
46.3946899091
46.4258809163
46.4659710635
46.4948141359
46.5527654219
46.5663634326
46.5914908889
46.6198822695
46.6623606136
46.6902872533
46.7563419093
46.8080027368
46.8220843784
46.8318515182
46.8391998887
46.8477479283
46.8522959154
46.8645348516
46.8722563317
46.8884790132
46.9049263065
46.9231192271
46.937519252
47.0978423285
47.1254570266
47.1304298371
47.1436804556
47.1933145701
47.2233547635
47.2932618634
47.3062889061
47.3153694949
47.3589359514
47.3764314804
47.4157231861
47.42227974
47.4842874475
47.5386789367
47.561036014
47.5944592092
47.6088803893
47.6417150864
47.6558102522
47.6808606005
48.0132392408
48.0336374738
48.0396331717
48.0575165751
48.0726026481
48.0938032127
48.0999580447
48.1164278315
48.1235961432
48.3147811381
48.3211371078
48.3271442766
48.3737927802
48.3867835933
48.4084945337
48.4258124487
48.4406854281
48.4494814716
48.4662835605
48.4841232347
48.4915387655
48.5406587253
48.5656627825
48.5825926924
48.6151136274
48.6350529936
48.652841899
48.6925552798
48.738685473
48.7690825256
48.802674618
48.8331495908
48.8368527859
48.8772547476
48.9229125373
48.9764218509
49.0101194879
49.0246606792
49.0496662858
49.0607756841
49.0768702478
49.1241693122
49.1418566114
49.1872931706
49.4695839529
49.5072280227
49.5326326079
49.550943786
49.570819585
49.589820412
49.608788723
49.6193252802
49.6260074547
49.6474638161
49.6625337532
49.7221118038
49.7571616142
49.853558899
49.8723474772
49.9685505028
50.0048883554
50.0289645428
50.0522979478
50.4153335118
50.4557261433
50.4598506011
50.4643848852
50.4686953526
50.5070610075
50.5137591771
50.517944509
50.5251831375
50.5374190394
50.5577855053
50.5640727522
50.5725071009
50.5895227694
50.6067906441
50.6234337961
50.6429847842
50.6498503999
50.6952824735
50.7077012518
50.7157731439
50.7303448723
50.7920750409
50.8145471489
50.8257954589
50.8309448913
50.8430868755
50.8536365008
50.8646737759
50.9233546302
50.9284238167
50.9583449089
51.0860596141
51.0962506352
51.105557861
51.143967312
51.1707913323
51.182998755
51.2049314188
51.2149325386
51.2385487932
51.2531929905
51.2764240781
51.3132388264
51.408955964
51.4237957754
51.4593955562
51.4666844285
51.5348392854
51.5618431692
51.5812084497
51.6196593568
51.6546753036
51.6599464934
51.6665517636
51.679756276
51.6951051071
51.7137509824
51.718292142
51.7469527643
51.7576447486
51.7690885879
51.7792494163
51.7942434146
51.8119648767
51.8381153985
51.8480728366
51.8529242408
51.861827715
51.8669637468
51.8834949815
51.8946324592
51.9325940623
51.9612156886
51.9691794354
51.9925932657
51.9992510448
52.0257150256
52.0441387005
52.052911762
52.0700844172
52.0737672721
52.2573247618
52.2873563942
52.3089661731
52.3517741613
52.4038181522
52.4214292059
52.4354222178
52.4601013424
52.4839876043
52.5234880049
52.5269322125
52.5350194154
52.5607341807
52.5653600752
52.5794773102
52.8073801691
52.8167198225
52.8330768565
52.84923882
52.8710065139
52.8940505548
52.9071864826
52.9392691209
52.9784900984
52.9941414943
53.0024242304
53.0183068937
53.0261737714
53.045614138
53.0558069117
53.064836499
53.0850767308
53.0938547242
53.1141337071
53.1719109829
53.1966593566
53.2090243646
53.2210240628
53.225093325
53.2685318338
53.2826252791
53.3119057437
53.3210523189
53.53665738
53.5708766181
53.5911629176
53.6213539341
53.6388048903
53.6661048332
53.6943601521
53.7237775626
53.8680799842
53.883118096
53.9008438851
54.0154304892
54.0192159191
54.0253055154
54.0322057479
54.0508284544
54.0625908311
54.0749734589
54.0856559188
54.1067149453
54.1196003963
54.13042518
54.1395417793
54.3047738833
54.3140962984
54.3337378176
54.3442153703
54.3668932292
54.3899974761
54.4845923915
54.5254204092
54.5505401358
54.5657603161
54.5789317491
54.592263032
54.6054270287
54.6241895282
54.6533883967
54.6768623607
54.7574193303
55.0844348376
55.1028964665
55.1437829886
55.1815073252
55.2178586153
55.2235148457
55.2327001177
55.242340031
55.2461549516
55.2534599172
55.2799470713
55.290892894
55.3953470345
56.4153718767
56.7100601201
56.7311871331
56.7890408052
56.7979268974
56.8211295749
56.8260653578
56.8374887643
56.8455607089
56.8612995597
56.895053339
56.9174009575
56.9275419959
56.9410691397
56.9588945251
56.9694049258
56.9929334158
57.0161562926
57.0434312162
57.0527317873
57.0704739983
57.0896283256
57.1226037658
57.1368016255
57.145605144
57.1611290241
57.169746677
57.1997187867
57.2113151628
57.2206923526
57.2490506511
57.2580762022
57.3358808121
57.3643779308
57.395011062
57.3992394034
57.4972608706
57.536037227
57.5969045757
57.6597406835
57.6681142796
57.6738866037
57.6945276794
57.7118853572
57.7218169497
57.7251785829
57.7364111199
57.8761386907
57.887190225
57.8964659618
57.9185321607
57.9384499708
57.9573883668
58.2009654791
58.2121840982
58.2434712297
58.2542486801
58.2621460352
58.2690044891
58.3142327943
58.3317965928
58.352592314
58.8034730762
58.8125545868
58.8185269055
58.8288280382
58.8378174411
58.8467162089
58.8514364011
58.8703341034
58.8741929111
58.8779353003
58.900429256
58.9076883071
58.9141139853
58.9318650377
58.9628350563
58.9804050889
58.9874783582
59.0001507217
59.0195649627
59.0596546854
59.0867534218
59.0910610178
59.1038588416
59.1502007637
59.1629724608
59.1744150763
59.1816373816
59.2022059282
59.2214394127
59.2284291544
59.2944238821
59.3291557963
59.4044410987
59.4181053699
59.4620006185
59.4850974542
59.5027295662
59.5392393169
59.5766291395
59.6223243717
59.6620934991
59.6918363078
59.7085569172
59.7296971321
59.774957283
59.8363337044
59.8689075518
59.8843393968
59.9205292915
59.9260248161
59.9499544809
60.0125481435
60.0177154173
60.031749858
60.0382198163
60.0592790395
60.0944669437
60.1088127299
60.1370014968
60.1424768403
60.160910873
60.1673526865
60.1869325298
60.1928209121
60.2023942093
60.2462589564
60.2548073657
60.2679770231
60.2825077871
60.2947697451
60.3164361325
60.3391648643
60.3543105342
60.3900876954
60.5295794515
60.542623441
60.5633585805
60.585317662
60.6055959628
60.6821640678
60.9507292772
60.9836814083
61.0124253719
61.024238596
61.0449829867
61.073786843
61.0990812319
61.1077461021
61.1349774571
61.1563264056
61.2104156313
61.2203288442
61.2411424987
61.2475477561
61.2534367072
61.26410932
61.2684183696
61.2747486464
61.2865042036
61.2967103819
61.3687484125
61.3880480656
61.3980840542
61.4077002008
61.4209499316
61.43938389
61.4507353484
61.4632316772
61.4810977185
61.5108808751
61.5211935245
61.6514902487
61.6550851465
61.680724404
61.6964585372
61.8411634619
62.0511831593
62.0572410857
62.1734573074
62.1858850096
62.2157760058
62.2488633903
62.2539659903
62.3052669378
62.3611701401
62.4255033587
62.4747916483
62.4935742733
62.4985127762
62.5026767735
62.5109664302
62.5187680692
62.5291202932
62.5410812325
62.5473779094
62.5596737047
62.5701581398
62.5751722147
62.6248946554
62.6295341041
62.6339659058
62.6554796865
62.6771501793
62.7008085918
62.7052744501
62.7207851431
62.7242184856
62.7415885803
62.764330567
63.0185264592
63.0576662645
63.2620243233
63.2689395408
63.2904040997
63.3111475878
63.3360856097
63.4561195406
63.4864890419
63.5849319924
63.6049914843
63.6116400807
63.6210317438
63.6272391656
63.6315689758
63.6596347499
63.6631422773
63.6699329693
63.674647716
63.6839829754
63.6910958021
63.7181340002
63.729732905
63.7507143628
63.7601305571
63.774623331
63.790240096
63.8103092589
63.829215517
63.8338763415
63.8445123141
63.8613580928
63.9600484124
63.993113255
64.0199137776
64.0282683963
64.0395349713
64.0642516097
64.0878035956
64.0960378443
64.1274749276
64.1482928283
64.1524031646
64.1651760261
64.1910991574
64.2225446174
64.4548072063
64.4595517915
64.4644772031
64.4882253385
64.5049715302
64.5400662916
64.5687224098
64.6050049696
64.6331311253
64.641090589
64.6608655178
64.702223362
64.7083297212
64.7151895664
64.7224729769
64.757400685
64.8122925897
64.8899187421
65.2821595339
65.2976778816
65.3695886917
65.385964228
65.4069145668
65.4316434561
65.4485764177
65.4787729875
65.4951562032
65.515400717
65.5388143031
65.5479101286
65.5790842096
65.584916435
65.8002675457
65.8273725217
65.8860912844
65.9241185662
65.9292676489
65.9512794846
65.9615875654
65.979685212
66.0073836907
66.0159716186
66.0260857615
66.0812397858
66.0955305124
66.1101540117
66.1153708597
66.1267083198
66.1444808289
66.173454186
66.1898443797
66.1955791676
66.2051126234
66.2298884967
66.2525891667
66.3245550081
66.339296939
66.351054825
66.3576965042
66.3704430233
66.3984217237
66.4058755609
66.4233385686
66.4281604965
66.4417027909
66.4520886255
66.476895992
66.4808104042
66.4849209157
66.5790835479
66.6035081795
66.6783085158
66.6915533677
66.7013355992
66.7284923442
66.7855498404
66.8305168539
66.86199945
66.9125335517
66.9165838832
66.9826209112
67.0184578834
67.0950330213
67.1305687093
67.1636013992
67.2068797685
67.2222207157
67.2366424571
67.2518263155
67.2668605751
67.2860272622
67.2965308376
67.3029195975
67.3811650136
67.3923868386
67.4054604433
67.4190139106
67.4290525896
67.4352747207
67.4504918825
67.4667462253
67.5263405528
67.54519182
67.5839285341
67.7577164678
67.7822281825
67.7960719702
67.8257889751
67.8541779408
67.864256446
67.8829546456
67.8935478863
67.9424067938
67.9712360093
68.0470671617
68.0818574678
68.1199858465
68.178319788
68.2043703548
68.2937980531
68.3454282444
68.3499760771
68.3757269404
68.3963176957
68.4146857614
68.4229802714
68.4379614877
68.4485209991
68.4670760977
68.4785756769
68.4883478411
68.4954887168
68.5061166817
68.5241410431
68.5280779366
68.5440035021
68.5563692387
68.566362612
68.5811369795
68.6022335371
68.6166416298
68.6234718302
68.6339482917
68.6458605407
68.6502946338
68.6799507098
68.6898464828
68.7703010202
68.7889781603
68.8020653163
68.826975232
68.8548947972
68.8640058202
68.8852833416
68.8965801759
68.9189953858
68.9374745
68.9460466779
68.9711718443
68.9821398091
69.2345409431
69.5223107966
69.5661193491
69.5855650317
69.6206637721
69.6331326996
69.6404431425
69.6465914434
69.6634447917
69.6869475467
69.7029675133
69.7160925134
69.7271125024
69.7455390561
69.7598478141
69.7713535177
69.779996374
69.7941563985
69.8026801624
69.8074633425
69.8243625188
69.8310152076
69.8400753919
69.8470639629
69.8897310736
69.9001330752
69.9332308582
69.9510091329
69.9637901526
69.9847302113
70.0009247397
70.0233695091
70.0542442079
70.071160012
70.2452916981
70.3211293691
70.3466741119
70.3555660639
70.4555022898
70.4762631579
70.487849493
70.5384148074
70.5616050869
70.6025833508
70.6300038396
70.65899263
70.6859158747
70.7162561395
70.8256225756
70.8820790227
70.8884318283
70.9094423446
70.9919281438
70.997394061
71.0095206946
71.0364293369
71.0421958866
71.0582378804
71.0778966722
71.0895926124
71.0985510826
71.1234117916
71.1451892995
71.1666049745
71.1796460038
71.2730974308
71.3071492211
71.3160672833
71.3408941497
71.3789828456
71.4045826113
71.5117658872
71.5358027908
71.547844195
71.5945111008
71.6765606486
71.6919243168
71.7412233945
71.7593335997
71.7865775673
71.7899318537
71.8200935949
71.9593436768
71.9873043015
72.0073164228
72.0130573878
72.0304172886
72.0368479085
72.0561719488
72.070167212
72.1007806772
72.1107746043
72.1256616391
72.1322231645
72.1373151272
72.1537123207
72.1618258797
72.1654054732
72.1768860843
72.1917614987
72.1984857063
72.2078369941
72.2628923158
72.2682385797
72.2750959433
72.2874336982
72.2995313143
72.3060932506
72.3256038749
72.3503327287
72.3774958709
72.3987128095
72.4027764575
72.4084597965
72.4198022753
72.4546113882
72.4666120955
72.5871406361
72.5907944382
72.6215149233
72.8482787692
72.9621023866
72.9755872235
73.0093272695
73.2056947556
73.2100018869
73.233670473
73.246296863
73.2589683337
73.2750457165
73.3176907354
73.3285283001
73.333323226
73.3390391059
73.3484808567
73.3610037159
73.3707389298
73.38556258
73.4009809616
73.4198925815
73.4237465941
73.4347422132
73.4431079956
73.4582965944
73.4729008271
73.4918391157
73.5100366688
73.518936009
73.5239416634
73.5394920768
73.5551751837
73.5622229335
73.5685868911
73.5789306325
74.111019659
74.1165880893
74.1447905257
74.1915644533
74.2454909709
74.2837457983
74.3335663992
74.3584721875
74.3679939931
74.3802696986
74.3925975558
74.4053135751
74.4169692988
74.4289777243
74.4440162348
74.4609338457
74.4660173216
74.4729882727
74.4777978387
74.4831632822
74.5124960937
74.5168158933
74.521074877
74.5334266692
74.544186121
74.5496544933
74.5695140066
74.6352126866
74.6641943034
74.6683275336
74.6745292392
74.6811127827
74.700030224
74.719073282
74.7277331778
74.768377387
74.7780018851
74.7943318065
74.8020376686
74.8198386889
75.0016651892
75.0422875742
75.0963192286
75.1056980707
75.1136141951
75.12577713
75.1555990316
75.2109213047
75.2377590509
75.2973067495
75.3214280668
75.3574619707
75.4121298093
75.4528251443
75.4711809089
75.5153395763
75.5750768812
75.614507387
75.6306228584
75.6429855021
75.6488120879
75.6587057198
75.6728503764
75.6837068745
76.6490409685
76.6983944746
76.7311569222
76.7495732215
76.7743282474
76.8195921086
76.8240843822
76.8304333407
76.8403451618
76.8438166319
76.8513843115
76.8652366279
76.8701906527
76.8837798163
76.9028494058
76.9171452054
76.9265459154
76.9455448336
76.9531662227
76.9636124454
76.9820783899
76.9911614566
76.9950893485
77.6371756029
77.6575659959
77.6818237495
77.7811624161
77.8014991679
77.8240587856
77.8990063996
77.9919466625
2153
