$ Stimulation Interval(ms): 0
$ Delay(ms): 0.000000
$ Number of data : 120
$ TSTOP : 5000
$ PN stimulation current max : 0
$ LN stimulation current max : 0
15.25000
20.82500
30.00000
37.37500
42.92500
52.97500
63.02500
69.25000
73.60000
80.65000
84.17500
86.30000
108.90000
195.22500
199.25000
200.90000
205.85000
210.62500
240.45000
241.67500
245.17500
249.57500
300.07500
309.52500
318.72500
340.87500
343.52500
361.12500
377.87500
414.37500
430.62500
435.30000
440.52500
457.95000
465.15000
477.60000
492.60000
500.30000
506.67500
519.15000
532.00000
541.72500
560.62500
578.25000
581.27500
600.97500
625.82500
642.87500
645.27500
661.90000
665.65000
684.60000
861.90000
879.95000
884.70000
908.35000
926.02500
941.25000
964.70000
971.77500
983.47500
991.42500
1003.87500
1013.52500
1017.07500
1036.90000
1061.15000
1078.50000
1088.77500
1109.10000
1157.72500
1185.47500
1205.25000
1248.80000
1268.15000
1280.00000
1331.97500
1357.00000
1383.80000
1417.95000
1567.65000
1687.22500
1763.92500
1782.15000
1798.17500
2109.27500
2185.62500
2247.92500
2319.12500
2402.62500
2438.02500
2458.30000
2541.10000
2588.10000
2609.12500
2644.70000
2716.05000
2767.60000
2840.57500
2873.50000
2947.57500
3035.57500
3066.40000
3213.80000
3271.00000
3307.40000
3333.40000
3471.15000
3495.32500
3582.02500
3692.70000
4181.12500
4253.15000
4375.40000
4454.32500
4573.35000
4705.12500
4736.12500
4853.77500
4997.05000

