6.00730965531
6.02908391742
6.03645365709
6.04846458664
6.05811056053
6.0588781816
6.06543395355
6.08098180891
6.33112815085
6.33634970924
6.3542829506
6.36219545454
6.40802793677
6.43400860073
6.46134753576
6.53175629558
6.5520588893
6.5595219603
6.61355892067
6.62443441301
6.65097562826
6.69530990117
6.70990269356
6.73351393917
6.75161452605
6.84089006939
6.86482354843
6.88713240191
6.9171080054
6.93828426218
6.95977608213
7.0070910625
7.01590945691
7.07089664387
7.159289367
7.20246661254
7.26662521904
7.32586851238
7.38065347204
7.44416851018
7.46626290803
7.50344616075
7.57088190778
7.61368908987
7.65031852481
7.67536858472
7.76809188424
7.87583606996
7.90156979346
7.91726026829
8.01526847467
8.05407336461
8.14288769404
8.17292701167
8.20126978853
8.23834878279
8.29316879669
8.3445203756
8.37788942521
8.41797860092
8.49655932657
8.53425390046
8.56125186283
8.61814296887
8.69369675475
8.93041004442
9.18153543572
9.33653247766
9.50788977281
9.64367176523
9.76273611747
9.83045558401
11.5539651209
11.7732618628
11.7834514954
11.8509732578
12.0502903364
12.1714290417
12.3216240414
12.5735298604
12.6705031109
13.3918059621
19.4576076385
83
