6.01337142174
6.01678654101
6.02391434398
6.03858354366
6.06139505049
6.07855793709
6.09243537902
6.09749153083
6.12973709328
6.13818988761
6.14053786462
6.16838622166
6.17642593907
6.18732035084
6.19403697432
6.20407641732
6.27337903465
6.2786296583
6.28569715925
6.29592729079
6.30495509721
6.31546921384
6.31720677801
6.32382323068
6.33453069281
6.34576519831
6.35907605369
6.36643017968
6.38784732035
6.43155069841
6.43657184723
6.43879130247
6.45568805614
6.47721620334
6.51953320647
6.55671743266
6.58856729989
6.66500280289
6.73989082787
6.77838425207
6.83116361729
6.84653850807
6.86450590125
6.90320654753
6.98713821906
7.00522552476
7.03594177592
7.0890897064
7.20272670818
7.23589433218
7.2697774524
7.32218199727
7.33482731254
7.35122124536
7.39230173358
7.49509487403
7.55352679668
7.77548719149
7.79309816759
7.8707154428
7.98768693487
7.99793576306
8.08446203957
8.31569205238
8.35173990903
8.4209994094
8.53512142989
8.58011974858
8.6516793241
8.74244432972
9.18888734141
9.26636708981
9.37899539896
9.46105234865
9.60142736039
10.3273054919
10.4466653776
12.0080297305
12.2074678468
12.4314114749
12.6924916824
12.9171856666
13.1700985457
13.3065606547
13.6384000315
13.8392845699
13.976563623
14.3230573866
14.6360315247
89
