6.00873173078
6.06037156388
6.0868919291
6.12700167192
6.14114086637
6.14914249411
6.15730359886
6.17487264624
6.1772061473
6.1995516979
6.20978484585
6.21765083539
6.31465022237
6.34795181056
6.36888040968
6.38174836368
6.39258248072
6.40068240152
6.41690723331
6.4295461189
6.44168954273
6.44413611458
6.52027867222
6.55016192729
6.5637214213
6.59427579461
6.61910031623
6.82768367153
6.83108845764
6.86694680301
6.88870620326
6.92118370799
6.94875803426
7.08635606031
7.13251197049
7.16250599307
7.18341655568
7.20725218165
7.25269868209
7.25685367198
7.30763390174
7.37546290588
7.38221753325
7.50875743776
7.57140972275
7.63834150615
7.65172139656
7.67884720809
7.73529052473
7.79036171388
7.82665349739
7.859209362
7.92084574615
8.02804521795
8.12737027789
8.49411252143
8.56985236523
8.86355198753
8.95217512137
9.06364871767
9.1314247339
9.24043779791
9.28902775975
9.31434592411
9.37301236927
9.52384324975
9.5954593378
9.67226432551
9.72732491821
9.7347595755
9.88733794091
10.0115068098
10.1326699273
10.23237145
10.3526359921
10.4752815773
10.5463547638
10.6405247775
10.6847463144
10.7740571294
10.9285284055
10.9810412527
11.0577616642
11.131507462
11.4762008335
11.5518095514
11.6501512068
11.7844076443
11.8614751189
11.9094642329
12.2499068261
12.4594174999
12.5241559654
12.6489671251
12.8214275285
13.5156991176
14.1207315806
15.1320252834
98
