6.00116987174
6.00748759361
6.01743955354
6.03348091783
6.04507591475
6.05935828849
6.06115739095
6.07112337591
6.0721388952
6.10243261768
6.10436590705
6.11763006561
6.13853587996
6.14396335053
6.16799795602
6.1899491002
6.21238698506
6.22379571216
6.22939825412
6.25213852368
6.27722160529
6.2905178519
6.30803200308
6.34874139808
6.38389635591
6.42718070471
6.44963126372
6.46723300488
6.49028503065
6.50053661086
6.53293855497
6.57140719741
6.57973478221
6.62005768288
6.63836533544
6.6501834693
6.65621824677
6.66631166693
6.67658288802
6.69538596521
6.71919685759
6.74045348329
6.75156999271
6.76610460273
6.79180788126
6.81758117685
6.83643930499
7.0899152464
7.13386881591
7.16507500476
7.28395857651
7.2979720701
7.31350926571
7.36558301136
7.55177725804
7.60206754845
7.94933550652
8.01692493946
8.03343250912
8.12420499219
8.22334618192
8.31731372828
8.37056344587
8.4500009436
8.52244681085
8.53652928972
9.32697705201
9.37963172612
9.51077085207
9.53773821409
9.60206837963
9.71472215325
9.72421920781
9.87627279636
10.0717619552
10.2139675049
10.3351581703
10.4702019298
12.2980608426
12.371941457
12.5836535724
13.0030404295
13.0892233332
13.3205530191
13.4381215734
14.1392775546
14.5257420316
87
