6.01156314329
6.02080805191
6.04575336735
6.05538464118
6.07381513777
6.08937896394
6.09840175562
6.12140862399
6.14891678006
6.15267924074
6.1570014581
6.17582821177
6.21776671585
6.22786391241
6.24871220743
6.27297518363
6.31297082483
6.31961936009
6.35350860427
6.41674417823
6.44902699001
6.68550731029
6.72208195886
6.74501833281
6.81377728146
6.81629000373
6.82449038933
6.82679466457
6.85882442873
6.88579284648
7.02303941045
7.04689352416
7.05481588317
7.14065610452
7.16533594433
7.23192136364
7.29474820182
7.31185247213
7.33114081051
7.36802831809
7.41223886211
7.43682504981
7.49394091132
7.66655391306
7.85233514098
7.92311788634
8.03775217717
8.1035732958
8.16061034178
8.26331611234
8.46579139383
8.56725773609
8.61494267603
9.78368000159
10.2926148969
10.3853145961
10.3987113778
10.6673270794
10.7357296665
10.7995926134
12.8911603878
12.9754201682
13.1376889792
13.467670901
13.7807633401
14.135049495
14.1904262485
14.9611685616
68
