6.03960500167
6.05098946083
6.05794894475
6.06490934516
6.06789580537
6.07696060837
6.08957479769
6.13384691814
6.1631601702
6.17226864131
6.18257214657
6.1935420532
6.20718011691
6.22539756521
6.27771957653
6.29076849985
6.31488092434
6.32484387962
6.33289849051
6.33864412973
6.37781041907
6.39361097659
6.41847997199
6.57228887914
6.58715369522
6.61977039988
6.64927698689
6.67507853591
6.70270360062
6.7805766938
6.79547632465
6.82357117675
6.8362589963
6.8476467567
6.88555983139
6.91503244885
6.99823268911
7.0243727514
7.04921188879
7.08853913697
7.09143553489
7.13508315549
7.18238513186
7.24279874339
7.28164599682
7.351234648
7.49652273081
7.55752624624
7.61626622801
7.64549576489
7.71572080714
7.8222357359
7.8801616105
7.90112385727
7.94852000358
8.03816390029
8.05404575861
8.32366361703
8.33688709845
8.45480926899
8.57016988085
8.74020035122
8.89101231028
8.93444288497
8.94622012351
9.08149339539
9.22250063359
9.43426651112
9.44634309914
9.46604066299
9.63116328325
9.67622541029
9.79718382786
9.99462818118
10.2637357466
10.3221699366
10.516212912
10.692119333
10.7232734094
10.7334267118
10.8227289569
10.8851976218
10.9425868509
11.0141126009
11.0903822931
11.1698420317
11.3280145714
11.4273646517
11.4899451334
11.6748393291
11.7722549507
12.0272643584
12.1675549234
12.6193615925
12.6814513638
12.9124556558
13.0456699503
13.093921645
13.2115243296
13.4891819448
15.5356773246
101
