6.01669754763
6.03262708374
6.03863485763
6.05670191522
6.09955063387
6.11609805501
6.13204077918
6.19703963871
6.20840226363
6.23238197562
6.25567440435
6.26952920065
6.27624307593
6.29668856607
6.30529814091
6.31620512026
6.32897990489
6.33170980788
6.35342862404
6.38356543271
6.39284109574
6.40592555055
6.41000417295
6.44951044254
6.47190381208
6.49954672752
6.52284412884
6.53082530836
6.6130274263
6.64388485042
6.6749751638
6.76236979176
7.1837486778
7.2057370941
7.30505649227
7.30989041848
7.31458581648
7.34116893135
7.42539675301
7.48474609768
7.61823834043
7.64182810025
7.73390501364
7.9645017098
8.03305858984
8.11577370031
8.19358763834
8.24855283642
8.27836003583
8.47140352799
8.52922888756
8.93970833983
9.01580610165
9.16593286819
9.35211667734
9.46024143118
9.57039520799
9.63371643457
9.90419182431
10.0484168168
10.0737595331
10.2500625232
10.5042896645
10.6243147634
10.8234250121
10.8336585346
10.9927150443
11.0429284096
11.3255230005
11.3372633592
11.4311133146
12.122376614
12.1749341958
12.3522102386
12.5847622252
13.0673772775
13.0886290456
13.1391197803
13.3578329734
13.5747545998
13.7293816842
13.8971996113
13.9419229337
14.2259391833
14.3461035119
14.4444232578
15.0613100729
87
