6.01260067718
6.02360480131
6.02756582065
6.03569519588
6.05887047124
6.06612241302
6.12163951821
6.12451319546
6.19445013454
6.20413240767
6.26094653338
6.26438179012
6.26992243865
6.28296136312
6.29823341994
6.30128920003
6.32286759159
6.33071916227
6.34919839187
6.35665350067
6.3767592216
6.40683603717
6.41680961581
6.4326639795
6.43857349463
6.45865752429
6.49779312489
6.52284537989
6.55342915192
6.57470940256
6.58463434958
6.59825217083
6.62833114627
6.65617899262
6.6882252063
6.69108450813
6.71529196136
6.73292933961
6.76152887489
6.77746504746
6.80252566022
6.82999599231
6.89484712809
6.92969635912
6.94906090268
6.96150607275
6.96405294646
6.9793388789
6.99033825725
7.03146940027
7.09760734339
7.14542021833
7.19311562745
7.23032410433
7.28954562755
7.35187021838
7.45516546511
7.48438636465
7.54616325187
10.5740232806
10.8781055959
10.975823876
11.1374482609
11.735956563
11.8536239371
12.2151989629
12.5478715778
12.7921918229
12.9654026373
13.4280778901
13.7102404977
13.9735667729
14.27482084
14.3676386375
14.4872469726
14.6626239344
76
