6.00652856127
6.02543147212
6.03643423443
6.04724804662
6.072591966
6.09027976491
6.11490866489
6.14427678475
6.14645240199
6.15993093635
6.16292836169
6.17156035066
6.24493508672
6.25463460735
6.2686486168
6.28975495685
6.54514901263
6.55973311149
6.5680277159
6.58218706308
6.70211267091
6.70551838407
6.73178164639
6.76586338284
6.78498321361
6.78949577384
6.79316231927
6.8353484976
6.83850708967
6.92655742797
6.94769747468
7.03421172276
7.05022914415
7.06837512139
7.10031473239
7.10973825626
7.13032583161
7.18347154313
7.20912576525
7.228366313
7.2392927641
7.24240881797
7.27909309724
7.39928363435
7.41616055225
7.52385955781
7.55463373413
7.55806005681
7.57947723263
7.67251460701
7.72397903074
7.74299429518
7.84182703646
7.98371404089
7.99712134716
8.00307183358
8.07071294647
8.1534340304
8.33959785126
8.44919202494
8.47869711623
8.49940300405
9.17559125504
9.19496388042
9.58167459198
9.80080465119
9.91076999991
9.99357008321
10.2003723611
10.4331054717
10.5703156299
10.769385712
10.7856886841
10.7979975343
10.9827120563
10.9918291385
11.106752619
11.4021522617
11.563061176
11.5890101483
11.762756034
11.8460065914
12.0307719759
12.2833491717
12.3609205368
12.4645698773
12.4767113453
12.6215039027
12.6358694183
12.8857996479
13.0657067377
13.1593961872
13.5076434386
13.8874932928
13.983663992
14.0372959531
14.5590856031
97
