6.01150634109
6.0205301607
6.03119865044
6.03832927183
6.04514081144
6.06678449205
6.07833855085
6.08702692204
6.10476420239
6.12039934687
6.13792464843
6.15622383846
6.16573464207
6.17757591635
6.19230389619
6.20057976126
6.22175996217
6.22952402801
6.24467920844
6.26671590443
6.27613706867
6.29618223193
6.31083274537
6.31261912529
6.34571960229
6.3721162579
6.38488678197
6.46185270698
6.49729232088
6.5075579466
6.51912130361
6.52797527019
6.5420956473
6.56325382205
6.58824175986
6.63112563977
6.67196645563
6.86621606602
6.98196080707
7.00674896788
7.04740214975
7.0888947992
7.13034924221
7.17544211199
7.21092404267
7.32059885074
7.52564173872
7.56644360558
7.72028251789
7.73097769196
7.76526253639
7.83639875983
7.8999833582
7.94636993004
8.03950370396
8.11332004728
8.19510796515
8.22483023716
8.371075849
8.40801764724
8.45945165551
8.49329933184
8.52541245351
8.5367532115
8.55863796429
8.56996663192
8.62383862677
8.65889537566
8.6775146675
8.71646902793
8.73729458722
9.18430341738
9.36535502277
9.50007793324
9.60825654061
9.75719625662
10.7683279383
10.9136242552
10.953332625
11.0913947368
11.225383671
11.4090810831
12.4370881423
12.6416252298
13.0318641281
13.2804126194
13.5135241086
14.0050671168
14.0356251554
14.4252781449
14.8139953743
91
