6.01009651179
6.02824429802
6.05295572957
6.05769795807
6.06474942816
6.07501167151
6.08198889267
6.09600994905
6.12503513432
6.14402448344
6.14606107652
6.1511137973
6.15249315196
6.16170038847
6.22736147359
6.2392282776
6.24638691912
6.25997305993
6.27509023306
6.29207133586
6.3088209697
6.52934351153
6.55600396603
6.58990168251
6.93100798089
7.01820380814
7.04982613983
7.07460388077
7.13299038672
7.16865014691
7.22926703679
7.23619569258
7.26998345798
7.31990033411
7.34935382779
7.37343738531
7.38504555167
7.41482025396
7.46300317767
7.50040843331
7.52873357513
7.57845465234
7.68069715536
7.77331616606
7.78835618653
7.92764605399
7.94878159965
8.02869493897
8.0485962533
8.07033463361
8.55875248447
8.60758303916
8.95460789604
9.53835753963
9.60765902858
9.75826012481
10.455363453
10.6694795439
10.7768227828
10.7921471281
10.8589636741
11.0335596761
11.0778911876
11.6463926117
11.7721460853
11.8078776523
11.8488740757
12.0157736245
12.1344431071
12.372252522
12.4524177931
12.6378880878
12.7646969154
13.0298259256
13.3200291582
13.5251122223
13.7070230606
14.5773643693
78
