6.01840293607
6.03551093933
6.04475427698
6.04828261845
6.05271553308
6.06380261682
6.0670793123
6.0701180862
6.08379382008
6.09451722788
6.1010217631
6.11723611873
6.13050786221
6.17820584268
6.19797662811
6.22576401845
6.24020068012
6.25082247529
6.28325992354
6.28507864154
6.31903062108
6.33934756818
10.4342229489
10.5465864037
10.568248537
10.5918445633
10.7728775404
11.4041833338
11.5446418301
11.7351255011
12.0141056876
12.3621669729
12.4882798055
12.6525144337
12.6736130304
12.9378165263
13.2184512492
13.3210095294
13.4873670597
13.6990107071
13.7296325436
13.8330645463
14.1941469209
14.6175114773
44
