6.00080915712
6.00929675685
6.04829187149
6.05484577635
6.07211296149
6.08828506576
6.10317335747
6.11305268518
6.14648424357
6.14735546031
6.18247537564
6.20490398884
6.21828869955
6.21970095682
6.23857383219
6.25667384947
6.26818604027
6.28503806412
6.29932454112
6.3080948741
6.32716473694
6.358294743
6.36417995731
6.38599664259
6.43533477905
6.46040458849
6.472536109
6.47504144847
6.5203785674
6.5409437312
6.55473478141
6.64122137332
6.66388741681
6.69693297801
6.72166014957
6.73061563699
6.77470152264
6.81926011593
6.82525970547
7.31774788761
7.41382412141
7.4417007149
7.46874375247
7.48998590232
7.51881838614
7.58768134654
7.67085679321
7.77098277059
7.81268496772
7.87430989874
7.93682713892
7.97049540915
8.07866815844
8.12128919595
8.20179100581
8.23223431962
8.75679993266
8.87805285713
9.04505075878
9.12469604858
9.4470585282
9.52186241379
9.62099742099
9.6364501263
9.82313492371
9.95671229972
10.1467167915
11.0434228217
11.167180415
11.2517765946
11.398551654
11.675642541
11.9671322677
12.1435637927
12.1579136233
12.2983281779
12.7972474066
13.0351820742
13.1323425355
13.4639837621
13.8831426507
14.1255806229
14.20614201
14.4986978518
15.5681652126
85
