6.01042996357
6.02031853087
6.02130148544
6.02699332279
6.05368842892
6.05787803037
6.06941848476
6.08633225875
6.09992135137
6.10971631298
6.12512874134
6.1324335453
6.13454230792
6.14266001732
6.15978692236
6.16948976078
6.18293542263
6.2024247197
6.21250973923
6.22610608553
6.2437672332
6.26355936848
6.26998740546
6.2769128685
6.28440567943
6.28968338529
6.3253782246
6.3396744771
6.34907275086
6.37315553805
6.37482156755
6.3882032772
6.39367142375
6.44635594168
6.46649504941
6.47997436016
6.50704878855
6.51858056977
6.53559338536
6.54237287907
6.55249450421
6.58518558482
6.60074865982
6.76080231715
6.7921577147
6.79672635945
6.81634088679
6.83748531117
6.87889805328
6.8970413638
6.96592068108
6.97932221039
7.00225860566
7.14894017337
7.160607599
7.1717428624
7.18779804977
7.22235519383
7.28722445758
7.32426170793
7.69809969833
7.72383640251
7.72738279402
7.83455632251
7.84635466477
7.94141063608
8.02358231244
8.0708491911
8.12932305832
8.15265759708
8.68083298069
8.93930277568
9.14625158694
9.36809059926
9.47239591647
9.53599835737
9.63726666476
9.65742131475
9.84941138986
9.88312627313
10.0141428182
10.0217110202
10.1522846306
10.3140056933
10.4203915495
10.5601919808
10.6313204771
10.7253499201
10.8263707528
10.9056573811
10.9155161918
11.065302806
11.1595459317
11.2245850185
11.4648735867
11.5567431125
11.6995420416
11.7976206167
12.1086628267
12.340902148
12.6079266709
12.8286539523
13.0666427645
13.1458108729
13.2361517403
13.7424403404
14.2307473701
14.5001022783
108
