6.03640028295
6.04924625771
6.07110993638
6.09473854371
6.11276092364
6.15682040907
6.16489067345
6.18289904945
6.20558283675
6.21124322567
6.21234818078
6.23494232642
6.25241369038
6.26249115
6.27459389239
6.27668961906
6.35027811641
6.35788130978
6.38008802
6.39720558026
6.4378320668
6.44040841953
6.46782108779
6.48988309973
6.49857125906
6.51220247443
6.55923025472
6.58293249416
6.60896372772
6.64323436249
6.66109520781
6.68133378595
6.69688138449
6.74190831456
7.05575376078
7.05878313653
7.09657704742
7.13950023752
7.17609813002
7.2045320081
7.22470295398
7.25628099986
7.33661974553
7.37648005883
7.39477283243
7.51001305669
7.58279772306
7.58889717792
7.7272089476
7.84095690952
7.84774309657
7.97640091948
8.02711117562
8.08790636515
8.1933124709
8.26474417712
8.42041234498
8.51160226633
8.52616693899
8.63778256809
8.72070666828
8.81582393133
8.92290106691
8.97178821074
9.02647033073
9.07673662975
9.13457153554
9.1957897831
9.27046703979
9.99778281451
10.1546436868
10.3041598583
10.4202916021
10.513712074
11.1873839982
11.9615838176
12.2508934443
12.6847911418
12.7956631346
13.4553969428
13.7133621708
14.0621945783
14.5909302873
83
