6.00705397161
6.01317549013
6.02787670561
6.0455662449
6.05354262997
6.06249609185
6.07730733298
6.09083192139
6.11258699074
6.12190759686
6.13979471206
6.1544051392
6.163921972
6.18306005307
6.20634925447
6.21900789539
6.24065022006
6.25088276587
6.2726002337
6.275414179
6.2870364516
6.32223020432
6.34859638594
6.35468398981
6.36418697745
6.37995730668
6.40917293175
6.43624482291
6.51986336179
6.52361472164
6.53986347615
6.57423783027
6.58433311723
6.61929101313
6.64577340693
6.65268762714
6.66969457667
6.69155319789
6.7332695467
6.75431544575
6.77601711996
6.80641337406
6.8510307425
6.92233146074
6.94700467212
6.95016849451
7.02816062165
7.04000216695
7.09022628002
7.16191757399
7.1655708704
7.18485549938
7.28199476703
7.41079495703
7.44275748427
7.50241808248
7.57954472942
7.58550169412
7.61315514036
7.64317839648
7.66203460419
7.69269335395
7.77694037947
7.80310944732
8.02496099871
8.04401419621
8.17255506901
8.35630397825
8.47053839588
8.66123768216
8.6690667229
8.69406998105
8.74176836482
8.76427840826
8.77301176371
8.80357619688
8.88671901886
8.94588228703
9.07634097874
9.16202828724
9.25456808419
9.38453911828
9.56954790747
10.1336866125
10.3033263142
10.4247066708
10.4520466166
10.585985693
10.6306737842
10.7476520879
10.8111278205
10.9312509239
11.1128243688
11.85124713
11.9568019098
12.2825259461
12.586911969
12.6083392229
13.2446494624
13.5563708939
13.7820448547
14.2291872479
14.6874969235
103
