6.00353112571
6.01048468705
6.02493314295
6.03864605806
6.06683331143
6.07156931598
6.08010137239
6.08412233796
6.11826469341
6.15890854036
6.18340717174
6.19186431495
6.23170632885
6.2339035556
6.25161335008
6.25978656268
6.29623441839
6.31926548329
6.33949163655
6.34813262815
6.35062411732
6.35613404901
6.3886659887
6.39437338093
6.42462480884
6.45589228107
6.47432704332
6.51233466559
6.56459759011
6.58495270918
6.62403006335
6.71636919342
6.75050116463
7.61609951354
7.69499061636
7.71610374015
7.73164877151
7.75997900409
7.8452137074
7.90200479887
7.97137576734
8.00901395706
8.04215543783
8.15414671598
8.24080404474
8.2495065168
8.54321069986
8.61430843115
8.63725398979
8.67392981538
8.95708869138
9.34402368984
9.60849766019
9.82526803253
9.90806550557
10.0533446931
10.1679170357
10.3909576171
10.5264202537
10.6169047092
10.7019145085
10.8994362562
10.930514613
10.9843844709
11.0016476514
11.997479436
12.077363092
12.5173717441
12.5808889076
12.8674687728
13.1837103512
13.971678637
14.3493508145
14.9299297589
74
