6.005286737
6.02283769151
6.04420843115
6.05432500567
6.0653718576
6.07478964044
6.08230773054
6.09203777482
6.10233461553
6.12518473927
6.13418844988
6.13817568979
6.15060648653
6.15208533149
6.16790784436
6.18710373265
6.18805672329
6.19722548937
6.20772207098
6.25828989528
6.27562963492
6.28840796772
6.3032946946
6.36162601862
6.39093856374
6.43458467566
6.44411195926
6.45671371685
6.53740737074
6.54102966401
6.5496646645
6.59466469439
6.63124462088
6.71071509864
6.73268582699
6.74983482798
6.78843415551
6.91667951913
6.9456331959
6.96350335463
7.0038452123
7.02494812006
7.04400557861
7.26889322172
7.29899163774
7.32927889751
7.33344407727
7.34169717364
7.39751194835
7.47468111168
7.51416407052
7.55294452122
7.57657494415
7.5883553097
7.63954841571
7.69923354544
7.73440897542
8.74768859776
9.99651467154
10.5733128171
10.6364770402
10.6459342321
10.8254016954
12.1199736796
12.2534294124
12.3886803916
12.5494749383
12.6617430213
12.9306055482
13.0148907482
13.1768301909
13.4226391676
13.744033506
14.1609815497
14.4071807897
14.6341558272
76
