6.02633805689
6.0336569932
6.07886558451
6.08521647374
6.0988353807
6.11681692133
6.13746206686
6.14478773632
6.16180947076
6.1912055925
6.19638260282
6.22150238916
6.22278382348
6.22571875586
6.23653820882
6.2477452716
6.25815951573
6.27202318342
6.27800679792
6.28525164908
6.29619166835
6.32840552609
6.34002673855
6.3647328591
6.37041038106
6.37625387684
6.40684317328
6.43005799229
6.45271954744
6.47178394291
6.49799714236
6.5178111922
6.61439951758
6.65355857083
6.80032795753
6.85618716704
6.85854551761
6.95839369772
6.96590171347
7.01190182265
7.05121472843
7.08670503632
7.286089022
7.33183177381
7.35375802172
7.41735173172
7.48435977106
7.59640599408
7.69652574118
7.77513702743
7.81694226757
7.82803063278
7.86473378257
7.90129117071
8.27275942516
8.33493374494
8.4242159252
8.47961259546
8.57599912559
8.60699024455
8.65293874549
8.77167663112
8.8702710044
8.91336629351
9.04104956216
9.09716403925
9.23487045645
9.32880778898
9.52793016137
9.68616502514
9.75927076474
10.1041433536
10.2023277196
10.2997294608
10.3579208946
10.4759338403
10.7033950889
10.7917950262
10.9588691048
11.1914196779
11.3138674159
12.2650036085
12.3633170672
12.5725205063
12.8074921055
12.9244663214
13.1450899166
13.2252881484
13.3702571892
14.2187773388
14.3513780208
15.1292695682
92
