6.02144989693
6.02548817876
6.03022100054
6.03725813264
6.04522990033
6.05743549308
6.06677045919
6.0773565462
6.0845239991
6.09272376843
6.11374356788
6.1497774519
6.15903784382
6.17189263019
6.18298376823
6.18451481201
6.20222416659
6.29071283981
6.2995974252
6.31490198839
6.35000173296
6.36294357524
6.3801025577
6.38174180946
6.39102144277
6.40066878301
6.43235100527
6.44963615269
6.52549953658
6.53612284708
6.55386743308
6.56795014927
6.58123887691
6.59642498853
6.6242092353
6.66485308581
6.69306827036
6.71388167332
6.73434101807
6.76040287818
6.78004307186
7.02730139423
7.07925775483
7.10720196629
7.17621939313
7.20878412196
7.26575681174
7.26866720621
7.29066017194
7.31288576881
7.39142436469
7.42914744759
7.46412802954
7.55358915859
7.56888227952
7.57373250092
7.62871359509
7.6814761757
7.73494677362
7.77086722883
7.80422463221
9.38328071207
9.47590525098
9.5413087697
9.62771094628
9.74652990209
9.82368157843
9.97763779535
10.7129989013
10.8661539981
11.5112666728
11.9050077453
11.96140598
12.2505281975
12.5139146874
12.7899298319
13.5407429319
13.9687077823
14.1385552872
14.3632350696
14.5210977306
81
