6.00602749611
6.05109566836
6.06844887215
6.08786492154
6.09772267383
6.09910580324
6.10668785053
6.11865785472
6.12824383927
6.14174467576
6.14692750486
6.14855282582
6.16234637201
6.17684780152
6.18486717203
6.20642793862
6.21228999427
6.21638011596
6.22802297494
6.25160681446
6.26845555854
6.2812624662
6.28853410407
6.28996369521
6.30642586795
6.34078643535
6.34326553834
6.37216320188
6.40017129052
6.44337619195
6.48151094637
6.49562997233
6.52558704181
6.55329867378
6.57785829226
6.59874292659
6.62256043787
6.64141324343
6.71368396406
6.72371405957
6.74088658679
6.77949293891
6.87049289764
6.89678770436
6.90362374259
7.02117646675
7.04590568584
7.08731966205
7.09494350358
7.1617632405
7.20356991472
7.2288562665
7.24025449902
11.8362682889
12.1699726433
12.3811262483
12.4843006626
12.5101866817
12.7212239088
12.997285665
13.1156390349
13.3906414418
13.5513046205
14.3880955156
14.6582203361
65
