6.01810328499
6.02336956435
6.14453517499
6.15205983324
6.21453681633
6.22888763995
6.24307652451
6.2540508098
6.27015330012
6.33297890327
6.37802500795
6.6200521796
6.62326669941
6.70693415052
6.73543056525
6.75728836724
6.78063254172
6.80769799977
6.84989733247
6.87971177794
6.93083885789
6.98437836989
6.98963702452
7.00875313954
7.05278280616
7.19276114621
7.25561928798
7.2955773501
7.31234155245
7.35861781714
7.38593592278
7.39739689368
7.44482250757
7.52563172678
7.59005343749
7.59439410533
7.83678111086
7.92914274264
7.95029324694
8.00023274131
8.02868887704
8.12051659984
8.16529291777
8.20730030401
8.23247075832
8.69854827328
8.70768569111
8.79067929897
8.8506159272
8.93116018108
8.98511155654
9.04149166785
9.09640060651
9.20477329892
9.25750983888
9.29343650507
9.37528105546
9.80353794067
10.4235088263
10.6375985
10.680809317
10.9634952216
11.0617381208
11.0968605511
11.2457793545
11.391973186
11.4939679308
11.5076857265
11.748232749
12.0775771182
12.5045005613
13.1165429223
13.2425070437
13.5175168737
15.9367554778
75
