6.03713548449
6.06115110856
6.0727234411
6.08122037076
6.09344306755
6.10490277329
6.11196023958
6.12440709808
6.13937972997
6.15447645838
6.17353780451
6.19443809286
6.20406098304
6.20631244445
6.36868519756
6.39824658405
6.40723444752
6.42382422004
6.45747889411
6.48608114823
6.50179994191
6.52323652793
6.52494951622
6.55176328018
6.5699092668
6.59221833198
6.6049740174
6.76887777877
6.77156265095
6.79684824047
6.88897679472
10.0853696235
10.2377853928
10.3810381074
10.5926179799
10.6615165219
12.412631053
12.5674227322
12.8664130182
13.0549602562
13.1511940779
13.5687037138
13.730255978
13.8918522539
14.0024132204
14.1387162271
14.421995335
14.6057526455
48
