6.01270877955
6.02465157713
6.0600950071
6.07048910289
6.07697853153
6.09499015459
6.11885845545
6.16929425118
6.18176501943
6.18752451088
6.18948233159
6.20531156354
6.21474191254
6.44668672716
6.48241202934
6.56337975857
6.5683899959
6.58344864321
6.61741381507
6.65081549935
6.69521258423
6.69732775009
6.73447745202
6.75211228549
6.78435626786
6.79773992279
6.84014923069
6.85529941615
6.96012430861
7.00492630622
7.00862789656
7.04138009615
7.09871150119
7.10959308772
7.16814977177
7.21326118787
7.25029173151
7.31847102332
7.36391710462
7.37087207614
7.38521161663
7.42463944331
7.47275502738
7.60865744835
7.7292454193
7.76024407492
7.87205489737
7.96803463676
8.07212180322
8.2173074079
8.27191780517
8.28207140069
8.36767723824
8.38670441081
8.45605679385
8.56807234841
8.58986243788
8.69435514113
8.703361183
8.81391761331
8.98748642893
9.08914348144
9.22536073099
9.26186705866
9.35803813311
9.40958890046
9.43861684606
9.61334839091
9.8941478652
10.5244295462
12.2370757349
12.4696729824
12.7984703839
12.8724852154
12.8986510972
13.1635358396
13.2783325797
13.6967477375
14.0891707603
14.4811977348
15.2629975809
81
