$ Stimulation Interval(ms): 1200
$ Delay(ms): 0.000000
$ Number of data : 130
$ TSTOP : 12000
$ PN stimulation current max : 0
$ LN stimulation current max : 0
8.87500
21.25000
47.85000
90.50000
129.62500
156.62500
177.60000
203.97500
244.17500
269.05000
285.37500
490.75000
533.37500
617.67500
704.57500
724.70000
770.62500
863.75000
929.60000
968.25000
1070.45000
1149.45000
1175.60000
1208.45000
1227.40000
1287.12500
1356.52500
1370.87500
1561.27500
1598.95000
1657.87500
1791.30000
1804.62500
1865.95000
2272.17500
2408.32500
2420.77500
2434.05000
2600.72500
2818.70000
2862.30000
2878.50000
3035.87500
3078.82500
3577.77500
3610.70000
3622.27500
3634.80000
3647.37500
3682.30000
3835.85000
3870.35000
4153.57500
4264.02500
4341.02500
4359.55000
4553.15000
4569.92500
4681.17500
4755.92500
4812.17500
4836.95000
4894.90000
5397.50000
5602.92500
5618.55000
5635.95000
5668.27500
6009.05000
6036.87500
6075.42500
6127.82500
6234.72500
6339.77500
6358.52500
6452.97500
6566.40000
6582.90000
6717.27500
6878.72500
6900.70000
6988.45000
7166.52500
7208.20000
7240.62500
7284.60000
7393.97500
7475.10000
7536.87500
7656.97500
7702.37500
7888.17500
8204.67500
8226.87500
8326.62500
8411.72500
8431.57500
8448.87500
8475.72500
8556.95000
8626.70000
8653.22500
8671.27500
8761.92500
8889.55000
9012.87500
9386.70000
9515.62500
9558.27500
9609.72500
9630.30000
9709.97500
9834.70000
10054.22500
10116.92500
10172.47500
10288.10000
10303.77500
10430.85000
10796.62500
10809.72500
10829.07500
10842.15000
10866.25000
10946.62500
11019.20000
11377.87500
11543.15000
11746.75000
11843.22500

