0.282125
0.286150
0.296550
0.344825
1.169950
1.305100
2.068425
2.196200
2.436700
2.943625
3.020900
3.350075
3.719750
4.002050
4.382450
5.161125
5.174750
5.506000
5.540950
5.833675
5.847575
6.052500
6.246375
6.248925
6.407500
7.257625
8.694275
9.866425
10.507375
10.597625
10.719800
11.080750
11.186525
11.541375
12.038625
12.687350
13.473250
16.127525
16.274850
17.267200
18.362075
18.747775
20.702400
21.711950
21.960775
22.419575
23.067600
24.477050
24.512475
24.764725
25.932950
26.051450
26.640725
26.959825
27.511400
27.521275
27.747875
27.882800
27.888125
28.049600
28.957525
29.894500
30.502900
30.932950
32.683550
33.341125
33.468350
33.625850
33.637225
33.786025
34.492175
34.975500
72
