0.093825
0.515950
0.534025
1.466200
1.517550
1.521800
1.892275
2.434975
2.658525
2.744425
3.909375
3.949725
4.004325
5.076550
5.090600
5.351975
6.112050
6.126325
7.177700
7.431900
8.600625
8.677625
9.118925
9.184150
9.914675
10.528275
10.723350
11.867000
12.187525
12.237500
12.255725
12.327975
13.386925
13.527975
14.506150
14.767325
15.307200
15.467800
16.979975
17.042800
17.047550
19.313800
20.659825
21.447300
21.835900
21.907125
23.081700
23.100150
24.485475
24.631275
25.603150
25.638725
25.902950
26.360075
30.380200
30.552025
31.452900
31.635775
31.908750
32.088600
33.289350
33.653600
34.010225
35.918425
64
