0.243375
0.259825
0.376625
0.386050
0.446475
0.452900
1.619875
1.822750
2.016075
2.244450
2.471575
2.639975
2.848825
3.426600
5.401400
6.394200
6.507700
7.284375
8.384475
8.436050
8.683000
9.080600
10.137150
10.427425
11.528250
11.616450
12.288075
13.126800
13.141925
15.285475
15.557700
16.244325
16.308150
16.466325
16.929400
16.968700
17.475050
17.565875
17.767300
20.887475
21.312000
21.888650
21.892575
21.951475
22.567050
23.244450
23.435900
24.243650
25.299600
25.396075
25.476350
25.682200
27.134600
27.596125
27.879725
27.914700
28.110100
28.378125
29.064500
29.296150
29.853675
30.011000
31.462925
31.584650
31.626650
31.905350
33.552500
33.990125
35.115400
69
