0.016825
0.058900
0.447100
0.476400
1.519325
1.553300
3.370675
3.422500
3.868400
4.524525
4.586325
5.163075
5.964300
6.294675
6.343350
7.451900
7.537025
8.595500
9.732350
9.847075
11.218850
12.215000
12.257175
12.998400
13.187150
13.332075
13.534950
13.801600
14.668975
14.693050
14.925950
15.600600
15.849450
15.884550
16.218025
16.440950
18.647925
18.725175
19.015200
19.202750
20.688325
20.876400
20.895100
21.018475
21.772725
21.855600
22.830350
23.358950
24.350825
24.711825
24.838825
25.048775
25.051625
25.392325
25.603625
25.729525
25.958250
26.169150
26.227800
26.757500
26.860350
27.519600
27.847450
28.605075
30.309700
30.324850
30.363450
30.993425
31.574400
33.144325
33.892100
34.976075
35.008275
35.908275
35.929650
75
