0.060625
0.484225
1.691525
3.569425
3.790275
3.863150
3.877025
4.092575
4.320300
4.974600
5.533925
6.645250
7.432625
7.506025
8.684350
9.973800
10.008925
10.625550
10.901800
11.228025
11.536850
11.780600
11.814925
11.832750
12.261675
12.299500
14.331625
14.381275
14.876200
15.619150
15.813500
15.875775
17.428175
17.543725
17.948025
18.253300
18.274700
18.292375
18.366900
18.598300
18.647875
19.103850
19.530225
19.658025
21.151025
21.222475
21.644800
21.771500
23.304425
24.241175
25.493775
25.544650
27.562900
27.841150
28.251925
29.112525
29.469975
30.122075
30.237200
30.813825
31.240700
31.377425
31.673650
32.136575
32.614175
33.253150
33.813075
35.139100
35.157675
35.414625
70
