1.382625
1.498450
1.509275
2.255925
3.440400
3.650425
5.075400
5.917850
5.925475
6.059475
6.362400
6.368900
7.216000
7.244500
7.777050
8.519325
8.827000
10.209200
11.099150
11.475800
11.626625
11.739300
12.236150
12.296025
12.442625
13.472300
13.861875
14.722225
14.774200
14.876950
15.513475
15.947000
16.117150
16.246850
17.818375
18.137100
18.178200
18.199775
18.257625
18.354925
19.456850
19.521875
19.605125
19.753500
20.062750
21.000725
21.165650
21.804900
22.267825
22.890400
23.220550
23.263225
23.413575
23.575175
23.824200
24.374700
24.470525
26.581125
26.911750
27.895200
28.201525
28.209050
29.149575
29.291550
30.710225
31.373325
31.907475
32.354750
32.423200
33.816275
33.977150
34.443175
35.065850
35.210625
74
