0.300200
0.319175
0.349100
1.466275
2.258150
3.789075
3.840425
3.964525
4.935075
5.058150
5.067100
5.255725
5.458100
5.532950
6.084025
6.518975
7.481350
7.978950
8.899400
9.670275
10.952950
11.045875
12.343675
12.467775
14.173850
14.195775
15.422350
15.722375
16.001425
16.365300
16.431575
16.445200
17.025425
17.089750
17.218500
17.422675
17.785600
17.793200
19.963725
20.773600
21.897700
22.137450
22.726500
23.019075
23.106250
24.184925
24.694550
24.769950
25.227900
25.409725
25.454125
26.003500
26.139200
26.584550
27.186225
27.500475
28.679175
29.531075
30.286600
30.286875
30.876625
31.995650
32.024550
33.743500
34.120600
35.534400
66
