0.016175
0.240000
1.578075
1.899400
2.652750
2.687225
3.133750
3.245825
3.851825
4.920650
5.101975
5.342900
5.843000
6.295850
6.330950
6.645000
6.846225
6.919425
7.444950
7.727150
8.033775
8.671200
8.810725
9.221950
9.910775
9.993050
10.001600
10.051550
11.358925
12.053300
12.293950
13.058000
13.790575
14.073900
14.330300
14.573675
14.628300
14.864975
15.706700
15.841275
15.870450
15.916125
16.698275
17.048000
18.209925
18.374500
18.472425
18.521425
18.819875
19.356175
19.450150
20.258900
20.663850
20.840800
20.925800
21.870075
22.542300
23.134975
24.274000
24.281400
24.316875
24.320000
24.652700
25.020875
25.756300
26.446200
26.681175
27.391200
27.458875
28.307925
28.393625
29.013425
29.138775
29.631175
29.700525
29.802275
30.471500
30.873150
31.811725
32.142975
32.654225
32.696425
33.415125
33.826600
34.238775
34.583600
34.791525
35.212125
35.315500
35.469225
90
