0.257825
0.272325
0.731950
1.149150
1.203600
1.227450
1.406600
1.436850
1.531750
2.092475
2.302725
2.723875
3.389150
4.664775
4.928150
5.654900
5.972000
6.171550
6.237075
6.731575
7.121900
8.157950
8.775650
9.819225
10.581425
11.063625
12.216750
12.221175
12.261375
13.419975
13.841775
13.896325
14.419600
14.695400
14.948425
15.492325
15.603575
16.353975
17.866525
18.078250
18.182275
18.374450
18.714500
19.352700
19.495975
19.527675
20.248775
20.283600
20.589750
21.104400
22.541225
22.781550
22.859525
23.452800
24.058725
24.203700
25.374600
25.468375
26.466925
26.792825
26.819525
26.886325
27.741425
27.972625
28.461150
29.030150
29.032700
29.096225
29.527450
29.735400
30.196950
30.236075
30.243350
30.278750
30.541025
30.547600
30.950300
31.424825
31.474400
31.767175
31.820100
31.946475
32.664425
32.790000
32.874075
33.127625
33.916050
35.163675
88
