0.174550
0.620925
0.904850
2.393950
2.441575
2.658250
2.712575
2.775225
6.277550
6.356275
7.013950
7.291575
7.453150
7.969075
9.128825
9.951550
10.514750
11.181950
11.191475
12.048925
12.345300
12.560800
13.139275
13.525200
13.823700
15.200700
15.413450
15.738100
16.322850
16.386600
16.609775
16.797400
17.081750
17.794925
18.266800
18.366475
18.716050
19.055075
19.402000
19.443675
19.750800
20.660725
20.762750
21.864225
21.883600
22.082100
22.094350
22.130525
22.328650
22.494500
23.149325
23.317850
24.344125
24.539350
25.396225
25.454600
25.598675
26.348350
26.859000
27.024850
28.886725
29.047075
29.154775
30.210850
30.369925
31.620525
32.069250
32.382275
32.424150
32.440425
32.699650
32.769400
33.676425
33.708025
33.836525
34.925200
35.053775
35.220250
35.563175
35.902000
80
