0.280925
0.577800
1.357625
1.402025
1.445100
1.451075
1.863750
2.643850
2.673500
3.212675
3.612200
3.909050
4.311750
5.149300
5.501850
5.903000
6.295750
6.434425
6.498600
7.500300
8.704350
9.558700
9.618900
9.904100
10.252475
10.985175
11.071300
11.085350
11.189450
11.423975
11.440025
11.776325
12.334375
13.945725
14.491800
14.834675
15.177850
16.103275
16.288400
16.360700
17.063125
17.254200
18.204375
18.248550
19.024100
19.514600
20.735425
21.503150
21.852325
22.020375
22.418550
22.481975
22.996000
23.024025
23.089350
23.507075
24.236250
24.244025
24.512375
24.557250
24.954125
25.454225
26.663500
26.809275
27.833575
27.866625
28.035275
30.672550
31.441400
31.452725
32.652950
33.011975
34.221650
34.254725
34.982050
75
