0.242625
1.055450
1.325700
1.491775
1.635575
1.666500
1.795075
3.878150
4.094775
4.319775
4.793950
5.959150
6.324525
7.391400
7.575600
7.808850
8.642350
9.711350
9.830825
9.906200
10.000075
10.450550
11.246600
12.577275
12.777625
12.917825
13.178675
13.220675
13.456125
13.661050
14.384000
14.657875
15.528450
15.824925
15.850175
15.852675
15.880825
16.701025
17.063700
17.080750
17.207400
18.998900
19.392725
19.473800
20.552125
20.872425
20.891500
21.799600
21.949250
22.222650
23.018025
24.125525
24.662300
27.745750
27.846525
29.098675
29.249800
30.287550
30.288775
30.596750
30.661875
31.009425
31.831400
31.937775
32.044625
33.028475
33.167375
33.970900
34.049025
35.168900
35.656600
35.848500
35.912200
73
