0.222425
0.242625
0.380875
1.181500
1.284150
1.496525
1.768750
3.088300
3.856600
3.963250
4.061825
4.146625
5.107475
6.640625
8.269050
8.705575
8.982150
9.864450
10.230875
10.665725
11.039050
11.354850
11.524600
11.680275
11.913700
12.392225
12.917325
13.422200
13.865775
14.481925
14.619525
14.679825
14.761350
15.058300
15.845275
15.861900
16.834725
17.089150
17.438300
17.978800
18.242775
18.360625
18.412800
20.080250
21.762775
22.188800
22.379775
22.389050
23.059875
23.086675
23.793200
24.018450
24.309225
24.497750
25.900500
26.669875
26.678525
26.899700
27.688925
27.804825
27.883575
28.003575
28.265950
28.456975
29.041800
29.046375
29.764100
30.085225
30.447050
30.574625
31.698225
32.425400
32.679450
33.056850
34.009125
35.159750
35.575375
77
