0.056000
0.239625
0.629375
1.173275
1.745625
1.836925
2.098475
2.353225
3.808925
4.000050
4.232675
4.273100
4.297300
5.647825
5.662000
6.349750
6.366975
8.326425
8.490825
8.638275
8.791075
9.703850
9.852100
9.917900
9.988750
10.061600
11.785000
11.893300
12.464825
14.048900
14.235200
14.657625
14.945875
15.082675
17.718250
18.203675
18.342450
18.344725
18.781025
19.437500
20.651375
21.707425
21.949075
22.119775
22.318825
23.647650
24.195100
24.432800
24.433975
24.820900
25.091250
25.336750
25.501900
25.544825
27.821175
28.436275
28.551325
29.052450
30.480000
31.266300
31.269475
31.416475
31.570625
32.734800
32.860550
33.334925
33.400725
35.321625
35.675325
35.995300
70
