6.01504248117
6.02424212748
6.0382989903
6.04320888147
6.06094181583
6.06401764122
6.07211496403
6.07979583088
6.10204167199
6.11492513428
6.13333714962
6.20736050544
6.21078372952
6.2161621314
6.2170495013
6.24169017772
6.30163052969
6.30862359631
6.3234066634
6.35204381081
6.35517368174
6.37212011312
6.39306385135
6.41493479088
6.42571668952
6.44159851705
6.45044379522
6.46723955067
6.46991566738
6.5445403915
6.56809340195
6.57541380594
6.60191110872
6.62507402561
6.64178329185
6.64994593146
6.67218425165
6.75992213656
6.8714147775
6.88917844895
6.89140562102
6.92469224312
6.96173133738
6.96864973933
7.00905899026
7.01422992772
7.05837775963
7.06241421668
7.07316594551
7.08450838142
7.20331492283
7.22009943694
7.24393433828
7.24891581229
7.30239422512
7.34811156074
7.35375534667
7.39946971366
7.45735183309
7.55205366061
7.55820327929
7.64711783146
7.68700086193
7.6904345428
7.71345614585
7.75557610827
7.78720766357
7.83786876249
7.86059964819
7.88699112479
7.95037714274
8.0093704158
8.0892913287
8.09771973984
8.11194810659
8.11580782347
8.15500740561
8.20887352897
8.22292993825
8.29161853613
8.31489597213
8.37250662125
8.37972371193
8.41073572913
8.43494700347
8.49579976988
8.51956953363
8.61577697768
8.68667145047
8.72316235619
8.72973839577
8.82418955864
8.87618409809
8.92429209457
9.00149236032
9.30812081641
9.31310674337
9.33950494771
9.47994418272
9.49957294703
9.59601375567
9.63463117833
9.70683316547
9.73449981776
9.78273076608
9.79219466104
9.84452555728
9.91345400297
9.94665403737
10.5777310575
11.0809805867
11.1466050432
11.3104150227
11.4236340178
11.4640095525
11.6237137456
11.6812828699
11.6941851272
11.8537704515
11.9696642984
12.065051779
12.2465249648
12.4238278534
12.6708811453
12.9636221388
13.0834767138
16.5061947404
127
