6.0131460992
6.02283690695
6.04247837201
6.0494490221
6.05455033417
6.0785428166
6.08130208276
6.08706514898
6.09048647347
6.10009336596
6.1048169365
6.11772489851
6.11880355369
6.13456200534
6.14279735411
6.15713917734
6.17050888028
6.17592088402
6.17665107045
6.18591655364
6.18679421923
6.18765607945
6.18935233784
6.20028770507
6.20272692002
6.2244363344
6.22628149512
6.259805185
6.2821657458
6.28857744935
6.29557742638
6.30760977524
6.31551318122
6.32542813939
6.33193305232
6.33901851377
6.34832794647
6.37984075089
6.43619081028
6.45602950069
6.47251946748
6.47900564254
6.6506244007
6.65501383544
6.67856100947
6.69869774996
6.75245603576
6.77741685387
6.80295365592
6.805619244
6.84021773453
6.84898513278
6.85293034561
6.86021476293
6.88378951718
6.89055356311
6.93905931961
6.96759383415
6.98684385266
7.24258672697
7.2568956283
7.75042790301
7.75447758256
7.79298491183
8.26780822292
8.35935242746
8.40175594533
8.41534975614
8.4452003817
8.4693576327
8.52692429121
8.53971264717
8.60308043986
8.63819789367
8.7147744143
8.76538134562
9.0948857582
9.15934422581
9.33561823537
9.3709160178
9.49138721664
9.5848650385
9.62118241139
9.62671520398
9.75113152307
9.84791920727
9.8826213879
9.98530691101
10.0192095672
10.0481624541
10.1084280767
10.1851857901
10.2787197184
10.3046339396
10.3207539948
10.3329220075
10.4525862543
10.6678488508
10.789544099
10.8758238043
10.9394923274
11.0706019394
11.1542504809
11.1658093865
11.2440279986
11.2984441069
11.4098553574
11.5173829737
12.1727031955
12.204795
12.2335601945
12.4651951773
12.7641766678
12.8673005052
13.0247633978
13.146319159
13.716821074
13.9191379217
14.0808792365
14.1708451223
14.2658188182
14.8176414068
122
