6.01579244351
6.01816262426
6.03105225899
6.0457041468
6.04939115066
6.06778987862
6.07108640876
6.08656330672
6.09549468999
6.10253455308
6.11126615189
6.11814355875
6.12393117533
6.12930846175
6.13741278688
6.14340160541
6.14780557238
6.15157764417
6.16101320893
6.17114571701
6.18124969892
6.19663382089
6.20231323895
6.20615225454
6.22254766637
6.23498893192
6.2523463725
6.27015983824
6.32031247945
6.32353499955
6.32696180535
6.35304549681
6.39002649127
6.52284941681
6.54337410279
6.55720627089
6.5718859114
6.5823419182
6.59601263136
6.60807982513
6.61663124724
6.63454238744
6.64346482442
6.76104678439
6.76797677306
6.798434907
6.82431003175
6.84994737564
6.9356924287
7.00440342063
7.00874997358
7.02239911993
7.02407505646
7.03536866267
7.07235721235
7.10324608638
7.15446602755
7.16240986958
7.17867187621
7.20150965233
7.23892004833
7.27679274928
7.29296200596
8.10982163209
8.15704614139
8.44141483544
8.46828168654
8.52507622194
8.76512302265
8.78580487905
8.81706967364
8.84214568865
8.86831112613
8.90334944527
8.93503241542
9.0046579669
9.06304807992
9.09828740998
9.38353475762
9.53669582983
9.6068042285
9.62221344483
9.70967750223
9.75509646883
9.79845399585
10.0388810616
10.0748527327
10.2034364053
10.31391507
10.3761333034
10.3991903199
10.4080357992
10.5825323639
10.7263999051
68.6396123684
95
