6.00259968025
6.01155696122
6.01645168116
6.0259963656
6.03256367513
6.03788130208
6.04523844617
6.05990267765
6.062391773
6.07897646361
6.07975800645
6.09041567988
6.1207267492
6.1277926014
6.14329400001
6.15669485301
6.19830157705
6.22044070778
6.24769257212
6.26703988904
6.28276843451
6.28852399397
6.3220133189
6.35244671781
6.36271444514
6.37245465123
6.37821089055
6.39453160445
6.41894989531
6.42270407755
6.43254574949
6.44900696036
6.45951613002
6.47207255529
6.47854536839
6.48415441416
6.50214733012
6.51678041168
6.54064750084
6.65477545599
6.69940518653
6.7141320055
6.77113044828
6.7764001493
6.86017866449
6.86592585007
6.88135559842
6.93208678425
6.94819999421
6.97941421053
6.99422396382
7.00847830516
7.01444651185
7.03895801059
7.06404871712
7.21245099355
7.25172068969
7.27472204786
7.31544289839
7.33245798997
7.35106328758
7.39873990847
7.42967177082
7.46731161111
7.48270885716
7.51196976193
7.5395474791
7.65817584384
7.73121420583
7.8013730816
7.84299105656
7.92792540133
7.99004557494
8.00256391518
8.00644764416
8.06156898329
8.1001925298
8.14145421516
8.21273020154
8.27703148295
8.32683569286
8.4608871691
8.466985138
8.47946125762
8.55230855423
8.5987639291
8.62408180565
8.65878437258
8.71426022844
8.75105718235
8.83208930276
8.88705830186
8.93581806783
8.99068894686
9.04278815799
9.09253463844
9.31807841151
9.41093628171
9.46223857557
9.46998462361
9.51670869251
9.54955935044
9.61753761905
9.63765412074
9.71751454175
9.82203714209
9.8280497823
9.87762512972
9.92188350284
9.96261770892
10.0294763942
10.1307681868
10.2311008194
10.380271547
10.4286886634
10.595477785
10.693549648
10.7376155987
10.8353531761
11.1717844257
11.3138321985
11.369890938
11.4749811841
11.5536539828
11.6009169787
11.9733698345
12.1254960011
12.2241054923
12.4087157512
12.6996459325
12.7692502107
12.9026332275
13.1205312286
13.180239669
13.534046336
13.7084343238
13.776960334
13.8631141588
13.9600243384
14.0892378853
17.458479785
141
