6.04240412237
6.04623081782
6.04914670309
6.074516676
6.07953918676
6.09343750745
6.10081724729
6.10887186005
6.11929204585
6.129692229
6.14486302349
6.16073988634
6.16693116589
6.1680673749
6.2484826621
6.25052555958
6.27316078054
6.27930924887
6.28432262773
6.29456803483
6.31788749206
6.33407485416
6.34438168056
6.36800345552
6.39913888214
6.40821267767
6.41395524714
6.430850278
6.43762989752
6.44392224182
6.45453313598
6.46291864378
6.48325499346
6.49855990568
6.57052268224
6.580097425
6.59364822426
6.61302271688
6.63657776418
6.64979549552
6.66518559472
6.70889892702
6.73514060565
6.76267705039
6.77591285754
6.77787717448
6.79562127947
6.79743939536
6.80994312892
6.81244795808
6.82594381734
6.84523497112
6.85381829681
6.87806906263
6.89353610039
6.94550642413
6.96667101543
7.02232132738
7.22069608116
7.41925138953
7.44944702264
7.47786545645
7.49350003501
7.50421531126
7.50657198621
7.55382565705
7.61852386754
7.64279804606
7.72745229377
7.84119390422
8.30249503384
8.69236667353
8.79439684004
8.85801428812
8.92917390755
8.9735311646
9.01774900573
9.02525921991
9.02972481298
9.04591715104
9.08704015199
9.14432641448
9.27024232477
9.31144751271
9.34447890848
9.4025357443
9.5879927017
9.63066273858
9.92198887616
10.0453807948
10.1183347347
10.196172663
10.2423266303
10.4109973179
10.5892133868
10.6613370194
10.7502122823
10.8523710648
11.9240326043
12.1394098993
12.2398215158
12.3030299022
12.3491924901
12.466066127
12.5943526375
13.0408800606
13.1143597598
13.2889473519
13.3730344147
13.4368150078
13.7133177024
13.8325427936
14.9091970788
113
