6.02093157065
6.02562319708
6.03980277243
6.04543076605
6.04617403912
6.05725079839
6.05881491238
6.06537585329
6.08615188876
6.09136044964
6.09597442285
6.11076364104
6.11826402393
6.1232129089
6.13259889213
6.13868682408
6.14432533583
6.16328670824
6.16969371274
6.18824277467
6.19199265667
6.81781634759
6.86970542194
6.90774641493
6.95380638114
6.96331603393
6.99897979581
7.00241342806
7.03869141214
7.09371797913
7.11180386303
7.11998062599
7.13236238348
7.17573016514
7.30357354271
7.35018110374
7.36063086561
7.37736621625
7.42470528133
7.43322474618
7.45324862525
7.72800932773
7.74302365444
7.87830311631
7.97672443059
7.99599828245
8.01437295512
8.03995128714
8.09539269746
8.1114026047
8.13305962064
8.21916973323
8.25109300401
8.25605683556
8.2920247314
8.33585944236
8.47305986199
8.47981765001
8.5140862265
8.55352531762
8.58519410448
8.63072561549
8.6714676496
8.72211191988
8.73956154076
8.78431481212
8.89562120886
9.05376670856
9.08840244199
15.4671038287
70
