6.00346843583
6.01051942292
6.01601043823
6.01864936476
6.02533240252
6.03930750121
6.04610944283
6.05489382207
6.06813299701
6.07359148828
6.07487437807
6.07902716737
6.09667315805
6.10557028501
6.11073414541
6.11821179296
6.12712510443
6.14614042124
6.15775543111
6.16993412423
6.18754977528
6.18982301752
6.20468209801
6.21669677962
6.23452340095
6.24668533249
6.25896001305
6.26030649107
6.27351525894
6.29491932563
6.29672322705
6.31285637178
6.32581004459
6.34139413921
6.35829319015
6.39030659192
6.40465862268
6.41296111912
6.42683784702
6.44382728862
6.4535884071
6.4635970189
6.50313681054
6.50942448876
6.51419741782
6.52369513831
6.53766553226
6.5442176645
6.60847480162
6.67514564299
6.68347595472
6.69688655114
6.71582103362
6.74598175747
6.78218606268
6.80661415409
6.82018413417
6.84015639305
6.89097295548
6.89965112472
6.92303148951
6.92558956793
6.95662962506
6.98637727284
7.00984701886
7.039337684
7.05322606974
7.05589937066
7.08163971214
7.10895681101
7.36780301848
7.38976800951
7.44161947662
7.47570854146
7.53192383059
7.69126767414
7.72159071996
7.73806467766
7.77777877432
7.84281076211
7.87175263373
7.89252363852
7.91864733207
7.95657400291
7.99176503838
8.02259352344
8.04753094204
8.08503093679
8.14313025749
8.24719403605
8.31547022613
8.34916346288
8.40130951407
8.41771001732
8.7942428824
8.86204914962
8.86698875355
8.99148907327
8.99648316587
9.02814862038
9.08235371845
9.10914048001
9.2226533215
9.3092182929
9.3426727796
9.39485428201
9.78532920885
10.2123217217
10.2490222429
10.4074119855
10.4957871973
10.6358565387
10.7927027671
10.9001410175
10.9504490996
11.0919895975
11.206784015
11.2761630549
11.3839129348
11.4400936703
11.7707573341
12.298790145
12.3389339612
12.438339867
20.8524474331
125
