6.01309514716
6.01606150053
6.02133159985
6.02249862569
6.07693979148
6.09843475583
6.10401172656
6.10770920139
6.11811722754
6.12361337376
6.14025787633
6.14870526548
6.16121224154
6.64062142895
6.65954495559
6.67088152961
6.68472387872
6.70764350008
6.72505611091
6.73946327667
6.753400397
6.76149911796
6.78358213343
6.82144826198
6.82288049809
6.83003648594
6.84744694995
6.87886730906
6.89214600864
6.89465566628
6.9070282169
6.91673382085
6.92198925337
6.99119439675
6.99312092208
7.02746826997
7.08092580757
7.11518151858
7.12613299732
7.15055697278
7.17394825051
7.22654496864
7.26787129856
7.32965978546
7.35898705207
7.40729745131
7.45188184826
7.50118716179
7.542107605
7.58367458946
7.61161065722
7.70465050788
7.70703766752
7.72740620645
7.74473946239
7.78624262683
7.80006753185
7.83223082839
7.9041274533
7.95439433679
8.00081199406
8.02644614928
8.07225007154
8.09187142701
8.10764691036
8.24315088339
8.34615297495
8.40029611957
8.41077166904
8.46234881778
8.48522539451
8.69321453973
8.86162510443
8.90325570095
8.9267241707
9.00200104371
9.10185934019
9.14303468841
9.27422419425
9.30547209106
9.37932821586
9.48319099336
9.53372892301
10.1127855919
10.9533896196
11.2391834539
11.2956448089
11.3302967359
11.4103223218
11.4752757714
11.4988335249
11.6458849692
11.6928579809
12.0997359454
12.3648157
12.5593743227
12.6634578864
12.7984751283
13.0499410586
13.8377527303
13.9737484894
14.1601612415
14.2834591055
14.9296586466
104
