6.02595855079
6.04938064683
6.05157854709
6.06723039199
6.07022800783
6.0710194046
6.07679738262
6.09009190274
6.09388886838
6.10871514174
6.11546668953
6.12636948633
6.13509723291
6.18241523384
6.19712256651
6.23833735255
6.24752645347
6.26315598703
6.27771611643
6.28401953587
6.29600177463
6.30585532278
6.31059166095
6.31503208917
6.3182887034
6.32337651653
6.348862629
6.36120549993
6.37565252234
6.43068005695
6.45513498148
6.46582672189
6.47238720118
6.49066719004
6.50494760216
6.51452060635
6.52752778626
6.54238279973
6.55480133667
6.58288888484
6.61572125761
6.65625327391
6.6898874504
6.71265608167
6.76278093391
7.52657219073
7.55342260265
7.58406593309
7.58862409227
7.64520407034
7.6990457717
7.74990331653
7.77449352991
7.83337778456
7.85893919054
7.88455297538
7.97106735874
8.02144301769
8.10438116005
8.16796107903
9.21219609542
9.26410820992
9.26906326864
9.2739938754
9.27906229828
9.28282918473
9.56529648931
9.67449032555
9.77170242981
9.8155736344
10.0620969179
10.1640184165
10.1947052952
10.3027278592
10.4226295779
10.4587959915
10.4740430685
10.7129798879
10.8114141899
10.8841792055
10.9523762476
11.045300774
11.5295217659
11.543638702
11.6080172097
11.7175323566
11.9206361501
11.9295967515
12.0985670182
12.8159755525
13.0417981716
13.2479005774
13.436882495
13.539072362
14.5017476915
95
