6.00306122435
6.0110040725
6.01395743316
6.01987087795
6.02493608122
6.02791236734
6.04490859076
6.06407385158
6.07844869211
6.08379622142
6.09534350721
6.11033819243
6.12058747799
6.13076280463
6.14699945724
6.16394360158
6.16880733391
6.17621591768
6.18668345128
6.21371666195
6.22794539509
6.24153926602
6.2634243876
6.2794305202
6.28058365095
6.28517310094
6.30754201217
6.30874868532
6.32876142268
6.33703589938
6.37331907101
6.39398714497
6.45447240235
6.4851109454
6.50176564544
6.53286120353
6.54742944674
6.56103340477
6.57481553981
6.57928948329
6.60005631197
6.62743577427
6.63033203306
6.66044822582
6.68367092496
6.70219958982
6.72758217686
6.74493434279
6.74898691841
6.840685813
6.85782479717
6.90688549581
6.93378325252
6.98221331736
7.01389795372
7.03475197279
7.10424145364
7.11972372048
7.14090506661
7.16880772031
7.18930932485
7.21821499827
7.22715982454
7.24782339551
7.26013511469
7.29370203923
7.31857735263
7.35899646298
7.37613479992
7.41564345703
7.4604585622
7.49958244768
7.59584114834
7.63837225463
7.65028507585
7.67407241842
7.71184991498
7.72244912947
7.77580504151
7.89166314646
7.94071364476
7.9729862501
7.99530130009
8.02727184776
8.07593857384
8.1770437435
8.21515329911
8.25374334586
8.26743720609
8.33306554246
8.33597443666
8.38412776623
8.40749352399
8.42842073026
8.44753883414
8.47429700357
8.53136918935
8.53771063286
8.56553473848
8.62644735406
8.64585706809
8.65288939882
8.67344887301
8.7224385588
8.77452974336
8.82096828018
8.8540904106
8.86332461788
8.86684567728
13.1959806536
15.8619059613
111
