6.00272446267
6.02652772032
6.03386940001
6.05134573939
6.07598591809
6.0909162774
6.10271448439
6.11303676816
6.11812859739
6.13498444623
6.14552799644
6.16540802808
6.17850005033
6.18302491936
6.19644539254
6.21540120146
6.23191200417
6.25324829596
6.26550976948
6.32896324002
6.35309998441
6.39390707565
6.41232852529
6.42537921362
6.44690239684
6.45806064883
6.48791001888
6.51381407868
6.52356752872
6.56306381367
6.57644901013
6.60278372015
6.60511102381
7.26275535913
7.29293222149
7.34050933937
7.36959814867
7.41341996497
13.8340815392
13.9245907249
13.9694414876
14.0865630124
14.1798769099
14.3646222727
14.4909671645
14.7653552547
46
