6.00416572724
6.00904589348
6.0111727329
6.01704345466
6.0186274505
6.06833299966
6.07001246056
6.08130588969
6.101724396
6.12015473069
6.1385227527
6.14001719291
6.14800896703
6.15232850936
6.16191916581
6.17162949348
6.18498654156
6.20312907328
6.21225113327
6.25182721771
6.25695397944
6.25808894473
6.26077962025
6.50158804821
6.60565636857
6.63347400118
6.66375599045
6.69005400109
6.6919354379
6.73576323989
6.76678260702
6.80502761955
6.82244013073
6.8453526345
6.85791180249
6.88401526603
6.90762433522
7.21609833998
7.24240869673
7.31079698262
7.76182960296
7.79311213793
8.76574826752
8.83056903773
8.89017770212
8.91661264442
8.95491542237
9.0368406557
9.04380804801
9.13097733755
9.18962570462
9.2062025146
10.5689898128
10.6146729174
10.6677753757
10.7503784865
10.8549156105
10.9229581697
11.1287267949
11.2048349295
11.3542489021
11.4920643359
11.5423785408
11.7503499624
11.7971415842
11.9177679215
12.0465557172
12.1391962989
12.1773071969
12.3680546835
12.4459249675
12.5571776269
12.7480013882
12.9294901953
12.9788215002
13.0820181619
13.2383724984
13.3128226898
13.4632742342
13.5361623882
13.6003670568
13.7399529386
13.8692116878
14.0160296097
14.2474571828
14.5426973643
86
