6.010370235
6.02158074996
6.02244044557
6.03217347193
6.03522289154
6.04761480719
6.05207863142
6.05519614046
6.05871527259
6.06949606363
6.07616631599
6.10416879032
6.11876353537
6.13616444526
6.14882927302
6.1555696327
6.19197052457
6.20592921263
6.21409905095
6.22985741918
6.24092333681
6.24768472763
6.2520716276
6.25737398689
6.2582443874
6.27770032256
6.28446298778
6.3736077826
6.48807520886
6.50264587845
6.67374451841
6.69256629469
6.7122626944
6.725135048
6.74471481046
6.75706119603
6.79117977911
6.79295612877
6.81987818526
6.82400991469
6.84227787082
6.86382409508
6.86586971125
6.94523002641
7.01874897696
7.03377451135
7.0508383503
7.06811110132
7.092150493
7.10259968613
7.39450341357
7.45518196729
7.50356091787
7.50918163973
7.51690504826
7.5299979355
7.60353410722
7.64625563602
7.71512863496
7.75182968416
7.77783059652
7.82637918342
7.90529538018
8.19067709254
8.26155707885
8.34189016168
8.41833648088
8.4284365558
8.43426430911
8.50036072656
8.5293950582
8.62237401952
8.64492287985
8.72936278106
8.81092007032
8.83735419317
8.85851402478
8.89829646098
8.99793763547
10.911458239
10.9667747076
11.0439625771
11.1108039987
11.2667142388
11.3644203326
11.4292725896
11.4859821357
12.0223472525
12.055022786
12.1670033433
12.3981692328
12.5936772887
12.6777807545
12.783916627
12.8406351128
13.1017470262
13.4010181016
13.4420733041
13.5032482258
13.7214057856
13.8089985326
14.3628310104
14.5300574265
103
