6.01360015457
6.03243042954
6.03823358161
6.04746822164
6.04825313053
6.0810828226
6.0845792814
6.08551752613
6.09263595726
6.10022495098
6.10945126213
6.12517825125
6.13516483679
6.13733526562
6.14502465357
6.15890515861
6.17205140634
6.18747358121
6.20368312544
6.21670007278
6.21820609658
6.22826262664
6.25830666259
6.27357572252
6.28050295009
6.29677042002
6.29889177883
6.31822070082
6.32818505915
6.33169643469
6.3349749181
6.33806525597
6.34940229652
6.36131705961
6.38213911352
6.39441122552
6.41877388344
6.64836825164
6.66838261625
6.67370610882
6.67520475727
6.69258853868
6.71690062685
6.76521946821
6.79315059486
6.84631499264
6.95928934604
6.97202983865
6.98676285486
7.07550919457
7.10132797567
7.12818321665
7.1922772954
7.19767416362
7.2263336147
7.24023167202
7.32653013498
7.36296197141
7.40311087555
7.41923571347
7.45440564001
7.50359003469
7.5177741288
7.55434578547
7.56033186286
7.59501088248
7.61377739449
7.66461903352
7.71464323832
7.74389216903
7.81929358752
7.86862633147
7.90775239048
7.95684440861
8.00502991336
8.05877217245
8.12109147074
8.18826333445
8.26982929521
8.28576277188
8.29492774436
8.39623802002
8.46563709864
8.53595104791
8.61973050526
8.67402287208
8.80818784856
8.81323207616
8.86424725118
8.89061229434
12.8493572283
13.3721476034
13.5736658789
13.6261851547
13.7609275094
13.8541425774
14.0640521894
14.4146322711
14.4275614418
14.5587307496
100
