6.00695806976
6.01407616643
6.01595864929
6.04698678014
6.05679896875
6.06563020376
6.06968965875
6.08344583156
6.08946928901
6.09484991765
6.10260198455
6.11325474608
6.12723571522
6.12822421467
6.22399699102
6.24209509887
6.25302391849
6.26438970043
6.26530307812
6.27738325607
6.31689338022
6.35316062241
6.36035254403
6.37934810763
6.39570067942
6.44295887614
6.51153326841
6.52726882801
6.53216402076
6.54676345053
6.58494933851
6.59133312959
6.59818550126
6.63597001384
6.64469914576
6.66533153077
6.68226157153
6.71378356489
6.74536706396
6.75614335853
6.79845817133
6.84113793664
6.84601765336
6.8948540565
7.1024053542
7.10449126814
7.14947790143
7.17169130652
7.21806424474
7.31915755424
7.38053714356
7.40650161764
7.4450882157
7.45006163481
7.47342616196
7.48576307988
7.52377228171
7.56427234711
7.60970285396
7.65312911543
7.71813000053
8.4194030982
8.42497026752
8.57393350678
8.60590668412
8.62677188019
8.78521180041
8.84806558955
8.89345245808
8.93484448631
8.99826115466
9.01278007343
9.01904077787
9.11554860116
9.14708132657
9.16012012771
9.19137396344
9.22672232481
9.32138386805
9.3839496583
9.41982036877
9.74812891295
9.7914561141
9.81290328518
9.85670587418
9.87977093592
10.0877897938
10.1030707922
10.1319466554
10.3801139088
10.4141590544
10.4550841011
10.5191726069
10.6299702622
10.6723656887
10.7999538982
10.8306994873
10.9214012217
10.9280554628
11.0023779194
11.0638854936
11.1973604893
11.3819071973
11.8705028652
12.1883097422
12.2340760735
12.3360830559
12.3934460814
12.5755165166
12.7089835049
12.8810754371
13.2382617128
13.329273681
13.3521949788
13.5011932217
13.6768706116
13.7013214725
13.8498814725
14.1407192466
14.2827070587
14.5698142144
121
