6.0055462678
6.0178972028
6.02291013618
6.02753943811
6.03309177249
6.03667767056
6.04694812877
6.05592447051
6.07104237839
6.08686968988
6.11253065036
6.14393084887
6.14867959445
6.16425513658
6.17064964908
6.18668054525
6.20477994954
6.22049841408
6.25473282948
6.26229005886
6.27319072422
6.29464679756
6.29925327493
6.3189468099
6.33818401684
6.35267634037
6.36205246892
6.37461365057
6.3817436258
6.39298386844
6.46305414093
6.48274814403
6.49323769268
6.51421503768
6.52662317924
6.54913431638
6.57603795976
6.59372153804
6.61489470997
6.63270198981
6.66808309037
6.69438843191
6.71028952187
6.74193050107
6.75985917921
6.78451025344
6.81251211801
6.83798122202
6.8866636386
6.91134058964
6.92316476014
6.95552477653
7.04628917687
7.05788439774
7.10127678765
7.11055244852
7.15764631958
7.20136946506
7.21355855347
7.2543931769
7.28492257526
7.32285054752
7.35882973607
7.3747450623
7.41386275223
7.45684388086
7.47381300671
7.49150753373
7.52776479422
7.54013674762
7.59622399154
7.62021047456
7.64278810047
7.68823792787
7.74172193312
7.751387765
7.84613364486
7.92745424155
8.0007012203
8.01775624922
8.09113964958
8.16661984508
8.19549509714
8.21512870444
8.31025985246
8.38161910585
8.80974873458
8.86818637826
8.9395658456
9.02269398397
9.05375269606
9.19566964506
9.23441566546
9.25202016508
9.27215167889
9.27833100229
9.42930033762
9.44795777422
9.58734684943
9.67223605668
9.68596058629
9.73575800189
9.85094091404
9.88480763117
10.0108408579
10.1163624372
10.2319974753
10.2858597009
10.5195549401
10.6712715128
10.688528269
10.7836698635
10.9237305389
11.0133196387
11.2612978342
11.7834154567
11.7903948834
11.9502975006
11.9940515115
12.097965113
12.9016554436
12.9319206955
13.056411253
13.0685773575
13.2617569687
13.2820752847
13.4192201398
13.6445228631
13.7249637574
13.9198662231
14.1487427559
14.3658629764
14.4083522964
14.4961733536
14.8317050548
135
