6.00147977126
6.01051467919
6.02197490108
6.02641810802
6.03403506134
6.04704995121
6.05876044836
6.06418771333
6.0784314366
6.0929690625
6.11323705594
6.34815783573
6.37103690528
6.37215533646
6.39373012395
6.40590341364
6.47505021288
6.49518402271
6.50979919301
6.53572064336
6.55340101609
6.56956231941
6.5798510669
6.60345118907
6.62173624604
6.63601919071
6.63965992885
6.65513281237
6.67229724355
6.68999417027
6.70856175906
6.71978047114
6.72910056174
6.75172192189
6.78369141496
6.80530081093
6.83112457266
6.83292576613
6.90416613818
6.91971436442
6.97047844166
7.00416055268
7.01226669323
7.03699341524
7.06255114715
7.0732088915
7.08877832984
7.10759101263
7.1269018288
7.15528521184
7.19313317362
7.27539287406
7.29837457838
7.34072228345
7.36370470079
7.40540608039
7.48759409212
7.52540855858
7.5517916359
7.6084132518
7.62443206355
7.66933564897
7.77687140109
7.85955577932
7.89592973948
7.9566503384
7.98334880655
7.99840547558
8.01634599436
8.0771093686
8.09090732073
8.12797980197
8.19268187481
8.19680601564
8.2007375164
8.32614535937
8.38341633179
8.52890484829
8.57795223152
8.5992471445
8.66954928718
8.70835065696
8.77469008881
8.87909501946
8.92777707504
8.97170667355
9.05891717848
9.11036166154
9.2578834256
9.71390371842
9.75102268828
9.79720334806
9.83538822142
9.88569086413
10.1076440261
10.1516501961
10.4645777869
10.5040600808
10.6205672944
10.6972368875
10.777732036
10.8336027507
10.92474676
11.143923054
13.4454042412
13.8652122573
13.9843923421
14.2055936806
14.3746950018
14.5042277644
110
