6.01433775402
6.14720938043
6.16003466586
6.17626365475
6.18448745225
6.20516805121
6.20833724869
6.23384368877
6.24118137076
6.25847667727
6.27037634204
6.2835202223
6.29829579559
6.30680858288
6.31623026263
6.38966710889
6.40577727299
6.41392257938
6.42406806192
6.43031451362
6.43250935358
6.44423465357
6.46339484332
6.47637251494
6.49951201062
6.50583102492
6.51190142734
6.53166313482
6.53986943121
6.56141229543
6.56703298847
6.58025843112
6.59934715759
6.61944856683
6.63791873803
6.69945203448
6.7138168801
6.74849129198
6.75893924469
6.81803351477
6.84265000309
6.8565695319
6.9015478104
6.96040565505
6.99353628999
7.00439184753
7.01277422338
7.0306157107
7.09556236194
7.11958150876
7.16586120502
7.19168212504
7.22891345321
7.27710212188
7.31944642359
7.34417355746
7.38719733352
7.43700112458
7.4502580308
7.5087380343
7.54410564973
7.54971236445
7.56596263668
7.61428173569
7.67696591268
7.7915340937
8.24446049761
8.32211892936
8.33569239681
8.37129220608
8.39561283193
8.50308755143
8.556332965
8.62495484772
8.65929477416
8.71769148835
8.7882974077
8.86675314789
8.95783251576
8.99780183113
9.03255896034
9.25390180478
9.32239016364
9.42213344679
9.45733309438
9.47769148251
9.59653645482
9.65675019292
18.3521001913
89
