6.01535568074
6.02676357241
6.03045026874
6.03296230064
6.04425955224
6.04837511216
6.0536208998
6.06283073829
6.06962985917
6.07295863703
6.08594779844
6.09615954173
6.11142307709
6.12089964511
6.12856108209
6.13352035021
6.13457531494
6.16165276347
6.17166331131
6.18869562243
6.19421782206
6.21767847324
6.22628567252
6.23513120547
6.24850960766
6.26392250097
6.27352592636
6.27894248193
6.28087658285
6.29333092529
6.31071152394
6.3462524348
6.34738721437
6.35672195008
6.36574815381
6.36776386544
6.37597227229
6.38299315043
6.39421905367
6.45403101112
6.48177132611
6.5427186089
6.57695801479
6.58981116498
6.61979552755
6.66312042534
6.69236276182
6.69618934887
6.7056671675
6.76692021726
6.79834646104
6.82600060527
6.83533747179
6.84062620686
6.89608071141
6.90751494679
6.92039439024
6.92409295235
6.92999197399
6.94201565086
6.95237078041
7.09733613476
7.10230080716
7.11544295931
7.14115146931
7.15949708758
7.17174074551
7.21234516842
7.24772639606
7.27596426051
7.29517600202
7.31210916419
7.34231194917
7.36137828062
7.41361251693
7.44288263879
7.50620278834
7.55786376414
7.59092435073
7.6703211985
7.67936043242
7.70147091813
7.7051731515
7.70841144587
7.87167452281
8.1637712379
8.20775463694
8.21632656236
8.22003431255
8.29599061566
8.33611533938
8.41004772414
8.43047027659
8.64308937148
8.71612777089
8.77023494543
8.90176521801
8.9755967912
9.02166857055
9.11214057347
9.22655013426
9.24889970122
9.25815184829
9.2617949455
9.3103212039
9.34535174175
9.58149312787
9.69230566151
9.76433807734
9.87666817361
9.93747182543
10.0440385181
10.1487370998
10.2055417052
10.2969866219
10.3170223667
10.6481978827
10.6581519321
10.6863453512
10.7254998107
10.8253869876
10.8823197958
10.9589299576
11.0655992882
11.1566615702
11.2711864958
11.3524314733
11.387365831
11.5266516988
11.6513858053
11.7495007647
11.8210742939
12.0287453135
12.1639785798
12.2211805712
12.4009147639
12.4652741962
12.7534758821
12.8777016587
13.2186796514
13.2359217554
13.6020586552
13.7334593218
14.0404368323
14.2604747944
14.5163588601
146
