6.01030765876
6.01373029754
6.01686794961
6.03069818606
6.04920359876
6.05943576225
6.06781666417
6.07465045662
6.09429616269
6.09666573038
6.11085568588
6.12566237914
6.14107575065
6.16024990437
6.1764532563
6.18281809064
6.18805720228
6.20156250936
6.20614114075
6.21532908373
6.21613250853
6.25775482184
6.26442775008
6.27119045246
6.27636626752
6.69706998236
6.73578413633
6.76147765828
6.78331663659
6.80017142425
6.80948006802
6.81220996929
6.83599942733
6.84859675192
6.88565891198
7.13544796822
7.16337705108
7.185898651
7.2185976023
7.22970391517
7.23209631746
7.25429272798
7.30808126043
7.32355170437
7.33112923182
7.34333369563
7.36897859066
7.37169203143
7.38733281259
7.4254587751
7.45068870681
7.45729794733
7.50874027517
7.51219084818
7.76629048785
7.80783884821
7.84067657146
7.87289198194
7.9252274753
7.99068404454
8.0256003084
8.0986952035
8.15526772941
8.21720456682
8.31511073392
8.457213228
8.5039707034
8.54503415784
9.3545035081
9.6391666021
9.66625635634
9.73962552722
9.78139653035
9.9244830484
9.93015661433
9.97468881741
9.99314063857
10.0486674218
10.0569599771
10.0998911528
10.3756518391
10.4631688093
10.545545888
10.6057982204
10.6319413554
10.6977369523
10.9166595851
10.9804605438
11.1524516246
11.2453692738
11.2666793579
11.35442961
11.5171337816
11.5988574363
11.7071131887
11.7663476014
12.01179024
12.0816033377
12.1140839426
12.1467756355
12.2998967974
12.353383354
12.3831998264
12.4789636153
12.5501208152
12.8480399621
13.0519862243
13.0784027765
13.1282748706
13.2483101115
13.3188464049
13.6503064429
13.795421929
14.0450192184
14.3704713655
14.4327791842
15.1684127817
117
