6.01209226057
6.02498243265
6.02783403259
6.04819121765
6.0606081955
6.0716884696
6.08264035253
6.08731808802
6.09210780222
6.10010569438
6.10944039503
6.11574454948
6.21519402417
6.22669360781
6.24470363653
6.25125683969
6.29520528199
6.35584281116
6.3782019735
6.38443573799
6.52766012638
6.54044113316
6.55691875805
6.57282059254
6.58332933987
6.60944347264
6.62410940891
6.63225329563
6.6492345552
6.67680780991
6.68595100573
6.69375262311
6.69996997782
6.81321885707
6.84321955391
6.85855716355
6.86061155736
6.89205875187
6.95291016206
7.05742389688
7.06315487805
7.09952077459
7.15543684225
7.17938163482
7.21316202044
7.23570749767
7.2453511913
7.36318950011
7.40216922689
7.40458667132
7.44009950432
7.45923644795
7.48751292419
7.49381138244
7.51678039241
7.5293102839
7.54659792168
7.58421070173
7.64025959824
7.69758509372
7.75614590284
7.83252806782
7.88549211919
7.91573257939
8.02965110494
8.10811528142
8.30094298033
8.3924175868
8.433912207
8.44302099586
8.46046464446
8.66285484103
8.73285712562
8.97030771391
9.03316602527
9.07727701273
9.10781360692
9.15236719255
9.17108314149
9.20935140089
9.2450771497
9.26670780833
9.37161986382
9.42959078
9.62455587427
9.78268844956
10.111630853
10.2024295389
10.2504726232
10.3292265868
10.3609507122
10.3806011205
10.4245642028
10.5109447239
10.6026464086
10.6202456516
10.6667187341
10.7163983953
10.955240447
11.0277460305
11.0534883148
11.1296212903
11.154710407
11.4701888605
11.5184283651
11.627793957
12.1961905956
12.5594660125
13.7275601649
13.8384003144
22.4685252139
111
