6.00712989242
6.03127207056
6.04378180469
6.18249234448
6.18769238151
6.21031056962
6.2227960743
6.24471379345
6.25284245566
6.28095220488
6.29123790688
6.29507869534
6.33472555783
6.36031487666
6.37463558277
6.38511134947
6.40232183095
6.41547947447
6.42775407718
6.42866087829
6.43545365219
6.45292008196
6.45582536463
6.46856823794
6.47603875012
6.48974239549
6.49930058396
6.51326272982
6.52655710756
6.53147983014
6.54982590142
6.55261747421
6.57085674495
6.57890182878
6.59274485785
6.62064180606
6.6987484715
6.75962556896
6.77641455315
6.78154641354
6.79376375659
6.80699335099
6.87972127088
7.01619255061
7.03905718847
7.06560074397
7.08811875292
7.119531184
7.14086880076
7.1919549001
7.22683061244
7.23650270804
7.28097620409
7.3364133339
7.34686289977
7.51325779169
7.54015645928
7.72408901094
7.78656700977
7.82128147992
7.93824397866
7.96143319682
7.98827979784
8.01054275569
8.05528110522
8.05873241108
8.08833756792
8.13667116788
8.23946464615
8.28989061139
8.34678966771
8.39170484667
8.45197896543
8.47750118302
8.60079158209
8.87784567231
8.96928503441
9.02544626949
9.1025149037
9.16934802657
9.30070269745
9.39330404128
9.49219502895
9.59728605987
9.73912939285
14.8246768441
86
