6.00985964993
6.01812221462
6.0238310079
6.02890659697
6.03852133906
6.04189375693
6.05216401259
6.06450957689
6.06873941073
6.0950759074
6.10561839138
6.11765337139
6.12218862959
6.13323269133
6.14653473573
6.16210291273
6.1764280109
6.18815725568
6.1981452441
6.21745484889
6.22443440526
6.23570961841
6.24636788774
6.24806729473
6.26980129367
6.29773881934
6.31235405725
6.32892167738
6.34418911374
6.36362768517
6.36448375409
6.37156422949
6.38398551762
6.39211066613
6.39910458111
6.41433320679
6.46257867373
6.48159883275
6.48970448328
6.49412791215
6.5122981021
6.53839831178
6.54374309536
6.58195836629
6.6255466069
6.65000398909
6.65613960577
6.67387240035
6.69190377656
6.69370770517
6.70934608933
6.94983110559
7.00802524079
7.02172395693
7.04296410299
7.08967558731
7.12072585681
7.14721551727
7.16464802348
7.22371710833
7.24824790203
7.26583782149
7.29234462393
7.33689584889
7.3853793543
7.41116574219
7.4349662303
7.45153972611
7.47341946807
7.50427468602
7.54371075363
7.55381001225
7.59894549449
7.61926680233
7.65396429584
7.66170003266
7.6941811555
7.78234390111
7.8112622049
7.81688135273
7.83983710216
7.86074662618
7.88474268325
7.94344353261
8.13507462479
8.17985871623
8.22510798054
8.27222999485
8.32664828206
8.36521319275
8.41709582445
8.47523791974
8.5129547306
8.77765294437
8.7977074243
8.89677718698
8.90877023398
8.97709946431
9.07858820427
9.09330114585
9.14431015009
9.15549021842
9.63205809853
9.77953007399
9.87414774754
9.90511044224
9.91417687019
10.0088492339
10.2397828178
10.3594744725
10.398393812
10.6355994165
10.7390601906
10.8518096204
10.889586024
11.0013680224
11.0974663719
11.1677285179
11.2522502165
11.9298166822
11.9804092857
12.1977239428
12.3270215989
12.3668680735
12.3844263775
12.5074930047
12.684040085
12.7986085441
13.0257618012
13.1861911806
13.3608098536
13.5501424945
13.5795229314
13.7502300802
14.0022022399
14.1704701883
14.5041662544
137
