6.0980848832
6.10434377102
6.11912976752
6.14648721456
6.15806604583
6.16723805167
6.18428895296
6.21379096656
6.2152036886
6.22788211807
6.23286665258
6.24424334781
6.25744618247
6.26608363028
6.27406001996
6.28537385321
6.29720863843
6.31486355554
6.35948438962
6.36958929028
6.38573289297
6.40810093647
6.41022288262
6.41695104338
6.43737756596
6.44356905391
6.44752331518
6.45562519462
6.473979398
6.48345060815
6.49247676106
6.50743156284
6.51935361751
6.53966125588
6.55871287471
6.58050557285
6.58221266686
6.60568162208
6.65375590638
6.66923191173
6.7003340137
6.7093566977
6.72202782712
6.74592183845
6.75852475471
6.78912767131
6.8336698128
6.88281366925
6.8857182438
6.91117856443
7.54812860825
7.56752244062
7.62055799213
7.63110585986
7.6556783502
7.76542223513
7.78979390889
7.95836782969
7.9694034733
8.01850486091
8.12561078925
8.14311983907
8.19844825168
8.225868348
8.29390285395
8.33877608085
8.42302366665
8.47163719548
8.55019239894
8.60706592779
8.63906082965
8.64905214228
8.7612960924
8.78408422271
8.81135727479
8.92826102178
9.00876994882
9.03856520927
9.10453421634
9.16619429321
9.18881489437
9.19497908054
9.28809292234
9.3667431169
9.39919347619
9.49424670744
9.51491576423
10.1808065978
10.2288182416
10.3254067029
10.4377586203
13.7502058891
13.7873247711
13.955183306
13.9897999751
14.0896231579
14.1730590409
15.3410949455
98
