6.00964861397
6.02204609129
6.02941769151
6.04692165721
6.0611679394
7.07122922163
7.11370948422
7.1777203837
7.18527599526
7.21106033428
7.22365239581
7.25017418325
7.25452655378
7.27849912475
7.34126272855
7.38544157448
7.42925449048
7.43707689057
7.45278334925
7.49822090281
7.51098311531
7.56180660804
8.42622612832
8.46527466243
8.53347628493
8.55713394567
8.59519804213
8.60144799876
8.62696496388
8.65799535686
8.67764235966
8.69983658963
8.75674070339
8.78617412893
8.80949090856
8.87013024905
8.91935826429
8.98229284039
9.0121034796
9.03338108596
9.11360941219
9.132697935
9.22062138364
9.25065434991
9.26607664453
9.3697367925
9.39724550803
9.4502391563
9.47614033212
9.54557213692
9.63176797976
9.64239226116
9.66442816604
9.68412992892
9.69437945603
9.70737280483
9.72843163605
9.75128354512
9.77169522663
9.792079138
9.80086859449
9.8218823096
9.8483019586
9.85831667302
9.86687735019
9.91205519116
10.0642883534
10.090781168
10.1075986293
10.1265276955
10.1475704841
10.1623082758
10.166080094
10.2125183841
10.2188719483
10.8206409602
10.8302743449
11.15533745
11.1811175877
11.1875576836
11.2328147642
11.2612864375
11.3070495751
11.315720913
11.3441754095
11.4154693177
11.4467950148
11.4764857629
11.5122342261
11.5160884331
11.5451357269
11.6173517489
11.6991123285
11.751849704
11.8148972169
11.819719944
11.8563555583
11.8727311478
11.9156718969
12.0268172567
12.0906303822
12.1086360946
12.127482045
12.1538875249
12.2252420117
12.2397177535
12.2538784526
12.318326657
12.4523724963
12.5042171507
12.5390631477
12.7165915017
12.750306555
12.8123298975
12.8314030337
12.8693378588
13.2135441661
13.2441219449
13.2493218458
13.2573487187
13.2742794058
13.2955214538
13.3298188818
13.3859265719
13.3894240698
13.4091017427
13.5201111213
13.8064981949
13.8124851808
13.8353868997
13.9083474854
13.9359625525
13.9747860253
14.1601356602
14.2684255108
14.4250880102
14.5469720119
14.5871117122
14.6158858682
14.7546510052
14.7757629141
14.8160263738
14.8784679785
14.9005417815
14.9568269453
14.9834197919
15.0040129747
15.0358704972
15.0834915162
15.1246653965
15.5160871835
15.5568589359
15.6110366766
15.6168475375
15.6381367798
15.6594037459
15.6751828827
15.7083275451
15.7294244092
15.7354866131
15.7432529445
15.7507658743
15.7641152772
15.779124113
15.8083011704
16.0994218672
16.1421655097
16.1469583854
16.1627593057
16.1991150306
16.224670612
16.3280049662
16.4504221611
16.5166391807
16.8231213066
16.8278480199
16.8461290103
16.8568779195
16.863692601
16.9700382685
16.9857332976
17.017046004
17.0483338224
17.0706016053
17.0920096612
17.1078592631
17.1128490247
17.1166680914
17.1368744257
17.1658412004
17.182046258
17.2831393801
17.3282985706
17.3527528316
17.3758074687
17.3965352957
17.4576249514
17.5445670264
17.5485338371
17.555680126
17.5928750533
17.6339359479
17.7415593072
17.8100978364
17.8660210353
17.9814724146
18.0037642275
18.0222871938
18.0322882071
18.0611598645
18.0888828613
18.1106985401
18.2208803049
18.231685306
18.482361061
19.2341738649
19.2640256053
19.2840403227
19.2975699938
19.3208783169
19.4074857499
19.4975096841
19.5274963394
19.5627571018
19.6008646861
19.6189969834
19.6736593816
19.6839468717
19.7018337155
19.8100035064
19.8580081839
19.8749494651
19.930702721
19.9977669567
20.4181849377
20.4426739744
20.4797231323
20.4887953295
20.5123008103
20.5187463365
20.5285555951
20.5609009524
20.6003109711
20.6172128209
20.6438158487
20.7012596359
20.7305859814
20.8387893845
20.8588639031
20.8907510223
20.9166068564
20.9668616341
21.017934328
21.0522843376
21.0861376586
21.099380874
21.1284964823
21.2083445912
21.3546650546
21.3812952428
21.4178689706
21.4250507185
21.4621829231
21.5013917729
21.5547299075
21.6188051923
21.655345589
21.6764846061
21.6914171677
21.7067415387
22.8218995403
22.8332586763
22.8680349739
22.8918783218
23.5845558416
23.6158196356
23.6549223585
23.7149018202
23.7307959194
23.739887916
23.8242802209
23.8446336564
23.8788975608
23.9125377233
24.0342363998
24.0541914402
24.0763978439
24.0906275166
24.1072845989
24.2026311592
24.2212040465
24.2265598472
24.2634361655
24.2668446974
24.2746902069
24.2806711754
24.3607881071
24.3759136704
24.3837379846
25.1629814581
25.2095232206
25.2290256556
25.2562611665
25.2867793661
25.3062228589
25.3203645952
25.4298494055
25.4474814755
25.468897865
25.4793656001
25.5121890684
25.5390281081
25.5562128151
25.5753601292
25.6367519124
25.6740324181
25.7761496538
25.9021633514
25.9302687044
25.9780439419
26.018084045
26.0538982983
26.1049341469
26.3503990539
26.3871233755
26.425615671
26.4442237529
26.4495242871
26.478579677
26.5024945019
26.5060378386
26.6134281595
26.625740979
26.7013903453
26.7152548255
26.7404209388
26.7533383005
26.7923502705
26.8070264904
26.8597324312
26.8950549069
26.9079373052
26.9752504096
27.0192561175
27.0628468367
27.0832743152
27.182763618
27.2158467459
27.6327337722
27.6384378666
27.6476596587
27.661319957
27.6937526854
27.7170178141
27.7364409769
27.7694857303
27.7963150964
27.8451207647
27.861795814
27.8927315782
27.9595748997
27.997483022
28.0261902591
28.0506327019
28.0934891973
28.1481079724
28.3991657111
28.4216128072
28.5357381694
28.5764831312
28.8272930694
28.8469519262
28.8574757763
28.8684476652
28.8840102472
28.8937531121
28.9101788511
28.9323838594
28.9706565127
28.9883022328
29.0447876005
29.0803478031
29.1196312549
29.218284652
29.2363697362
29.2490969386
29.3088721209
29.418173357
29.8341921015
29.9284304431
29.9434133656
29.9840690629
30.0092096532
30.0290456713
30.0392998773
30.0590031694
30.0640858492
30.2784729699
30.294331051
30.3170728091
30.6995197399
30.8999179046
30.9673206931
31.0583398986
31.17842437
31.2116365519
31.2302146629
31.2387498334
31.2507700042
31.2782803272
31.5641660696
31.5741573081
31.6187290046
31.6667858594
31.6862690926
31.7404741601
31.7440461847
31.7508610306
31.859845582
31.9221649547
31.9435953627
31.9703621067
32.0298610373
32.0743258274
32.132168896
32.3368187189
32.3486653258
32.4233087383
32.4529593659
32.4823053194
32.5108962327
32.5569997252
32.5964367689
32.6331130167
32.6397138067
32.6979145555
32.7097832867
32.7479040422
32.7742266779
32.8097412594
32.8411189777
32.8748768275
33.6212758972
33.6420024419
33.6737100369
33.8802121507
33.892261837
33.9277621729
33.956352662
33.9863949956
34.0098289482
34.0218713221
34.0474031581
34.0748348771
34.0958197079
34.7324910819
34.7473642399
34.8045596077
34.8113772338
34.8272675501
34.8492524416
34.8616617342
34.8752986839
34.890243827
34.8978078974
34.9158854993
34.9260423056
34.9638291026
35.4748884014
35.5058505929
35.5832278709
35.6405134749
35.6969912028
35.7035052186
35.9879078716
36.0112503021
36.0161359405
36.0334010338
36.0455200575
36.0629733839
36.0697286743
36.0958768708
36.1222914422
36.1601612412
36.1878941442
36.2067574948
36.224375365
36.2461668808
36.308504015
36.3185623808
36.3449092921
36.3678459505
36.5543016352
36.5766174563
36.604510074
36.6589437815
36.7070877111
36.7295731051
36.8065207037
36.839093939
36.8937302804
36.9122175124
36.9412500258
37.0304762435
37.0411975735
37.138028603
37.1638675197
37.1930972237
37.2114802243
37.2489573244
37.2786429055
37.2913575046
37.3119704833
37.3161585098
37.3416017833
37.3664195097
37.3962867772
37.4745094842
37.527416943
37.5700676351
37.6198047332
37.6393010625
37.650216732
37.6920544226
37.7566334616
37.780547753
37.8145398798
37.8704187274
37.8786648299
37.9179953303
37.9503157681
37.9786634583
38.0117868064
38.0172841518
38.0328434017
38.0674420557
38.0731173902
38.0774363295
38.1194521301
38.1397831397
38.168526758
38.2728741477
38.3158488806
38.3384771684
38.4231128742
38.4576589915
38.4688986091
38.4828333023
38.498173959
38.5171075657
38.5260968866
38.532940161
38.5488813575
38.5592119674
38.5745941054
38.6027230806
38.6189047227
38.6332924757
38.6570618705
38.6919523755
38.7558143214
38.8042553292
38.8163506031
38.8330595476
38.843612408
38.8516515493
38.8839536766
38.9011788407
38.9380773132
38.9633564002
39.0230282133
39.0942916533
39.3357541242
39.4191948269
39.4838524656
39.5033200014
39.6280126972
39.6410343678
39.7408927155
39.7669346694
39.7750339601
39.890035749
39.9642943725
40.0155681998
40.4920451582
40.5404417619
40.550109854
40.5799143387
40.6078664654
40.6738117391
40.7330480143
40.7673239251
40.8064522404
40.9274827764
41.0034816578
41.007425005
41.0239965141
41.0663934181
598
