6.00486530985
6.01234860962
6.03620340106
6.08884620934
6.30080363672
6.3085219825
6.36693892685
6.39928433809
6.41315889481
6.43749782986
6.44904090007
6.48699144504
6.50092983873
6.53598829077
6.55223267726
6.56829535872
6.57656585062
6.59602646828
6.60611931591
6.61754681208
6.63391244281
6.66670164954
6.67918022153
6.70165529512
6.77008410032
6.79571428969
6.82024162458
6.82616019879
6.86012478286
6.87814289742
7.00443274924
7.01380589162
7.03814278536
7.08125046686
7.11671418982
7.15197855539
7.18034001577
7.23161204091
7.25633867891
7.27571504212
7.3084392783
7.3135626966
7.32131607544
7.34283457579
7.40627016651
7.43272014708
7.45565859443
7.46618310136
7.48138772088
7.49703730705
7.54082504424
7.63579863615
7.65734055452
7.68707464619
7.7067636577
7.71683319898
7.76028179098
7.79045742449
7.86370018254
7.89172031839
7.92276945071
8.4071643074
8.4474710571
8.46034584825
8.49010904988
8.50182038206
8.59865076476
8.61900016641
8.6368799015
8.6787603078
8.69041876501
8.71870918953
8.77162958673
8.79575945041
8.86176427589
8.89744315418
8.92313542892
8.94197520239
8.96167484944
9.01564911753
9.03049410726
9.04828855999
9.06451412191
9.07110157916
9.09934385767
9.12505135363
9.1878952287
9.24059201714
9.27585927056
9.38719322717
9.47845005122
9.52081524912
9.53453692041
9.6374656641
9.65080865354
9.70346764755
9.72673527937
9.75484077237
9.78154787996
9.80465702863
9.84842720652
9.86763433007
9.88733541785
9.90986176125
10.0492831676
10.1708240615
10.2202784316
10.2385893151
10.301511588
10.3185628823
10.3411993473
10.4429834311
10.9597947544
11.0414272427
11.0512134613
11.1290668204
11.170785407
11.2986911778
11.3426405329
11.3864875279
11.7121850313
11.8195199447
11.8509502034
11.8996888162
11.9351615246
11.9887451311
12.0284197275
12.0416857051
12.0731842752
12.0921281066
12.1148148843
12.1843517012
12.213602837
12.2297791852
12.2527957934
12.308591378
12.3240361056
12.3839846977
12.4015591672
12.4738800663
12.5260545883
12.5998290994
12.614643453
12.6557162056
12.6773481617
12.7330541652
12.751224188
12.7987559897
13.1756817533
13.2272749859
13.240427465
13.2614428462
13.2864519208
13.307758983
13.3117802764
13.3212286766
13.3345883015
13.3502836472
13.3631200344
13.4727152192
13.4965173145
13.547369433
13.5658075216
13.5718454881
13.5819760844
13.6317350934
13.7110137706
13.7388186923
13.7983103017
13.8217285808
13.8592339431
13.8733971813
13.918128148
13.9529057157
14.017962578
14.0632023467
14.1240924097
14.134575609
14.4130371575
14.4279399988
14.4441522885
14.4959179409
14.5049818886
14.5247971652
14.552837288
14.5689891579
14.5912042529
14.5958786752
14.6083304212
14.6292452218
14.7241877315
14.7590228101
14.7714788324
14.8116757389
14.8567335318
14.9045747945
14.928385145
15.0075685307
15.0118915011
15.1388489322
15.2027524269
15.2193716135
15.3012431192
15.4908273417
15.5687882838
15.5784154043
15.682507652
15.7102815753
15.7229112989
15.7364436027
15.7713812213
15.7960995463
15.8309365058
15.8470521838
15.8529681656
15.8728869959
15.9203012577
15.942343962
15.9530509833
15.9573975284
16.0029061872
16.0152523723
16.0561662332
16.0861696325
16.1206480467
16.1344389968
16.1941790011
16.2263475622
16.3486400328
16.3748813104
16.4406186479
16.4488537288
16.5391800259
16.6000082806
16.6240631883
16.7208255202
16.7469839733
16.8748064541
16.888317067
16.92496097
16.9329603154
16.9427353675
16.9657246629
17.0234537807
17.1024955099
17.1300893145
17.1444520694
17.171648625
17.2156478373
17.253445045
17.2795204856
17.3580547119
17.398428879
17.4442171664
17.5141189443
17.5708467335
17.6009679361
17.8265009651
17.9479934373
18.0151378262
18.0293791339
18.04483214
18.067949454
18.0851086537
18.1387019615
18.1581221555
18.1989701257
18.2299798617
18.2499062917
18.2682989875
18.2776633034
18.30591852
18.3480817182
18.3821160612
18.4659491217
18.482669006
18.534585466
18.6234139162
18.6757110352
18.8678341174
18.9406365077
18.999980814
19.0665599575
19.1320694845
19.1911875283
19.2301360688
19.2836399219
19.2948092744
19.3383429382
19.3654359865
19.3731787138
19.4158226163
19.444662218
19.4866695627
19.4915496568
19.7411808144
19.7870324024
19.7997251521
19.8109155865
19.8493275343
20.3531642115
20.4167609144
20.4432245383
20.608738571
20.6252605429
20.6410511385
20.6721228222
20.6826571973
20.7010420387
20.7174351936
20.7365143786
20.7567529725
21.1318371555
21.1701543276
21.187848219
21.2193495586
21.2398865119
21.2536125063
21.3243069394
21.4897042712
21.521561333
21.5652251333
21.6072263857
21.6214988861
21.6501442366
21.685068049
21.7130605958
21.7281138249
21.7435892907
21.9397379092
22.0619216898
22.0673168262
22.0892341207
22.1129918399
22.1593447589
22.201157446
22.2458860506
22.271304796
22.3417157303
22.3997696152
22.4070467126
22.4542862241
22.4718279222
22.561372639
22.611735765
22.6694450487
22.742644649
22.8113640427
22.8282523785
22.8369525721
22.8501845468
22.8877749415
22.9118880189
22.9207652953
22.9717444894
23.0009246642
23.0309096783
23.0675049286
23.0752705145
23.0873264439
23.1448047142
23.2002716028
23.2169790315
23.2228880946
23.2519720297
23.2660144808
23.2887502709
23.3020317496
23.314149447
23.355350125
23.410704514
23.5680020511
23.5774630238
23.5958872452
23.6127046388
23.8837992362
23.9461290079
23.9760943836
24.0217015794
24.1086025773
24.2159856039
24.2619186607
24.2764850588
24.2838907137
24.3001119555
24.3100954179
24.3213406082
24.3900364656
24.4382474316
24.790450499
24.8522622214
24.9632132655
24.9813914933
25.029031021
25.2221060107
25.2737012967
25.2866963625
25.318493812
25.3496742033
25.3685596132
25.3832115356
25.4246469606
25.4286854198
25.5456701506
25.608114
25.6245725185
25.6656126358
25.7120812456
25.7408061527
25.7505147332
25.7551813257
25.791794983
25.8218367406
25.9278321222
26.4056238375
26.4395947112
26.4661221822
26.4704255152
26.4860816323
26.5073892295
26.5274191289
26.5553984538
26.6030400969
26.6066611024
26.633727718
26.658733337
26.6687769786
26.7130845264
26.750495868
26.7665282119
26.8178018795
26.8644002229
26.9225239433
26.976252206
26.9958101199
27.123775344
27.1934631319
27.2212832851
27.2903962241
27.3474028713
27.3751230102
27.4488214467
27.5074314936
27.5191787738
27.6069228179
27.6189931794
27.6308214669
27.6401713832
27.6612351658
27.6702719759
27.6934966226
27.7160766477
27.7478611303
27.7767032222
27.7847947716
27.7958656156
27.8354215205
27.8617784354
27.8804887945
27.9181682865
28.0163961778
28.0727262989
28.080080126
28.1200891453
28.134358617
28.1618149163
28.1856130212
28.1899974827
28.2595216926
28.2954001224
28.3682835104
28.4341864421
28.4841895864
28.5149997992
28.5663815895
28.6366412473
28.6462639672
29.0179545594
29.0667854079
29.1898031075
29.2750623023
29.3083435372
29.3368170647
29.3783276942
29.4022543533
29.4388648892
29.4930232967
29.5281400333
29.5809021895
29.623811247
29.6547422857
29.7102331337
29.8267287098
29.9223792814
30.0248477843
30.1413408545
30.1455060725
30.1530113319
30.2259879262
30.2462721042
30.2834065642
30.3177110568
30.3722475537
30.423177464
30.4440437333
30.487687661
30.7880537232
30.8333860449
30.8896980071
30.9254351541
30.9762993191
31.047896742
31.1077559345
31.1441760952
31.1823674181
31.2188783378
31.3071120771
31.3155462103
31.3212660293
31.3408044446
31.3464018389
31.8103491563
31.8490580751
31.859410387
31.9235461069
31.9783475759
32.04531513
32.169785448
32.2247490592
32.3011059134
32.4090221197
32.4131485517
32.4281556611
32.4333571309
32.4475771097
32.4696325227
32.4829220286
32.4884009974
32.5087383721
32.5867314604
32.6334499347
32.6934036262
32.7325675812
32.7610692228
32.7996110876
32.8179543028
32.8381073448
32.9062219247
33.1377727285
33.1981411134
33.2028529297
33.2111310116
33.2160270642
33.3669229873
33.5287626337
33.548265631
33.612244979
33.6226979166
33.7550141251
33.8973397456
33.9348504064
33.9944494843
34.028135351
34.0392556567
34.0980960676
34.1295683212
34.2091792531
34.2666785846
34.3074845604
34.5070115388
34.5477489948
34.6897028386
34.7287029122
34.7490908693
34.7993609804
34.8221496524
34.8376757384
34.8657751498
34.9288962723
34.9646622445
34.9983955199
35.0250358552
35.1400387343
35.1651767857
35.1919397629
35.2163663893
35.2376684693
35.2531913051
35.3044437542
35.3589063317
35.3978203628
35.4221395674
35.4651598209
35.5497001542
35.5725969223
35.6426072651
35.6723007085
35.8609075963
35.9113896233
36.0234793613
36.0323600583
36.0369178005
36.0505199514
36.0596289164
36.0658393168
36.0811563594
36.1131215597
36.1178966396
36.1317838168
36.1595221575
36.1967243219
36.3115233094
36.3281502675
36.5270776056
36.5490220802
36.5868085434
36.629337129
36.695194617
36.7636806756
36.9472844888
37.0082243239
37.2481329116
37.2583982748
37.4530194005
37.4826789135
37.4971168188
37.519837105
37.5479301593
37.5735495469
37.761376408
37.8254256003
37.8899748944
37.937904747
37.965801381
38.0264108192
38.0334267295
38.0854267182
38.1238984437
38.19598691
38.3475179383
38.3837461019
38.4240878415
38.4336921118
38.4708652215
38.4893778894
38.503680867
38.5299387325
38.6045106758
38.6162395596
38.6342634682
38.6519957445
38.6811696968
38.7162956435
38.7300261335
38.751400559
38.7656021822
38.7892438919
38.8002945125
38.8465682587
38.8816330855
38.9230979626
38.9503503213
38.9673498881
39.0174201072
39.0889308806
39.1547970747
39.2255110695
39.3272551545
39.361615037
39.3740420563
39.4220502929
39.4880600977
39.6230252134
39.6361904614
39.6549766532
39.6823994358
39.7052265285
39.7587718096
39.7718518244
39.8075642384
39.8374556003
39.8438169249
39.8588374025
39.9912615582
40.0106910173
40.0268594159
40.0523860043
40.1064747561
40.1317326078
40.142568927
40.3391381957
40.387024964
40.825277691
40.9748559131
40.9994650676
41.070172394
41.1394029609
41.1748072499
41.1875232721
41.2354413247
41.2580467385
41.4717938744
41.5227943517
41.5339860902
41.5764963358
41.6401361486
41.6767375181
41.744578971
41.807432732
709
