6.01328439701
6.02287846977
6.03840532515
6.05482586527
6.06693746643
6.09609029657
6.11380446435
6.16173041974
6.17733875952
6.18447082098
6.20163372049
6.57621189994
6.59267280438
6.64325789748
6.65656361219
6.66947620271
6.68705356516
6.70789295543
6.73097945731
6.76633867831
6.78666378942
6.79041614327
6.80153446379
6.82223249965
6.84773839155
6.86114558571
6.88778993513
6.92772825584
6.95288747328
7.21767682105
7.22462220629
7.23581284557
7.24581727348
7.39798891026
7.40332563311
7.42267818154
7.47554730367
7.55173366876
7.5564589985
7.62756719143
8.4169273929
8.4527101974
8.46774036518
8.49991625243
8.54528244767
8.56185405939
8.57228634443
8.63568540235
8.65243600361
8.6759634101
8.68910891438
8.71058286639
8.72837033607
9.0191790119
9.03206258206
9.14573502242
9.20471633965
9.22243672198
9.27421942203
9.63836971244
9.68399286349
9.70814848973
9.71717374257
9.72840499412
9.73389739143
9.74696287222
9.77607690407
9.78448147779
9.79663739705
9.84983345732
9.9496089323
9.96154647605
9.98679565575
10.0195011657
10.0441357332
10.0659966756
10.0926746813
10.1284146206
10.1432940118
10.1604095204
10.1858771369
10.1915749343
10.2184543711
10.4043007791
10.4464175068
10.4570535819
10.4870990642
10.6089655727
10.6455051265
10.7185185109
10.761741732
10.8213709366
10.8319111553
10.8480024557
10.8749982333
10.8847799256
10.8972306663
10.910318353
10.9257986258
10.9369163745
10.9516514145
10.9777517353
11.0394178261
11.0680571097
11.2368288879
11.2402288203
11.3202757077
11.3522728941
11.4751347464
11.4799958156
11.5557754953
11.6360936118
11.7076358524
12.0061472182
12.0776762915
12.1201309605
12.1364076749
12.1694729328
12.2128750035
12.2420096565
12.2600201723
12.2932722493
12.3385765437
13.2165039809
13.2324273833
13.3232548317
13.3441634015
13.4522875178
13.5025301053
13.9502113924
13.978774032
14.1304043306
14.1942136073
14.3155115464
14.3725214493
14.4249642896
14.463484653
14.4820790237
14.5040532481
14.6215072496
14.6314588239
14.6653360278
15.3622238388
15.616719244
15.6306746282
15.8786759896
15.8899964623
15.9488175213
15.9799590327
16.0042229036
16.0602141838
16.0840120222
16.1015653143
16.1112568384
16.1460453405
16.1963696721
16.2000006155
16.2374194285
16.2640216235
16.3143402714
16.4158151063
16.4344517806
16.443922211
16.628021125
16.6519828342
16.7784960744
16.8339649282
16.8455302753
16.8660289059
16.9164242619
16.9380304734
16.9804087278
17.0222989214
17.0461505898
17.0868576864
17.0915470845
17.1378946757
17.1491557619
17.2019298532
17.2227513247
17.3116074532
17.3580365342
17.4066188866
17.4584352543
17.4992720132
17.5652389083
17.8120750081
17.8807108647
18.0054331973
18.0397811382
18.0837243429
18.0996689602
18.1245716284
18.1394653597
18.1763159997
18.1798906175
18.1900088642
18.214861953
18.3334232469
18.3770297801
19.2103488287
19.2171072871
19.2296157685
19.2583408948
19.3104403012
19.3595679585
19.3806459086
19.4054163264
19.424796872
19.5119292968
19.5631341772
19.6032924118
19.6576077291
19.6734127314
19.684792759
19.8485457206
19.8738443819
19.8864795172
19.9071454667
19.9416083541
19.9735537075
19.9932751889
20.0597697885
20.0949225785
20.1611723939
20.2007541357
20.3088594485
20.3988744228
20.4125306385
20.4203425705
20.4425324943
20.4481577242
20.480469545
20.5747430167
20.5972682737
20.6478161603
20.6814904118
20.6893443809
20.7093846192
20.7387055633
20.7614748001
20.8072393574
21.051174756
21.0727448435
21.0995467091
21.1348094418
21.1461223268
21.2179503496
21.267566897
21.2975003811
21.3794636312
21.427735181
21.4936151842
21.57642404
21.6191876601
21.6317876729
21.6478000018
21.6849085409
21.7141707498
21.73022792
21.7527845678
21.7603601991
21.8441769356
21.8779372029
21.9289374136
22.0740990148
22.0992261072
22.1544339499
22.1868836132
22.2471045279
22.2817858294
22.4398515888
22.5016870963
22.5749889338
22.59268871
22.8181848532
22.8344553135
22.8540825049
22.8819528253
22.9116955943
22.9658132714
23.0078643203
23.0277791991
23.0347547271
23.0568012552
23.0887847667
23.1075255779
23.1237658517
23.1324587184
23.1720256137
23.1886367121
23.198888113
23.2310049682
23.2787622475
23.3524807504
23.3868467272
23.4010263485
23.4413574219
23.5081766537
23.5592546949
23.6077675107
23.6410154353
23.6557453439
23.7237532313
24.0317202364
24.0692266045
24.1035318429
24.11008191
24.1231876357
24.1352824793
24.1617543556
24.1773430885
24.2284397861
24.2595384192
24.329611946
24.3402765031
24.3933044753
24.3971301342
24.4371838166
24.4581877438
24.4919316032
24.5106685735
24.5707950384
24.5790180347
24.626820608
24.7005155998
24.7694162084
24.8745025545
24.9021972584
24.9204311156
25.1684593676
25.2067705539
25.213427493
25.2407173727
25.2449653112
25.2975088528
25.3096433143
25.3245859191
25.3398907788
25.3615517419
25.4066216682
25.4404137213
25.4886674799
25.5416337733
25.5734440688
25.5834483488
25.6005471752
25.6762088058
25.6936324013
25.7181204864
25.7481731712
25.7986855267
25.8973943435
25.9407554768
26.1492216818
26.2118802011
26.2998926347
26.3521018739
26.4079016214
26.4181158955
26.438139853
26.464938922
26.5051414476
26.5232352057
26.5518105572
26.5666340949
26.5890528023
26.6369134774
26.649797361
26.6568673355
26.7141567946
26.7412907796
26.7998804334
26.8396938022
26.8638950772
26.8912257311
26.9078446056
26.9353155411
26.9809831162
26.9948921257
27.0717115959
27.0970681436
27.1935226568
27.2585388226
27.3092040491
27.6078148109
27.6187863964
27.6803957218
27.7711362928
27.7883897487
27.8150810603
27.8322476593
27.8430752675
27.8852142003
27.8993636825
27.9239414432
27.9457042283
27.9595241715
27.9643673914
27.9699220185
28.0207090299
28.0783873443
28.1469353788
28.1686184191
28.2287311654
28.2809652029
28.3115565931
28.5866332951
28.651118569
28.6807854194
28.8140515379
28.8330966861
28.8425290322
28.8668026733
28.8905493384
28.9205158941
28.9497700375
28.9723036888
28.9933002617
29.1079540761
29.153639173
29.1942072955
29.198666775
29.24704807
29.26997319
29.3077720701
29.3690952512
29.4111767062
29.4400281605
29.4490099546
29.4648181258
29.4909024229
29.5995309468
29.6980213692
29.760785295
29.9170345923
30.0403178258
30.061133616
30.0946182014
30.1305427539
30.1430028965
30.1540651977
30.1598444613
30.1714272222
30.234443011
30.2509719188
30.3231506206
30.3337811927
30.3583595893
30.3882698707
30.4470169054
30.5809558121
30.6242689224
30.6496622621
30.7307442632
30.7848103985
30.7944561454
30.8001695006
30.825060356
30.8725947566
31.0584515591
31.1140307533
31.2038983267
31.2333378884
31.2498715035
31.2704372811
31.2990422748
31.3301667617
31.3551386988
31.3729366913
31.3763878949
31.4031461682
31.4532225542
31.4744053171
31.5153217697
31.5298290933
31.5590369439
31.5743177493
31.6038027409
31.6153360048
31.626551659
31.6886567417
31.7336013241
31.7723025957
31.7967160178
31.8351651708
31.8854819552
31.960857815
32.0033498925
32.0230993428
32.0539215371
32.4045447359
32.4558030346
32.4665068893
32.4907650028
32.5104811065
32.5201833287
32.5336697212
32.5433130168
32.5661853774
32.6095266148
32.6599671351
32.6719548541
32.6887377943
32.6958298104
32.7090553025
32.7235704677
32.7288031813
32.756854624
32.7625828258
33.6300706974
33.8095138104
33.824996001
33.8430225827
33.8730663514
33.9206856757
33.9447123478
33.9815458514
34.0799132855
34.1434177678
34.1612356724
34.1691962187
34.2295149854
34.2328893346
34.2474338471
34.2609585297
34.2861214119
34.3422613173
34.3506720917
34.3563190936
34.7465786137
34.8250965223
34.9411354692
34.9680651642
34.9738056143
35.0644498454
35.121421397
35.1359745766
35.2050576641
35.2607757444
35.3101187455
35.5928713298
35.6170892521
35.6719679163
35.6844377179
35.7520623986
35.7886118774
35.825156312
35.8916660251
36.0158568865
36.0277720399
36.0333882581
36.0458365326
36.0500752055
36.0685688861
36.0733586911
36.0840743896
36.1039817953
36.1212522177
36.1717905366
36.1852447165
36.2020820938
36.270815856
36.451652636
36.5017784773
36.6017345628
37.0947689387
37.1502924775
37.1871679976
37.2564672181
37.3089677895
37.3130814357
37.3398097784
37.3720437638
37.3974047912
37.5168497817
37.5283201333
37.5376091676
37.6135370124
37.6404888046
37.6948418976
37.727918409
37.7353875582
37.75894638
37.8324268652
37.8608813058
37.907793614
38.0517560686
38.1293198667
38.2052097156
38.2734963421
38.4108585134
38.4346832062
38.465864565
38.4724461445
38.5053301846
38.5114493035
38.5843422069
38.6023136533
38.6192371979
38.6701728744
38.6938767068
38.7226506384
38.7347746256
38.7751216479
38.7792848753
38.7867970025
38.9139996581
38.9354255069
38.9967871459
39.0371567567
39.2065194273
39.2507557351
39.6959716542
39.7674123859
39.7804683903
39.8112838431
39.8660109831
39.910855116
39.9359283922
40.0065104886
40.4623721313
40.4835936694
40.5143012699
40.7326825593
40.7455502104
40.8155200924
40.8416771179
40.8498385196
40.8901278386
40.9017962418
40.9899896687
41.0051503805
41.0253501515
41.0998526821
41.1297754536
41.1397952719
41.1770402826
41.2260754738
41.2644882649
41.3193709966
41.4073466571
41.4742292624
41.5462527415
41.6108197759
41.6398157198
41.6513482554
41.7353044452
41.7941073094
41.8098008217
41.8857977308
41.9817059235
652
