6.02202250279
6.05920697881
6.07196752884
6.09828249058
6.11089303348
6.11915194744
6.12952004535
6.15242284581
6.16430012944
6.21292449268
6.23147359791
6.24123710857
6.26244686664
6.27364937695
6.2893066251
6.3011423153
6.35355273048
6.36262164214
6.3784560757
6.42929940408
6.4397786275
6.48428026655
6.49831905889
6.50773306896
6.52606709295
6.53887729649
6.57487706559
6.58980069304
6.61869677247
6.65688985617
6.68829612213
6.72511873686
6.74876193245
6.77724557305
6.87635339381
6.90784521044
6.92913316932
6.94411173631
6.94793863283
6.96528738475
7.05612673181
7.07771034943
7.12409193649
7.14510964749
7.19816618754
7.27157201761
7.28670119781
7.31528981567
7.32110147939
7.35071247758
7.37677668849
7.38366783165
7.40694079334
7.43981058842
7.46036733436
7.48245013827
7.50442763796
7.53645750266
7.5641347111
7.58209200581
7.85573600788
7.91136083439
7.97845963667
8.07829147878
8.12022010958
8.17922096732
8.19759138713
8.23949101574
8.27176973408
8.2858695048
8.38080780253
8.40937395691
8.43450011877
8.49862835418
8.53990520483
8.5523918762
8.59679962336
8.65168415294
8.66944932689
8.70448798524
8.74392143707
8.75740178953
8.83908471094
8.86254268756
8.88700982875
8.92343654401
8.93274770057
8.94567435905
8.95440479104
8.97037446754
8.97408140329
8.9907524524
9.0614258848
9.08264747415
9.14547771058
9.38614712929
9.39171828918
9.49399190337
9.53417488728
9.63027027273
9.65375108838
9.66526137735
9.69846426359
9.70436209303
9.71715015586
9.72984079933
9.75433756086
9.86326534446
9.8726471953
9.88918471488
9.92144345175
9.92616051175
9.94824308739
9.9582056279
9.99452304857
10.0453856167
10.0627689777
10.0808767227
10.1583425477
10.228450218
10.2416984328
10.2898922638
10.2943648705
10.3261837414
10.3456251021
10.3976533304
10.4622372278
10.4861691985
10.5638115832
10.6266090051
10.8321360017
10.8402463081
10.8468724988
10.873308565
10.8883495217
10.9854905809
11.0011002221
11.0205650667
11.0383466396
11.0449994296
11.0794386947
11.102340493
11.133002015
11.1560601615
11.1825363636
11.2021526983
11.3041302001
11.3514129846
11.3754519316
11.7680725077
11.8857329872
11.9116053384
11.9521967676
12.0115771871
12.0359117431
12.0492268229
12.0571797801
12.1582338731
12.1754328558
12.2002180337
12.2148628091
12.2570401507
12.2717172356
12.3073912851
12.351482459
12.363656124
12.4274866829
12.4632769665
12.4938640327
12.5285717503
12.5761999609
12.622597429
12.7445010904
12.7549653032
12.9467370676
13.0135635635
13.0188866827
13.134336345
13.1856814298
13.1912693121
13.2121231438
13.2271208666
13.3144329998
13.3264395385
13.3488285955
13.4350176455
13.4621330078
13.5012836899
13.5131466346
13.5454923264
13.6580089693
13.6917538098
13.7120395472
13.7265260667
13.8924386904
13.9668618509
14.0083813683
14.0414581779
14.0626454067
14.1032293366
14.1305947139
14.1769812879
14.2746393533
14.3553585779
14.4159441967
14.4245997677
14.463283106
14.4773968531
14.4890606437
14.505695193
14.5344506106
14.6193793498
14.6501430808
14.6769999325
14.6966531099
14.7140310867
14.7358647539
14.7626342573
14.784367962
14.7986158237
14.8246245936
14.836384642
14.8612259847
14.9767943628
15.0348721697
15.0850937479
15.1728460337
15.2036530946
15.2392533094
15.252331657
15.300167683
15.3178214191
15.352984462
15.4446636712
15.4997224599
15.5436843457
16.152921401
16.1764994595
16.1923317547
16.2468970047
16.2988306769
16.3564197529
16.3726653583
16.3812983988
16.5298650975
16.5375143388
16.6220392157
16.7228548387
16.780910508
16.81222895
16.8523880191
16.866196968
16.8880147645
16.9078756614
16.924905881
16.9413767211
16.9587764258
16.9729797669
17.0326411324
17.0535468234
17.072650808
17.1200330657
17.1608867242
17.1755792787
17.179987765
17.1877389895
17.2095238227
17.2255104467
17.2323138291
17.2622816171
17.3171061109
17.3700144167
17.4416119028
17.4696667821
17.5715202654
17.5871320285
17.626295697
17.7040436999
17.7592458806
17.7997180656
17.8839595965
17.9032529068
18.0138213835
18.0258476154
18.0396486307
18.058161415
18.091523014
18.1113028075
18.1426564866
18.1539644083
18.168071579
18.2026687512
18.2370932571
18.2650602923
18.3227509877
18.3304960639
18.3440003832
18.3532245765
18.3795541221
18.4258821742
18.490570493
18.5185685189
18.5898540476
18.7142892001
18.7707304188
18.778033846
18.8036155521
18.8627269034
19.0955346935
19.1796342213
19.2239190452
19.2428844605
19.2496583135
19.255558425
19.4127377714
20.1133663066
20.1916343313
20.2076186804
20.2799861431
20.4141151935
20.4299029417
20.50095139
20.5127958455
20.5277055399
20.5548112092
20.583737722
20.6327148731
20.6439693122
20.6558633282
20.6720439478
20.7235719352
20.7570015612
20.780748943
20.7843283124
20.8002128539
20.8099010418
20.8443504266
20.894203657
20.9074723207
20.9582737764
20.9971400953
21.0226194702
21.0435760896
21.0771340748
21.2112619364
21.2624056229
21.3027279985
21.3408518044
21.4494907131
21.4677122377
21.5192385047
21.5983474122
21.6067244099
21.6131732382
21.6313769249
21.721454315
21.7320317762
21.7403283976
21.7702215718
21.7862052066
21.8372484467
21.8500901903
21.8627332596
21.8874933776
21.9178360017
21.9346400733
21.9425677189
22.0274409863
22.0320123129
22.2033306362
22.2501835219
22.2740626123
22.3092912099
22.3601469969
22.4446733929
22.4627033172
22.5013853263
22.5550056865
22.6031155398
22.6169908193
22.8141986284
22.8256095876
22.8613651936
22.8741603022
22.879093708
22.9514869693
22.9587102605
22.9749734655
23.0578504046
23.0924514892
23.2349499288
23.2912037718
23.3451363783
23.366326625
23.4360830395
23.4685861504
23.612505814
23.6638207415
23.7561558938
23.7807572571
23.8653130487
23.9502110815
24.0214175015
24.0431554459
24.0618090652
24.0786807908
24.1209573229
24.1411234922
24.1448745969
24.1984420946
24.2121328685
24.2453431153
24.2526005277
24.2899250709
24.3357467783
25.2100816825
25.2221350967
25.2377510896
25.2451514163
25.2580285474
25.2840521848
25.3020605757
25.3236361952
25.3585378406
25.3852595221
25.4135174805
25.4178877855
25.4346068943
25.4553870003
25.5353046717
25.5652297771
25.5826297803
25.6088733947
25.6174252594
25.6414478374
25.6879380462
25.6972096526
25.8650509998
25.9343921777
26.026006253
26.1499552221
26.1809931508
26.2933523115
26.3490845008
26.4154684539
26.4234668492
26.4665793606
27.6144005535
27.649927746
27.6865583564
27.6976394655
27.7136911904
27.7326539381
27.7661395004
27.775967092
27.7882449403
27.8116649735
27.8272377577
27.8426443057
27.8591931045
27.90620475
28.0592682919
28.0863482802
28.1075527072
28.1404647653
28.1726224708
28.2291925845
28.2775606865
28.328051288
28.3521007401
28.4147345314
28.4623089491
28.4784883537
28.5015774477
28.5211970451
28.5522044483
28.6237637862
28.6815987592
28.7559571964
28.8663492826
28.8876295926
28.8986208445
28.9051661505
28.9198396951
28.9583629321
28.9746756339
29.0067102892
29.0310246401
29.0537483768
29.0791974071
29.0981645729
29.1427174014
29.2049583778
29.2149977805
29.2370615822
29.2506984268
29.3057025102
29.4673256039
29.5076863496
29.5211108499
29.6632076791
29.7061174162
29.8533478278
29.8898998997
29.8974183227
29.9807054049
29.9882617482
30.0216637886
30.0430179406
30.0583035261
30.0777939152
30.0944427301
30.0990183039
30.1316255746
30.1731300029
30.1946308718
30.2273099908
30.2631950614
30.299012129
30.3226315163
30.3477103551
30.3920807936
30.4119873913
30.4413090785
30.4685798559
30.5080904897
30.559844899
30.5738497423
30.5824102559
30.6245196946
30.6806432892
30.7254813857
30.7520210698
30.7585382241
30.784253798
30.9826459737
31.097212297
31.1456536251
31.1780546711
31.1860880258
31.2331730949
31.2505268612
31.2753203871
31.2894955727
31.3283239332
31.3462656032
31.3885963774
31.4103721453
31.4143377767
31.4360503891
31.440153516
31.4853143496
31.5011086174
31.5113457168
31.5484630354
31.5724187456
31.6541861692
31.6936370439
31.7156280549
31.7300573328
31.7528706333
31.7768989138
31.8261517168
31.8887703168
31.9570957686
32.0471728341
32.0731970727
32.1301453887
32.4156730559
32.4535063524
32.4679942321
32.4969221643
32.5032117521
32.5131022404
32.5768259208
32.5819807662
32.6399108257
32.6797490379
32.6858838379
32.7280270302
32.8597001435
32.878327226
32.9082755057
32.9454596625
33.0258227909
33.1519531096
33.211999094
33.2308921372
33.6113328332
33.6349137866
33.6578834144
33.6717317989
33.6760423025
33.6835455151
33.7019322532
34.8146851893
34.8360209739
34.8495181071
34.8658799911
34.8851358496
34.9636388779
34.9864759898
35.0186720552
36.046492595
36.0804259582
36.0924334689
36.1047117722
36.1329106346
36.1378599405
36.1442479278
36.1642279232
36.1736340515
36.2315543355
36.2536040558
36.2765637016
36.2890618027
36.303000446
36.3286904165
36.4010120783
36.4621684192
36.4985139576
36.5429360076
36.5615253692
36.5898270396
36.6129781318
37.0510353413
37.0879972942
37.1177097174
37.1944584547
37.2192129188
37.228227644
37.246701967
37.2590321983
37.3850366895
37.4183705987
37.7499009661
37.9468783959
37.979576222
37.997400055
38.0011441196
38.0497707898
38.1154499483
38.1404098236
38.2559105749
38.2801200915
38.3886239483
38.4250321981
38.441206462
38.4551806177
38.4871273403
38.5137139048
38.5263994755
38.5424506313
38.5718550189
38.595289705
38.6322033516
38.6448877618
38.6618044699
38.6760742547
38.790816733
38.8678208178
38.9046950059
38.9574746486
38.9824696011
39.0270198857
39.0546889038
39.0778858628
39.1418991166
39.4122334728
39.4371826269
39.6144269207
39.6261786068
39.6364608818
39.6604045117
39.7545373962
39.8155914373
39.8247107621
39.8510707154
39.8868199035
39.9362147011
39.9493598756
39.9792571338
40.0608601651
40.0813880225
40.0852118629
40.1388622982
40.1718077087
40.2024564494
40.2405553991
40.2629906811
40.3250732793
40.3764105008
40.4072504443
40.4288663494
40.4842584382
40.5157253179
40.5879168007
40.5980528171
40.636013738
40.9096567644
40.92608368
40.9546139094
40.9675096116
40.9764977795
40.9913917176
41.0199881936
41.038789666
41.0994889921
41.108989923
41.1595444329
41.196970805
41.2731977435
41.293911759
41.3577872863
41.4157706491
41.4552399693
41.5255095611
41.5460262068
41.6031251266
41.6297622209
41.670901079
41.7422960551
722
