6.06805517752
6.08365800887
6.08792132501
6.09408863688
6.26229876436
6.27740110536
6.34175768698
6.36782847236
6.39950674605
6.42791072954
6.57009918675
6.6014169217
6.61656385556
6.63056544378
6.65842616848
6.67918634505
6.84526888858
6.85928866616
6.92112197036
7.01198663402
7.04837722169
7.12133794646
7.1311186504
7.19957330131
7.94109966174
7.95771075738
8.11724374168
8.15935940517
8.16288755574
8.1999923647
8.21439387077
8.26431987229
8.33316260884
8.41384726831
8.45127850591
8.48939875369
8.53673039997
8.54893519594
8.57501985646
8.59659171523
8.61553575344
8.64937908773
8.65539214312
8.66105565639
8.71042207328
8.73021974144
8.7512246044
8.76728664303
8.8101667144
8.83360260295
8.8791323235
8.96841689066
8.99034640733
9.27757341982
9.32252759373
9.43113781572
9.54735138681
9.62969643155
9.64190115747
9.65673003818
9.67476406194
9.69594517915
9.73046426831
9.91106144892
9.94794532741
9.95981827015
9.97220759537
10.0656011956
10.097078767
10.1425646335
10.2129448802
10.3005746216
10.3730558586
10.3924728252
10.4532851173
10.4988953245
10.50380032
10.5289680275
10.6582005383
10.6857968442
10.7765502414
10.8061379374
10.8184514683
10.8250609721
10.8516896437
10.8607576498
10.8824543847
10.9067156912
10.9119523418
10.9362099313
10.955241855
10.9635044923
10.9754431104
11.0048038162
11.0320635894
11.0593846198
11.11886757
11.1869079817
11.1933577833
11.1972132749
11.2348210043
11.2493975066
11.2703766983
11.3127269545
11.3299113893
11.3442193565
11.3956135212
11.509494471
11.513794855
11.587896846
11.5979683185
11.6829398633
11.7362840459
11.8464650511
11.8575217681
11.9702962137
12.0225482201
12.0308228898
12.0348045575
12.1344253037
12.1529391777
12.2028186199
12.2476216088
12.2598972957
12.5248288272
12.5421076109
13.1946140807
13.2133653941
13.2308398951
13.2532930299
13.2921116564
13.3196645668
13.3629764245
13.5535113698
13.7526499705
13.81716416
14.5861798261
14.6211146038
14.6449272087
14.7283673508
14.7592471655
14.8958639759
14.912878394
14.9576277573
15.0134713843
15.0295977923
15.0799116047
15.2613618492
15.2847313423
15.3779434282
15.4062792507
15.4699052609
15.5682888318
15.6133198161
15.6390203559
15.6732582176
15.6826920285
15.6894552301
15.7620666012
15.7804041031
15.8051283982
15.8189303879
15.8683612819
15.9218979816
15.9370924376
16.0668074564
16.1100273688
16.1133676078
16.1781152554
16.1850830078
16.2042604789
16.2210886402
16.349429999
16.3852350278
16.427858504
16.4908872949
16.5603048912
16.5911744137
16.6244373785
16.669720095
16.7023965433
16.7715423727
16.8056623048
16.8220479088
16.9640846282
16.9804498893
17.0157064833
17.0266120908
17.0629249148
17.0799631117
17.1893691747
17.2276597665
17.2464093223
17.2627026376
17.3373308149
17.372669367
17.7354152569
17.8266142712
18.0275350432
18.0365415403
18.0505356633
18.0557901346
18.0966840803
18.120439566
18.1407625454
18.1458348259
18.1618121111
18.1672029582
18.1776157636
18.2102326488
18.7245273546
18.7676861887
18.8118766438
18.9138454333
18.9693509506
19.0337804913
19.0579148994
19.1040248428
19.1616938567
19.2239114082
19.2456431045
19.2523707752
19.2779698994
19.2976566827
19.3183533041
19.3405523041
19.4086111352
19.4280607505
19.4648179911
19.4945356539
19.6003481908
19.6517886806
19.6939349464
19.7127694027
19.757871043
19.8821266171
19.9609613083
19.9986483247
20.0081775376
20.0220979971
20.0360639627
20.0509652507
20.1274248618
20.159689626
20.2720731701
20.3052067791
20.4089968358
20.428742606
20.4369699918
20.5263843008
20.5364416146
20.5518090743
20.5589102424
20.575486506
20.6089052116
20.6503851459
20.6556357378
20.674413921
20.6905599489
20.734560825
20.7412561832
20.7676209208
20.8090555894
20.8489534683
20.9651018123
20.9816574016
21.063845184
21.0800121331
21.1350843951
21.1729809268
21.2286217159
21.2343891445
21.3085840854
21.3283738271
21.3750232236
21.4178760614
21.4336835075
21.4738323418
21.590315775
21.6214705723
21.6430295641
21.6576810267
21.6897285398
21.702268225
21.7196167707
21.7466048037
21.7815139934
21.8182286692
21.8507304182
21.978351061
21.9825480576
22.0153705086
22.0317410734
22.0601356272
22.0918459811
22.1402437974
22.1877571551
22.2471432785
22.2637054098
22.2829878727
22.809121147
22.8257575025
22.8511985669
22.8858204856
22.899498067
22.9181312074
22.9271579237
22.9369476377
22.9525740678
22.9796357486
23.0549639859
23.059806853
23.1082346419
23.1770508755
23.2033918641
23.2789184997
23.3401937826
23.3841511012
23.4117240914
23.440552507
23.4843869021
23.5142516646
23.5360959276
23.7280328815
23.7839367749
23.8413394773
23.9898672782
24.0395834097
24.0458220655
24.0546605172
24.1054730649
24.1298506033
24.1368319527
24.1761150712
24.2255467925
24.3111460944
24.3491201676
24.3814021396
24.5850984789
24.9733374764
25.050106139
25.1295982577
25.1890259205
25.2218161922
25.2432772343
25.2504561466
25.2921864375
25.3229029077
25.3325099033
25.3469135103
25.3586793868
25.3737581988
25.3952128356
25.4217581446
25.4331380076
25.4536277934
25.5037013499
25.5183416099
25.5920624943
25.6537351453
25.6866764243
25.6986653098
25.7384447715
25.7844067323
25.7960963643
25.9016638471
25.9840877004
26.4812312976
26.4964331194
26.5204980242
26.552144229
26.5684917895
26.5959892729
26.6159540428
26.6334463374
26.6778167528
26.687292066
26.725092117
26.7584123316
26.7904115473
26.8341678616
26.8506328335
26.8616862828
26.9530668749
27.0357738673
27.1565178607
27.2428253152
27.2719939688
27.6085087374
27.6189774492
27.6285365881
27.6926709494
27.7109228669
27.735367731
27.7572024244
27.770380173
27.7813781355
27.7995100751
27.8055358752
27.9472989724
27.9631110822
27.9753319184
28.0197916758
28.0868590242
28.2708321162
28.6000774432
28.6046438306
28.634518182
28.7659511259
28.7891411983
28.8537631554
28.8716505029
28.8871294583
28.9116808398
28.9197038705
28.9343681817
28.9603911617
28.9745878369
28.9807241006
29.0355295792
29.1630163774
29.3648254815
29.389404092
29.4172504095
29.4302853292
29.4515057362
29.6160151672
29.6251325032
29.6867202069
29.8239945851
30.0112219861
30.0339742496
30.0577495263
30.1344981007
30.1528399907
30.1878487939
30.3198366627
30.3742036669
30.4209474867
30.4669364709
30.4745090038
30.5360582079
30.5873410519
30.6660164492
30.6704953751
30.7601103849
30.788838358
30.9388025606
30.9678140966
31.030083934
31.1207690927
31.1763780266
31.2166501468
31.2446764361
31.2721080288
31.2976620639
31.3158273796
31.3289322598
32.2875606508
32.3857141591
32.3928340539
32.4039429333
32.4103366231
32.4215703749
32.4297420921
32.4395656917
32.4508281971
32.4630486878
32.5432062593
32.6096198248
32.613094016
32.643749771
33.1066499599
33.1436542558
33.1907897669
33.2543950254
33.2895767176
33.4065753914
33.4124735771
33.4991928
33.6254602655
33.6460006539
33.6645216601
33.6756287253
33.6982870781
33.7357235073
33.7619184756
33.7742779758
33.79942976
33.8328218023
33.8402405612
33.8778273309
33.8893632708
33.8941085718
33.9154799927
33.9489142885
33.9694237232
33.9807684392
34.0216672529
34.0555775286
34.1383415214
34.1552214821
34.2008348615
34.3499151999
34.3843581204
34.4194953191
34.4935956818
34.5474108188
34.5522448316
34.6122280427
34.671979478
34.720931809
34.8281124652
34.8439865356
34.9553168829
34.9723299741
35.0429729918
35.0630487495
35.1085149261
35.131557442
35.1676723306
35.1816391527
35.2229280574
35.3104026532
35.4438972069
35.4786366552
35.5317164081
35.5901396345
35.6892478062
36.095390094
36.1164520981
36.1551549869
36.438679591
37.2218244081
37.2727743481
37.2874481048
37.3102663069
37.3660648061
37.3939444571
37.404269857
37.4354578922
37.4694890732
37.4930130053
37.552528569
37.6423884288
37.66512269
37.6991886807
37.7210350654
37.7710524928
37.7780518016
37.8260315313
37.8539480822
38.279419837
38.3516781972
38.4115088304
38.4410656218
38.9343116293
38.9962789359
39.0368704357
39.0959172519
39.1830537225
39.239816899
39.2708026374
39.2827079565
39.325101407
39.3703999413
39.4557691351
39.4933807902
39.5172476789
39.6212168945
39.7295036429
39.7618800049
39.7762832158
39.7994208107
39.8479229214
39.8775545724
39.8875322509
39.9152087843
39.9721324511
39.9822375007
40.0096281848
40.0494568199
40.1359772803
40.1598588252
40.2416624541
40.2890494347
40.3212988525
40.3391042396
40.3533258352
40.4523193933
40.4586957681
40.4853750259
40.5404200381
40.592741569
40.6432889034
40.6981243437
40.7583790532
40.7889868338
40.8119160336
40.8613465
40.870389652
41.0571224586
41.2435033308
41.30703786
41.3565664275
41.3756400088
41.4552359671
41.5932822156
41.6140085164
41.6799938388
41.7751438073
41.8644057399
41.8925479567
41.9376562754
614
