6.01559464409
6.02983093289
6.03431582496
6.30568329712
6.32197020913
6.70824170619
6.74065693852
6.77766702574
6.89630396968
6.92382919765
6.96305173844
6.98365956849
7.05909819749
7.0974973931
7.10309685761
7.14228368835
7.16520939775
7.18121593422
7.2544725264
7.26915828463
7.29443363097
7.30647246408
7.31640195457
7.32604283045
7.33195240669
7.35839465939
7.36912489592
7.39384552723
7.4086921066
8.44748737913
8.46514110942
8.48348251241
8.49339028701
8.50713862406
9.02773226727
9.06047547572
9.14465492909
9.21226620016
9.28519518944
9.30245267808
9.40643153076
9.53233419891
9.62816231696
9.63228272389
9.63654114514
9.64582155603
9.67835395885
9.68451195267
9.71501211687
9.73393946899
9.76944312742
9.7929246048
9.80702497261
9.81934483869
9.88739530484
9.91364824737
9.94937254269
9.98123571063
10.0359344045
10.0782179282
10.0904233742
10.1315055363
10.1637347832
10.2233476017
10.2614096801
10.3723274693
10.4066840158
10.4460924294
10.8419234881
10.8724116253
10.8829892767
10.8865001404
10.9034089694
10.9579377382
10.9766724542
10.9862449487
11.0073629893
11.0239727866
11.0444814122
11.0667804788
11.0821511449
11.0958746625
11.1192232712
11.291786016
11.3008757019
11.3799747644
11.4093177903
11.4676119487
11.4968893259
11.6000440314
11.6046480998
11.7116322633
11.762506838
11.9035521776
11.9772431338
11.9913231221
12.023833237
12.0365471056
12.1136201706
12.1175097286
12.1343732578
12.2036071005
12.2272991618
12.2362379293
12.250866373
12.2553235458
12.2753159613
12.296379545
12.3263855414
12.4608774378
12.4852819857
12.5838001567
12.6135112492
12.6273321252
12.6637804347
12.6951502758
12.7533392708
12.8822716746
12.9127438341
12.9870485928
13.0611970483
13.1508163885
13.2049716255
13.2255418541
13.2433911131
13.2478270457
13.2674812639
13.3830687468
13.42873152
13.4617077192
13.4857004749
13.5645737102
13.6287721515
13.6463607966
13.669206563
13.7076417459
13.730455167
13.7563974618
13.7652756388
13.8190420937
13.9099548764
13.9381500337
13.966040938
14.0391417854
14.1171129236
14.1696533937
14.185974806
14.2906340195
14.3079684422
14.3565459144
14.4182955693
14.4263447255
14.4532743405
14.6413254135
14.6523848752
14.9946036729
14.998405419
15.0380857338
15.056818982
15.0962787373
15.1592087666
15.2329671738
15.2365148679
15.3196086361
15.3244569979
15.3638124985
15.3727693495
15.3953767884
15.4717510156
15.5098583777
15.6107513832
15.6361726628
15.6591797319
15.6983981732
15.8795236237
15.8940777439
15.9236441399
15.9590505821
15.9991396961
16.0089477136
16.0461988719
16.057893372
16.1272314916
16.1574791439
16.2217876198
16.2475834056
16.2765783415
16.3083583235
16.3151414882
16.3824103049
16.446602326
16.4986650625
16.6249147147
16.6636838418
16.6685750115
16.7279877062
16.8501982173
16.8725312027
16.8984935936
16.9192746131
16.9232417221
16.9389139634
16.9517794304
16.9564823891
16.9688150658
16.9987512693
17.0280918626
17.05677884
17.0876907833
17.1027805577
17.1255639985
17.1588393803
17.2495485585
17.259038132
17.4337894683
17.5428221202
17.5848670779
17.6095955466
17.6729865641
17.7409837625
17.8197922873
17.9084172616
17.9933085632
18.0253735671
18.0893741907
18.0979804715
18.1163848081
18.1432639526
18.1503254429
18.2048253033
18.2982846106
18.6946182814
18.7130122549
18.7931569438
18.8433796164
18.9102689231
18.9543271649
19.0640870246
19.1581116734
19.2131506086
19.2289893561
19.2431406849
19.6029920357
20.0715656405
20.1970911107
20.2366854848
20.3136458767
20.3228971384
20.3665037799
20.430935285
20.4437461304
20.4739117217
20.5295625551
20.5415927236
20.5700626035
20.5999258199
20.6049573681
20.6179964213
20.6243799967
20.6493325235
20.6572470297
20.6783132633
20.7223065289
20.7460321301
20.7791108535
20.7994097674
20.8120434298
20.8208574419
20.8791506814
20.9348064097
20.9606120256
21.031631488
21.0544408071
21.1319961205
21.169452648
21.2196770174
21.5828941592
21.616651794
21.6260028356
21.6545380325
21.6792630912
21.692547601
21.7269680821
21.8605313089
21.8889837713
21.9146720177
21.9427542983
21.9934827871
22.0139078737
22.0537175242
22.0968411413
22.1240866543
22.1571733854
22.1972823164
22.2735805422
22.2830522908
22.3079206623
22.4045697855
22.4267181858
22.5132354946
22.6000734122
22.7780972792
22.8399428988
22.8479646729
22.8620849951
22.8923861393
22.9009204224
22.9278333291
22.9681632154
22.9804214635
22.9887663703
23.008927632
23.0476015907
23.0929271195
23.3714456508
23.3876975145
23.4019958242
23.4102789793
23.4197929074
23.4307617799
23.4567878494
23.4988564773
23.5978735716
23.8390827776
23.8674635254
23.8752398266
23.9443909167
24.0333653365
24.0524700971
24.0770324148
24.0811906265
24.1066730774
24.1263213932
24.1677806287
24.1836036806
24.2048265736
24.2327086344
24.2647649722
24.3043656092
24.3524897986
24.3959700641
24.4173291437
24.4282486649
24.4572006768
24.4956802583
24.5353458775
24.5854170139
24.8985728284
24.9031223107
24.9266730467
25.0119292664
25.0466081758
25.2534859126
25.282738737
25.2863732441
25.3510101
25.3865101891
25.3949869567
25.4868405253
25.4907721149
25.5400037007
25.5554547302
25.568434412
25.6176228651
25.7367388059
25.7715249803
25.8097796001
25.9024537176
25.9542739517
25.9632261139
26.012981772
26.0469832814
26.0534620141
26.0727180144
26.136885892
26.2157733714
26.2684648618
26.3520030343
26.3885621375
26.4057648238
26.4172834416
26.427961245
26.4316341008
26.448317729
26.4860102017
26.5861706125
26.6026169257
26.633380704
26.6776680583
26.7313001503
26.7842131527
26.8270035554
26.8491089613
26.8792985799
26.9094387149
26.9227315502
26.9514233746
27.5624561628
27.6194567263
27.643448527
27.6592140998
27.6694014675
27.7087737963
27.7228542607
27.7305264793
27.7579898437
27.7940185959
27.8016072317
27.817399801
27.8305025699
27.870376547
27.9026349622
27.9335903696
27.9758853007
27.9890623109
28.0018577122
28.059022371
28.0952863423
28.1007653635
28.1353531649
28.1593925354
28.2043063736
28.2279669196
28.2630629656
28.325293486
28.3402171113
28.3899499555
28.4867736266
28.5010367028
28.5406860103
28.5684622187
28.6596457087
28.7316527172
28.8137251581
28.8184505942
28.8311717523
28.8640629713
28.8916650539
28.9319159687
28.9722651238
28.9826433069
29.0160506957
29.0405225841
29.0914443147
29.1065963821
29.1229488065
29.1657004506
29.1888476266
29.3181912472
29.353631138
29.4123081916
29.4449463291
29.454418489
29.5230732503
29.5653669838
29.6313445903
29.7122553816
29.9734026263
30.0290101434
30.0625535881
30.275798244
30.2849547542
30.2950230357
30.3147648722
30.3352316557
30.3698363649
30.4226294561
30.4474959621
30.4680293667
30.4888418825
30.5060799744
30.6151519051
30.6424524621
30.6832863335
30.7743080329
30.8430313294
30.8799401032
30.9099839443
30.9170403628
31.0506389119
31.0993381334
31.1984856801
31.2084187529
31.242821866
31.2772474037
31.2956071865
31.3291804557
31.3756078014
31.4080083267
31.4322593373
31.4492404368
31.4780883509
31.488898047
31.5083073897
31.5227264057
31.6798571888
31.6987874394
31.7281742967
32.2804503244
32.3279412218
32.4301137087
32.4587143011
32.4674868132
32.5483113064
32.589765637
32.6148797393
32.6663517068
32.6838961183
32.7135458827
32.7270474928
32.7745619974
32.7925455654
32.8066273828
32.8353593586
32.8505768601
32.8885135
32.9091350441
32.9616393574
32.9825364738
33.046049672
33.0909321448
33.1443523354
33.185657457
33.2063922293
33.2450586557
33.3169419533
33.368024327
33.4168889055
33.4451631186
33.4558799042
33.5437776523
33.6360670995
33.7748614219
33.7855137401
33.8023845913
33.8331497757
33.8569262128
33.8712938516
33.9480105069
33.9655827747
33.9820877164
34.0053447633
34.0276452688
34.0517041864
34.1177026581
34.150010432
34.1927820788
34.233945149
34.2837542502
34.2981435186
34.3773570052
34.4457325326
34.4769612863
34.5291419982
34.5421253461
34.6133723994
34.655535258
34.697774914
34.7580802274
34.7998079387
34.8197893971
34.8284601246
34.9094540831
34.9480648361
34.9595808313
34.9676656849
35.0196904847
35.0387183383
35.0688825793
35.1022766569
35.1213852366
35.208874945
35.2612621054
35.2796815994
35.3328895715
35.3676230903
35.4222000799
35.4527111193
35.5209122151
35.5450292828
35.6560530829
35.7437598723
35.7770399651
35.8353343695
35.8678831978
35.928850544
35.9717352338
36.0126071998
36.090106573
36.1899161412
36.1975178968
36.210818607
36.2305663225
36.2715993144
36.3177424425
36.3444768335
36.3598321155
36.4179358587
36.4738564847
36.4974684043
36.568602363
36.6051278909
36.6483399914
36.6759909707
36.7109049599
36.7850482457
36.8798392882
36.9320621745
36.9383149135
36.9659632317
37.0163210387
37.0246733238
37.0418906039
37.0909800606
37.1112647722
37.1990765195
37.2200330378
37.2431037599
37.2466647175
37.2633891922
37.3634274634
37.558822605
37.5630016895
37.5963219578
37.6067362492
37.6914157777
37.7069268132
37.7373268426
37.7460368402
37.8011887615
37.8082835422
37.8263527727
37.837464962
38.0141991291
38.041218968
38.06313769
38.1703470885
38.1971160062
38.2466827601
38.2687271212
38.3651531944
38.4079943364
38.4421340696
38.457009433
38.5544048664
38.5646678093
38.5882679297
38.5948536183
38.6400980205
38.7136962861
38.7418093007
38.7619605187
38.8273061425
38.8470855882
38.8712012224
38.8856147891
38.9352469878
39.0277229001
39.0740959921
39.134960741
39.2285404993
39.2842895839
39.2880914541
39.40645412
39.4412251174
39.4957504584
39.6102493187
39.6366311741
39.6691750751
39.6945046203
39.7062435763
39.7160171398
39.7401633547
39.7706050382
39.7904670441
39.7984452864
39.8176340262
39.8418986551
39.8786992847
39.9110211697
39.9286672899
39.9603311271
40.0440154128
40.0880088966
40.1344712374
40.1655107592
40.2262354466
40.2819112189
40.3077123291
40.4204868148
40.4583547533
40.4934983457
40.5214727072
40.5482799228
40.6295745015
40.7419340834
40.845733615
40.8554397085
40.867482321
40.8836172278
40.889927378
40.904633181
41.0709499477
41.1564845894
41.2163073975
41.2542018814
41.2805006408
41.3151011684
41.351284022
41.4509384237
41.476932391
41.4995259239
41.5204134893
41.5637948088
41.6487210944
41.6838796782
41.7618175555
41.8380180065
41.9361882814
719
