6.21334057508
6.21768989664
6.22798780128
6.24219895824
6.25583062274
6.27864732492
6.31455893973
6.32901451007
6.35887269437
6.37846219604
6.40932412258
6.42820140034
6.46155560141
6.46935254112
6.49116105108
6.50360293082
6.53835142321
6.56619154598
6.59136125294
6.61908207024
6.96811232376
7.05749928445
7.07601791649
7.11870266502
7.17857369393
7.20948232384
7.26477762543
7.27456810397
7.33000233846
7.33751472056
7.3534651143
7.38409395707
7.40299282265
7.43336378993
7.43728847111
7.48280248372
7.49502145447
7.51362943913
7.52663011355
7.56705867083
7.58125920801
7.61860380181
7.63660160563
7.70329567165
7.73178545995
7.77499241309
7.79546900448
7.81793566363
7.83480284507
7.85453408117
7.85876301804
7.90614616454
7.90968954228
7.9477109808
8.01905442343
8.09174966139
8.12142567317
8.14400787056
8.19474258251
8.20461228291
8.23878887734
8.42937500159
8.47301485487
8.49930234153
8.51329385969
8.53772875331
8.58224256769
8.5907498952
8.61522811893
8.65874534204
8.68776827079
8.69381294238
8.70571572586
8.71071676163
8.71945037337
8.73496536824
8.77796094489
8.80241358493
8.84935415777
9.11367409081
9.11843206412
9.18454934386
9.24033195974
9.26169231381
9.32198375435
9.5202400402
9.58465042743
9.62436665808
9.63817120221
9.67581911817
9.69246374175
9.72743772006
9.76457773557
9.78030671758
9.79592290551
9.82634430714
9.94749679469
9.97925338616
9.98711048276
10.254523617
10.2912759531
10.3111714791
10.3155021459
10.3705086934
10.4458149503
10.519089562
10.5602106647
10.60120981
10.6524061821
10.7035650048
10.7556865367
10.8255291491
10.8525062572
10.8879858522
10.9237880556
10.9374309964
10.9538211307
10.9591073974
10.9856746881
11.0038917045
11.0197313484
11.0523992762
11.1085696232
11.1334362618
11.2499740555
11.3087173883
11.3411759921
11.4149092913
11.4442115269
11.510588932
11.5194392818
11.5327675342
11.5571091305
11.6075185236
11.7391295113
11.8158921139
11.8398849128
11.9833436641
12.0065928771
12.019571921
12.0270445226
12.0547514409
12.0903937592
12.1335387825
12.1549150694
12.166536834
12.1717996078
12.1869611615
12.2150458624
12.7366111786
12.9499685724
12.9931205025
13.1397846828
13.223692396
13.2506473396
13.2782047363
13.3013921755
13.3324218431
13.34524061
13.3559277908
13.3724573281
13.7052494323
13.7731992628
13.8277729742
13.8427217479
13.8488372584
13.8852311837
13.983246932
14.4158718593
14.4439049261
14.5504589467
14.560381137
14.5726621775
14.6085068194
14.6213401011
14.6392524223
14.6661251052
14.7043719304
14.7156767895
14.7484769633
14.7577120089
14.8046363817
14.8412268589
14.9054732416
14.954869162
14.9790904333
15.013892607
15.0312871157
15.0727139128
15.1004921747
15.1304588116
15.1340888725
15.1806708345
15.2765899759
15.4364814257
15.4716630513
15.5229527607
15.590253599
15.6086724422
15.6351614021
15.6632968009
15.7387691248
15.7547899147
15.7899128143
15.8125068105
15.8398673829
15.895651524
15.9002900376
15.9498713012
15.9791111499
15.9874892249
16.0165835851
16.0879847702
16.0935527315
16.113651182
16.1416141916
16.1766710266
16.2142908941
16.2489352633
16.2975648527
16.3577955744
16.3639902845
16.4297187016
16.4862903632
16.5061365745
16.5876913898
16.6449663874
16.717044718
16.7449280134
16.8170438529
16.8463613041
16.8908776714
16.8947438505
16.9216511274
16.9426097952
16.9780115128
16.9900340709
17.0150337752
17.0530768894
17.090067413
17.1004246617
17.1043844505
17.1223320497
17.1498024249
17.1888233814
17.2116455761
17.2419190776
17.2599333099
17.2831377914
17.8888552744
17.9226636098
18.0138762036
18.0264309346
18.0368519959
18.0515688538
18.1889465875
18.2053109325
18.2311141641
18.2691309253
18.3338619571
18.359458123
18.4263845909
18.47133713
18.5169407834
18.5856775793
18.5996986413
18.6606965712
18.7095460415
18.739549199
18.747541685
18.8444546726
18.8706668869
18.9238635647
18.9973252565
19.0643164047
19.0735091869
19.1292118737
19.17955559
19.2245756471
19.2294078251
19.2504295993
19.2707433106
19.3012431134
19.3368846167
20.4144308214
20.4490461413
20.4615754829
20.4758161978
20.617015033
20.6563729811
20.690860589
20.7376287594
20.7762776436
20.8110842699
20.8449054205
20.8620356905
20.8946112814
20.9206286213
21.0797757355
21.1441818804
21.2643372665
21.3506598678
21.4136261909
21.4384837623
21.5277784897
21.5777608479
21.6161953794
21.6300343804
21.6484830356
21.7035255892
21.831638825
21.8489330017
21.8632855013
21.8916430267
21.9037478236
21.9325125618
21.9813032969
21.9987752386
22.022922487
22.1709875645
22.1923168502
22.1958637353
22.2286848951
22.265342369
22.282876061
22.5146107815
22.5809611498
22.6317922204
22.691786953
22.7182579512
22.726205313
22.7820372677
22.8374589959
22.8426073678
22.8521452406
22.85769943
22.8888087704
22.9094100394
22.9271280352
22.9451226607
22.9735705196
22.9981959179
23.07063037
23.1259226794
23.1305257002
23.2017809738
23.253314748
23.2950133584
23.3565336317
23.4038158307
23.4192430938
23.4332457674
23.5154574142
23.6165774825
23.6650329137
23.7301073878
23.764604853
23.7726309023
23.8139133192
23.8200446104
23.8409333539
23.9562716044
23.9616709723
24.0172870178
24.0408033241
24.0771526357
24.1081070714
24.1440378042
24.1920806498
24.2344331734
24.2629711255
24.3169437459
24.3493775028
24.3573906394
24.3834068708
24.4213800885
24.4319832671
24.4667618088
24.5071793746
24.5286663641
24.5607340453
24.6050588119
24.6173961641
24.6526434076
24.6799303097
24.723304347
24.7545414015
24.7768421353
24.8257209108
24.8529479318
24.992796426
25.0475022877
25.0815257965
25.3492204843
25.3630293099
25.3821242989
25.4046695714
25.4274295812
25.4417343956
25.4608892726
25.4927252302
25.5747041578
25.6155230659
25.624772488
25.6722530859
25.7198458704
25.7508250203
25.8065342247
25.9094693961
25.9760504042
26.1129772787
26.1572298734
26.211299742
26.3017607377
26.357542968
26.4073254546
26.4503726464
26.4674754109
26.4966425515
26.5186124924
26.5374546528
26.553031266
26.6950218616
26.7167073218
26.7457989584
26.775895089
26.8066621179
27.6145163689
27.7829155821
27.8531896979
27.867123954
27.8954383811
27.9381589222
27.9735603513
28.0025574064
28.0330139948
28.1471887224
28.6505291473
28.8072800435
28.8439953176
28.8573187914
28.8693049367
28.8909126677
28.9301777053
28.9525142657
28.9726646229
28.9991648657
29.0127167303
29.0381500422
29.054164572
29.0832415897
29.1214962096
29.1488958076
29.17542534
29.1912110293
29.2870278635
29.292520302
29.4602320608
29.4956273878
29.5578055126
29.6216353456
29.6847882342
29.6903974007
29.6957135241
29.7355353026
29.74260241
29.8456081598
29.9049479239
29.9809659524
29.9889800384
30.0222074087
30.0441734724
30.0485487633
30.0610024831
30.1067580944
30.1213447665
30.1309022734
30.249923847
30.2689934754
30.5518883005
30.5920181817
30.6128725363
30.6479472357
30.6611946585
31.1666996169
31.2079766906
31.2201882536
31.2364407563
31.248957874
31.2811780164
31.3034367495
31.3407571083
31.3472546536
31.3595413427
31.3735142297
31.3784495815
31.4137619792
31.4601717055
31.4889357665
31.5128348753
31.5497996934
31.5803300183
31.6301755962
31.6520170047
31.7440021242
31.8121593462
31.937736951
31.9938792958
32.0378149094
32.4053614521
32.4222808849
32.4342782865
32.4443752637
32.47691671
32.4947188148
32.5219638955
32.5292273995
32.5707842987
32.5851836903
32.6160906155
32.6372901106
32.6704932642
32.7697385429
32.7883126454
32.8312139181
32.9401552656
32.970427296
33.0270939942
33.1396070865
33.2635629647
33.647658574
33.6518435552
33.6678372318
33.6815026263
33.8032408303
33.8307416752
33.8527594611
33.8866975828
33.9053028016
33.9336534149
33.948929019
33.97010815
34.806393597
34.8639492986
34.8847548914
34.9020088998
34.9586617211
34.9845595212
34.9971989232
35.0105526479
35.0199079304
35.0378452125
35.0857571734
35.1310597304
35.1864673203
35.2069866067
35.2263631799
35.2397284607
35.2682518406
35.2956476113
35.3476203309
35.3533923119
35.3791458005
36.0116104159
36.0401172532
36.0582166619
36.0779711435
36.0893432444
36.1841585895
36.1972984003
36.2141245957
36.2457203529
36.3432247917
36.3718936398
36.3783537212
36.3920399363
36.4057394288
36.4332267744
36.4492405712
36.4740120235
36.604033509
36.6210683736
36.6937563128
36.7260861895
36.7390988509
36.8131131392
36.9466413503
36.9819988835
37.0653651226
37.1144498884
37.1200597988
37.2885963242
37.3318544218
37.3569503233
37.3661621082
37.3816555872
37.4133164896
37.43271412
37.4494784218
37.4637642789
37.4727276417
37.5177263857
37.5432685937
37.5911611372
37.7445866459
37.7668006847
37.8230417992
37.8908853777
37.8950812324
37.9044600818
37.9120547502
37.953984486
37.99541382
38.0337348426
38.1048674244
38.1578541747
38.1872749139
38.2057986039
38.4234916261
38.4394005764
38.4637389941
38.4796836279
38.50133903
38.5159402429
38.5328762205
38.5540748609
38.5696150754
38.5866068195
38.6006235496
38.8633675319
38.977003517
39.0088493555
39.0519189401
39.0957577428
39.1613136037
39.2772773175
39.3018778102
39.3866697172
39.4827142381
39.5247630654
39.5831024296
39.6229450182
39.6492486671
39.6601084047
39.6728238624
39.686526846
39.697917052
39.7175700464
39.7313426191
39.7437639841
39.7528660711
39.781513381
39.7979361259
39.8048619705
39.8512790735
39.8718888081
39.9317244301
39.9580713915
40.0018504942
40.0053825803
40.0439719903
40.0717702986
40.085618552
40.1236184496
40.3508600136
40.455023176
40.5045564563
40.7198923213
40.7887943265
40.8084257905
40.826129047
40.835712563
40.8426571027
40.8544287164
40.8645772964
40.8982101095
676
