6.0147635701
6.03740972039
6.04174879247
6.05582713701
6.06167949666
6.07435653783
6.08224303718
6.10414476296
6.1093262336
6.11762664371
6.122888854
6.14096959465
6.15300671557
6.1677906655
6.25321518245
6.27325498036
6.32031638265
6.36188723426
6.37513458527
6.39904712309
6.40301824475
6.43589307211
6.45516869929
6.48498935362
7.21354451039
7.2238443998
7.23589648357
7.25304689792
7.2602390989
7.26493467165
7.27892469836
7.33011790903
7.3383227578
7.35416732758
7.37406657448
7.39382079728
7.42016153668
7.44431035252
7.47957178004
7.50343078124
7.51586458334
7.53341331702
7.55176426043
7.56976808557
7.58079243312
7.59455552733
7.6288373927
7.69685476899
7.73641768397
7.78436111538
7.83262251821
7.87850427076
7.91415039589
8.07928646661
8.08695266242
8.16426461492
8.16806005937
8.18660834285
8.24485105269
8.26856723101
8.33097899096
8.33632250186
8.42394358758
8.43768048596
8.44320296056
8.46465876616
8.48431919372
8.49984504205
8.50980738816
8.51996107007
8.5648778533
8.57701636831
8.61940894913
8.6363979213
8.66398773466
8.69265554951
8.69792537434
8.72396870011
8.76590811249
8.79753342559
8.80129167534
8.85803996139
8.8781002053
8.95021964534
8.95647701794
8.97985622022
9.00921236634
9.02690285833
9.05615257239
9.06540266584
9.10595891799
9.27365300051
9.31734061453
9.32994216091
9.40217001343
9.54924553988
9.57209295379
9.61172858522
9.62254955233
9.63934287057
9.6967117816
9.76157234594
9.85970679116
9.86909911785
9.87862473907
9.89414384708
9.91270493698
9.94665360189
9.99180138945
10.0190254511
10.0656211248
10.0695364923
10.0803189466
10.5709822839
10.6021476634
10.6510603344
10.8387041883
11.4414246994
11.4801699916
11.5243150237
11.6214905082
11.7602911402
11.8394411209
11.9410295562
11.9859373127
12.0037699416
12.0195743857
12.0378469979
12.0457253122
12.0630574841
12.1036060742
12.112539502
12.1525608542
12.2049080508
12.2243522774
12.2565944091
12.276055147
12.3379214933
12.3685280456
12.390670935
12.4381233262
12.5088300382
12.5957835042
12.7691934477
12.820483909
12.833751779
12.9295476102
12.9912771594
13.15487959
13.2316965339
13.5214318489
13.5428879637
13.5465570834
13.5853374116
13.5967267695
13.6217745294
13.668753156
13.6970689328
13.7208952315
13.7942418955
13.8232786319
13.8614255963
13.8861372301
14.0476764123
14.1247750117
14.4110572125
14.4279341235
14.4421235317
14.4573109406
14.4829996188
14.5088828889
14.5323262702
14.5470126746
14.5581282253
14.5819049371
14.6010463785
14.6273146022
14.6366385799
14.6530227105
14.6967721039
14.7250772107
14.753842516
14.763880179
14.8906413979
14.9276129765
14.9967100838
15.0277925685
15.0611574723
15.1269137133
15.1423712652
15.1623507661
15.2165895675
15.2948810892
15.3062664162
15.4065555215
15.4698056074
15.5068735578
15.6402652971
15.6440558198
15.735857325
15.7565423099
15.7729486335
15.7805505182
15.7977329963
15.8180633303
15.8810638636
15.8853435298
15.9145777469
15.928020135
15.9772440015
16.0063850882
16.0517875973
16.0865894129
16.1556822557
16.1618687252
16.2133283636
16.2415552858
16.2862795766
16.3109356174
16.342494464
16.3787694764
16.4550956963
16.4843552135
16.5254637892
16.5586660217
16.6351667463
16.6793177549
16.7432536967
16.8212776406
16.8380815247
16.8645710158
16.8784621113
16.8942327994
16.9065601458
16.9543045614
16.9647569635
16.9904067713
17.0016237382
17.0203128749
17.0609879243
17.4092086825
17.597282651
17.634042344
17.657485266
18.0046495117
18.1439434069
18.1592158488
18.2119353046
18.2441376504
18.3013574055
18.35296494
18.3610826273
18.4372199163
18.441775413
18.4591072168
18.4812707938
18.5004735055
18.5464441794
18.5507202127
18.6146920388
18.6742962259
18.6993156988
18.7457115143
18.8120443667
18.9125180606
18.9665590262
18.9812152583
19.1044550422
19.2586586153
19.2858879849
19.2986638255
19.3318031464
19.3440229314
19.35863424
19.366302948
19.384144165
19.4418935698
19.8828716017
19.9021368719
19.9638371749
20.4419958607
20.4646196825
20.4758940514
20.5053805956
20.5375073454
20.5703542341
20.594636733
20.6166079741
20.6477911834
20.6909145878
20.7161728122
20.7495477968
20.7561840382
20.7854664792
20.902758616
20.9150600021
21.0030479756
21.0573268631
21.138839411
21.1833600579
21.2383894201
21.2577912277
21.3247676704
21.3756248362
21.4874950356
21.5292510835
21.5485791496
21.6094577006
21.61522866
21.6255846312
21.6441064577
21.6562893258
21.6860513761
21.7237721185
21.7369589137
21.7878596763
21.8126678917
21.8378425824
21.8594843951
21.8837178347
22.0337001191
22.0949512711
22.1030116377
22.1079519315
22.163307464
22.1915709097
22.2069766368
22.2526668573
22.2941986835
22.6662600182
22.721027341
22.7775962886
22.8314630519
22.8462071426
22.8554997176
22.9137617417
22.9290957926
22.9567619464
23.0310442074
23.0686501513
23.0835608118
23.1316734437
23.1421981965
23.1622737812
23.2100078822
23.2336532782
23.2480636495
23.2694254021
23.3539810176
23.4152324669
23.4398129463
23.480414171
23.4932140393
23.5201752009
23.5406127133
23.5560032087
23.6178485842
23.6955332681
23.7701401627
23.8521015119
24.01471083
24.0513472325
24.0679698539
24.0854694881
24.0961559502
24.145128808
24.1746838356
24.1893919197
24.2161873741
24.2402865283
24.2443452669
24.2626009588
24.2968431646
24.399141292
24.4129912142
24.5113407179
24.5163940323
24.5731955029
24.7103946381
24.8389148964
24.8825692076
24.9434818137
25.0313530729
25.1222281125
25.2321566441
25.2464532985
25.2716844943
25.3050847314
25.3337569975
25.3581873912
25.3777615399
25.4058507321
25.4233148143
25.4621899984
25.4957052235
25.5082860984
25.5347509021
25.5647645453
25.6078570022
25.6200064381
25.6426243861
25.666570818
25.6886340186
25.693743581
25.7266241987
25.7492163608
25.8174288702
25.91654513
25.9355466415
25.9491771861
25.9698444784
26.0133788686
26.0729341903
26.1460160567
26.1981040685
26.3117277291
26.352494738
26.373370781
26.4063858177
26.435324364
26.4550867959
26.5006631746
26.5317145862
26.5678884275
26.5824150367
26.6753516953
26.7026505312
26.8419746985
26.9389311322
26.9657488802
26.9731842369
27.0368185126
27.0677413512
27.0721904005
27.1275376021
27.2709672466
27.336321706
27.5066881632
27.5649531177
27.6637419501
27.6775159148
27.6864363666
27.7078978449
27.7255746061
27.7821086292
27.7996756885
27.8228853242
27.8384417619
27.8697509312
27.8915847588
27.9208647511
27.9961563946
28.0426905159
28.3615716275
28.3862711665
28.4226152712
28.4625416459
28.5334999911
28.5603407031
28.6033125541
28.6260920552
28.6476960252
28.7261334493
28.7462658267
28.8151006545
28.8775515517
28.9177514354
28.9438321493
28.9485728371
28.9750851247
29.0000206132
29.003696293
29.0249994555
29.0284264102
29.0472209782
29.0635485012
29.0983691441
29.1354533449
29.2473371476
29.2632819206
29.3753534316
29.3988506887
29.4324087905
29.4554754032
29.4902355043
29.5104052627
29.5576480555
29.6144257397
29.6720982747
29.7160015301
29.8446186195
30.0245708739
30.084602778
30.1081412132
30.1443099265
30.1532533524
30.1857367776
30.200655697
30.2276347522
30.2531121175
30.2707432364
30.2944790784
30.3277425839
30.3599996284
30.3947809512
30.4854031755
30.519114672
30.739852915
30.8289268958
30.9195236658
30.9853983564
31.0304761435
31.0631411467
31.1361840847
31.2195910166
31.2503307751
31.261358311
31.3165228151
31.3577312711
31.681558624
31.6862195713
31.7105025851
31.7621523504
31.821046887
31.8584051708
31.8924538145
31.9016068255
32.0231695983
32.0481218172
32.0533393958
32.1158165159
32.1937702032
32.2297011168
32.2796700457
32.4349401698
32.4477960818
32.464378357
32.473366711
32.4936747607
32.5662014672
32.5784536002
32.6261339727
32.6889642998
32.7175547913
33.580004718
33.6105467418
33.615871032
33.6438137843
33.6475404693
33.6582465174
33.6781198783
33.7139042904
33.7187588697
33.7335940816
33.7448100727
33.7603722878
33.8056328978
33.8174456253
33.8644360433
33.9072541918
33.9274807897
33.942902688
33.9515474137
34.0107467534
34.0567334364
34.0632618089
34.0793049671
34.1225394569
34.1858902456
34.2277211847
34.2358926757
34.2840771843
34.34259308
34.3660311745
34.3870575359
34.4474911409
34.5448179728
34.5931112591
34.6342391258
34.6401653612
34.7114500437
34.7567838913
34.8233858422
34.8497866829
35.1421707508
35.1472605423
35.1699856951
35.2123489236
35.2489834439
35.3473955103
35.3702391194
35.4445474406
35.4497493106
36.0178638912
36.0248707837
36.04048241
36.0516196478
36.0878409402
36.1092182904
36.1348317726
36.1770320956
36.2054426393
36.2769026802
36.2985814083
36.4212398396
36.4477674086
36.4872323153
36.629630094
36.9925393072
37.1307413015
37.2097543031
37.2322519367
37.2460318525
37.2652925308
37.2691342194
37.2816087256
37.2858326886
37.2904800376
37.3001708893
37.3059147515
37.3949437106
37.4324493611
37.4489465072
37.4671810132
37.4992118113
37.5766303572
37.6153173689
37.6345440045
37.6412463094
37.6638986631
37.6997635575
37.7473912874
37.8309392242
37.8368640929
37.8935985028
37.9451743623
37.972645432
38.0705926237
38.0868519854
38.1519641857
38.2522249253
38.3526545117
38.417685737
38.4489565562
38.4626542505
38.4763683617
38.4992862998
38.5163079802
38.5513328328
38.5901672529
38.6220445554
38.6257522306
38.6385550665
38.6457184936
38.8046177459
38.8317190167
38.8646030346
38.8839550534
38.9141049501
38.9386475127
38.9630609457
39.0016623059
39.0566358518
39.1842101808
39.6143561913
39.6395532622
39.659200924
39.6665027885
39.6801361994
39.6977545858
39.7318440066
39.7568824239
39.7829860038
39.8105192318
39.8196392686
39.8369552363
39.8470538178
39.8674544331
40.0195556132
40.0425056215
40.0962407819
40.1041311505
40.1232407582
40.1830033067
40.2207646837
40.2655228934
40.3904818979
40.8109202752
40.8198279396
40.8294938092
40.8487508307
40.8660575192
40.8982610862
40.9085083661
40.9121050847
41.0836754413
41.1194929605
41.1643594716
41.2300470182
41.2546743622
41.3348264091
41.3649010147
41.3793097395
41.5439561583
41.5723525672
41.6641172208
41.7489321427
41.8419874448
708
