6.00577794237
6.01350127461
6.01684407415
6.02505703691
6.03375306948
6.04045995669
6.05018778224
6.0585799228
6.06893559929
6.07844606081
6.15147605852
6.16646718724
6.18956285938
6.20611438977
6.2263273103
6.24610419929
6.60485019359
6.65866468603
6.67052719346
6.67847804808
6.7470410548
6.76794679493
6.78790788029
6.83154112639
6.85287768018
6.89735391625
6.90086541002
6.90793515159
6.92458011098
6.95842964045
7.04419121583
7.08018809236
7.12694061522
7.13284776671
7.17393066034
7.21022999449
7.22070750026
7.23562076238
7.2561748033
7.27216252808
7.28612269044
7.2946056271
7.30160388445
7.31126507389
7.36515002954
7.37768925898
7.40895883856
7.44771202963
7.47009022094
8.39291027185
8.42562909957
8.43719606002
8.45369513806
8.46043416916
8.4755466319
8.48128147722
8.51403871266
8.54278124582
8.55986519142
8.58513894154
8.58855022411
8.60075592307
8.61761068912
8.62321013943
8.66136914089
8.6815933753
8.73820875942
8.74666354915
8.78892218963
8.81745597966
8.83191444239
8.89096093099
8.90625724426
8.93654694122
8.97346325908
9.01754606712
9.07324872099
9.13695754936
9.14691001924
9.25944753021
9.29247788632
9.37467969841
9.47090151589
9.49458423192
9.52718936943
9.58971775921
9.66305296874
9.68373764963
9.69574293893
9.70849750278
9.72451539568
9.76846399203
9.7796376975
10.3585141049
10.765887808
10.7789058998
10.8354122139
10.8405036322
10.8556345895
10.865964903
10.8935892025
10.9238561945
10.9286978407
10.9533437104
11.0344068015
11.132023454
11.2543961731
11.3572383363
11.4169505619
11.460429259
11.4699750055
11.517564751
11.5687898117
11.6320357583
11.695445832
11.7470466665
11.7763947498
11.8335782538
12.0088910756
12.0182791361
12.0257104157
12.0676484316
12.0776060117
12.0866464678
12.1084339679
12.1209839635
12.1357020238
12.1515869003
12.1751894892
12.1839059505
12.2322749141
12.2917013969
12.2953175872
12.3261671892
12.3580126798
12.3646466061
12.3724852166
12.4766499981
12.4941780797
12.5430013777
12.5973554193
12.605543942
12.6441509713
12.7099089204
12.7133688837
12.7556189416
12.8185080617
12.8271166118
12.8705052783
13.01699604
13.0533345451
13.184120924
13.2208505544
13.2294030211
13.2751257183
13.3663788647
13.4924590108
13.5370868176
13.6372633164
13.6942167652
13.7146490681
13.7346305691
13.7700335887
13.8394859562
13.8723958679
13.9497042513
13.9683466467
14.0480502901
14.1107980038
14.4080001539
14.4344182718
14.4668803328
14.4747713496
14.4970387993
14.5124482697
14.5258691938
14.5299749692
14.5418874254
14.586375053
14.6082916358
14.6565738666
14.6970579185
14.7059986019
14.7220524738
14.7421210478
14.7490754157
14.7540125373
14.7874404234
15.378195939
15.4409294511
15.4478156261
15.5137008114
15.5630450333
15.6128203746
15.6606031524
15.7058823933
15.715845143
15.7456764277
15.8281287347
15.8359787475
15.9162465629
15.9308409262
15.9784074978
16.007888283
16.0675976655
16.1859328514
16.2425578542
16.2593108129
16.2636194029
16.3112410024
16.3405554908
16.4045023658
16.8101781189
16.8144243125
16.8538520394
16.892989597
16.9154804951
16.9437855132
16.9640628237
16.9907142715
17.0040013111
17.0073403675
17.0211107791
17.0521276369
17.2924240253
17.3245039535
17.3554174098
17.3601683467
17.3638756782
17.3903947818
17.4324475656
17.4448022873
17.4810746337
17.5166749109
17.5477699236
17.615321123
17.6754498543
17.7398062155
17.7827194624
17.8151901817
17.8673970987
17.8810377345
17.9351449196
17.9398567527
18.1462129634
18.2916251123
18.4871468688
18.5389750916
18.5455261503
18.6095685214
18.6593931504
18.7093995328
18.7381226064
18.745192925
18.7574181683
18.8513595668
18.8926412679
18.9120885368
18.9932043384
19.0320725926
19.063799815
19.09626096
19.1418004314
19.3259956774
19.3736403818
19.3835178954
19.3876319837
19.4134580356
19.4808488376
19.5234018588
19.5507725165
19.5776948298
19.5856050783
19.5898268178
19.6393230883
19.6485364376
19.7051611119
19.7509007281
19.7864625955
20.4104105785
20.4423901628
20.4500104797
20.4627109824
20.4848487361
20.4941387395
20.5173754299
20.5351017567
20.5740299241
20.5830836668
20.5951410104
20.6076741288
20.6435462923
20.6549821199
20.6747094501
20.7818481984
20.9475200812
20.9624409139
20.9905302671
21.0306928921
21.0724477697
21.1325925855
21.197527155
21.2581851155
21.3047713489
21.3760220589
21.3799629504
21.3860180121
21.5333135595
21.5729407289
21.6885520291
21.7042484389
21.7200099991
21.7373205654
21.7594934724
21.7728444635
21.7938248926
21.8101105243
21.8275812837
21.8439598575
21.8583037831
21.9350952943
21.9608338363
21.9755218852
22.0681265291
22.8349463955
23.4067708313
23.447783042
23.4612767684
23.4846258253
23.6371980099
23.6715519227
23.7947724692
23.8398315718
23.9694250865
24.0508120727
24.0599343631
24.1143275689
24.118195126
24.1642215733
24.1841432104
24.1940323754
24.2113807323
24.2259215046
24.3915255793
24.5106888057
24.5451123475
24.589504462
24.6042924071
24.6211016318
24.677101994
24.8704172051
24.8880817916
24.9243418567
25.0034093125
25.051112397
25.0908424621
25.1351149387
25.2200921529
25.2348198047
25.25461571
25.276024813
25.3050521315
25.3517701849
25.3730153587
25.4026002308
25.4404488906
25.4536330195
25.4677849272
25.4952925533
25.5255750853
25.5403832363
25.5689216984
25.5860709628
25.6216393466
25.6660266759
25.6965414427
25.7475091462
25.8397684732
25.9170608981
25.944336255
26.0061873293
26.0827508636
26.2360439807
26.368852633
26.4134153427
26.447632463
26.4581714845
26.4670024009
26.4982600701
26.5114859323
26.5340364033
26.5651814506
26.5785901359
26.6177197246
26.6509737725
26.6596080814
26.826315132
26.8581843502
26.9040621665
26.952868486
26.9757543528
26.9982124205
27.077836857
27.1329376581
27.1909566656
27.2582955092
27.360647518
27.4575920456
27.5455952725
27.6069278859
27.6196473461
27.6361619421
27.6551631292
27.7242959354
27.7747217
27.8613498183
27.8758421889
27.9361687989
27.9822265878
28.0151942947
28.0618256582
28.1049869976
28.1272384009
28.1437230436
28.1904353091
28.2128456996
28.2287260157
28.2780994962
28.3777935672
28.4246901334
28.5061149268
28.5354008542
28.5409107578
28.6570139945
28.6752919672
28.7007653687
28.7740518042
28.8126239862
28.8336874857
28.9586663007
28.974822757
29.0211653114
29.0493924209
29.0846379724
29.1023642164
29.1427189524
29.1495664372
29.1733468573
29.2437142233
29.3129349714
29.34029903
29.3959452612
29.4186132694
29.9256032044
29.9928583259
30.0326890405
30.049297132
30.0720238795
30.0893123782
30.1287890439
30.2696369113
30.2801873716
30.2866285374
30.3210794541
30.3274870251
30.3519746682
30.3981859626
30.4680821266
30.4875283573
30.542450787
30.5601259602
30.6327613173
30.6555436727
30.7009755595
30.7126328651
30.8269154414
30.8908125805
31.0035645343
31.0814992841
31.1590593277
31.2416136963
31.3460601123
31.3565463728
31.3680494087
31.372233987
31.383731612
31.4036109261
31.5138311973
31.5564838608
31.6126245446
31.6406941482
31.8398069901
31.8714447487
31.9029086776
31.9525626969
31.9971368649
32.0514410426
32.0671731132
32.1564771548
32.2476306478
32.4250954968
32.436494469
32.4593581753
32.4739405659
32.4968398914
32.508851632
32.5267779641
32.5385096702
32.5623030208
32.6349408678
32.7204736285
32.731224525
32.7438836355
32.7811547072
32.8067618157
32.848151055
32.8798537399
32.8868657927
32.9024181336
32.9087564747
32.9473220668
32.9949001979
33.0011356416
33.0310835797
33.1343885789
33.1676390716
33.1922302079
33.2120257927
33.2467578657
33.2844143905
33.3291037381
33.3577713253
33.4029689517
33.4566310597
33.5610948213
33.6340041588
33.7479045456
33.763161826
33.7991421668
33.8293009769
34.2670461701
34.2759605002
34.3437841888
34.4105933374
34.5180821436
34.5855949222
34.6475617865
34.6913573342
34.7404839482
34.7467629236
34.813146386
34.8241745481
34.8566605736
34.8827014152
34.8996885098
34.9253871519
34.9372067048
34.9520652998
34.9789757648
35.0501959384
35.0766146563
35.0865371478
35.2080676918
35.2745509333
35.3246014674
35.3625485124
35.6101596804
35.6237202234
35.6935659574
35.7072683689
35.7189569226
35.7633943501
35.8057561509
35.8448164329
35.918895207
35.9793616034
36.0120761606
36.0255194776
37.2300534971
37.2613470437
37.316297104
37.357977747
37.3981577738
37.4087364209
37.4446127477
37.4651158887
37.4707225635
37.5075656278
37.5461311115
37.5696305728
37.6485291042
37.659202785
37.6832449914
37.7235721883
37.7383554485
37.7434430574
37.7778369859
37.8679237848
37.8849718163
38.0942690738
38.2133922032
38.2312033217
38.272819794
38.3698826551
38.5212150384
38.5498164038
39.6126281885
39.6175042329
39.6315919524
39.6451422593
39.653439871
40.2556595323
40.2990465579
40.3508719148
40.4229077868
40.4988927826
40.6366286748
40.687899459
40.7733620155
40.8121716638
40.8286357553
40.8410331731
40.8526786083
40.8787394084
40.8919471041
40.9061669646
40.9301889985
40.9444818282
40.9540282781
40.9720305673
40.997852595
41.0122650445
41.0706440469
41.0994447673
41.1278706673
41.1499610152
41.1726673615
41.2069731487
41.2284071254
41.2658518971
41.3300566955
41.3860082146
41.4626808347
41.486760245
41.5688845846
41.5875741809
41.7325648297
41.756789805
41.8778256703
41.8886218592
41.9121633969
651
