6.01121989515
6.01889057528
6.02573331811
6.04406355199
6.05299534905
6.06194176854
6.06992907965
6.07782677321
6.08285817481
6.09322003503
6.09683805103
6.13144240136
6.13987626171
6.14558509364
6.41717456786
6.43325503476
6.45583678027
6.48554074188
6.50567713592
6.53842868456
6.73459866761
6.74261977624
6.79441832109
6.8429682628
6.85751533006
6.88758749156
6.96404680153
6.96886869182
6.99446526353
7.0355185136
7.08609231226
7.14357050716
7.15926447688
7.21655326793
7.23179211485
7.24281497667
7.26289255179
7.26731615517
7.2774832309
7.34984607865
7.39896491856
7.40478833803
7.41848483673
7.477334285
7.50546653159
7.65186385668
7.7004808131
7.8246714273
7.90093756066
7.92379892313
7.93817391606
7.98911560287
8.04490029166
8.07756931662
8.12267384011
8.16798247149
8.25679610414
8.30639256172
8.37729624334
8.4199632838
8.45336513841
8.47256236118
8.48244907905
8.49634813898
8.54914453185
8.55842626501
8.5778242031
8.61494602416
8.63881959268
8.6486802472
8.68644389827
8.71344507061
8.72163168444
8.74980066935
8.78719708553
8.90762003481
8.92063160069
8.94493360776
9.01928001913
9.03974488391
9.13037937097
9.19359071993
9.27451943396
9.36152377097
9.41775408611
9.43675881854
9.50755536234
9.57157450802
9.59740474775
9.60854392481
9.63476586852
9.65262696218
9.67481506917
9.69476440345
9.7036995619
9.74083751958
9.76871174678
9.79681787288
9.93082799556
9.96425217483
10.0043316841
10.0094568046
10.0301153123
10.0715333001
10.1200529165
10.1612195053
10.1895951413
10.1943845041
10.2131972889
10.3293537308
10.3907699432
10.449381252
10.4855236997
10.51616895
10.8760719026
10.942578707
10.9497316766
10.9581533702
10.9940889768
11.0063706374
11.0338491741
11.0485922657
11.0712110711
11.0957568408
11.1586491616
11.1832409976
11.2336617478
11.2591313079
11.3141537666
11.3337071009
11.4039346443
11.5511332552
11.6100074119
11.6417163755
11.6930604073
11.7218078308
11.7925087909
11.8479253092
11.9133868376
11.9881084794
12.0113116866
12.0185198726
12.0579932974
12.0653714122
12.074626588
12.1128916338
12.1242064475
12.1492548703
12.1796470552
12.1872282732
12.2010919366
13.2913301539
13.3048556657
13.3112181394
13.348613809
13.3624395504
13.3817665328
13.4073974275
13.4273964763
13.443298945
13.4821612923
13.5859686667
13.6151120366
13.6617359401
13.7139755092
13.7615605739
13.8003087948
13.8186339448
13.8746093182
14.4210911319
14.4444424457
14.4673310683
14.4751329202
14.5109718208
14.5377575428
14.5428102847
14.5752806328
14.6165349426
14.6430982085
14.6841083458
14.7074801844
14.7335351958
14.739065865
14.765786409
14.7871655902
15.1818762475
15.2234544014
15.2647343258
15.2899981047
15.4847706696
15.620371581
15.6422612995
15.6556414148
15.6634640164
15.6845459968
15.6943907158
15.741047192
15.7624432995
15.7846754419
15.8137162379
15.8330395411
15.8544271089
15.8878378784
15.9128892283
15.9678363142
16.0316009912
16.0351511042
16.1052575927
16.1267642835
16.3125766556
16.3656501555
16.3703208364
16.4718172537
16.4788720657
16.4837967485
16.5123179222
16.5648022414
16.8059844194
16.8251520971
16.8480958607
17.5411348796
17.5691934672
17.5928650472
17.6522682692
17.7091276158
17.7893762393
17.9570894154
18.0160733651
18.0353659349
18.0685047867
18.08056816
18.1053357346
18.1164287531
18.1539978755
18.2082915528
18.2188625361
18.239308912
18.2826871653
18.2910118187
18.3283043671
18.3442742955
18.3546000256
18.3754537379
18.3969921911
18.4195624204
18.4302750218
18.4672856432
18.4773903092
18.5305100161
18.5474454205
18.5799458931
18.6088539642
18.6308516319
18.6613606393
18.6813969442
18.7814521521
18.8199331575
18.8606480033
18.9003435393
18.9293403667
18.9621768907
19.0492249459
19.1218356646
19.1726769539
19.1903653023
19.2376315586
19.244920797
19.252963104
19.2811958964
19.3611952293
19.3726807884
19.4338380827
19.4548450106
19.4697693397
19.535013713
19.5515760912
19.5644978988
19.5865978664
19.6356187791
19.6777846143
19.697249445
19.7256832086
19.7599388671
19.7918038595
19.8558837463
19.9038006436
20.0580933397
20.1012328573
20.1575977233
20.2688431164
20.4256344717
20.4474415834
20.4710098169
20.4897844949
20.5114017313
20.5216282294
20.5567421355
20.571421612
20.5849214764
20.6077764871
20.6358128178
20.6707222147
20.7050215442
20.7652303189
20.800552291
20.8219511106
20.8415934268
20.8840346531
20.8976425523
20.9331030756
20.9658621444
21.0246654665
21.4699964349
21.5172298788
21.5298999781
21.540978236
21.6136818177
21.6300099613
21.6477309095
21.6596676265
21.6649550902
21.705275606
21.7272751274
21.7621869333
21.777418024
22.1019962728
22.1582899279
22.214454817
22.23387447
22.2441601761
22.2760900462
22.2966139532
22.3190050771
22.3289456101
22.3576414659
22.4197717304
22.4589053938
22.5287596776
22.6116096852
22.8172580715
22.8468801052
22.8536028611
22.8762778477
22.8883884896
22.9006158651
22.9189136181
22.9852769103
22.9973566473
23.0351623851
23.0599564592
23.0819849931
23.1083574062
23.4094907449
23.4376963625
23.4855794868
23.4975745475
23.5884557801
23.6281358123
23.7670093713
23.8294835833
23.9261833015
23.9749700786
24.0109755692
24.016870063
24.231770443
24.2432129638
24.3060261288
24.3188933973
24.3520532307
24.3956398513
24.473799597
24.5064072298
24.6637426463
24.6692534156
24.7321221427
24.7870413681
24.8280159878
24.832019783
24.898448877
24.9388993493
24.9627301568
24.9888762277
25.105463556
25.1307073758
25.1406693445
25.2170366253
25.2285878071
25.2612329225
25.2736267116
25.2952798056
25.3021328043
25.3092098221
25.3398637045
25.3785684625
25.3850339659
25.4328907794
25.4458410167
25.4693958772
25.4841611121
25.6152215399
26.4193387801
26.4353108389
26.4589799802
26.4640512638
26.4757726219
26.5051909755
26.5387907345
26.5666988145
26.573391029
26.597146745
26.6302070613
26.6490093598
26.7008920483
26.7391004617
26.7549448984
26.785558418
26.8551958044
26.8920882397
26.9521868418
26.9945608023
27.078944909
27.0946998765
27.098829514
27.1113442479
27.4562637542
27.5260577368
27.6181183315
27.6491250821
27.6583152936
27.6750005164
27.6851013253
27.7087626168
27.7157611157
27.723397629
27.7621930169
27.7931811519
27.8257983974
27.863259463
27.9119411287
27.9217797885
27.9392465839
28.0213744406
28.0552002662
28.070913275
28.1296736905
28.1480473129
28.2069663175
28.2248296408
28.3050847409
28.3599237271
28.4195339981
28.4743629811
28.6291895037
28.6525151472
28.85117208
28.8726863661
28.8988188
28.9192488143
28.9499948243
28.9732029773
28.9962885805
29.0197048536
29.0606654069
29.100639508
29.10997104
29.124859193
29.1743569002
29.2059439538
29.224817704
29.2671426304
29.2956141941
29.3201505207
29.4617979787
29.4944897559
29.5505998702
29.5923315442
29.6748902667
29.6948799196
29.7283241267
29.7645042776
29.8284631901
29.8438484643
29.9446303308
30.0117468161
30.0215946707
31.2397327276
31.2503605545
31.2595191071
31.2675432228
31.2901895966
31.315403158
31.3197960271
31.3469736445
31.3667740558
31.370733752
31.3849182458
31.4257596954
31.4559423131
31.4971465001
31.5241572792
31.5407628691
31.5581365275
32.4341978204
32.4536015107
32.4759710524
32.4938387104
32.5598386836
32.5961376918
32.5997367373
32.6130207441
32.6201574857
32.6535483819
32.6819218798
32.7052550826
32.716420253
32.7326730937
32.7692095198
32.8176858087
32.8328484204
32.8612102967
32.8694034174
32.9312898551
32.9921379279
33.0928549349
33.1140958657
33.1615808282
33.2253454243
33.2426260839
33.3295179107
33.349925353
33.3982044423
33.5419436817
33.5941054354
33.6128769639
33.6169224828
33.6330201392
33.6579157055
33.6732812424
33.6879837751
33.6924544845
33.9917890679
34.0078402728
34.0462493737
34.0593360138
34.1019328021
34.1303019396
34.1478847775
34.1548428453
34.1950940707
34.2421347539
34.2575286405
34.2665987473
34.3836283815
34.5836011629
34.7098585277
34.7444490071
34.8121546475
34.8489310269
34.8667427226
34.9169818681
35.0469929162
35.0783865274
35.1262864454
35.1354289392
35.1773679918
35.1897653637
35.2688047675
35.2796075254
35.3213930506
35.3384695082
35.3738919616
35.3982936284
35.4214385697
35.4261466759
35.4563587378
35.5254500661
35.7687020353
35.9858228393
36.0268383449
36.0452549684
36.0945732702
36.1343549055
36.1468879996
36.1591946139
36.2092930796
36.245895031
36.2585257009
36.28269299
36.3009934183
36.3106818019
36.3224705689
36.3808583027
36.4150666599
36.4457015914
36.5699738978
36.6352332371
36.6959077085
36.7420061968
36.8119445961
36.8740895205
36.931581431
37.0225789803
37.0411661151
37.0615274251
37.1108133873
37.1417128903
37.179690987
37.2646338479
37.2769225694
37.2898229737
37.7223213995
37.7536654656
37.8134215532
37.8218809614
37.8920840156
37.977359697
37.9977790028
38.0361813611
38.1531565793
38.1818266408
38.2203626286
38.2722971472
38.3673792131
38.4102238129
38.4225722785
38.4317782289
38.454467096
38.46039716
38.4884797012
38.502565173
38.5271581031
38.5477508331
38.5829413595
38.5976738462
38.6250615921
38.6624115764
38.6751074188
38.7000107788
38.7501255597
38.8210260328
38.8598052072
38.9044227139
38.9540618748
38.9625641551
39.0098655271
39.0417516616
39.0557272689
39.0830007102
39.1190127401
39.4518259714
39.4842055611
39.5221470194
39.5592883229
39.6151142623
39.6279840375
39.6604064472
39.6887458747
39.7123341389
39.7517014525
39.7794777868
39.7946812668
39.806813261
39.8536240463
39.8585295104
39.875805097
39.8952401149
39.9007158271
39.9559806116
39.9925554044
40.0110851503
40.0312849512
40.0401288442
40.0837883476
40.115530345
40.1584489192
40.3313345019
40.3738587782
40.3997390457
40.4061581179
40.4524825673
40.4723270617
40.4978611607
40.5767587371
40.6086398905
40.8182286878
40.8371447823
40.8434984388
40.8774164794
40.8893032138
40.9191199307
40.9397449271
40.9594801574
40.9797317624
41.004329278
41.0213525952
41.0592285612
41.0883801236
41.1019236621
41.1298052161
41.1420180134
41.1622256692
41.1996825611
41.2052196305
41.2259338506
41.2631854507
41.2786504539
41.3020800433
41.3498306598
41.5655684604
41.7493018141
41.7721243507
41.7867944088
41.8477955754
41.865185231
41.8903739476
41.9467736418
716
