6.00647138044
6.01324095934
6.01842375538
6.22666290514
6.24046376512
6.26559588127
6.31946142979
6.33268389275
6.34510162653
6.36560748699
6.39006038787
6.39792804046
6.42321111522
6.43823648855
6.45948834076
6.47479407886
6.56213782959
6.57118136817
6.57878880907
6.5934827014
6.63181850099
6.6448718796
6.68268928626
6.69975679512
6.71453204069
6.71869519276
6.75537606911
6.79379800567
6.8450624311
6.87002524346
6.90199623966
6.92740831613
6.96863420614
7.07412244595
7.0952771486
7.13039268144
7.14211919845
7.17918604826
7.21647354186
7.25080968761
7.27310325926
7.31012764012
7.35240693533
7.36558295645
7.38780097748
7.39948026791
7.40792040533
7.43629454203
7.44386465103
7.45261107168
7.46277056563
7.7110165193
7.7314534656
7.77774753529
7.80595831939
7.84132236381
7.85288065438
8.4343426665
8.45261875601
8.46147593973
8.50974217654
8.53835842889
8.55187481794
8.56394793343
8.62944218547
8.65078027741
8.67381134313
8.74596015463
8.77817977241
8.7964934958
8.83226858666
8.85011286049
8.86666143058
8.89354154131
8.92333691972
8.95857523408
8.99909219949
9.049931406
9.05951880564
9.51805489194
9.60733271898
9.61930032588
9.64489218628
9.68014381551
9.69197967755
9.70632112546
9.72880541442
9.7400112354
9.76699116555
9.79516645246
9.82903851905
9.88088028988
9.89624789265
9.94063938665
9.9789388582
10.0257605636
10.0398217613
10.0479979118
10.0865998407
10.137464126
10.1651409
10.1766701101
10.2202649484
10.2732299546
10.3919451341
10.4047813676
10.4471535755
10.4991363709
10.5432596389
10.6007808286
10.6700597103
10.7320606495
10.7477441099
10.7592780485
10.8447174547
10.8681466733
10.9143286031
10.9940465843
11.0604482193
11.0792987644
11.1211484248
11.1638391849
11.186469838
11.3212270315
11.3249208836
11.3283462006
11.3364048705
11.4513642523
11.5839647113
12.0084576766
12.0231668256
12.0496038015
12.0837630586
12.0948062356
12.1299112858
12.1555383781
12.1666912871
12.2115148791
12.2458264489
12.3049626866
12.4449647171
12.466659344
12.4911401185
12.5080485089
12.5302174459
12.5516233209
12.6196513978
12.7069697969
12.7603151733
13.0906076334
13.1456733534
13.1834349675
13.2158698784
13.2208064406
13.2436104699
13.274691323
13.282129609
13.3015320242
13.3266569466
13.3338034908
13.3764648346
13.3869483018
13.4202844269
13.4378652344
13.4588420066
13.4979944353
13.5525467774
13.5746005529
13.6257272351
13.6413763088
13.9691968525
14.0678691903
14.162572313
14.2645596075
14.4130020953
14.4245193536
14.4659893285
14.4814084619
14.5084554298
14.5216995087
14.5546940204
14.5741818741
14.5914933077
14.6059606225
14.6390182204
14.741846118
14.753957145
14.7799425732
14.8157557788
14.8288520572
14.9707089521
15.0023381531
15.023347173
15.0388843376
15.0840476132
15.1115031169
15.1256287504
15.1495667359
15.1821454294
15.2200879001
15.3256988423
15.4815490115
15.5039019224
15.5240301091
15.5978060055
15.6159970014
15.646867058
15.662007255
15.7021167466
15.711075216
15.7623071253
15.7964034078
15.803357751
15.9111847001
15.9513269133
15.9861018241
16.0119295318
16.0519770496
16.0769369316
16.1094489724
16.135892243
16.223364635
16.2656098018
16.2892025379
16.3592553232
16.4053932337
16.4485357585
16.482094221
16.5306261197
16.5898191974
16.6048876634
16.6988714054
16.7187496913
16.7498671773
16.7684863892
16.8139657771
16.833846674
16.8612947427
16.9008138409
16.919134935
16.9274126572
16.9557816315
16.9626674837
17.0153080998
17.0570028014
17.0860370078
17.1175163286
17.130788723
17.3471231475
17.38011353
17.3951654195
17.4226011772
17.4455628387
17.4774121025
17.5428685815
17.580545912
17.6062940342
17.6455703414
17.7260622097
17.7468685363
17.7840763312
17.7934130549
17.8182123283
17.8571860194
17.8626441164
18.0151996815
18.2107555726
18.2879766711
18.5065051504
18.5905168406
18.6475039386
19.0585584511
19.2192455277
19.3935504226
19.4373857024
19.5707899507
19.6215667304
19.6420558158
19.7074376357
19.7213492641
19.7411069352
20.4524199646
20.4743427418
20.4841719787
20.4915533794
20.501878763
20.5314258772
20.562799312
20.7525869517
20.7964838813
20.8145164166
20.8412322855
20.8588067069
20.8633340361
20.8968138603
20.9247469316
21.0013511
21.0564673394
21.0907319851
21.2029188945
21.27677194
21.2991090526
21.3422413329
21.3981671328
21.4886951465
21.5287381307
21.6127746354
21.6332812618
21.6409111154
21.6665549233
21.6776867558
21.8007666583
21.8183950972
21.8326502914
21.852547307
21.8708492458
21.8813128469
21.9153618788
21.9675618172
21.981634624
22.0262266571
22.0439339827
22.0653419791
22.119581227
22.1742704342
22.2076215438
22.259358315
22.3187465813
22.3452347986
22.3594317926
22.3845679128
22.3890997833
22.3938270061
22.4060496137
22.4404048923
22.4840492793
22.5609303915
22.6415996349
22.709434385
22.7915913175
22.8199741711
22.8469004957
22.8921157188
22.9226930008
22.9582824136
23.1190600421
23.1328917669
23.1477563687
23.210908569
23.3124425329
23.335568083
23.3639985938
23.5453204136
23.6437434993
23.668873636
23.7113903632
23.8222945448
24.0234812194
24.0485065124
24.2052556447
24.2229969841
24.2644486407
24.2795942624
24.3090118829
24.32493097
24.3667785826
24.5049937231
24.5395350715
24.5458097203
24.5816753277
24.5857378029
24.6229938
24.6511224193
24.7336826812
24.7622098076
24.7716447695
24.8810913083
24.9611703555
24.9833348737
25.0217398339
25.0693410047
25.1154499924
25.1510919388
25.2073118261
25.2240495643
25.2427597538
25.2559371824
25.2683358253
25.2788499822
25.3011502348
25.3252103157
25.3405772549
25.3587375604
25.3886076201
25.4233360027
25.4541065712
25.4927706984
25.5854559871
25.5961934597
25.6347741446
25.6482812436
25.6682334479
25.7030331027
25.72437193
25.7470776455
25.765088191
25.8199692018
25.8713430701
25.9328311938
26.0181809351
26.0721361342
26.1900872572
26.2579765027
26.3318617997
26.367818197
26.4144218996
26.4326841014
26.4426538038
26.4795685366
26.4925120165
26.5153913921
26.5767006902
26.584109573
26.6200618056
26.6402821848
26.6852891395
26.7138455201
26.7515079763
26.7724530619
26.8045421084
27.611456551
27.6298260106
27.6431954101
28.1854502571
28.3289420869
28.3656421776
28.4295310037
28.5782663873
28.6135625666
28.8147752808
28.8349389017
28.8649513409
28.8982461844
28.927165148
28.9366151007
28.9483167402
28.9843102884
29.0097442367
29.0595997368
29.0912852027
29.1007439708
29.1453921451
29.1706264972
29.2074174073
29.2286808778
29.2338176498
29.2662661923
29.2726411889
29.2929916816
29.3523064797
29.3869262823
29.417425863
29.4458731141
29.5021152474
29.5291091798
29.5836785419
29.6278895477
29.6840725613
29.7156994091
29.7738949576
29.8730801355
29.974525087
30.0245923116
30.045170506
30.0808154651
30.0996344883
30.1067060771
30.1211794642
30.1629698989
30.1697821856
30.1908097591
30.2102177778
30.2160320706
30.2336098637
30.2706297357
30.293118542
30.3258453768
30.3862649469
30.451168168
30.4711431096
30.5372167128
30.5425698939
30.6246694161
30.6799233091
30.7442709826
30.8115046706
30.8562383214
30.9019291365
30.9300908236
31.0098766373
31.08823558
31.2227850005
31.2375768203
31.2464424534
31.2635542233
31.2817505379
31.2928334106
31.3461656752
31.3830995924
31.4621071083
31.4918953723
31.5154122045
31.5220567259
31.5534218203
31.5587877179
31.6010886358
31.6196758235
31.7777037546
31.8169650148
31.8598664804
31.8990128719
31.9354307981
32.085677211
32.1519671202
32.1787537177
32.428383814
32.4493832398
32.456506744
32.4860114966
32.5215328077
32.5458232838
32.5683375213
32.5775513155
32.6169554042
32.6435791991
32.6601558269
32.6796733312
32.6844961092
32.6988527659
32.7395456798
32.7491237054
32.7939073147
32.8267896303
32.8646832876
32.8685426899
32.9208996433
32.9322646299
32.9647192422
33.0142271816
33.0580003668
33.0882559031
33.0933014234
33.1708015886
33.2205159387
33.5719589597
33.6271726241
33.6348355051
33.6474611404
33.675922811
33.7042130623
33.7150082719
33.742557179
33.8639832673
33.9092334022
33.9290728585
33.9493305844
33.9833108318
33.9868940759
34.0620385237
34.1169229734
34.1702182509
34.2591716162
34.3057644622
34.3534158324
34.3608983688
34.3970357496
34.4886502652
34.5956425822
34.6503039265
34.7384486811
34.7962154673
34.8210992424
34.8437129081
34.8503831015
34.8752751023
34.9358341112
34.9743790613
34.9876842347
35.0143421915
35.0299667481
35.0659723766
35.0865226013
35.1159983389
35.159744024
35.1793713243
35.21761595
35.2488711295
35.2833600142
35.3176283965
35.834693749
35.8733326749
36.0357172238
36.0485408717
36.0866946862
36.0928283938
36.1027726842
36.1219983518
36.1369041965
36.1414808997
36.2289718329
36.3062171702
36.3145409443
36.3279544444
36.3694423281
36.4251334662
36.7713265567
36.7982416409
36.8342636475
36.8849784258
37.0619895476
37.1425871409
37.2108294408
37.2288321941
37.2798481761
37.2923374024
37.3028124987
37.3129279898
37.3327501003
37.3731288701
37.3881168371
37.4351395269
37.4557872939
37.4702865161
37.4736367016
37.5080570419
37.5165477873
37.5534258371
37.5870718139
37.6132604628
37.6852907358
37.6988352099
37.7490030369
37.8051970203
37.8100611941
37.8665889659
37.8952116752
37.9629603544
38.0144641272
38.0490766997
38.1220291837
38.1508014669
38.2243756652
38.3869458396
38.4174494466
38.4609768842
38.4857950106
38.5202000937
38.5455640959
38.5640831911
38.5845011913
38.6214274476
38.6575892737
38.6877309167
38.8799915135
38.9326296029
39.6349077049
39.6423946507
39.6652996275
39.704308106
39.7079297866
39.7442891059
39.8150015229
39.8410997438
39.8604943748
39.8808427386
39.8943875776
39.899701925
39.9200155774
39.923644517
40.0105656528
40.0464101303
40.0538707334
40.1128413839
40.1702162336
40.222144651
40.2351127079
40.2668436511
40.2867810713
40.4738876461
40.5970949758
40.7107196294
40.7499988616
40.7970111191
41.0058606501
41.024742678
41.0754215849
41.1045694463
41.1913561961
41.2892264746
41.2997274618
41.360582101
41.3933165777
41.4503717456
41.4993130367
41.543577392
41.6146715925
41.6416008957
41.7021901549
41.8166169932
41.8576359165
41.8760240952
41.8961891463
712
