6.01908754848
6.02941520741
6.03558466391
6.04306528964
6.06027876971
6.07208006388
6.08762506508
6.09930199415
6.10807562465
6.12554714353
6.14048576095
6.33216865724
6.34246312719
6.36365604146
6.38073796155
6.4048966036
6.41906235539
6.53965897365
6.55050097476
6.56328396331
6.58139894418
6.602090657
6.6425475343
6.69188140228
6.77682077148
6.81921999146
6.89216581514
6.92403835302
6.9381100039
6.99121698414
7.02634009948
7.07197957123
7.09269116248
7.11718861358
7.16097857437
7.21053263842
7.22253723009
7.22856682217
7.23918491655
7.26207335196
7.28897836083
7.31563601747
7.32040008165
7.61964713422
7.63273883227
7.66535199078
7.68878321877
7.73029518945
7.78407826432
7.81312512273
7.84594700655
7.8534589534
7.88056446894
7.90949217882
7.97285791993
8.00958779867
8.03952322661
8.04924941593
8.13969685844
8.28028882874
8.32882068737
8.39457547729
8.42849812347
8.4579923754
8.47151226629
8.491976164
8.51273787223
8.53646404467
8.55127591847
8.55485793835
8.59713436088
8.62916892844
8.64059745624
8.65313214678
8.67315684578
8.69118518758
8.70328543783
8.71162691491
8.73374249368
8.75284271217
8.77369533438
8.81327906768
8.86014553284
8.91985479654
8.95606574961
8.98108691761
8.99271788642
9.0279320089
9.06064269275
9.11982994114
9.12734418363
9.1897290295
9.2767754286
9.36335190821
9.36988193838
9.39202282716
9.41799637124
9.44409713487
9.55646713492
9.59456313936
9.60404236004
9.61700242219
9.62942883454
9.64369916237
9.65352312723
9.66574103904
9.70338761073
9.75803953462
9.76781114777
9.78915075731
9.79931546401
9.80427946248
9.81971284786
9.85177356199
9.85518346499
9.86017001308
9.86361161739
9.93179283242
9.99080514757
10.0067214886
10.0499207377
10.0745342207
10.0971933941
10.1151781243
10.1660939628
10.821814762
10.8556244917
10.8657961804
10.9250690812
11.0631176087
11.0905689512
11.1167364663
11.1566036068
11.1786711783
11.1891853787
11.2297133133
11.2594302644
11.2961583777
11.3298341044
11.3593862279
11.3666998299
11.370519138
11.4211709506
11.4810931798
11.5576731378
11.6589191201
11.6855710612
11.7073102818
11.8741516518
11.9324019731
12.0202935073
12.0295129461
12.121425078
12.1411141017
12.1483836437
12.1869322475
12.231998283
12.2547053158
12.7832125136
12.9073947217
12.9711547003
13.0335987635
13.1774157299
13.2340662121
13.2543581879
13.4268167683
13.5082376731
13.5265277044
13.5420110297
13.566730721
13.5912274388
13.6113502002
13.6283845306
13.6489427807
13.671898403
13.7336479693
13.7663871601
13.7854561653
13.8446133964
13.9000654805
13.9139926297
13.9761888253
13.9965268404
14.0880580427
14.2151293504
14.2977640248
14.3242468016
14.3787451316
14.4245366949
14.4373679108
14.4481591089
14.455899751
14.4995612349
14.5271673317
14.5392270387
14.579563095
14.6003748835
14.614593812
14.6333466536
14.6399037639
14.6562141843
14.6625794692
14.6692976443
14.6835701403
14.7198015037
14.7287009041
14.7324600021
14.7373664498
14.749330865
14.7899079181
14.83411039
14.963046333
14.9958534424
15.0122434217
15.0319681764
15.0647872059
15.1776502125
15.2333454927
15.3788317579
15.4521478607
15.5440454095
15.6698898853
15.7021666273
15.7119505713
15.7311413405
15.7372136598
15.8671440105
15.8908251471
15.9020779373
15.9393602396
16.0427409881
16.0487942679
16.1236777097
16.1775846433
16.2591736785
16.3807057302
16.4069303618
16.513956549
16.8135373758
16.8322471112
16.8502945445
16.8626977217
17.0271198294
17.0698773233
17.1153777977
17.1736714925
17.194548012
17.2181939273
17.2409399388
17.2939136021
17.3132404731
17.5044294505
17.5599710615
17.6252444249
17.7045966728
17.7838338143
17.8228530321
17.9055781453
17.922600541
18.0324867728
18.0610751399
18.0728792101
18.0811687988
18.1290084109
18.1405339205
18.1643870975
18.1855963149
18.300158128
18.336273824
18.3441407089
18.3730419281
18.3961690162
18.4189248108
18.4514498625
18.7126523774
18.7636611851
18.7856733657
18.7909006454
18.8423687064
19.0607574805
19.1209421208
19.125810946
19.1732859054
19.2918992724
19.317018911
19.3777164211
19.4185804516
19.4453720925
19.4981945975
19.509409254
19.5379122143
19.6480043592
19.6649933783
19.7269444002
19.7782614406
19.7966049041
19.8560062734
19.9320748235
19.9660820875
20.0046763526
20.0313201561
20.0986506093
20.2252344706
20.3030831976
20.4107264952
20.4377958154
20.5020092318
20.512924106
20.5250060473
20.542764148
20.5806274382
20.6017728165
20.617936772
20.6257127946
20.6536955944
20.6801054484
20.6985675916
20.783270213
20.8057606288
20.8176070249
20.9398448995
21.0483439234
21.0776910493
21.0960139742
21.1275622824
21.1614391173
21.2691468787
21.3078202203
21.4057314502
21.4151027903
21.4477154045
21.6251047514
21.658804981
21.6705316184
21.7284362844
21.7555385748
21.7843534632
21.8099230202
21.8325023724
21.8440770725
21.8814344038
21.9167534683
22.7959614134
22.8120560504
22.8194400071
22.8436604738
22.8698700176
22.8863929824
22.9137691199
22.9399365981
23.0358560666
23.0585973039
23.0688409358
23.1613709394
23.1827438612
23.1993042922
23.2266909259
23.263436035
23.2783298795
23.3165307363
23.3616989648
23.3698556488
23.399677167
23.4367061769
23.5258806848
23.5757845583
23.6085850514
23.6800360626
23.697335123
23.7357658283
23.7765034055
23.8369414029
24.0069211809
24.0130534915
24.0215060013
24.0400488932
24.0595740651
24.0750791513
24.1053441024
24.1129283364
24.4206085986
24.5322925078
24.5892193291
24.6094858145
24.6132664504
24.6818259286
24.9453681844
25.2061705317
25.2316300941
25.2356506726
25.257563822
25.2902076937
25.2983994307
25.3165630595
25.3314328997
25.3507602497
25.3829449283
25.4911340773
25.5040399057
25.5110912928
25.5349361112
25.541695544
25.5878223541
25.6101000166
25.6347590779
25.6591272026
25.6781189378
25.7117768237
25.730746637
25.7731702212
25.804818676
25.8303885791
25.8578928884
25.9671346179
26.0164151974
26.0494151698
26.1005223093
26.1204352
26.1443953314
26.1944873538
26.2676379106
26.3206570544
26.3662650643
26.4116365995
26.4275853926
26.5395224187
26.6737225268
26.7404365507
26.7677040259
26.7869402917
26.8043172865
26.8470406683
26.8604273634
26.8727397504
26.9126556121
26.9596945703
27.0006706336
27.0359381443
27.159532489
27.1725591321
27.2155788482
27.2425929135
27.3005341672
27.3416446208
27.4153267545
27.5782097568
27.6211833772
27.6392318879
27.6637932613
27.702832858
27.7084090424
27.7261723571
27.7527505926
27.7609247951
27.803065661
27.8186926514
27.8737805043
27.8801695824
28.161227105
28.1717712137
28.1779397055
28.2009248366
28.2540918722
28.2757411379
28.3180206589
28.3225035045
28.3590256085
28.3728736303
28.4732213425
28.5765291876
28.6043012931
28.6560367949
28.6954698419
28.7050128331
28.7987440414
28.8901442036
28.9104742849
28.9445663488
28.9789939133
28.9897485711
29.012558543
29.0810329138
29.1035415527
29.4668811085
29.4906886528
29.5528108551
29.5561931727
29.6269457561
29.7071435288
29.7288892301
29.7651802618
29.8391418332
30.0387849689
30.0679326371
30.1347830134
30.1513017594
30.1598828479
30.1922506143
30.3624579421
30.3914854727
30.4239133083
30.5039992114
30.6597618129
30.713395406
30.7691643895
30.7954568254
30.876005669
30.8939095678
30.9751549325
31.1695963218
31.6544385506
31.6771861466
31.7129563282
31.743031752
31.7494550654
31.7659015747
31.7930099214
31.93790172
32.0147109273
32.0766796298
32.2401783821
32.3111517707
32.5964020474
32.6296823831
32.6806938821
32.7479824775
32.7590795612
32.8003130421
32.8172907696
32.8294346265
32.847920776
32.8727892971
32.9027677624
32.9226584833
32.9401517244
32.9860835458
33.0061273242
33.0474109597
33.0831856734
33.1750196434
33.246707557
33.2655950026
33.3068866339
33.3518704252
33.3976663481
33.4815011642
33.5093249248
33.6272489307
33.6379455033
33.7188589999
33.7321797521
33.7358026213
33.7470959368
33.7686008027
33.8199957148
33.8344474523
33.952405571
33.9865531451
33.9942438169
34.0006617712
34.0243493215
34.079479762
34.1428739556
34.1551046322
34.2095591243
34.3292908466
34.4518515947
34.5316692799
34.5608306014
34.6066318117
34.6301241416
34.6503564816
34.7646474711
34.8035486798
34.8098294457
34.8186660819
34.8521349271
34.8827395734
34.9302360874
34.9612085018
34.9705557105
34.9837475273
35.0032405149
35.0237589819
35.1059507085
35.1264447416
35.1594093881
35.2297873834
35.271588883
35.2820995588
35.3365842239
35.3590328719
35.4100688905
35.4560038195
35.5078010233
35.5217044234
35.6367783457
35.8210282043
36.0173619463
36.0248017809
36.0709923299
36.0800132698
36.1095955868
36.1417515366
36.2099638404
36.2303346295
36.2718077342
36.3059208226
36.334060808
36.3424030416
36.3726138617
36.45706658
36.4782632445
36.4995251211
36.5322998005
36.9905280303
37.1381463842
37.2118769287
37.2300250699
37.2577632999
37.2811528785
37.3153147322
37.3207282401
37.3333545725
37.3644926633
37.3805582727
37.4257628636
37.4331473309
37.436788873
37.4568933951
37.460360412
37.4709074692
37.5047603262
37.5092621394
37.5345223416
37.5489505305
37.558443904
37.6065051745
37.6312192282
37.6677858309
37.6725288147
37.7216831946
37.7358196718
37.7399891118
37.8471503313
37.8543004283
37.8802341209
37.9524137154
37.956598904
38.0146446288
38.0392688038
38.0546544351
38.0946631908
38.2293177498
38.2675699932
38.3167501251
38.4235841239
38.4519939776
38.492056926
38.5794123803
38.5926784219
38.6241074495
38.6636033526
38.669548921
38.7225558529
38.7441172989
38.7928876258
38.861254046
38.9005232255
39.1746761128
39.2686793439
39.2735347194
39.3432276445
39.3966297318
39.4137222492
39.4962417095
39.5416183908
39.6117164893
39.6358092129
39.6638817727
39.677367799
39.6939258807
39.7202772281
39.7313909124
39.7564567333
39.7977993673
39.8346159806
39.9748946247
39.9917654111
40.0121452059
40.041830829
40.0457137678
40.1005827492
40.1569402939
40.1907130775
40.2465614702
40.3150763432
40.4442583658
40.5121598502
40.8232843608
40.8305691902
40.8456890092
40.8588846106
40.8657035866
40.887773064
40.9268598694
40.9616287007
40.980220006
40.9944534749
41.0283155582
41.0612899839
41.0743999163
41.0834407853
41.1498316719
41.1718641863
41.2037684216
41.21998035
41.2255777895
41.2439046798
41.2855823341
41.3138239319
41.3410690411
41.4492432582
41.5089220589
41.5980935032
41.6410660303
41.8100196776
41.9623005954
728
