6.01506749339
6.02568041698
6.03804146194
6.05078821684
6.06497661937
6.08903377386
6.09534426997
6.09997678616
6.11835398248
6.21757798769
6.23685965731
6.274675801
6.28436307357
6.3086711115
6.35646448683
6.88489822746
6.92631185391
6.95310147414
6.96899563992
7.01257917084
7.0228372171
7.06524021625
7.11424141743
7.17315600429
7.21498766188
7.28096668877
7.31282045165
7.32846438348
7.35171101215
7.36351735819
7.40326475347
7.44969090386
7.47112222789
7.49091523438
7.51032761109
7.53074862328
7.58253350895
7.82010907919
7.84998850953
7.92416932664
7.98119525823
8.08204720099
8.12849354501
8.22905177444
8.28877127161
8.42175654225
8.44419508177
8.46513784065
8.50984227127
8.51751323431
8.53473629599
8.57805639648
8.61858148095
8.65312510472
8.72887502948
8.73498140097
8.76318379962
8.79655585594
8.83384673556
8.85571606197
8.89324892528
8.93106112082
8.97904097998
9.00909033821
9.06310262509
9.13489842065
9.1964433669
9.28673661453
9.30192457247
9.34014553046
9.40416986021
9.49472832828
9.62318156001
9.68816413282
9.70777663718
9.73264228441
9.74028448115
9.76649850869
9.79489896215
9.81193335598
9.84152480438
9.87635632603
9.91398202463
9.92709815148
9.96221196926
10.0088161464
10.015217387
10.0579293589
10.1294236224
10.8160482788
10.8468196109
10.8736327922
10.8939125678
10.96318827
10.9765842894
11.0953276671
11.1132615693
11.2262236464
11.2658513838
11.2794951874
11.3040486405
11.3367810199
11.3709547915
11.4024675418
11.4233944634
11.4444279277
11.5384705724
11.597731701
11.7072406526
11.756799331
11.7961064286
11.8330609239
11.8625089606
11.9390736385
11.9668382067
12.0211794782
12.0381322638
12.07609296
12.0875012649
12.0913112542
12.0978963522
12.1196028872
12.1457213492
12.1504558594
12.1618204726
12.1926849914
12.2492628954
12.2646212826
12.3067625392
12.3645374641
12.393591339
12.41803315
12.549629041
12.5877464685
12.613414633
12.6701540929
12.726350496
12.9998645877
13.0814416579
13.1074201659
13.1895166463
13.2744416504
13.3029945544
13.3075111083
13.314192249
13.32853532
13.3557483057
13.3714423144
13.390811053
13.4408013575
13.4626949853
13.4855785496
13.5280412542
13.5522535547
13.5768351002
13.5973730261
13.614238114
13.625793585
13.6538575646
13.689292002
13.737868789
13.7911152764
13.8071690533
13.8657380952
13.9318147226
14.1300332727
14.411163876
14.4868207813
14.5157402574
14.5445932431
14.6313237141
14.6521701217
14.6934487131
14.7187881653
14.7335629531
14.7551804336
14.8330789919
14.8753398091
14.9343173749
14.9721336788
14.9914575862
15.0331276236
15.0382537692
15.0845486254
15.1433714568
15.2630342435
15.3019826343
15.4488321247
15.4715590493
15.5194282263
15.5784771214
15.5833925682
15.6062996987
15.6728094202
15.6932901486
15.7071383582
15.7382452583
15.7615748998
15.7755642396
15.7791112568
15.8094182561
15.8433591415
15.8477461869
15.8903999639
15.9076320651
15.9536757488
16.0384431175
16.3196777175
16.3397180532
16.3678897337
16.4317267024
16.4723974934
16.5211283719
16.5361402021
16.7492567509
16.7657447717
16.8161666615
16.8334504689
16.8390559259
16.8585621334
16.8762501412
16.9060696384
16.9212307112
16.9250878941
17.0752125426
17.092342564
17.1362324216
17.1642166024
17.2501412903
17.2992231783
17.315876024
17.3223917487
17.3509514973
17.3656110217
17.3840083856
17.4071696547
17.4472366725
17.4685619495
17.4962482342
17.5162636121
17.5822268069
17.7463256552
17.7736859694
17.7926405385
17.7992786052
17.8291927307
18.055694547
18.073587323
18.0956876335
18.1106232032
18.1468430062
18.1591663014
18.1794534919
18.2004249226
18.2530585691
18.3020210648
18.3560629471
18.3708580936
18.4121355546
18.4792465278
18.5098518239
18.5906301606
18.6027882535
18.6380670688
18.6555549512
18.7193694815
18.7528634498
18.8696936951
18.9181697308
18.9455839461
18.9663564131
19.0311197119
19.0929754057
19.145551064
19.1542891091
19.2087655002
19.2178662107
19.2591397287
19.2663784837
19.4246782051
19.5890303564
19.6244386936
19.6470228806
19.6516912507
19.6801662834
19.7117541533
19.7811123633
19.7933087964
19.8274115406
19.8862211828
19.9167762272
19.9282633126
20.0041506005
20.0726069582
20.0778110018
20.1180805986
20.1423194836
20.248399668
20.3363957636
20.4169702358
20.4374815483
20.459390723
20.4743919672
20.5044200778
20.5115165324
20.5207774053
20.5509320604
20.5634531867
20.6411054783
20.7127177164
20.7583114888
20.8143335517
20.8312359467
21.0637540346
21.1049621394
21.1601975539
21.1837334443
21.1928957801
21.2029219415
21.3084577815
21.5544402499
21.6310392299
21.6568896863
21.6664648323
21.6818087832
21.7062465235
21.7173204743
21.741354292
21.790002571
21.8148760233
21.8317788524
21.8400060001
21.8517670038
21.8785092263
21.9039080593
21.9402758218
21.996941269
22.0983286167
22.1092346244
22.1167094219
22.1511536983
22.1607979396
22.2645675195
22.2868467593
22.3218374062
22.3731836584
22.3776664806
22.4504193685
22.4790623677
22.5217128432
22.8099519689
22.8280481562
22.8898120927
22.9188034451
22.9529905482
22.9733629479
23.0493677997
23.0589162841
23.1537239574
23.4338898867
23.442333312
23.4925942705
23.5197947708
23.5488071219
23.5804972252
23.6810889486
23.6880273839
23.7309584005
23.7658704502
23.7957055961
23.8746575553
23.9273037328
24.0183217337
24.0539766581
24.0863801912
24.0985559893
24.1097008512
24.1378973404
24.155016032
24.1756622552
24.182710827
24.2167065259
24.2624169209
24.2983006381
24.366446616
24.3956202648
24.4223598378
24.4791695428
24.5011005608
24.6673801453
24.7293994381
24.8021321749
24.8361536033
24.9020179334
24.9104222928
24.9339927327
25.0210745988
25.0639493823
26.4082519519
26.5933177734
26.6147348065
26.7082656145
26.7446590013
26.7836448274
26.8736978343
26.9241012763
26.967382359
26.9836163165
26.9929629081
27.0449713824
27.0685665036
27.1089820343
27.3742790254
27.4644091154
27.5264547318
27.5329871425
27.5894757764
27.6041095857
27.6295807633
27.6534874438
27.7728889039
27.7883382366
27.8196570525
27.8450070528
27.8608484994
27.9559830956
27.990917424
28.0003903312
28.1115679627
28.1652042488
28.2074629164
28.2258326652
28.2554702599
28.3043774114
28.3553092345
28.4703734143
28.5129397033
28.5897401296
28.6232129263
28.7171916201
28.81813767
28.8459166529
28.8626289252
28.8986144023
28.9500281648
28.9536963818
28.9864368417
28.9951026464
29.0336583866
29.0390777467
29.0928918181
29.1095416727
29.1193783678
29.1335342759
29.167286395
29.2035603773
29.2202282748
29.2302537084
29.2530214314
29.3275662457
29.3590261576
29.4628558941
29.4804572611
29.5139331591
29.5689733919
29.641624681
29.7184883103
29.8294163956
29.8764149362
29.9610161747
30.0476792075
30.0638172433
30.0761978756
30.0834053519
30.1226215302
30.1275590525
30.1504640103
30.1585266163
30.1869295498
30.1967255557
30.27477647
30.3433446981
30.3618765115
30.387834755
30.4782559872
30.5006770915
30.581210335
30.6699328994
30.7211222674
30.7736466696
30.7783886754
30.7878908193
30.8279171943
30.9692720563
30.9747946155
31.0138758413
31.1227931737
31.3191404119
31.3682779258
31.386849995
31.4169554316
31.4376458451
31.4575785509
31.4699670788
31.4875900613
31.5594569902
31.6127901086
31.6785306155
31.7225562446
31.8788611312
31.928007805
31.9925856406
32.1174582068
32.1502562351
32.1926261882
32.2712482147
32.3347167164
32.3772049466
32.4312484944
32.4398528755
32.4542680143
32.4868023993
32.5049761975
32.5289801354
32.5456457477
32.5599020797
32.5821349723
32.6157491693
32.6691442134
32.6767507846
32.7147422353
32.7402302475
32.7642827333
32.7782737643
32.8088532838
32.8244473192
32.8488084335
32.8772102958
32.9019209747
32.9934952704
33.0724114864
33.1301090641
33.1360315895
33.1532873325
33.1850597863
33.196150421
33.2603014528
33.2988963873
33.3294140967
33.4099310412
33.4396554373
33.5062589685
33.5816856066
33.6076306083
33.62902762
33.6742975551
33.7610581477
33.8861514648
33.9629715353
33.9968674299
34.0568788439
34.0881996602
34.1349464551
34.1622132287
34.2235449956
34.2659663535
34.2943221788
34.3615451669
34.3667509049
34.4695761944
34.7234224907
34.7510101302
34.7851426211
34.8188665701
34.8478382033
34.8515483543
34.8680510561
34.8797425712
34.9033867303
34.9075912864
34.9142867161
34.9671052985
35.0405927947
35.0699505537
35.1008846567
35.1103266794
35.1233211775
35.134737348
35.1450718905
35.1582314645
35.1757142771
35.4556232829
35.5212305598
35.5795586946
35.7164912498
35.8046656832
35.8555610107
35.9223356192
35.9547842488
36.0239110326
36.0466263098
36.1851364549
36.2137939632
36.2350919393
36.2575026954
36.2679404961
36.3273293886
36.4024861921
36.4346251328
36.4651021614
36.4754134337
36.5131532842
36.5513919391
36.8707834696
36.8985000851
36.9141578676
36.978230685
37.1001311376
37.2069231302
37.2402498916
37.3329268917
37.3488026657
37.3604005492
37.3792970386
37.3987654601
37.4805705901
37.4975723777
38.4461796378
38.5105735361
38.5143484218
38.5360610812
38.5635127845
38.5676327632
38.5848892737
38.6013020332
38.6084188594
38.7460477447
38.7755055672
38.8738187392
39.0483086311
39.0690662552
39.2530828722
39.31454288
39.3768860374
39.3901073846
39.412491377
39.487116046
39.5347237231
39.6342255015
39.6398269811
39.6440987451
39.6504963828
39.8203442779
39.8239296605
39.8552415895
39.8661119436
39.8955327128
39.9190892647
39.9363677582
40.124869024
40.2101762854
40.2288322277
40.2645791032
40.2702935148
40.2771976618
40.3521955828
40.4233660496
40.4470819669
40.4596545558
40.4833570516
40.6034303589
40.6590321708
40.7275276251
40.810601867
40.842779049
40.8767763782
40.88739138
40.9581596848
41.035786433
41.057413426
41.0681964097
41.2474081409
41.2633286358
41.2816426754
41.3539876418
41.3703025141
41.4190639213
41.4414665982
41.4561680697
41.4683729919
41.5002838263
691
