6.00816145697
6.01399359505
6.02491754062
6.0442843883
6.05381454978
6.07010009494
6.1007919947
6.10516448896
6.11070029949
6.11828378817
6.12894885181
6.1401879945
6.18453080356
6.189571557
6.19825239794
6.20781324788
6.22367385329
6.23112867067
6.26382688244
6.27346390784
6.29311252656
6.3027518322
6.31235584139
6.35010377463
6.35957563589
6.39985473194
6.41994612545
6.4478626868
6.45490931011
6.47358471717
6.52121533814
6.54154201321
6.55843488
6.60034735546
6.63196301071
6.698233891
6.74406446829
6.79564065773
6.80652594539
6.81059644969
6.8204273247
6.85534997413
6.91964840588
6.9812576939
7.00957610135
7.03619209969
7.15335314472
7.17582498494
7.21431867157
7.23884823114
7.24863420171
7.25924280992
7.27519316745
7.29516882755
7.3188923297
7.32489232078
7.32977367848
7.34613250234
7.36768313188
7.37271039934
7.81345582483
7.83538234668
7.84181183325
7.86942293383
7.90151061143
8.08217463625
8.12878393192
8.17298235349
8.21090759716
8.22863951005
8.25486809254
8.28755612478
8.30224878154
8.40362386251
8.41842290459
8.43412783152
8.4413156361
8.46242419064
8.51366502362
8.57873642262
8.58224652262
8.6374447795
8.67831513999
8.68950433234
8.72166305781
8.76079149016
8.79187950782
9.72246271489
9.75345335515
9.81711658893
9.85726171041
9.87868930962
9.92179778448
9.9554601832
9.98233624057
10.0053287112
10.0129780185
10.0441909904
10.1092340026
10.1586944688
10.2340949747
10.2634032524
10.2963331991
10.3479319617
10.556914824
10.5916891171
10.6653605334
10.7119750902
10.7731373734
10.8388648512
10.8423301971
10.8485994964
10.8646703555
10.8817386231
10.9244128339
10.9361112851
10.9544099869
10.9808049335
10.9973567246
11.0527323051
11.1088594759
11.14879136
11.1781221424
11.2106665304
11.2424451169
11.2601111179
11.2928836396
11.339856695
11.3642716733
11.4060807206
11.4098995442
11.4751062527
11.4947076013
11.5180852436
11.5714848176
11.624722467
11.6766182553
11.7063220316
11.7579213251
11.7687466997
11.7931657014
11.8663084965
11.9660207353
12.0253232833
12.0353741103
12.063041317
12.2632783862
12.3250960217
12.3411057151
12.3511501118
12.4242574454
12.443902415
12.5272258512
12.5465360644
12.5815895877
12.6357867918
12.6677323386
12.7077432953
12.7257329062
12.7685297825
12.7868143487
12.8345676981
12.8865619304
12.9968261321
13.0948335692
13.1311750762
13.1951347797
13.1996902114
13.2054981404
13.2104166352
13.2304175999
13.2505712153
13.2683674108
13.2851553565
13.2976206054
13.3236101103
13.3460234796
13.3899903381
13.4006445922
13.8396961881
13.8999042588
13.9324920008
13.9785697588
14.1216168665
14.1583086223
14.2618153414
14.4256530743
14.4516161287
14.4555661901
14.5377146463
14.5490780057
14.5765858253
14.5888839415
14.6440207994
14.678129693
14.7038665591
14.7456922863
14.7673064662
14.7858916307
14.823203766
14.8712046972
14.9027532223
14.9294727977
14.9482810929
14.9643202857
15.0346618779
15.0771658667
15.1104377364
15.1248669794
15.1809576241
15.2428353993
15.2727245724
15.3740769253
15.3996079341
15.4502387936
15.5704695328
15.6076896379
15.7068956374
15.7123262071
15.766231552
15.77586851
15.790602499
15.8374209754
15.9438715248
15.9516398985
16.0397616276
16.0776201784
16.10488212
16.1649695583
16.1948355793
16.2073744697
16.2484341753
16.2684098569
16.3138112698
16.4103671208
16.4747005189
16.5461192437
16.5713450318
16.6678513507
16.729554554
16.8104308393
16.8320132171
16.8596096004
16.8682330025
16.8865730548
17.0001308871
17.0118943397
17.6290669054
17.673600553
17.6806431609
17.7353398883
17.7575683107
17.7767759806
17.7854196672
17.8189391627
17.838211698
17.9415945215
18.0345103531
18.0559518617
18.0809750206
18.1012856004
18.123994589
18.163235989
18.2255269552
18.2479640595
18.3199570769
18.3679272702
18.5662453632
18.5781517601
18.6139508806
18.6180523783
18.6393884736
18.6579981711
18.7065272349
18.7887712676
18.7954889139
18.8282942444
18.8666630767
18.9265459026
19.1154705169
19.1885928355
19.2168385506
19.2216664052
19.2440985486
19.2696583413
19.3291259549
19.3479623812
19.3781996807
19.4590485106
19.4638548373
19.5603514928
19.5862725922
19.6214686228
19.6420166482
19.6720751448
19.7164850389
19.8528109271
19.8732292764
19.9117196701
19.9655098944
19.98817033
20.0117955697
20.0443856642
20.0487908237
20.0785194983
20.0852488407
20.1218583889
20.1325152283
20.1793087458
20.2682827151
20.4108837824
20.4419026487
20.5003473391
20.5177692936
20.5307506002
20.5416807367
20.6161605906
20.6358877115
20.6848024483
20.7111630828
20.7458080195
20.7540833058
20.7716403371
20.7885787158
20.834497101
20.8945550558
21.0117334051
21.0238919251
21.0376336758
21.1020489816
21.1210723737
21.1367436965
21.185089865
21.2423573129
21.2937639919
21.5063368995
21.5282785727
21.5347511218
21.6322924857
21.647883584
21.668816097
21.738169832
21.7682247491
21.7787168666
21.9132259721
21.9371122746
22.0049879104
22.0265399447
22.0411912535
22.0817668416
22.1165951345
22.1673812243
22.7570886421
22.807465611
22.8144716996
22.8254464706
22.8349490429
22.8525929979
22.8675437434
22.8994346944
22.9333712258
22.961818628
22.9741841672
23.040025734
23.0537427215
23.0787390237
23.1077283865
23.1120689746
23.1731706691
23.2021579794
23.2261759596
23.2627859064
23.3080888347
23.3781676232
23.3829242397
23.4288766246
23.4512448234
23.5032316224
23.5318092342
23.5574917314
23.5978253466
23.650207451
23.9450591935
24.0310006236
24.0385811823
24.0602492882
24.0855069558
24.1045850272
24.1593784721
24.1847562227
24.2136959181
24.2569504062
24.2648834626
24.3127758407
24.3478202005
24.3570547569
24.3625393731
24.377637858
24.4353847515
24.490633225
24.5260790803
24.5519543324
24.5785534454
24.653778976
24.7226729206
24.7510205225
24.7813765124
24.7998597917
24.8763940093
24.9582568665
24.9872145505
25.0112156613
25.0597813523
25.2507060988
26.4122065929
26.4248092447
26.4339943147
26.4513580069
26.4753008553
26.4800604032
26.5469701702
26.5778921153
26.5994936789
26.6047752237
26.7769259466
26.7956736632
26.8368409681
26.9407988229
26.9496160921
27.0006360945
27.0406314758
27.1157654987
27.1383739717
27.1886940349
27.2318549994
27.2509678016
27.3603152072
27.4187901926
27.4960138063
27.5342431175
27.6092025316
27.6311726044
27.6529599984
27.6584618583
27.7747659991
27.7788338324
27.7886767354
27.879183711
27.8939031508
27.9134828587
27.9244812663
27.9687824949
28.0030961927
28.0170645057
28.0310407471
28.068713468
28.1587839005
28.3760857155
28.6573716382
28.7019299088
28.7872931939
28.8228694753
28.8332545943
28.8702818423
29.040899352
29.0533951481
29.0764693994
29.0991490379
29.1157734198
29.1320942751
29.1407220936
29.1830474822
29.21091564
29.2393337138
29.2681638757
29.2726076571
29.3205151186
29.3481909232
29.3884790754
29.4129861978
29.4618785355
29.5132057107
29.5536269897
29.5599735461
29.614509591
29.6533941809
29.6776901572
29.7236550399
29.7440425654
29.8273206954
29.9213122397
29.9852140056
30.0251736142
30.1724469719
30.1974214618
30.2129390547
30.2518060236
30.2797980946
30.293091106
30.315026724
30.333671534
30.3613238854
30.3824188934
30.3888263698
30.4217520148
30.4461059856
30.5035249277
30.582329521
30.6437367481
30.6885948931
30.6954772888
30.77733541
30.8147780783
30.8540910652
30.8801463873
30.931572327
30.9789622849
31.030948171
31.0890729577
31.1341423454
31.3096965082
31.3237359774
31.3719265405
31.3978267294
31.423813744
31.456277336
31.4868739614
31.5211579864
31.5889680733
31.5934918323
31.6053993587
31.6523649786
31.6734156304
31.7029344649
31.751814523
31.774623667
31.818541025
31.8544955459
31.9033343627
32.1719831493
32.2440219482
32.3202605259
32.3790019181
32.4126843276
32.4209319284
32.4314518497
32.4572389858
32.4887677815
32.4963728538
32.5131818194
32.5345321211
32.5442143899
32.5818592633
32.6392733919
32.6430435455
32.6635314803
32.6724732013
32.6984230448
32.7404040735
32.7649083567
32.7729286974
32.8137088036
32.8425995334
32.8967354041
32.9184471637
32.9512440114
33.0301350312
33.1684859718
33.4649350256
33.5640285097
33.5875407623
33.6275731979
33.6983161031
33.7972692176
34.366250983
34.4191275439
34.6179885927
34.6340364769
34.7272992798
34.7555825361
34.8292663466
34.8404167757
34.853949289
34.8578542974
35.1023283588
35.3629995998
35.3948434685
35.4234790905
35.455152895
35.4929791367
35.5570687227
35.5800545859
35.6310817838
35.6352001734
36.0091622407
36.0250696492
36.0292517092
36.0557397221
36.0713056757
36.0924114137
36.1180560174
36.1320791441
36.1366626538
36.1889315017
36.2030157388
36.2387576633
36.2446393128
36.2561413733
36.2850118183
36.3343304916
36.3657840792
36.4102695656
36.4367925574
36.6285605609
36.6488145929
36.6753577094
36.6979144497
36.7012522276
36.7073646541
36.7231469216
36.8079212711
36.8222836365
36.8616455922
36.9378268404
37.0592461966
37.1662009204
37.2288763458
37.2528928955
37.3858580982
37.3929817518
37.4067288809
37.4591430743
37.4944390635
37.5332502461
37.5631682581
37.606913911
37.6179153607
37.6379536615
37.6756298518
37.6976873339
37.7165828478
37.8004815892
37.84288609
37.9075719272
37.9364757659
37.9930248718
38.0124506117
38.0800168092
38.1142577911
38.1403065414
38.4141773873
38.4197293602
38.4274924638
38.4471967301
38.4538617008
38.4819619346
38.50972117
38.5151239209
38.5386189262
38.5757019708
38.5830111337
38.6279884547
38.6448657506
38.6695858652
38.7150895241
38.7471267232
38.7973090775
38.8223439993
38.8813095442
38.917763883
38.9257724592
38.9791369021
39.0236863155
39.0967722934
39.1303813378
39.1563062159
39.5033169913
39.549231173
39.5574366379
39.6109229228
39.6227625862
39.644944195
39.6659050332
39.6828080519
39.688245515
39.7170078471
39.7700218561
39.7857620823
39.799485399
39.8370148881
39.8805827799
39.9293214114
39.9736377538
40.0212578776
40.0416969809
40.0583710641
40.0693888057
40.105935719
40.1698290373
40.2238385728
40.2956037418
40.2998065306
40.3820216284
40.4143783365
40.4213505387
40.4323412843
40.4907964471
40.494871697
40.5454403839
40.6199810868
40.6494950621
40.7155022398
40.7805476417
40.8498728012
40.8825624098
40.9126546346
40.925114099
41.0887175239
41.304990588
41.3152972122
41.3496167416
41.3942605312
41.4164833954
41.50591461
41.5110512538
41.5706153799
41.6093671496
41.6880270844
41.6961796387
41.82726157
730
