6.01467082439
6.02472546915
6.0285756464
6.03466162585
6.04017932662
6.05101212395
6.05792491
6.06405730749
6.06835451339
6.08126906098
6.08853931233
6.10389013484
6.11652375564
6.14625849635
6.16419483842
6.17117438553
6.19885901185
6.21222899484
6.21959113358
6.24092275394
6.24469570352
6.26360821993
6.27081348778
6.29076120432
6.2999773941
6.3061707459
6.31867591542
6.3555251094
6.37803821494
6.39581832693
6.40314228422
6.41438360401
6.48722799738
6.52337628556
6.5451486241
6.58088058416
6.62104815674
6.64384290413
6.65436961197
6.75027327709
6.78956797167
6.80485227988
6.81808497389
6.85522692464
6.92869498229
7.00588618162
7.01970009302
7.04892212002
7.05914613254
7.06645464785
7.08230597999
7.17491774217
7.20527947523
7.21072143488
7.23694157066
7.26111029511
7.28103599284
7.30586076033
7.31763158391
7.32855534884
7.33765395674
7.34856775388
7.36373572036
7.37454234878
7.41409826777
7.42089293367
7.43382203987
7.43942776909
7.46844483242
7.56003589417
7.60062131946
7.63082564058
7.71386621275
7.75837174144
7.78974226246
7.83334411979
7.861968634
7.89109388815
7.97527823775
8.00193332185
8.42458054049
8.52880963064
8.55745668225
8.59563609752
8.62639674862
8.63905513998
8.67357701087
8.69092257724
8.72176416215
8.7481908826
8.78113101609
9.62706550363
9.64878992816
9.65401853287
9.6951475233
9.72504569621
9.73720721811
9.82349545321
9.85160346246
9.85839763349
9.91156065428
10.0274256008
10.0538156085
10.104886615
10.3202886883
10.3437578227
10.3726005465
10.4066302845
10.4140498212
10.445120062
10.5365350005
10.8287784418
10.85235341
10.8747602076
10.8833995808
10.9045635077
10.9477648478
10.9877753767
11.0529562293
11.0689400709
11.1055110641
11.1219321953
11.140797874
11.1977793341
11.2379410925
11.3002420307
11.3111179787
11.35078428
11.3960468731
11.4248566374
11.4517363486
11.4879827188
11.5067237759
11.5401361216
11.6037179551
11.6290962386
11.6523530453
11.7069263613
11.8178234318
11.9434465756
11.9512449451
11.9993319771
12.0330432108
12.0408623276
12.0479513596
12.0837874946
12.1173039804
12.1406994765
12.1482846211
12.1856598687
12.231020625
12.263075684
12.2943081909
12.3060366701
12.3149829753
12.3601259856
12.3886097229
12.3969321518
12.4583351652
12.4777318526
12.5074294849
12.5654300909
12.6925996781
12.7279698136
12.7587096759
13.2214964681
13.2276581753
13.2363858102
13.335647982
13.3396051426
13.3481647292
13.3622551899
13.3891131646
13.4636135678
13.469616017
13.4840314988
13.5020200067
13.5907665549
13.620228873
13.6287046825
13.6725694216
13.7151544864
13.7493532133
13.8393777161
13.8687826104
13.9290966753
13.9743537235
14.0358684232
14.2774027124
14.2978196907
14.3651392547
14.4248144615
14.4732880324
14.5470246868
14.5863330638
14.6018311775
14.6289935243
14.647350319
14.6744576892
14.7021771127
14.7423403565
14.7706339651
14.7962852199
14.840133838
14.8468970589
14.8833575272
14.8998101387
14.9374406694
15.005622219
15.0473244989
15.1206567112
15.185767163
15.2266430791
15.2808405048
15.372023759
15.4441853452
15.5555364878
15.6096878031
15.624831949
15.6471800314
15.6668786147
15.6760858253
15.7182237688
15.7290252119
15.7400446873
15.7949501211
15.8312850629
15.8809642318
15.9260218509
15.9690222362
16.0373959265
16.5050004936
16.5317064536
16.5717410366
16.6072687343
16.6451728785
16.7653116948
16.8088481386
16.9019153608
16.9112019092
16.9383736871
17.3291844877
17.3541422119
17.4051375517
17.4876257608
17.5838032962
18.0319549822
18.0425946524
18.0557913432
18.1186023677
18.1361889683
18.160479711
18.1865792418
18.1963347105
18.2275892394
18.2560131901
18.2645382019
18.279722211
18.3304859855
18.3668365106
18.3729799099
18.4120348731
18.462451563
18.5097597483
18.5619250377
18.5933048237
18.6136616198
18.6758491034
18.9499856502
19.0410226171
19.1199742369
19.1832040556
19.1953614344
19.2196624154
19.2366124364
19.300903672
19.3083808512
19.3377056637
19.350300642
19.3604259034
19.3793676604
19.449779646
19.4685650474
19.5147434691
19.5269198446
19.5453653106
19.569039882
19.5925607256
19.6443858314
19.6633709022
19.6675661922
19.704563505
19.7646297027
19.8215123221
19.8684993001
19.9226379716
20.0007282412
20.0342184488
20.1239856895
20.1864736434
20.2505574274
20.3898012052
20.4107524871
20.4179789316
20.4352370664
20.4656984456
20.487514626
20.5062263668
20.518204889
20.5270946252
20.5631129472
20.582102354
20.5944359057
20.8743505019
20.9707288674
21.0583178631
21.0649015791
21.0842712412
21.1534216319
21.1577907882
21.4989524775
21.5063597687
21.5860047259
21.6098411297
21.6348159854
21.8455096319
22.0002005134
22.0213335192
22.0581803639
22.0864045024
22.0953573793
22.8476458689
22.888417724
22.9284946441
22.9498533879
23.0102407073
23.0499992731
23.0825791181
23.1193179207
23.1710189893
23.1885595279
23.2138873185
23.2612823371
23.2872395497
23.3096763635
23.3207702707
23.3503146414
23.4854086429
23.5846707477
23.6561753389
23.7468031113
23.7736882863
23.9287428194
23.9617747315
24.0142880038
24.0405132776
24.0527572488
24.078183982
24.1111212889
24.1470177968
24.1659061777
24.1851635478
24.1986280043
24.2121858421
24.2608842192
24.2686434201
24.2729853638
24.3140762661
24.3445672735
24.3843781047
24.4128727143
24.8032364843
24.895297572
25.0426020732
25.0479721226
25.1145442195
25.2033601428
25.253186059
25.2671052723
25.2939358538
25.3045367581
25.3150174861
25.3593085107
25.4091858908
25.4778244293
25.5185414304
25.5569957803
25.5714045328
25.6015802156
25.6066930612
25.644838748
26.4094144714
26.4246667489
26.4393408468
26.4707280231
26.4941031101
26.5215154607
26.5332719099
26.5407661442
26.6894332152
26.6963329725
26.7050072626
26.7402702794
26.7806922489
26.7948925577
26.8032963821
26.8148167106
26.8555978417
26.8831329275
26.8906580788
26.9055234115
26.9220130164
26.9728913977
27.0170200978
27.0454479755
27.101821597
27.1663576386
27.1697534273
27.2115956918
27.2168740554
27.2620878292
27.2828779564
27.3515832004
27.3835267599
27.4486975054
27.5300113958
27.6068562894
27.6339283085
27.6490888186
27.6588685094
27.6867080718
27.719538592
27.7395649166
27.7519502138
27.783477658
27.8741961414
27.8810634898
27.9015331104
27.9275168792
28.8103995716
28.8178974511
28.8221309447
28.8323427366
28.8426760842
28.8765946351
28.898779701
28.9184051285
28.929255569
28.9501694365
29.074508347
29.1092020983
29.1436401298
29.1732709086
29.2004797393
29.2134829777
29.2404487777
29.2800980132
29.2949916893
29.34477947
29.3567224554
29.3712895173
29.4042689662
29.4172737583
29.5213137914
29.5969025691
29.6405677166
29.7087375468
29.850799222
29.9523597258
29.9723275711
29.97986164
30.0166999471
30.0577617893
30.0707125644
30.088355277
30.1078969691
30.1629963517
30.221942199
30.264007835
30.312108798
30.3414919796
30.4564124258
30.464653648
30.6292670823
30.6502534519
30.6922671822
30.745509618
31.2133017166
31.2996341782
31.3374888118
31.3538423097
31.3740716619
31.3903177576
31.42776442
31.4480200796
31.4842454728
31.4952665322
31.512668347
31.560080866
31.5637757734
31.5955310386
31.674502713
31.6931992459
31.805168936
31.8434844502
31.8705782328
31.8787411826
31.9042943957
31.9556119472
32.1174781983
32.1965745539
32.2841350603
32.3898451118
32.4085985865
32.4135060466
32.4397445309
32.4585183533
32.4888033107
32.516727891
32.5423715228
32.605087207
32.635754188
32.6920726156
32.7346625636
32.7460554767
32.78398195
32.8300462948
32.8913709368
32.9297669094
32.9550230625
32.9670420346
33.0003565388
33.3494727029
33.4374089109
33.4611077242
33.5361422814
33.6083819223
33.6371777276
33.6556365832
33.6653847292
33.6809578132
33.6937391194
33.7031645398
33.7159832522
33.7530478263
33.7774461846
33.7862587706
33.8308711547
33.8891085441
34.8126483383
34.8547921612
34.8739607935
34.8967599927
34.9374916409
34.9550571641
34.9648104394
34.9863458655
35.0807510786
35.0900765135
35.1306439613
35.162165944
35.196373662
35.2107090734
35.2488286272
35.2859055059
35.3136903449
35.3181891195
35.3898580912
35.5873637702
35.6548245957
35.7017889808
35.7372976885
36.0187778894
36.0323632548
36.0912454489
36.1188133865
36.1304870471
36.1531697789
36.1679715973
36.2148732482
36.2427614915
36.2657496413
36.2950062542
36.3377087643
36.4201575641
36.4781506654
36.5038737798
36.5083377677
36.5158207786
36.8901418292
36.9356091794
37.2225483841
37.2352104299
37.2655557703
37.2695944056
37.31989033
37.3484262621
37.359264282
37.3863760941
37.4900514357
37.5014559699
37.5104893708
37.514320258
38.4217405284
38.4327022845
38.4540638328
38.4762955348
38.4990799081
38.5052363844
38.5717472533
38.5988690021
38.6053448735
38.6302643369
38.7634437318
38.7842665436
38.8302499606
38.8547484416
38.8881600576
38.9789934591
39.0272591079
39.2074835488
39.2236949148
39.2663361923
39.3978962338
39.4220923763
39.4739810084
39.5538754911
39.6070271398
39.6155382465
39.6544125324
39.6616279649
39.6953750808
39.7088206931
39.7259350078
39.7603043828
39.788150809
39.8819974356
39.9232815173
39.940111833
40.0042295924
40.0334924364
40.0899910679
40.1017000739
40.1534813059
40.2778022674
40.2961805414
40.3501992365
40.6013872618
40.6510098363
40.702204227
40.7839470214
40.8284217701
40.8579355151
40.8984767396
40.9642935855
41.0040294033
41.0136663542
41.1212224736
41.1630395863
41.2136966176
41.22020959
41.244087613
41.3113950885
41.3473689938
41.7185272999
41.7222203858
41.8464772512
41.8706874266
41.9049272964
41.9617444051
670
