6.05801206221
6.08314109043
6.09502508385
6.10688589707
6.13754954808
6.15921703024
6.20172205567
6.21975066402
6.25503408199
6.76895911771
6.78953778952
6.82368008362
6.85941903348
6.925084343
6.96126379519
6.98212943748
7.00743708474
7.0576145225
7.08085352389
7.09298565136
7.11380609095
7.18515874297
7.20849133347
7.22582202569
7.24165044656
7.29033333715
7.30337068115
7.33999447521
7.34912642293
7.3787749209
7.39824038474
7.43714539521
7.46406719628
7.52321695852
7.56045372287
7.56521349344
7.57909391389
7.60782640948
7.65140854315
7.6673378909
7.69389193282
7.70807467745
7.74961945932
7.78160287434
7.80088273458
7.8171223869
7.85090752706
8.40906252962
8.43918471306
8.4550802616
8.4706329769
9.58556476595
9.6212732632
9.63635650362
9.68087613047
9.69596528517
9.7253264195
9.79025542399
9.81071086952
9.81666732298
9.83774215179
9.90498778213
10.0465747423
10.1798898825
10.2597622422
10.3088064046
10.3954972916
10.430967697
10.46260764
10.510699077
10.5432490527
10.676965873
10.8380902663
10.845273752
10.8588597733
10.8945470527
10.9499849549
11.0258602466
11.0600568221
11.0873414989
11.1259716134
11.1488923926
11.1842259475
11.2232408924
11.3270473491
11.3809958217
11.4096435258
11.4671924732
11.5553162592
11.6154075634
11.6939188917
11.7210322318
11.8884800678
11.9305090016
12.0295006479
12.0459675714
12.1547906166
12.1873548344
12.2397710222
12.2599890823
12.2852204029
12.3014371505
12.3223530783
12.3563378182
12.3964401761
12.4112154321
12.4771934622
12.490648286
12.5517096218
12.5723092053
12.610860418
12.7155598649
12.785782186
12.8330617454
12.8545547322
13.2242907809
13.2508030355
13.2671554518
13.3008053402
13.3357057881
13.375876323
13.3852011421
13.4137081739
13.446013608
13.4710613104
13.4950257516
13.4985163533
13.5469963453
13.5691811327
13.6196953693
13.6477617617
13.7956720999
13.8682577889
13.905196525
13.9448709869
13.9654994427
14.0178340272
14.0744566327
14.1435821938
14.1689562798
14.1967302903
14.2409600928
14.2983668856
14.3347147794
14.3617761933
14.4095673785
14.4160218562
14.4228099815
14.439349557
14.4638640302
14.5459774834
14.5592662432
14.5956351055
14.6143811898
14.6321920886
14.6646716719
14.7061156422
14.7449019429
14.852250113
15.0342135996
15.0714654271
15.2469604026
15.2561737184
15.3005685372
15.3201718013
15.3423100956
15.4370981456
15.5413162871
15.6142140397
15.6298605437
15.6420423825
15.6525573747
15.6770436218
15.7053253796
15.7377979523
15.7857869814
15.8044988318
15.9647786062
15.9809266963
16.0072289409
16.1217201236
16.1697550032
16.1778240927
16.190569678
16.2253961897
16.2993216724
16.3124311581
16.3602973742
16.3809338028
16.4183534549
16.4483855264
16.5329738135
16.5584064001
16.6102110392
16.6475001463
16.8302730895
16.8515890347
16.8556800795
16.8714088696
16.8874441911
17.227700869
17.2376360646
17.2564047185
17.2742034518
17.290837829
17.3539570602
17.3954130227
17.4429736352
17.4777675028
17.5453264692
17.5770496586
17.6133824343
17.6343863759
17.6867562331
17.920689532
18.01797014
18.1266673964
18.1606972876
18.1756297409
18.2101982186
18.2471322844
18.2582815749
18.2791129454
18.3339995661
18.4273180872
18.4537799921
18.4631344804
18.4809302425
18.5202593625
18.5263224215
19.2188451316
19.2739409211
19.3233180469
19.3460746017
19.3857721966
19.4034182512
19.4326052352
19.4516561153
19.4783389002
19.5040818232
19.5371022267
19.7059184592
19.7429348575
19.8327413236
19.8454519372
19.8752530048
19.8875278549
19.932580488
20.0022243939
20.188641781
20.2902095177
20.4790445078
20.4836989888
20.4910671154
20.5019172464
20.5265965444
20.6657902181
20.6704268783
20.7131289067
20.863176191
20.9363334385
21.0090984024
21.0179482581
21.0550186136
21.1186796326
21.2524659888
21.2593482273
21.3190702201
21.3228080151
21.3891131722
21.4391245781
21.4842598348
21.6056922849
21.6146324902
21.6190660962
21.7768206526
21.8176423418
21.8532078709
21.891590514
21.8986132811
21.933126984
21.9509873927
21.9692366773
21.9906888955
22.022935414
22.0632565729
22.1241421358
22.1734008865
22.2166630527
22.294393036
22.3056479498
22.4545502109
22.5140527722
22.5281948753
22.6071680763
22.6900213285
22.7463396979
22.8192463385
22.834865779
22.8469278484
22.9119075798
22.9320659928
22.9422670719
22.9654871745
23.4668763356
23.5230781961
23.5834813644
23.6358254134
23.6858036894
23.7215081537
23.8473775492
23.8837800707
23.970415613
23.9797784406
24.0242310801
24.0413376724
24.0509181218
24.0982910382
24.143501335
24.1572290587
24.1715556597
24.2118228563
24.2371381577
24.2590702204
24.3004915814
24.3153077219
24.3454467396
24.3489537457
25.2033875354
25.2182331456
25.2273254388
25.2563698538
25.4675213845
25.4901487915
25.5227167032
25.5884803318
25.6377796455
25.6613565389
25.6722327882
25.7259945017
25.7406500123
25.7561873018
25.7597672902
25.8029805636
25.83300636
25.8568525018
25.9200911465
25.9845887805
26.0307721916
26.1010551264
26.1097585767
26.2281617875
26.3220435998
26.3878178778
26.4061206887
26.4290065639
26.4611665881
26.4783775934
26.4843122698
26.5026761574
26.5269616016
26.5474477642
26.7047057691
27.3349513362
27.3431844261
27.5286426933
27.6217326478
27.6436420699
27.6665164739
27.6820456434
27.7083283252
27.7337228023
27.7770573351
27.7970259565
27.8314140034
27.8829910844
27.9186117456
27.9500800679
27.9731168891
28.0205474329
28.2099001003
28.2161708946
28.4511856228
28.4762623196
28.495925952
28.5184111943
28.5305636789
28.6011871457
28.6674910565
28.7292940266
28.8489414048
28.8630212401
28.9309754173
28.9348163445
28.960443191
28.9654195405
28.9781289523
28.9864229625
29.0541891935
29.0677899373
29.0712287614
29.1354617805
29.186565655
29.207972543
29.227357241
29.2554424304
29.2626699883
29.2837672919
29.3279830402
29.3425579612
29.3480009753
29.3978587782
29.4523794789
29.4741824103
29.4884676232
29.5009404353
29.571609143
29.6524028532
29.6906411325
29.6974611176
29.7697699608
29.8458194591
29.8749053139
29.9302625081
29.9753904878
29.9828750885
30.0275123483
30.0378601134
30.047630958
30.0645455632
30.0865712693
30.1090337502
31.1422518165
31.1785316391
31.1875640818
31.215678651
31.2414709969
31.2691426206
31.301999016
31.318937575
31.3744564733
31.398785539
31.4097261246
31.4513018008
32.1081060473
32.1831418335
32.3077592459
32.3566946977
32.3872387116
32.4241991798
32.4365938429
32.4537564784
32.4801990881
32.4896033618
32.5102352185
32.5277059407
32.5734525616
32.5959558917
32.6119543527
32.6250608278
32.6527926353
32.674356942
32.6929767455
32.7033497087
32.7118364527
32.7163972427
32.7631399097
32.7860951739
32.8187242639
32.8691168533
32.9004329272
32.9174300535
32.9435836577
33.0543996102
33.5288139757
33.6372874424
33.6661953914
33.7183535968
33.7348636436
33.7455235927
33.7672264447
33.7821318289
33.8177236429
33.8363441237
33.8704189365
33.9543767953
33.9916533831
34.0070401684
34.0382804729
34.112096483
34.152695829
34.2102308758
34.2581805206
34.3116704389
34.3854169784
34.447682444
34.5191677439
34.547719815
34.7627548769
34.804837582
34.8167704088
34.8259414747
34.8295455175
34.8634691121
34.8893085985
34.9141437332
34.933151634
34.9572155211
35.0395037125
35.0795998914
35.0866233051
35.117606716
35.1651467922
35.2111026307
35.2463261538
35.2624636242
35.2861166247
35.4071123414
35.5344423544
35.5403126463
35.5494864753
35.5680335719
35.6334416928
35.6828084978
35.7219860209
35.8021602449
36.0251217264
36.0377231215
36.0835991141
36.0887163735
36.133726148
36.1519837224
36.1605931146
36.1726751434
36.1833519729
36.1918677743
36.2168946673
36.2748694926
36.5710815292
36.5875493225
36.605951979
36.6205673973
36.6515206831
36.7290078088
36.744391073
36.8333432515
36.8384537328
36.8831874498
36.8907790352
36.9388619774
36.9577899954
36.977391923
37.0648754394
37.0727326001
37.1124851955
37.132958063
37.2094012544
37.2313122544
37.2489036044
37.2682902162
37.2979461355
37.3173064114
37.3740857959
37.4125502393
37.4632548338
37.5096280848
37.5624344105
37.617583837
37.6632789638
37.6946194345
37.7186007562
37.755330122
37.7779888828
37.8139651024
37.8365703842
37.8421511288
37.8623099333
37.9013707818
37.9053936459
37.930232262
37.9835883577
38.0639024062
38.0869839897
38.1513268573
38.2062221786
38.2149095616
38.2610216483
38.3210874347
38.3277110735
38.424174263
38.4704491699
38.4835461745
38.4988863258
38.5470198868
38.5504854501
38.5849527448
38.5928982894
38.6569511141
38.6987007115
38.7026289734
38.7305048852
38.7491722355
38.7862051742
38.8624971737
38.9128443209
38.9284493679
38.9347488322
38.9773649905
39.0309387512
39.046635736
39.1015426461
39.1418053182
39.196044985
39.2780631733
39.2920125143
39.4325805541
39.4639165074
39.5428350444
39.6284687566
39.6493292955
39.6648925915
39.7063694888
39.7234190398
39.7575399488
39.9565620011
39.9961531027
40.0481698354
40.0847422234
40.1008862564
40.1358417762
40.1401702584
40.1467425359
40.153724197
40.2156266645
40.3073982273
40.3112153769
40.3758230621
40.4194338224
40.440095072
40.5092917927
40.5678770422
40.670766957
40.6901108437
40.8077619646
40.8175730471
40.8407670743
40.8568981486
40.8876983493
40.9102758357
40.9302505257
40.9589243714
41.0007134663
41.0125061644
41.021605147
41.0526818236
41.0978711661
41.1405176254
41.1714992649
41.1924868038
41.2189406374
41.3415747203
41.3936354613
41.4983974802
41.5611858359
41.5742062088
41.6370035349
41.6603185433
41.7150623223
41.7977420426
41.871442762
41.9001614227
41.9774237171
672
