6.03942597882
6.06372656973
6.08241922007
6.08713388847
6.09915567838
6.10992894436
6.11873715682
6.14665346144
6.15282947368
6.1615066091
6.16528762743
6.17946326482
6.20471425673
6.22227245555
6.30248416882
6.33787506467
6.36348170479
6.37733814902
6.41102547914
6.42941870665
6.44029911956
6.46889742329
6.48301122392
6.51783294314
6.55625700018
6.57187972333
6.59688258287
6.60810331335
6.6240537646
6.62923054149
6.63270806866
6.67748651513
6.72204738333
6.78220692685
6.83704727308
7.02295273008
7.05771151332
7.15219822674
7.18249797811
7.24704976304
7.32790333582
7.34234669618
7.42927963492
7.44634235516
7.46303862578
7.49336561133
7.49853696175
7.50943638572
7.53959214038
7.56450417196
7.58910414582
7.64077299563
7.64749381507
7.65927368251
7.7181260546
7.73266682032
7.78526294826
7.80641575976
7.81822629148
7.8289406149
7.85041815889
7.91992018924
7.9503892607
7.978556558
8.03546077285
8.10545980446
8.16179391485
8.18807463464
8.28906207058
8.30856924879
8.33448216482
8.37625813343
9.60395393406
9.62448944937
9.63446614806
9.6404021477
9.66290770322
9.68286808859
9.71135213449
9.72788948497
9.7531323256
9.76792802698
9.8760593485
9.88679461808
9.92372346291
9.98675034076
10.0169173016
10.0470757062
10.090696042
10.6209051255
10.6266967796
10.7382104144
10.7831465325
10.8280205972
10.8368389527
10.8430122014
10.8592338936
10.8704669051
10.8831266635
10.8908022313
10.9309414001
10.9833870996
11.0072268995
11.0241558568
11.0648722093
11.0746646189
11.1050195321
11.1763367011
11.2493058334
11.3024403876
11.3110124625
11.3680858146
11.3715687889
11.3987184083
11.6765699777
11.88911681
11.9315805941
11.9694550438
11.9803532419
12.0184159045
12.0281015665
12.058167828
12.0729656494
12.0863760977
12.1127385299
12.1292409808
12.1500142062
12.1659887526
12.1728109173
12.1942789442
12.2141457599
12.2834293731
12.3089874028
12.3770732142
12.4289956755
12.5560506455
12.6149734243
12.6278668196
12.7252860249
12.8405061326
12.9610851852
12.9871990975
13.0469480443
13.1586396629
13.2266114677
13.2501092535
13.4578922671
13.4701316323
13.4835691082
13.5051389214
13.5120488001
13.5676854666
13.6381669118
13.64659953
13.6660550018
13.7664020214
13.8063107528
13.8626926358
13.9017861392
13.9517301592
14.0487212234
14.2326226619
14.3494014491
14.3953158862
14.4275155014
14.4465671562
14.474229151
14.5604844336
14.5895625893
14.6085391184
14.6177172955
14.6524474261
14.6617034185
14.8306529151
15.2613090693
15.3535190378
15.4067621059
15.4442541059
15.4649506914
15.5412687406
15.5620269767
15.6312522737
15.6514186542
15.6588856118
15.6761764748
15.7130098931
15.7432142196
15.751838454
15.7878637315
15.81295433
15.822414274
15.8337460127
16.0237419127
16.0824719547
16.1462272556
16.1497399621
16.1929424836
16.2466836629
16.8134361178
16.8201689325
16.8454711412
16.8588374453
16.8914611221
16.9145006637
16.9500541432
16.9750890316
16.990070159
17.0171635914
17.0362314934
17.1044880942
17.1432303377
17.2738924424
17.2883781605
17.3087449722
17.328163445
17.3558270185
17.4285364196
17.4645266974
17.4710599827
17.4979955732
17.5237324435
17.530265518
17.5578732432
17.6405871451
17.7386300577
17.8418920825
17.8791132805
18.0580985535
18.1111337104
18.1374387178
18.160589366
18.1958289419
18.209935774
18.2370148427
18.3186724615
18.3576497515
18.379836495
18.4102150483
18.4495046145
18.4771660861
18.5271134482
18.5995790924
18.6460353213
18.7217471414
18.7740901543
18.8308532421
18.916830955
18.9765122513
19.0322954452
19.0907342677
19.0971185148
19.1579654435
19.2096892667
19.2390950577
19.2527046528
19.2691720982
19.312245417
19.3163681789
19.3258703745
19.3430398898
19.3540818529
19.3788552098
19.4144732958
19.4425829163
19.4581951871
19.4731443784
19.5116437768
19.5547957729
19.8882447216
19.954314141
20.0024200504
20.0335687898
20.0643149877
20.1326050061
20.1690869459
20.1955116972
20.2927848823
20.3471874408
20.4386214514
20.5005445433
20.511794273
20.5324224654
20.5495549838
20.6140454355
20.6498501
20.6794346071
20.7491122024
20.7975214783
20.8177942053
20.8356840678
20.8996245832
20.9312643175
20.9979604729
21.0255688375
21.0325192369
21.0929426238
21.1124416574
21.2001144965
21.2451771196
21.3097905919
21.3461972196
21.4002152818
21.4920808064
21.5412807969
21.6228799974
21.6374042889
21.6450420918
21.6504294335
21.6709336207
21.6933839125
21.7232955225
21.7556717807
21.7763899465
21.8034439567
21.813057536
21.8685780155
21.8975084073
22.0774280936
22.0914190547
22.1050165778
22.1248885706
22.1867447876
22.2142169876
22.267852787
22.2873191799
22.3093193407
22.3593449665
22.3830185624
22.4115487361
22.4779759737
22.63240714
22.7983587786
22.822247916
22.8310354389
22.8455890544
22.8562428837
22.9039135086
22.9350891806
22.9560278628
22.9991368781
23.0202462994
23.0614910739
23.0725920424
23.1362290404
23.1402497412
23.1574320523
23.2590898082
23.2974543378
23.3227575593
23.3587276847
23.4095065124
23.4261474189
23.4760619545
23.5022505549
23.5325720782
23.6375576094
23.6488473039
23.7118389596
23.7686578646
23.7994373815
24.0154070711
24.0364623277
24.2831124738
24.2937213172
24.3748900915
24.4215008572
24.4853521128
24.6734213336
24.6993261819
24.736987186
24.7628877609
24.7892820806
24.8589797052
24.9384319893
24.9639615682
25.0634461788
25.1368912266
25.1941097336
25.2155825261
25.2348023697
25.2746779674
25.2930939173
25.3078594402
25.3458808315
25.3684867916
25.3981241116
25.4457721321
25.4595447529
25.4841054736
25.4969342275
25.534976492
25.5809097346
25.6198553342
25.7313178294
25.7692272159
25.7756433938
25.8028258702
25.8845228614
25.8955784063
25.9517685073
26.0012775429
26.0779307649
26.0883761142
26.123554997
26.2420176054
26.3070775035
26.3127116992
26.4163677585
26.4364263636
26.4507812998
26.4602484632
26.501976021
26.6064404092
26.6310637789
26.6432920964
26.6575360158
26.6838044069
26.6934070516
26.7124460774
26.7600568373
27.0086839068
27.0169197721
27.0431415716
27.6049433579
27.6203712237
27.6415128982
27.6572157629
28.4047129289
28.442307496
28.4783495289
28.5401459568
28.5706811614
28.6620427729
28.7443118385
28.8104270371
28.8316225528
28.8551098468
28.8784953957
28.9006467892
28.9491071053
28.9599632602
29.1056364159
29.2016634848
29.2151668848
29.2445572559
29.2757288502
29.3100771935
29.570922597
29.6268228542
29.6539889982
29.6759885129
29.7094347647
29.785505805
30.0117808463
30.0216665526
30.0359938601
30.046004512
31.0423824954
31.2066013115
31.31342491
31.338808613
31.348973729
31.3741206108
31.4030707485
31.4310329831
31.4526459128
31.4730268399
31.5121890993
31.5299937292
31.5442305982
31.5479798103
31.7345035841
31.7991124113
31.8381927778
31.8609057075
32.3557561948
32.4206937055
32.4290660948
32.4571351448
32.4699588367
32.4873538787
32.5947752066
32.6011366576
32.6170137875
32.6605694324
32.6878722431
32.6988838501
32.7156478069
32.7374693353
32.756434959
32.7798281353
32.803622589
32.8518255288
32.8629834422
32.8797412379
32.9328372048
32.979433078
33.0258690999
33.0321219815
33.07779961
33.1128963925
33.1661704676
33.2468167955
33.2787301585
33.3094315152
33.6239511385
33.6840190561
33.6928381557
33.717116474
33.7252201869
33.7452754085
33.7584512618
33.7804666859
33.8837293256
33.8958263397
33.9226348068
33.9661932064
34.0050148651
34.0114219143
34.0277862035
34.0606077053
34.0814750189
34.1698412658
34.2567314551
34.2783696037
34.2940026187
34.3166401848
34.3839662783
34.4183804297
34.50213045
34.5939242465
34.7442638872
34.8060125899
34.8117727468
34.8273643386
34.8504574031
34.9366450856
35.2815344738
35.2966910601
35.380281873
35.63090331
35.7178314687
35.7806285209
35.8347186091
35.8404355694
35.8828830257
35.9418934298
36.0434538496
36.0680040574
36.0784469101
36.1051924938
36.1169059958
36.1715692132
36.1837316361
36.2177751717
36.2365464949
36.2554297632
36.2587875498
36.2747677664
36.3143121582
36.7166692
36.754726133
36.828804542
36.8910208043
36.9593535342
36.9745147911
37.0629262542
37.2121797654
37.2179960458
37.2277133131
37.2387355386
37.2512299445
37.2647238694
37.2812870139
37.3718189141
37.3909355274
37.4111640112
37.4891537565
37.5074152855
37.5504212468
38.4244796092
38.446526568
38.4615710948
38.6054149828
38.669044333
38.687774601
38.7403623289
38.7828869728
38.8105445544
38.8395107661
38.913957304
38.9338592537
38.9842178644
39.0020832587
39.0250902329
39.0584802464
39.1512179502
39.6233967797
39.6534328358
39.6645200004
39.6684851406
39.6902862368
39.7156516138
39.733121092
39.7687445172
39.9159708758
40.2619232343
40.2837811315
40.295251947
40.3325964142
40.3637974431
40.4394576628
40.5142232248
40.5401555285
40.6136902652
40.6309561881
40.7093569129
40.8167386179
40.8250632223
40.8673059527
40.9083969582
40.9220012999
40.9530581009
41.0403382698
41.067614187
41.1069985366
41.1243424638
41.1708928579
41.2009580739
41.2123826772
41.2380677401
41.2729076222
41.2772928103
41.3252811295
41.35553752
41.367538922
41.3901964191
41.4737336827
638
