6.00703385054
6.07233241126
6.10813904494
6.13175977848
6.15390613514
6.15968770627
6.1651622385
6.17465052826
6.18681545995
6.19309538834
6.81143355014
6.81958586874
6.86455604273
6.93721401859
7.125296569
7.13799862682
7.14675408552
7.17859816888
7.21019714183
7.21967332605
7.23069729921
7.23975824591
7.27684230371
7.30987419645
7.32148822997
7.35183194275
7.36106889429
7.38955695115
7.43068044764
7.47479575639
7.51346764497
7.52640834757
7.57809831326
7.60258545133
7.61678707122
7.62690014236
7.63606948937
7.66648541704
7.70248100805
7.73784416075
7.79732217434
7.81687607314
7.83425138762
7.87196892688
7.94624015373
7.99160880295
8.03297707756
8.08040466286
8.13789322886
8.17694450477
8.21449653713
8.37879644769
8.42506164453
8.46115451829
8.4816078765
8.50263271529
8.51313384081
8.53896229037
8.56841147737
8.63691289982
8.65831566474
8.74483626579
8.76047143122
8.78349908859
8.795780748
8.81436973957
8.84631101504
8.85833595493
8.90021038267
8.95944230771
8.96466833564
8.99602609718
9.01485392829
9.05395597697
9.1233513144
9.19450941332
9.24932112842
9.31802741324
9.35542710841
9.47162010503
9.49907191403
9.55012206906
9.58386387801
9.65806427425
9.70596366427
9.73903566079
9.74372862402
9.75918382141
9.77576910427
10.1757965755
10.227957827
10.3019296009
10.388836526
10.4251032555
10.5131647442
10.5480876602
10.6727467944
10.6935226971
10.8076171424
10.8198694096
10.8337843513
10.8613937594
10.8725678286
10.9077629776
10.9213924245
10.9282161259
10.9400593545
10.9603713306
10.9716549211
10.9871204264
11.1568541654
11.192617013
11.2252133357
11.2715776605
11.3070038427
11.3820087721
11.4189731355
11.4449688346
11.5037628384
11.5092132958
11.5470936887
11.5700011585
11.8413748217
11.8782146063
11.9382667485
12.0084974388
12.0408505365
12.1216960626
12.1387609726
12.1759194089
12.1984537072
12.2206667866
12.2293240826
12.2723131739
12.2848871381
12.3124812322
12.3180310426
12.3600388437
12.3708071509
12.3995295325
12.5500563049
12.5955847671
12.6265258963
12.6421216584
12.7088600709
12.7495854204
12.8304467895
12.9183146755
12.9251005911
12.9853864942
12.9916909847
13.0566261126
13.2268665967
13.2556945963
13.2649785421
13.2960717918
13.32048084
13.3361857198
13.3622604594
13.4003198986
13.4346677255
13.4559037896
13.473496943
13.7336236453
13.7521331003
13.7731561188
13.7768928307
13.7816515069
13.8797511784
13.93808371
13.9647968464
14.0023654392
14.030338105
14.0926648165
14.1372840149
14.2214364597
14.3386657981
14.3462870765
14.3765938547
14.4217232253
14.4377568756
14.4661793124
14.4756933381
14.4808566249
14.5023090274
14.527642817
14.5526621972
14.5707693075
14.5845921573
14.613557545
14.6855843111
14.6905213907
14.7242837481
14.728553002
14.7487310207
14.7853041879
14.8415405851
14.9136419588
14.9790238545
14.9910547476
15.0813747154
15.4229712478
15.4541799234
15.4636038295
15.5531865891
15.6365016528
15.647478897
15.6713253416
15.7304015306
15.7736623144
15.8015794073
15.8387065201
15.8589496588
15.8643293145
15.9356685275
15.9546468559
16.8299877535
16.8525276335
16.86910359
16.8985836261
16.9319448089
16.9485157348
17.0738980765
17.0905284118
17.1063282365
17.1157221139
17.1275640846
17.133236762
17.1586466238
17.219394482
17.2509850298
17.2965619016
17.3091456468
17.4948419514
17.5381583734
17.5603255665
17.607225854
17.8179162716
17.8714123475
17.9276946217
17.9885688313
18.0519691839
18.0632791161
18.0813189516
18.0929317173
18.1073546418
18.1124276798
18.1272440275
18.1521591613
18.1774189591
18.1912019021
18.2112029872
18.2298652743
18.2560605711
18.2727852293
18.3119676653
18.532069454
18.5802164219
18.6979762694
18.7175279279
18.7940407089
18.9154550013
18.9674427638
19.0891012121
19.144905147
19.1764375593
19.1952117685
19.2443445339
19.268737879
19.3136614731
19.3291889135
19.3631277877
19.3793118375
19.5157635467
19.5370437439
19.5738516293
19.6086700877
19.710079251
19.7385482741
19.7547042482
19.7884707621
19.8688290895
19.895569244
19.960197296
19.978575882
20.0292424504
20.1004722021
20.2475359538
20.3222692744
20.4236587631
20.4479004743
20.4703756394
20.5032082273
20.5334251306
20.5665678393
20.5783396973
20.6199353821
20.6400139414
20.6894312065
20.7187529903
20.7569322936
20.7730200953
20.8034290563
20.8338597069
20.8866446569
20.9062776299
20.9138639641
20.9551000655
20.9910413741
21.0161323023
21.0654940816
21.1361561621
21.1890274634
21.626036367
21.6360435746
21.7185003961
21.7334864077
21.7444585617
21.7656968033
21.7809954506
21.8124423321
21.849037952
22.0346388952
22.0570958783
22.0788487097
22.1203418008
22.218017342
22.3329920901
22.4828203673
22.5181918773
22.5691588687
22.7212414888
22.7649663907
22.7938186099
22.8185213068
22.8258689535
22.8430221312
22.8882524633
22.9197016319
22.9301519541
22.9491715729
22.9602229678
22.9985390124
23.0275454816
23.129379434
23.1388557841
23.2066364217
23.2361320216
23.2455587653
23.2679054323
23.3017723009
23.3694219445
23.3862146641
23.4278632059
23.4805289734
23.5201043522
23.5874072444
23.6028008734
23.6205987192
23.6334009603
23.6441123109
23.7545267919
23.7981961582
23.8356549947
23.8694192988
23.9435035498
24.0270108216
24.0325473632
24.0423356319
24.2276504331
24.25992091
24.2636429699
24.2876193046
24.291285901
24.3102024431
24.3332717291
24.3539360717
24.3664977064
24.4085910258
24.415424271
24.4289999436
24.4425769734
24.5472263005
24.6737343514
24.7531919683
24.7591077188
24.8330521756
24.9994071456
25.0765442456
25.1736349049
25.204656306
25.2258258957
25.2542681357
25.2644976528
25.3004352207
25.3270630531
25.351348164
25.3668201248
25.3847145639
25.4423073837
25.6000090026
25.6312952788
25.6796088528
25.7508677053
25.8128907002
25.8193050868
25.95970136
26.4344129705
26.4387987431
26.4661674545
26.4867517226
26.513223545
26.554733796
26.5759810094
26.6068788241
26.6301827899
26.6806169274
26.7002921895
26.8332020008
26.8767162966
26.9213597972
26.9247535304
26.9625303781
27.1353654457
27.148635792
27.2037619926
27.3699859907
27.5775439729
27.6680440202
27.6833864703
27.6960474408
27.7079907838
27.7210868211
27.7358580506
27.779736506
27.7979456788
27.8295293798
27.8385826061
27.8770220919
27.9156810149
28.0106415252
28.0588078963
28.1273661152
28.1646713473
28.2868897857
28.7413249759
28.8082196961
28.8200880755
28.8421579181
28.8636338786
28.8782533009
28.9048821384
28.9491363162
28.9677285622
29.2096667695
30.0144269666
30.0307944795
30.059978163
30.0860888627
30.3568143249
30.6249462285
30.6733069678
30.7009415152
30.7609471927
30.7667986089
30.7910610243
30.8365001045
30.8935832941
30.9141134961
31.0013376148
31.043608866
31.055665017
31.0980365975
31.1730708397
31.2191596449
31.2524455177
31.2782428866
31.2832659106
31.3376306607
31.3573121938
31.4036749575
31.4433028133
31.4762868271
31.4968771413
31.5462799958
31.6022591971
31.6071179887
31.6231081779
31.6302067383
31.6444218877
31.6720955265
32.104071437
32.1614265316
32.2048759148
32.2555365797
32.3472791011
32.4121321612
32.4225929232
32.4523853209
32.4627109583
32.4757376368
32.4977202276
32.5245697517
32.5352332129
32.5404493423
32.5682120454
32.6135088945
32.6189392935
32.6347759452
32.6744441754
32.7259256227
32.7507856892
32.757212986
32.7720070005
32.8107371726
32.8460365928
32.8714321578
32.9236448507
32.9346692132
32.9808113435
33.0101096457
33.0285812086
33.032590242
33.087392506
33.1374196994
33.157146342
33.2331780598
33.3477535258
33.3807105117
33.4008142458
33.4066203048
33.4218184983
33.570775755
33.5968956127
33.6341522928
33.6456937631
33.6509825021
33.6864643482
33.7028903836
34.1733762517
34.2010591693
34.2246823837
34.3062681257
34.3426585836
34.3614009164
34.4269056433
34.4509471477
34.4823281142
34.5578378662
34.589899702
34.6093162282
34.6746194278
34.6925954994
34.796959763
34.8168702231
34.841602616
34.8599965113
34.9627541383
34.9691023884
34.979833292
35.0096858685
35.0135181147
35.0276066454
35.141993471
35.1724388582
35.2203380881
35.2252421727
35.2411257888
35.2617421661
35.3315345796
35.3943376907
35.4215822813
35.4421426965
35.4808281273
35.4886776896
35.5462060203
35.5634955628
35.6792188823
35.8048709746
35.8956787293
35.9440960063
35.973673271
35.97998353
36.0308623897
36.0452394102
36.087613571
36.0954537629
36.1152360013
36.1305954396
36.1562996008
36.160729596
36.2186322378
36.2629820916
36.2891844248
36.3347063892
36.349066475
36.3628781692
36.3778147294
36.4179433714
36.4755466289
36.5062928183
36.5567112954
36.616400535
36.656637876
36.7129780683
36.7693553368
36.8727876558
36.922205504
36.9649561415
37.08569085
37.1005033845
37.2112179577
37.2503793522
37.2730201777
37.2822124147
37.3075905161
37.3565746751
37.3681168167
37.380354423
37.4859370953
37.5145209503
37.5487337414
37.590339798
37.6277231302
37.6683758412
37.7363082547
37.7503919226
37.7808054535
38.5643499138
38.6825450551
38.6985454812
38.7549933264
38.8095351957
38.8538949619
38.8681891672
38.913548226
39.0040135469
39.0391683526
39.0511577021
39.0813357004
39.124363624
39.1579261542
39.2074021123
39.2140263878
39.2588387054
39.2884120728
39.31521869
39.3258662786
39.3932002393
39.5227414992
39.5683315667
39.5779013776
39.6142747557
39.6383521619
39.6524463095
39.6557810625
39.7117740154
39.7307313465
39.7521680926
40.0278758237
40.0530864705
40.0905792342
40.1130516037
40.1349830634
40.2021117975
40.2405500111
40.3548214168
40.4335039356
40.4978027916
40.5354618724
40.6497872356
40.7036539586
40.7115225098
40.7746693548
40.844765313
40.852408111
40.9288346722
41.0197616092
41.0546132779
41.0938180029
41.1394064999
41.1618282369
41.2430667973
41.256602332
41.313530317
41.3766456212
41.4288177136
41.4747130727
41.5081167085
41.5391061085
41.622893713
41.6491669341
41.7526765693
41.9087187193
41.9562379405
41.9668220941
696
