6.0081691194
6.02254996439
6.02795328797
6.03342253914
6.04768630345
6.05399913301
6.0759112817
6.09040487173
6.101497574
6.15352224553
6.16437414812
6.1721487697
6.19384035936
6.21068427647
6.21610683134
6.23000888851
6.24658100854
6.25858290523
6.26412979102
6.27145298906
6.28592820141
6.29130972883
6.30817675843
6.3185399937
6.33511563893
6.34392111182
6.3522758694
6.36677369325
6.37148887676
6.38875129243
6.39904048442
6.40551526068
6.41287516643
6.43831397302
6.47804633079
6.48994271202
6.51823802997
6.55117888588
6.57596276342
6.62779494633
6.64815895346
6.65846091411
6.67073988741
6.68372842061
6.70779438017
6.7505605828
6.79563881645
6.85918859363
6.90009040863
6.94953558218
6.9746805472
7.01307370894
7.04507930444
7.09436496585
7.17087260373
7.19782543737
7.26558335648
7.27858626871
7.29559021998
7.33456839301
7.35483796446
7.36087469285
7.36767331853
7.58955021212
7.62985007033
7.64630567628
7.66471936232
7.67973158439
7.70114068145
7.70534996622
7.73365343324
7.74001725348
7.76070069009
7.80046330945
7.81636323971
7.89755149656
7.93149433715
7.94068996595
7.95466690248
7.97548849255
8.00833819955
8.06759763439
8.11585842112
8.21149526465
8.25236003651
8.27503689353
8.29007424989
8.38771612479
8.39123753497
8.41447782768
8.42081585731
8.4570244775
8.46480191765
8.48001786126
8.49064926778
8.52644882546
8.54253555387
8.56740047989
8.57598743168
8.59715940371
8.62130897321
8.64102907385
8.67179813525
8.67806507292
8.71846014005
8.74601333822
8.79234761537
8.81274997052
8.83131770682
8.9039801734
8.96750617185
9.03659937104
9.09556656182
9.15879607123
9.1806585218
9.2837585054
9.62093713711
9.63042846815
9.64628613455
9.67416159139
9.68191866986
9.69589298357
9.73089844803
9.74015207674
9.75460711413
9.87829306673
9.93375060543
9.94983169747
9.97436750185
9.99294110446
10.0040267244
10.0410071708
10.0845815625
10.1526721502
10.2002191218
10.2309397749
10.2564213717
10.8228441942
10.8305363005
10.8604549155
10.8758060156
10.9038255261
10.9292669214
10.9831756274
10.9981485154
11.3123255768
11.3513751934
11.4034471369
11.4719407133
11.496938544
11.5101413169
11.559795548
11.6213905034
11.6492216038
11.6739203706
11.7374297066
11.7750732554
11.8480352214
11.8524147575
11.9746080975
12.0279470082
12.0346800093
12.0542362957
12.0683598656
12.097939893
12.1014167777
12.135559591
12.1473945185
12.1680148971
12.1893082303
12.2313098116
12.257567323
12.2965945599
12.3175923858
12.3487436404
12.401867821
12.4462892024
12.4606434642
12.4938329967
12.5305674651
12.6055586278
12.6449568963
12.6488297311
12.6795883008
12.7113631255
12.7569278372
12.7829764112
12.7956903017
12.8144276524
12.8774708131
12.9192265194
12.9795792995
13.0540933298
13.1683381359
13.2272694893
13.2689155576
13.3979472217
13.4313016803
13.4699928159
13.4967353997
13.5187705286
13.5404902246
13.5923659055
13.6363160813
13.6518966589
13.7201048982
13.7538955963
13.8002409497
13.8704811212
13.9199194807
13.9340329959
14.5186554964
14.5703821543
14.594364454
14.6068907335
14.6133269823
14.6574144618
14.6625164681
14.6795738509
14.6944039395
14.7367463555
14.7550610785
14.7668826207
14.8129107389
14.8278583632
14.8745183566
14.9234463113
14.9875482149
15.0884570086
15.1355814889
15.1550175546
15.1758025727
15.6159517925
15.6541036262
15.6838321062
15.7628314905
16.8271718457
16.8409664242
16.8611796367
16.871427598
16.8929125367
16.9001468564
16.9114267315
16.9500285038
16.9825612343
17.0073949256
17.015129314
17.0199087244
17.0889937868
17.0995979248
17.1240354111
17.1846193552
17.354448366
17.3578435241
17.4053290956
18.0064288884
18.0251906451
18.0425976613
18.3610804519
18.3693497543
18.4629973146
18.5022144152
18.5244303538
18.6409627248
18.671615267
18.7310667657
18.7579019391
18.7676403721
18.8038210867
19.2483141635
20.0207239535
20.0377855312
20.1069713912
20.2738843174
20.3997290377
20.4039895988
20.4140538569
20.5834996425
20.6217392629
20.6426922355
20.7141651015
20.7367960519
20.7563573783
20.8583476073
20.8709133281
20.9019944443
20.9156595911
20.945935513
21.0573999839
21.1222806238
21.1646920601
21.168092648
21.3513965674
21.3622361268
21.4638254735
21.6037674994
22.0345048167
22.1121519772
22.1723219859
22.1803648307
22.1980517791
22.2505859071
22.2763183362
22.4543619335
22.464102947
22.4951675687
22.5403811374
22.5870306657
22.7137013113
22.8143599767
22.8298429454
22.8629405946
22.8917492108
22.9162728063
22.9393528561
22.9780291921
23.0082695675
23.1236788336
23.135794036
23.1758568783
23.1978055531
23.2343893171
23.2646357479
23.3257476017
23.389101289
23.4010378871
23.4243492573
23.4611726182
23.4858056336
23.6969414354
23.7577715416
23.8254303842
23.8807788007
23.8910563746
23.9288871503
23.9862987608
24.0116036124
24.0202904624
24.0279940163
24.1001603203
24.185115099
24.2090189113
24.2144975294
24.2242799098
24.2674807215
24.2946752123
24.3254227292
24.3869252633
24.4236492807
24.4780166307
24.4859028725
24.4958166851
24.5316618912
24.5464407033
24.611541178
24.6878005533
24.7396860127
24.7907517291
24.8072199156
24.8636993621
24.8920779381
24.9280640427
25.0533742799
25.0994550929
25.2290433249
25.234622162
25.2749193346
25.2995935487
25.303581819
25.3141602795
25.3304896954
25.5068374428
25.5221255746
25.5628166029
25.5894712754
25.6137773173
25.6572627131
25.6772917697
25.7191151971
25.7234261168
25.7393112131
25.7630169648
25.9644270823
26.0561954372
26.133684982
26.1584187966
26.20317997
26.2343809552
26.2817935271
26.2965689417
26.3757839351
26.4079969815
26.430160194
26.4478321777
26.6275795219
26.6402958435
26.6644991021
26.6758250701
26.7087016051
26.7319532059
26.7511663538
26.7646278158
26.8110921254
27.6127319306
27.6517488401
27.6843069497
27.7564920775
27.7762841255
27.7841423596
27.81727485
27.8236388779
27.874235377
27.883760896
27.9003162277
27.9052691791
27.9277427446
27.9557295075
27.9878241589
28.0207135155
28.0308305062
28.1184731885
28.2893035119
28.3179431735
28.3943079801
28.7465429499
28.7951732671
28.8109647247
28.8238587843
28.8523847585
28.8688877801
28.8937736064
29.0070660836
29.0236730673
29.0597515652
29.0717084196
29.0872079128
29.119857462
29.1291417137
29.1659698219
29.1910775528
29.2225384537
29.2475135001
29.2618080017
29.3133047554
29.3463003471
29.4188659022
29.468592932
29.4887760214
29.5620734284
29.679742557
29.7815957859
29.8045564797
29.835937309
29.8930105417
29.9555411739
30.0182295615
30.0363686068
30.1901379826
30.1939316817
30.4101286336
30.5003493415
30.5105959871
30.5394271214
30.5651084193
30.5913511371
30.7143613313
30.8294794336
30.9122377718
31.1028228938
31.1404444309
31.2156714738
31.2386434454
31.2479294373
31.2603597223
31.3085799144
31.3491049775
31.3742188934
31.4068608054
31.5311355911
31.5626823214
31.5870880462
31.6224581912
31.6761058192
31.7204010621
31.7366477708
31.7734339043
31.8064158266
31.842285062
31.8571601171
31.9215738675
32.0030583337
32.4224655828
32.4476961481
32.4592326475
32.4888819567
32.5157288605
32.541875176
32.883997894
32.9430627295
32.9732972942
33.0917468622
33.1433521318
33.3609276253
33.4279578597
33.4333021684
33.453222507
33.5432709813
33.6223254737
33.6553573796
33.6653812701
33.6771674571
33.7046655367
33.7434793478
33.7614379121
33.8486713889
33.8591782556
33.8764997317
33.9091523067
33.9278851763
33.9592717104
33.9860474997
34.0021505553
34.0178176547
34.0969828367
34.3929099399
34.5695737362
34.6150716482
34.6919308945
34.8041898073
34.8146166197
34.8254628974
34.8354493705
34.856947343
34.8861052002
34.9110767914
34.9346375697
34.9407555955
34.9582615214
34.9703484889
34.9923897329
35.0062315359
35.0423824896
35.2024239196
35.2484653601
35.2762715118
35.3028808355
35.3523188095
35.3670165995
35.4170839076
35.4745638206
35.5064173502
35.5537804871
35.5822960484
35.6164086219
35.6823990888
35.7292382229
35.7849459619
35.8200319737
35.8250948943
35.8903459876
36.0083265969
36.0569505519
36.0716521056
36.1003696733
36.1144699462
36.1371018158
36.1634245612
36.2188226896
36.2223560412
36.2473544754
36.4312672946
36.4566189524
36.4970101141
36.5389290721
36.5658959719
36.5812314798
36.587867201
36.7776228675
36.7970296069
36.8579636219
36.949561908
36.9789870848
37.1269115091
37.2116601859
37.2430523734
37.2744491582
38.4053725478
38.4146459232
38.4257311337
38.4359053846
38.4663599474
38.5001003872
38.5080086784
38.5132133558
38.523238382
38.5362867529
38.5537570741
38.5666908117
38.5885215235
38.6065877388
38.6167392627
38.6383719319
38.6427712436
38.6617637715
38.66902408
38.7155701575
38.7216133288
38.7438616631
38.7517461421
38.8016399931
38.8473744827
38.853343165
38.8720846661
38.8782038046
38.9238001109
39.0541158225
39.1311319426
39.1622272261
39.1906966568
39.6203146447
39.6260990205
39.7189741642
39.7272963825
39.7381842096
39.9537696406
39.9940881883
40.0378084271
40.075416215
40.1110783384
40.1774829342
40.2151268425
40.255727698
40.5416310705
40.5750711049
40.7832496758
40.7978433446
40.8158468716
40.8396003709
40.8595695911
40.8863999862
40.9028620948
40.9127929582
40.9393283062
40.9804676891
41.0178200577
41.0441788156
41.0693362606
41.0787433806
41.1073782114
41.1402203265
41.1523392515
41.1670322727
41.201247681
41.2125232267
41.2601917923
41.2732845566
41.3024501502
41.3252308072
41.3570598774
41.3843062938
41.4002180428
41.4565212964
41.4601056202
41.5391912752
41.9078986287
41.959061081
666
