$ Stimulation Interval(ms): 1200
$ Delay(ms): 117.581766
$ Number of data : 743
$ TSTOP : 12010
$ PN stimulation current max : 0
$ LN stimulation current max : 0
120.77500
131.55000
142.82500
154.52500
166.27500
178.12500
190.02500
202.05000
214.25000
226.60000
239.15000
251.92500
264.97500
278.35000
292.32500
304.07500
315.87500
327.75000
339.72500
351.85000
364.07500
376.42500
388.90000
401.52500
414.27500
425.07500
435.75000
446.85000
458.12500
469.45000
480.87500
492.35000
503.87500
515.50000
527.20000
538.95000
550.80000
562.72500
574.75000
586.85000
599.07500
611.40000
623.85000
636.45000
649.20000
662.10000
675.15000
688.40000
701.82500
715.47500
726.45000
737.75000
748.90000
760.17500
771.40000
782.80000
794.00000
805.25000
816.55000
827.95000
839.45000
851.05000
862.72500
874.52500
886.42500
898.42500
910.55000
922.80000
935.20000
947.70000
960.37500
973.17500
986.12500
999.25000
1012.55000
1023.90000
1034.92500
1046.17500
1058.07500
1070.10000
1082.20000
1094.27500
1106.45000
1118.77500
1131.27500
1144.00000
1157.00000
1170.35000
1184.25000
1322.92500
1333.85000
1345.22500
1357.12500
1369.02500
1381.07500
1393.22500
1405.52500
1418.02500
1430.75000
1443.75000
1457.15000
1471.57500
1483.22500
1494.92500
1506.75000
1518.67500
1530.70000
1542.87500
1555.15000
1567.57500
1580.12500
1592.82500
1605.65000
1623.70000
1634.62500
1645.77500
1657.15000
1668.47500
1679.80000
1691.20000
1703.20000
1715.45000
1727.70000
1739.97500
1752.30000
1764.75000
1777.37500
1790.17500
1803.25000
1816.57500
1830.30000
1845.12500
1858.27500
1871.67500
1885.32500
1899.30000
1913.80000
1924.62500
1935.37500
1946.60000
1958.15000
1969.35000
1980.65000
1992.02500
2003.50000
2015.07500
2026.75000
2038.55000
2050.45000
2062.47500
2074.62500
2086.90000
2099.30000
2111.82500
2124.52500
2137.52500
2222.95000
2233.97500
2245.42500
2257.35000
2269.35000
2281.02500
2292.72500
2304.50000
2316.42500
2328.47500
2340.67500
2353.05000
2365.60000
2378.35000
2391.35000
2404.62500
2418.27500
2432.77500
2445.07500
2457.47500
2470.00000
2482.67500
2495.50000
2508.47500
2522.52500
2533.35000
2544.90000
2557.00000
2569.02500
2581.17500
2593.45000
2605.87500
2618.55000
2631.50000
2644.82500
2659.17500
2670.77500
2682.45000
2694.22500
2706.12500
2718.15000
2730.27500
2742.52500
2754.92500
2767.45000
2780.12500
2792.97500
2805.95000
2823.55000
2834.60000
2845.82500
2857.30000
2868.67500
2880.07500
2891.55000
2902.72500
2914.00000
2925.35000
2936.82500
2948.42500
2960.17500
2972.02500
2984.05000
2996.22500
3008.55000
3021.02500
3033.67500
3046.50000
3059.50000
3072.70000
3086.32500
3123.17500
3134.07500
3145.65000
3157.57500
3169.50000
3422.97500
3433.75000
3445.27500
3457.40000
3469.45000
3481.67500
3494.00000
3506.52500
3519.30000
3532.40000
3546.05000
3558.75000
3572.05000
3584.87500
3597.82500
3610.97500
3624.42500
3638.25000
3653.15000
3665.72500
3678.47500
3691.35000
3704.40000
3717.62500
3728.35000
3739.20000
3750.22500
3761.35000
3772.67500
3784.17500
3795.82500
3807.65000
3820.02500
4023.07500
4034.25000
4045.70000
4057.65000
4069.02500
4080.45000
4091.95000
4103.52500
4115.22500
4127.02500
4138.92500
4150.95000
4163.10000
4175.35000
4187.72500
4200.22500
4212.82500
4225.55000
4238.37500
4251.35000
4264.42500
4277.67500
4291.10000
4304.67500
4324.27500
4335.27500
4346.47500
4357.87500
4369.27500
4380.72500
4392.27500
4403.90000
4415.60000
4427.42500
4439.35000
4451.37500
4463.50000
4475.72500
4488.07500
4500.55000
4513.20000
4526.17500
4623.00000
4633.92500
4645.50000
4657.10000
4668.65000
4680.35000
4692.15000
4704.05000
4716.10000
4728.30000
4740.67500
4753.22500
4766.02500
4779.05000
4792.42500
4806.32500
4923.00000
4934.12500
4945.67500
4957.25000
4968.80000
4980.52500
4992.32500
5004.25000
5016.30000
5028.52500
5040.92500
5053.52500
5066.35000
5079.42500
5092.85000
5106.90000
5119.10000
5131.37500
5143.80000
5156.37500
5169.07500
5181.95000
5195.00000
5208.20000
5222.60000
5233.50000
5245.17500
5257.47500
5269.67500
5282.00000
5294.47500
5307.20000
5320.22500
5333.80000
5523.07500
5534.30000
5545.80000
5557.82500
5569.45000
5581.17500
5593.02500
5604.97500
5617.07500
5629.35000
5641.80000
5654.45000
5667.35000
5680.55000
5694.17500
5709.57500
5721.77500
5734.12500
5746.60000
5759.22500
5772.02500
5784.97500
5798.12500
5811.45000
5823.35000
5834.30000
5845.97500
5857.55000
5869.10000
5880.85000
5892.67500
5904.65000
5916.75000
5929.02500
5941.50000
5954.17500
5967.10000
5980.32500
5993.97500
6123.05000
6134.17500
6145.75000
6157.40000
6169.00000
6180.77500
6192.65000
6204.62500
6216.77500
6229.07500
6241.57500
6254.27500
6267.25000
6280.52500
6294.30000
6423.02500
6434.22500
6445.80000
6457.97500
6470.22500
6482.60000
6495.17500
6508.00000
6521.22500
6535.50000
6547.05000
6558.65000
6570.37500
6582.20000
6594.15000
6606.25000
6618.45000
6630.80000
6643.30000
6655.92500
6668.72500
6681.70000
6694.82500
6708.15000
6722.65000
6733.57500
6745.27500
6757.77500
6770.02500
6782.42500
6795.02500
6807.90000
6821.20000
7023.10000
7034.47500
7046.02500
7057.50000
7068.95000
7080.42500
7091.67500
7103.00000
7114.45000
7126.05000
7137.77500
7149.67500
7161.70000
7173.90000
7186.25000
7198.75000
7211.45000
7224.30000
7237.35000
7250.65000
7264.17500
7278.00000
7292.22500
7307.07500
7322.92500
7333.87500
7345.57500
7358.07500
7370.40000
7382.85000
7395.50000
7408.42500
7421.87500
7623.05000
7633.97500
7645.62500
7657.35000
7669.02500
7680.85000
7692.80000
7704.85000
7717.07500
7729.47500
7742.07500
7754.92500
7768.05000
7781.60000
7797.90000
7810.40000
7823.22500
7836.25000
7848.75000
7861.35000
7874.07500
7886.95000
7900.00000
7913.20000
7924.35000
7935.37500
7946.85000
7958.17500
7969.55000
7981.07500
7992.67500
8004.40000
8016.22500
8028.20000
8040.27500
8052.47500
8064.85000
8077.37500
8090.30000
8223.07500
8233.97500
8245.65000
8257.37500
8269.07500
8280.95000
8292.90000
8305.00000
8317.25000
8329.67500
8342.32500
8355.22500
8368.42500
8382.10000
8523.07500
8534.35000
8546.00000
8558.12500
8569.85000
8581.72500
8593.70000
8605.80000
8618.07500
8630.55000
8643.22500
8656.17500
8669.45000
8683.30000
8823.07500
8833.95000
8845.67500
8857.42500
8869.12500
8881.02500
8893.00000
8905.12500
8917.40000
8929.87500
8942.57500
8955.52500
8968.82500
8982.72500
8994.82500
9007.02500
9019.35000
9031.82500
9044.45000
9057.25000
9070.20000
9083.32500
9096.65000
9110.17500
9122.95000
9133.95000
9145.67500
9157.42500
9169.12500
9181.02500
9193.00000
9205.12500
9217.42500
9229.92500
9242.65000
9255.62500
9268.95000
9282.95000
9295.07500
9307.30000
9319.65000
9332.15000
9344.80000
9357.62500
9370.60000
9383.77500
9397.12500
9410.70000
9423.12500
9434.15000
9445.85000
9457.57500
9469.27500
9481.17500
9493.17500
9505.32500
9517.62500
9530.15000
9542.90000
9555.90000
9569.30000
9583.52500
9595.67500
9607.92500
9620.30000
9632.82500
9645.50000
9658.35000
9671.37500
9684.57500
9697.97500
9711.60000
9723.50000
9734.50000
9746.17500
9758.30000
9770.05000
9781.95000
9793.95000
9806.12500
9818.45000
9831.00000
9843.80000
9856.87500
9870.35000
9885.77500
9897.55000
9909.52500
9921.62500
9933.87500
9946.25000
9958.77500
9971.42500
9984.27500
9997.27500
10010.45000
10023.00000
10034.05000
10045.80000
10057.60000
10069.35000
10081.30000
10093.32500
10105.50000
10117.85000
10130.40000
10143.20000
10156.27500
10169.80000
10323.10000
10334.42500
10346.12500
10358.67500
10370.25000
10381.90000
10393.62500
10405.47500
10417.42500
10429.50000
10441.72500
10454.07500
10466.62500
10479.75000
10623.10000
10634.05000
10645.80000
10657.62500
10669.40000
10681.35000
10693.42500
10705.62500
10718.00000
10730.57500
10743.42500
10756.55000
10770.15000
10923.10000
10934.05000
10945.82500
10957.65000
10969.45000
10981.40000
10993.47500
11005.70000
11018.10000
11030.70000
11043.55000
11056.75000
11070.42500
11223.12500
11234.10000
11245.85000
11257.67500
11269.47500
11281.45000
11293.52500
11305.75000
11318.17500
11330.80000
11343.67500
11356.90000
11370.67500
11523.17500
11534.15000
11545.92500
11557.75000
11569.55000
11581.52500
11593.62500
11605.87500
11618.30000
11630.95000
11643.87500
11657.12500
11671.00000
11683.10000
11695.25000
11707.57500
11720.02500
11732.62500
11745.40000
11758.32500
11771.47500
11784.80000
11798.32500
11812.10000
11823.77500
11834.82500
11846.50000
11858.05000
11869.57500
11881.22500
11892.97500
11904.85000
11916.82500
11928.92500
11941.17500
11953.57500
11966.40000

