6.02253441453
6.0336211362
6.03873876765
6.04042978094
6.05038573852
6.05288498681
6.06076166373
6.06608446503
6.2534485616
6.25888895832
6.3509635585
6.35719646753
6.37770536426
6.39725167463
6.45292467439
6.45805240198
6.46867933165
6.49043745844
6.49263574577
6.52977214889
6.53812271335
6.56192626631
6.56324795089
6.57146019572
6.62028595459
6.63328822252
6.64648310133
6.69069979348
6.70292994449
6.72102521919
6.76595720148
6.79434149155
6.81064200699
6.84521402879
6.86579337909
6.9364727906
6.96337186849
6.96819418504
6.9798088488
7.01899121297
7.05297684991
7.26124201672
7.26470267882
10.9510094096
10.9673653427
11.0726454718
11.1357083793
11.2230607596
11.3159607094
11.327411384
11.4510894073
11.4765495058
11.5281625467
11.6019932654
11.7048900274
11.778994143
11.9136174519
12.0180886526
12.07551272
12.1962453583
12.3121751239
12.8766738175
12.9355795612
13.0974195183
13.237422947
13.5420845351
13.769221455
13.7809766899
14.0826738131
14.368244844
14.6019205464
71
