6.00583987472
6.01145041018
6.02422387221
6.02478153835
6.03724212856
6.04734250523
6.05297920058
6.06405355658
6.07010793272
6.08454502706
6.09326476237
6.10510997729
6.11148156437
6.13454946199
6.14197281492
6.17452587781
6.18052257529
6.19453787041
6.20651808454
6.2209201476
6.22845227813
6.2354350507
6.25027749971
6.26791508339
6.26883565198
6.28289215969
6.28900733997
6.29899891379
6.30450308836
6.32926686712
6.33087594428
6.3472337213
6.35336781035
6.39099498922
6.42012535714
6.42702437238
6.44407331201
6.46737848421
6.48480020668
6.543244753
6.57922810154
6.61944529918
6.6249314949
6.63911783426
6.66367448963
6.68480000954
6.70067235361
6.72824060619
6.74235195271
6.75105920409
6.77048187104
6.81749626138
6.86517190697
6.88109549363
6.88376562844
6.94476794699
6.97638245825
7.00755150578
7.01863407669
7.06952220877
7.07877997539
7.10481559594
7.33554914908
7.35503525465
7.36735799597
7.40618690484
7.48810936011
7.51172863674
7.54254660928
7.56276111597
7.61066235997
7.61406449578
7.620492429
7.64410806191
7.69028917163
7.69329670229
7.72127977403
7.74189250659
7.82869398876
7.85145474509
7.89883537554
7.92271058147
8.01822173794
8.11065250849
8.16928985466
8.2069177834
8.24381483336
8.35906574807
8.40247337502
8.43650193718
8.47913361137
8.51376903293
8.57378695299
8.63734607569
8.6663535092
8.69716052223
8.7282677524
10.5626160383
10.7379448492
10.7479665352
10.8773829634
10.9429004712
11.0761438588
11.1755199574
11.2136605069
11.3756037204
11.4401056002
11.8445772482
12.0405370099
12.2479862163
12.4242911699
17.9732497989
112
