6.00451841679
6.00668105999
6.02207602446
6.02752954685
6.05162162695
6.05795575076
6.06980603676
6.08098961845
6.10846197251
6.12136985165
6.13654316044
6.14705756146
6.16387798219
6.17561374702
6.18247668754
6.19158916289
6.1975559931
6.20913059336
6.22592853254
6.23535319961
6.24942471872
6.27834921335
6.28841809309
6.29517851962
6.30312236106
6.31336970026
6.32264807145
6.3357736784
6.34193529148
6.34946254117
6.37294130603
6.37435379501
6.39466132883
6.39641870322
6.41182012289
6.41954247271
6.44698437781
6.48810391875
6.5191418164
6.53024261227
6.54713251808
6.55871865475
6.5875686583
6.6055986415
6.61029937107
6.63335007005
6.67731697131
6.6908010467
6.70245498637
6.71809491989
6.73634453867
6.74162856497
6.75685553546
6.76622809257
6.79372027429
6.79721764775
6.8290401726
6.85775114143
6.88473551832
6.97630237252
7.02427285829
7.05274066511
7.06892699286
7.10558813795
7.10806228424
7.11594773619
7.13797893075
7.14116966865
7.15990260117
7.2648093512
7.30713176387
7.31757366177
7.36787448101
7.43230145877
7.43893724064
7.49327283003
7.50235680279
7.52925578262
7.57776456917
7.61696524884
7.82299103911
7.86932703453
7.91182133855
7.94353921213
8.01145687148
8.02523097851
8.04618581183
8.12727728083
8.17605687697
8.19728348747
8.25583376553
8.32037367354
8.34049720216
8.35969557272
8.44346982603
8.79772750135
8.8296692667
8.90014032688
8.96931601863
8.97369703925
9.09187016865
9.12406245107
9.15441301614
9.21187522886
9.28916871236
9.65848645494
9.72790412993
9.81495672865
9.88020948539
10.7647874411
10.9071528152
10.9589145475
11.0429779823
11.0984169374
11.203542692
11.2602878441
11.3242170099
11.3683664988
11.6846123171
11.8447220948
11.9627256275
12.2508073103
12.3448088488
12.4622689279
12.833596932
21.93278951
126
