6.09793591964
6.11005764027
6.11433106812
6.12308844068
6.13127284655
6.18244206126
6.18460019799
6.19673585644
6.20993650719
6.21503908271
6.22122806151
6.22428815342
6.23939120826
6.24109364038
6.25587551006
6.26510708195
6.27726632795
6.27808496597
6.28463540756
6.285473887
6.30252886654
6.31130551893
6.33465720426
6.34272161894
6.34975306414
6.35917073423
6.36652594827
6.37978977657
6.38967240715
6.40180081706
6.42196909591
6.43367444717
6.44412240446
6.4678180341
6.50990549283
6.59664186968
6.61102674917
6.64200156943
6.65634040046
6.68062432477
6.6932311622
6.71469456213
6.74874948968
6.85510356003
6.86078729428
6.9094766811
6.91579914466
6.94000963746
6.97305464681
6.99056191628
7.03935051477
7.06673721467
7.08683748898
7.16337492334
7.17208902816
7.22702081438
7.26524503699
7.2830653335
7.36569720772
7.40514308632
7.42257122073
7.45337500539
7.46747000426
7.52134577855
7.57211202939
7.62218338915
7.62765592405
7.66126033687
7.69563817125
7.70598856169
7.72547949627
7.75215651277
7.79156641579
7.79768910535
7.83759876341
7.89888813465
7.91619690538
7.92743334737
7.93567998232
8.00467274582
8.03690903924
8.09476794221
8.17541644733
8.27018574578
8.30417082773
8.40161394564
8.4145494152
8.44490739103
9.16276087226
9.23623694708
9.25622844338
9.33157907417
9.48104584838
9.5600894542
9.6190717004
9.68377325887
9.78761485196
10.0431061065
10.3123448095
10.4432765604
10.4527726094
10.5653887925
10.7628138543
10.7970819454
10.9468807478
10.9609191749
11.0640541665
11.1279427216
11.2680672747
11.3158158174
11.5125508392
11.6032932238
11.6776236236
11.8269920742
12.0233753384
12.2283486127
12.4649682595
12.6688013182
12.8229983549
12.9331821936
13.2534810058
13.3166811438
13.3720198986
13.5091435469
13.5796120708
13.5947887174
13.6562488694
13.7595550329
13.9781987307
14.3301387162
14.4373820647
14.9600763761
132
