6.0269031597
6.03579295629
6.04103991253
6.04690475676
6.0579953727
6.07421698453
6.07696240898
6.08260657675
6.10421101709
6.1150000977
6.11725759197
6.12256421541
6.1364206233
6.15252052445
6.1616340776
6.16683108811
6.18890629282
6.19016409787
6.20643241872
6.2601837627
6.26820882225
6.27981398099
6.29268890794
6.30539492924
6.32244648846
6.33468070712
6.34701541603
6.35594699764
6.36103424083
6.36718202495
6.40127324988
6.41947750421
6.42618345384
6.43672955447
6.4536863325
6.46589380943
6.48317996606
6.50384097101
6.52722270352
6.54903645377
6.57107325029
6.81832101844
6.82419472809
6.85591515961
6.87958125428
6.89969429072
7.06343621522
7.10675210885
7.15099372999
7.17301727098
7.21772714627
7.23063969238
7.25350777635
7.27046983265
7.27674573656
7.44163677964
7.44791563506
7.47187415387
7.51152662113
7.53725383835
7.61186713301
7.61560662441
7.65729483458
7.66469925904
7.72763042832
7.74345187834
7.80888840099
7.81506080923
7.83881253265
7.88862774391
7.95323103739
7.98841320952
8.01231762648
8.0285701854
8.12811352685
8.14854002192
8.19830229844
8.25797097603
8.26779668123
8.29881498319
8.65242753401
8.666755385
8.70579992322
8.73547270917
8.83765675021
8.9604195719
8.98023522295
9.0101276384
9.13872360929
9.21035510257
9.25417387212
9.27972112942
9.31648376376
9.38790533191
9.42739910092
9.45525990529
9.48910002305
9.52341408709
9.61221883066
9.69452049014
9.73983153774
9.79057527325
9.93033882813
10.0263077757
10.0537203398
10.1904714741
10.3095243523
10.3436888502
10.390792679
10.483748207
10.7087097585
10.7262962462
10.7943136105
10.8942437696
11.1899628672
11.3204864023
11.4882243134
11.5181923461
11.5721353618
11.6211828844
11.913499302
11.9880696228
12.0468192865
12.1128869539
12.7340911116
12.842556952
12.8775846723
13.0879032926
13.6398714509
13.8035305368
13.9285827517
14.235385652
14.3302490344
14.4547351532
14.8580643049
135
