6.02404724414
6.02876863018
6.03984253532
6.06431629462
6.08170599124
6.11371427719
6.13063775715
6.15337720462
6.20204940127
6.20605258671
6.34654435639
6.36597923192
6.42343085249
6.42676395562
6.48612570034
6.51973310889
6.59766801245
6.65678079106
6.77919539508
6.85137251283
6.91971235498
7.01026390757
7.05340396506
7.44146580085
7.54601087325
8.06475629905
8.25230829114
8.37423148584
8.65829076722
8.79956915551
8.9133459774
9.13385738732
9.26559283811
9.31966721786
9.54581082772
9.75065448724
10.1094100801
10.3485266186
11.1688298019
11.6706445192
11.8395332163
12.3783704597
13.0377594601
13.8933878085
14.0321513301
14.1978615544
14.6421223766
47
