6.03440832879
6.04343531767
6.06258478521
6.07697219489
6.08336437906
6.08662177348
6.11765650057
6.14680293909
6.16784227074
6.18807984343
6.20402688049
6.27610610405
6.29318054501
6.41657802728
6.4462985045
6.47670261646
6.50571774729
6.60453648212
6.63204109157
6.67576151596
6.74956660037
6.8289312545
6.86046099862
6.87348518887
6.98596522386
7.0740774388
7.16981345592
7.21368727665
7.40467636491
7.61016115856
7.65883084326
7.76703142707
9.67727276595
9.89067337059
9.9740540445
10.0432808496
10.1388523312
10.3192588235
10.4800838779
10.9490690486
10.9703213867
11.0999212088
11.4025339344
11.6666278637
11.9219392105
12.0400343663
12.2920349289
12.4205447477
12.8220644979
13.3037087553
14.376786342
15.3778115216
52
