6.03542664908
6.05774518757
6.06334119061
6.08770379
6.09625002191
6.1216762222
6.22165156718
6.38362541158
6.39132255547
6.41029467102
6.42087915844
6.48503173468
6.49714679839
6.53276497879
6.59179732715
6.6263445767
6.66261544714
6.67427505777
6.78463878506
6.80763706672
6.88451014263
6.93410305619
6.98285266891
7.05405470989
7.07035230711
7.07520863985
7.08383601034
7.35626020584
7.40861039704
7.53431753268
7.61747283215
7.77508933662
8.22144964395
8.3085863947
8.7074980144
8.97815842516
9.33250601293
9.68715560368
10.369794577
10.4242101218
10.5237679552
10.6612782988
11.2127530573
11.4059590461
12.2724411308
12.7024663225
12.8852722795
13.6119206473
14.9483348868
49
