6.03196029928
6.03751044031
6.07935835762
6.11428322155
6.11707609214
6.12809911325
6.15444416166
6.19591190119
6.23535413867
6.39367983135
6.41477752099
6.43618320583
6.43927958275
6.49218722655
6.51993923344
6.53705084115
6.55101178556
6.55732679512
6.56999295984
6.61651739222
6.64827800337
6.69733333076
6.79453771926
6.79957791376
7.10473813799
7.16863187764
7.22198064757
7.33637168909
7.38551783547
7.41441343382
7.47133793041
7.61283746152
7.70010813894
7.76764949973
7.77961285699
7.87933873563
7.91587392469
8.55340612731
8.75005324778
8.85202225596
9.04603816459
9.1860367209
9.49692133498
9.70760656727
10.197739777
10.2344293522
10.3963638322
10.7768569387
11.0127086861
11.4875770943
11.691745363
11.7415981788
12.0567380801
12.2602668348
12.5805634553
12.745513473
13.1707010332
13.4932977014
14.1802093447
14.2807334873
14.4647543013
15.3191386883
62
