6.00609381451
6.016794658
6.03146646337
6.06355335761
6.09520230465
6.10029120008
6.13632695889
6.15430288494
6.15693768554
6.18438869983
6.24934380167
6.27903029402
6.31125849813
6.48143967351
6.56191986341
6.62243855063
6.70513877341
6.72772914791
6.74610683691
6.89931323093
6.91359160644
6.96932341865
6.99422713049
7.0628403268
7.09802555249
7.18394151431
7.30726195808
7.31521760646
7.46165181984
8.07680488746
8.20970860523
8.35942117562
8.41454581469
8.55567104184
8.77153837043
8.97360018496
9.15803694203
9.37274938062
9.58132976128
9.81931755195
10.0614853995
10.191345411
10.4085454032
10.7081393975
10.8127524767
11.1112999903
11.5329816529
11.5896121542
11.7641631318
12.2488092584
12.5869393718
12.7714003033
13.0846543935
13.9431991132
15.159462511
55
