6.03879461691
6.05807446357
6.08203336257
6.15913701864
6.19371618178
6.1958970564
6.25615299424
6.2585490502
6.31471470606
6.31726931743
6.32771855354
6.33873418893
6.34300575466
7.04322879379
7.07335074681
7.16608995966
7.17847421507
7.25542180424
7.33230081776
7.38785717255
7.51896071572
7.61549720028
7.63522501184
7.80406814188
7.93589833007
7.95278539859
8.09248760155
8.12767946135
8.19496131632
8.25380596297
8.38661372556
8.47597769549
8.64381892669
8.70335188443
8.8964863207
9.03144504976
9.77621995123
10.8756279019
11.4694104343
11.5037742623
11.636909698
11.9895364423
13.1870264082
13.7714604484
15.0831881033
45
