6.00521231752
6.0116843518
6.03655192399
6.086481167
6.08910123288
6.10706130513
6.13793415724
6.14062082694
6.16010646479
6.21690768692
6.25925689649
6.35611009835
6.3891519933
6.41432156454
6.51339741376
6.82432323985
6.84905300085
6.86145783842
6.89142697731
6.89756883874
6.99292573235
7.06231460646
7.20389383099
7.25589456378
7.36758874653
7.39037537226
7.46979266734
7.55951684061
7.64365688607
7.88449459351
7.97156487324
8.07474192614
8.16878632828
8.21116224488
8.51200143771
8.70901673523
8.94263719967
8.9917720821
9.14105361469
9.47703303283
10.41640532
10.7626771401
10.9373429402
11.3152953556
11.4093850068
11.7818540459
12.3279499135
12.5449211338
13.0926425892
13.5929133101
13.7294338228
30.6549657183
52
