6.02342404075
6.04080049895
6.04356113472
6.08926098701
6.11642304336
6.13215039893
6.16574086948
6.17265431363
6.19697517742
6.20793234603
6.24795361858
6.26740561008
6.27386451523
6.30004286074
6.33524273895
6.3463313766
6.35011826435
6.35949619724
6.36545703075
6.4492404574
6.51120593046
6.54671559744
6.58379616788
6.63065277851
6.70271116049
6.71123703865
6.78059502495
7.65353413639
7.66937224407
7.73475455142
7.92874168082
7.98177327131
8.06002529805
8.16960064743
8.37862133094
8.80750296359
8.91722631477
10.1536839101
10.3381404835
10.7236509654
11.1247979824
11.5097449031
11.9134259677
12.1231090672
12.2815207446
12.6335588702
13.2401254017
13.6912769958
14.0585442354
14.5480591771
50
