6.02255349561
6.03524647404
6.04507425721
6.06159700192
6.08060108777
6.09619550615
6.13424384671
6.1570148665
6.18217411758
6.19560822941
6.24297469614
6.29162825806
6.31281303999
6.3423042644
6.39410773791
6.42581287211
6.43158235976
6.46633417074
6.64595184994
7.29502539132
7.36236774197
7.54563591418
7.75655843127
7.81487631452
7.98573818994
8.12237046704
8.19927953819
8.3398137424
8.46181686748
8.57816806543
8.85333039838
9.05982157858
9.32571304314
9.46287225689
9.68306618069
9.89550949638
10.7294688299
10.7950070369
11.1285294988
11.6084462534
12.0065381321
12.4241108214
13.5511726992
13.6140204573
13.8680624321
14.6049170239
46
