6.01081368168
6.08866649577
6.22257587129
6.23031224143
6.23860716579
6.29587938735
6.30842542878
6.35481090477
6.38108984702
6.39174938737
6.43787868832
6.51993922409
6.58491839743
6.62431327258
6.63208502884
6.69690539854
6.70549479263
6.74438539203
6.84764966107
8.9429916365
9.15379383192
9.25059741645
9.27028026576
9.39523911217
9.6771557854
9.9403887901
10.548661684
10.7524290871
10.8633985519
10.886524427
10.921731124
10.954144927
10.973218641
11.373718682
11.673351125
11.7203485264
11.9183210874
12.5088805649
12.5776297022
12.9362214
12.9728977249
14.4856208597
14.6949825755
43
