6.16602408311
6.20062742668
6.24403682071
6.28510950876
6.31410322156
6.36479502059
6.40225508809
6.43315454577
6.47847945905
6.50915230628
6.59787453702
6.64771629827
6.67273565196
6.86831206438
6.88909772872
7.04177668477
7.09527864086
7.13934757914
7.33550247183
7.76673077075
7.89614985068
8.01300052181
8.30937514781
8.4993371532
8.72700272672
8.74117554715
8.9366836977
8.97321583356
9.67419683445
9.9721335928
10.1172561693
10.2173603415
10.2629087707
10.4882058699
10.8216783029
11.2630076382
11.7472060849
11.921195333
12.2566980233
12.62279256
12.9354857233
13.5248170373
14.1268034188
23.3884268703
44
