6.02304242383
6.05516837315
6.13170277393
6.16895165954
6.26355865342
6.31779585806
6.40422937092
6.40850794784
6.42877277796
6.4509771587
6.51975850717
6.5525709077
6.58116297154
6.65339438096
6.71386548663
6.76381698811
6.84802454317
6.92471972151
7.03192564203
7.1045744573
7.21608339513
7.26729613788
7.34730144711
7.44289168357
7.65891005146
7.72460371532
7.74075629854
7.90606218037
8.01208051246
8.19902021748
8.27721941506
8.37511382118
10.1574541372
10.2978551338
10.4874791708
11.4751563346
11.5532265287
11.6994217919
12.1354403681
12.9753049847
13.2566355214
14.9395804299
42
