6.01238049886
6.02638002297
6.03052704552
6.06281080968
6.07061142407
6.08310878364
6.08762176153
6.10556932992
6.16397368011
6.20002103776
6.21563022554
6.23678277555
6.26311999917
6.28123291193
6.29488072957
6.3078751375
6.36762321522
6.43176213374
6.47018898779
6.52400231012
6.55918481857
6.5966858607
6.63552834853
6.79878416849
6.90490306559
6.95370201292
7.03216334219
7.19212240714
7.30931669271
7.34523281788
7.43678775157
7.58976553561
7.63641059851
7.69082479689
7.75933636807
7.98638343868
8.05232181747
8.09742154631
8.20235784623
8.5265085141
8.57988568998
8.65697483068
8.76107003403
8.93924951751
9.07275957168
9.11855450574
9.27782511005
9.35643501794
9.65145934261
9.71978413832
9.84597125126
9.93005525731
9.96777346234
10.3607649153
10.5600073198
10.805275841
10.8901969511
11.0379158907
11.4233491238
11.6823665369
12.2219618237
12.3202370801
12.5876033837
12.9166582234
13.5533628417
14.1949785463
14.6355746063
67
