6.04235029034
6.06453812961
6.06687598765
6.08064971764
6.11223475175
6.1508824851
6.1648981339
6.20098551846
6.22451142112
6.25554766116
6.2777568724
6.31654419691
6.36134401401
6.42410887877
6.44299692253
6.55559220801
6.59527355705
6.69176084962
6.70268811642
6.71533045886
6.73239174039
6.8110176701
6.86346974716
6.89610622097
6.93530231474
6.94012701982
6.97826500004
7.01997736696
7.06390124354
7.13718783562
7.2060646449
8.16852077492
8.40163770527
8.48301617249
8.87891813488
9.09791891731
9.22338629562
9.49690854594
9.72524067149
9.7547533141
9.91013048859
10.0536250388
10.1347425128
10.3722344311
10.776743903
11.0513654793
11.2651873321
11.416095066
11.6374539303
12.2793367529
12.4814437579
12.6821429625
13.1366043606
13.3648174021
13.5527386527
14.3333260898
14.9998231562
57
