6.01224960277
6.04446831491
6.05283122975
6.08877753078
6.10248964856
6.20720960455
6.22735750347
6.26763631055
6.28819450349
6.30835708929
6.32596128883
6.34500830197
6.41057294999
6.42798825131
6.46394059791
6.4926614412
6.51848750824
6.60423010325
6.66538917623
6.70739711691
6.81668391642
6.86941740976
6.91924685146
7.1789774859
7.18814704677
7.22966828881
7.36524633721
7.7449447772
9.42779011815
9.54228752512
9.71936691314
9.78604511113
9.87260183878
10.2230277624
10.6473785172
10.8739065665
10.9114752817
11.2507805275
11.7310259601
11.8980128802
12.1486829194
12.5289886138
12.7602154835
13.258314916
13.9049700504
14.1237638392
22.1583321359
47
