6.01537965816
6.02247567636
6.0262622198
6.18659773703
6.22669684006
6.24383747822
6.25058096737
6.26094567926
6.27145292357
6.32877823859
6.35055868119
6.39315602035
6.43716453267
6.56874211541
6.61969017785
6.64655225404
6.65436865939
6.6806574348
6.69664706773
6.72977596864
6.76199735229
6.81489950191
6.83370517559
6.84430112891
6.88332192652
7.00267825572
7.18143818082
7.26913258674
7.38365994155
7.45951032586
7.50254814095
7.64947133829
8.07685947178
8.15004518888
8.2478108029
8.25697934011
8.52480376327
8.63996086567
8.8460654021
8.98580753336
9.22725426959
9.23721697641
9.35065136053
9.55298147574
10.0918539093
10.2873749159
10.4533769169
10.5870114222
10.7890244018
11.0292731108
11.7753370735
11.8205668132
11.9403067515
12.4126797609
12.5013954103
12.9320894981
15.0626729274
57
