6.01934768029
6.02706958938
6.04835981072
6.08060303295
6.09821837871
6.10143579744
6.11294169686
6.1421890484
6.167935796
6.18237840188
6.20288891915
6.24047370592
6.37078244918
6.39209909623
6.43113951023
6.50913688778
6.57472997389
6.5990216234
6.69479511896
6.74725182768
6.76012436957
6.88282066448
7.68609166153
7.74098653065
7.93371804241
8.10137880145
8.22422495554
8.56398721476
8.74706353502
8.84234103027
9.03726949726
9.29024095938
9.43523471208
9.55972454925
9.78429219241
9.81467541097
9.87107823119
10.10994237
10.2104691999
10.3833466213
10.8065917272
10.8999541982
11.6232278543
11.8905720791
12.7247181047
13.0742990892
13.7396723198
14.4461268235
15.2058445162
49
