6.00311317884
6.02421303177
6.03261331864
6.08387496187
6.10721279175
6.13395590069
6.14911119282
6.15866956244
6.17207868842
6.20485168669
6.21459186695
6.36383745249
6.38047344475
6.41425461875
6.45464285152
6.4619188913
6.51888379763
6.55758580435
6.5760843903
6.60774528862
6.62706945281
6.87229953157
6.9024118952
6.95208524001
6.95931998322
7.00654349999
7.08822826038
7.26502472685
7.31077582469
11.0136473978
11.3026171661
11.3240687755
11.7819110565
11.9720036932
12.4457971796
12.4759571986
12.8407796939
13.0687519043
13.4926426468
13.7977246045
14.123626218
14.7255640142
42
