6.00191243455
6.11232211793
6.13773614488
6.17321327929
6.21126597993
6.24670956869
6.26379592969
6.29052556513
6.65925886307
6.68219009275
6.7241778451
6.76104925093
6.79360910221
6.85178817122
6.95979411433
6.9955251337
7.05184693992
7.11148547696
7.20094944105
7.32168607828
7.37983215814
7.39119818128
7.40318854018
7.54752425933
8.32718909448
8.33842517997
8.50901654573
8.61013234052
8.69649675664
9.09243281488
9.83635250755
9.8612825437
10.0262743556
10.1115471992
10.3088071093
10.6553798582
10.7961393468
11.2279346568
11.2575801784
11.4899352392
12.0209060089
12.3369016047
12.4383424114
12.8321413785
13.0572448994
13.7353117735
14.0811809762
14.8852374758
48
