6.022665148
6.04721560856
6.06927039739
6.07889988746
6.11711361147
6.12849548015
6.16163813595
6.21260249601
6.24324534245
6.31960169688
6.37645746496
6.40582161093
6.42564332552
6.43017216482
6.45827835451
6.53136411448
6.56517987313
6.6195955438
6.66752243785
8.11311698688
8.38041343312
8.48363221685
8.74815783541
9.01442583908
9.12801460178
9.37192865462
9.4755810268
9.7422081659
9.91372580839
10.0004125317
10.6502868112
10.8075915069
11.302969232
11.8091873576
12.2818161104
12.6525792094
12.929782733
14.2600702397
14.9689029205
39
