6.12426177943
6.1454259113
6.18563778061
6.2050677413
6.29719471299
6.31891655809
6.38325993719
6.44176603488
6.44550202311
6.4509716258
6.46525638529
6.5200585705
6.54721787593
6.68072850431
6.69169109912
6.77912882168
6.87847125522
6.98222680607
7.25056345298
7.56496674401
7.9510490376
8.13927142016
8.17155353058
8.23531150237
8.41778550449
8.51509877901
8.69383365999
8.77105126412
9.07912979127
9.30740067374
9.33125750282
9.66820845105
9.71688942618
9.80452614708
10.0454770977
10.1913701827
10.5737200352
10.7685509178
11.1022128257
11.2836431388
11.3306908693
11.3488399529
12.1238074519
12.9458145391
13.5517486684
15.8858215288
46
