6.00968643783
6.01774456041
6.05352300986
6.24054433225
6.27659782701
6.28399556642
6.3008682099
6.34301629986
6.40723492628
6.42817411756
6.52061827796
6.56568359333
6.60153734891
6.73041318604
6.77924861673
6.86182013983
6.9394785852
7.29403689502
7.30801151117
7.42691655277
7.6077860706
7.87517562732
7.94288555547
8.189675451
8.50898492485
8.60171497012
8.7076188911
8.77260353357
8.87995880332
8.9962636755
9.22481705582
9.24178318511
11.9644612114
12.5049307733
12.9104213277
13.4400239928
15.1511391075
37
