6.00833907665
6.03190768298
6.03853694176
6.05197336748
6.08055768072
6.24322664481
6.25955140932
6.28115011474
6.36380940051
6.41272525162
6.56620246707
6.59196143379
6.68813238702
6.70758470177
6.74036035646
6.75707954193
6.79490052113
6.90064536005
6.90661749173
6.9491895773
6.9967823706
7.07411601048
7.09092368695
7.12832459197
7.4233854762
7.45882895509
7.48110855012
7.54987735499
7.75474040697
8.24851627027
8.32464837065
8.35737411724
8.65486210762
8.82322372361
9.03352623941
9.08851611018
10.343954253
10.532002973
10.7921251903
10.9298282362
11.2517071159
11.3432530534
15.8616039528
43
