6.03865107288
6.06733662303
6.12527516635
6.16378439919
6.38644708398
6.43994650578
6.47755854843
6.61378000595
6.68345695879
6.76284619092
7.01555580124
7.28246392468
7.33436675246
7.35689158847
7.40578026958
7.44566255189
7.51287126579
7.55091804041
7.60513237873
7.69129014518
7.72009457787
7.99747893695
8.00482234699
8.06775591159
8.09034619004
8.15992349554
8.28874130786
8.4911795299
8.57234592706
8.62791472959
8.84359334353
8.90922331211
9.02659786209
9.0411921631
9.14119309234
9.31512329537
9.40677983405
9.68227108949
9.70787907038
9.75875797563
9.80086337339
9.84652127843
10.6802184721
10.8272213159
10.8457276518
10.8746720588
10.9494248078
11.0306565947
11.0591299604
11.1338711126
11.1871769636
11.2734737258
11.5211937298
11.6150375639
11.8055805645
11.8766883802
12.0255654545
12.0748029793
12.132818054
12.1667040999
12.2121580389
12.2317783208
12.2940749799
12.3082129773
12.3609236405
12.5786246349
12.7786948174
12.8743471412
13.2366755582
13.3363726326
13.56969776
13.6472615023
13.6817959982
13.8280892484
13.9902086948
14.1235132119
14.2942495322
14.3700462171
14.4442857389
14.49380882
14.5185971368
14.5840878271
14.6174100846
14.6849046573
14.9189821173
14.930608674
15.2645900806
15.6243707558
15.6692837726
15.6960516035
15.7540161163
15.8007460542
15.8191521707
16.1076231583
16.1911031782
16.342895704
16.4389863414
17.0457503179
17.0582713249
17.103908263
17.1107948571
17.2203999408
17.3944817825
17.6928533586
17.9715686119
18.0161591369
18.0598965279
18.1264512603
18.2390155721
18.3091350983
18.3689052555
18.7148293189
18.763258683
18.9082682377
19.2202239976
19.2375532334
19.2729827982
19.3357569525
19.4216489389
19.4595592746
19.5151879987
19.5558906293
19.5782418297
19.6334233777
19.7397248294
19.7545305838
19.8207523326
19.871873381
20.0616326813
20.3236755423
20.4438009671
20.4593939693
20.5184178008
20.5718281288
20.5949689273
20.7099365185
20.8101653566
21.0712595576
21.1237536824
21.3280768542
21.4859481459
21.6829254876
21.7080418763
21.7652045475
21.8353731034
21.8778518864
22.0464411003
22.1243746464
22.180155818
22.5005028571
22.672470298
22.7657649693
22.9189346943
22.9962159457
23.041130629
23.1071659552
23.2728367846
23.3107168541
23.3186229377
23.3717963825
23.542427757
23.9517496896
24.0574717268
24.1000547067
24.1087092558
24.2052063221
24.2127171991
24.265585573
24.3073508857
24.3746680671
24.4375275376
24.5348483216
24.6174325412
24.6840879115
24.6992315072
24.9220401743
25.0635392763
25.2258306749
25.2648380975
25.2943173028
25.3415237108
25.5424998975
25.651980495
25.6978031958
25.740776671
25.8896000414
25.9990780179
26.0653712382
26.194489245
26.3567286841
26.446164066
26.4998335886
26.5108134855
26.61014465
26.7718267145
26.8761801826
26.9675606315
27.2053568063
27.5046671496
27.6674433894
27.6739490264
27.7167793891
27.8152507871
27.846924703
27.9223754039
27.9945567727
28.2765632577
28.4430262255
28.5693170489
28.8747469487
29.0484376674
29.1547254225
29.2937688827
30.0446334189
30.129425712
30.2339637715
30.3367965637
30.3421712565
30.4254706282
30.4785214309
30.6325808024
30.7748497905
30.9096508167
31.0428297612
32.1525338173
32.1937421402
32.4132673896
32.4420303066
32.4765164926
32.5403454808
32.700941609
32.7755958211
32.8157958866
32.8430563261
33.0258865711
33.1334254519
33.1951833159
33.2761503907
33.3081414632
33.3981149898
33.6424355982
34.9985141215
35.004177564
35.2581929609
35.3192883009
35.3592453987
35.3923289857
35.5569474429
35.654794492
35.8377115512
35.9863033247
36.0810877999
36.1345095455
36.1544133239
36.2801430597
36.3635569338
36.4169499619
36.4835700202
36.5404552679
36.6438209951
36.7044393718
36.7746138421
36.886812437
36.9677443571
37.2347312632
37.253844857
37.3091468244
37.3535029342
37.4367071118
37.4929175832
37.569342371
37.7624930082
37.8440067193
37.9580261662
38.3432258644
38.5383034022
38.598565072
38.6978942019
38.7400920413
38.7827385429
38.8106631471
38.8441081859
38.905095668
39.012990279
39.0584779607
39.2183737434
39.3456435829
39.4153195565
39.6435076426
39.7512522504
39.8000130215
39.8173187442
39.8879814446
39.9893808929
40.01986553
40.048027569
40.1885738327
40.2576272533
40.3857774993
40.4725226316
40.5945871975
40.7600234461
40.8420131569
40.9022404774
40.9204880138
40.970923856
41.0238157967
41.0677333979
41.0968706751
41.1026658306
41.1101145413
41.169181972
41.3386421213
41.5086170437
41.6267629078
41.779480599
41.8389716628
41.897427682
41.9886884668
319
