6.06357197391
6.070778655
6.14421679044
6.1562584909
6.26262298301
6.31739134136
6.38724805001
6.6103038723
6.64992454356
6.71993082248
6.85816983728
6.9917840383
7.23434088106
7.24399370898
7.27565130202
7.27902137938
7.28881622047
7.30626912906
7.42333130544
7.45212701735
7.52085092836
7.70734106015
8.42737014931
8.57607728672
8.71072939344
8.78051437093
8.88301179933
8.95454219354
9.05180828269
9.11492389113
9.37752344428
9.62748389711
9.66214959698
9.67771877217
9.73705542931
10.1311015236
10.2345947653
10.3336013089
10.3626709269
10.4519639856
10.6025697214
10.8949341742
10.9442582217
10.9831879486
11.2019122324
11.3645080683
11.4470293919
11.4560228512
11.5691741478
11.7719328215
11.8718293253
11.9878885017
12.0372622451
12.0558236254
12.1046164569
12.2100617627
12.2440478812
12.3540070526
13.2171872374
13.2646608546
13.3030025643
13.3499605081
13.4188096844
13.5131666421
13.576504756
13.6160023695
13.6818387836
13.7769977385
13.9229559288
14.2433082299
14.4523484857
14.514954382
14.6807679698
14.8377744692
14.900318122
14.9750688681
15.083281753
15.1589848722
15.2878227615
15.5442094215
15.563589472
15.6448640315
15.675946383
15.7064770271
15.8324045722
15.8516778502
16.8532611391
16.8927634918
16.9896874662
17.3372558124
17.3808911615
17.4421585826
18.0591601762
18.1542338167
18.213042191
18.2807309105
18.3955533393
18.4766565801
18.5214048841
18.5489364596
18.6639033448
18.74312666
18.7676346283
18.8337538299
18.985408063
19.2675065945
19.3285578901
19.3602677895
19.4280607841
19.4985793602
19.6012940117
19.8419956713
19.9705342994
20.0508606969
20.1628668572
20.2647510388
20.3640381733
20.4499083227
20.5162141361
20.5274719885
20.5913426385
20.6132852348
20.6248373972
20.6791271422
20.8136825703
20.8610518756
20.9784754193
21.0369240901
21.0733652421
21.1658796573
21.2691808466
21.3281427803
21.4948256468
21.5638923538
21.634049622
21.6404166833
21.6738601559
21.699297468
21.7368557935
21.7674140027
21.7968899833
21.8178602758
21.8919867706
22.0011092843
22.1386848756
22.1813684352
22.2897216194
22.577211671
22.8567702189
22.8678339199
22.9081791403
22.9364993486
23.0725793345
23.1622223712
23.2269821455
23.2821172286
23.3220399639
23.3824653907
23.4155746962
23.4545735922
23.5398727718
23.6543302047
23.8791991619
24.0470634913
24.0668579462
24.1048572493
24.2040684544
24.228260774
24.2344371854
24.3065419367
24.3718660759
24.4649113204
24.498234587
24.6369136983
24.7929318538
24.841928042
24.9276126583
25.0736112953
25.2640040936
25.3023876133
25.3427663523
25.4748930132
25.5213926503
25.5963310267
25.6977863971
25.7327421883
25.7634456726
25.7986625559
25.9177832469
26.461958923
26.5170796002
26.6644546259
26.7466584932
26.8022738489
27.3519067189
27.6580018303
27.6818998489
28.096563561
28.5658736678
28.5871694504
28.6168210291
28.7175515188
29.126871409
29.2229144262
29.2834634743
29.2892772429
29.501860988
29.6443644013
29.6628175353
29.7382274334
29.9830264336
30.0974858431
30.4403864286
30.5515478833
30.588682391
30.6055839028
30.7797373121
30.9373810068
31.0284621828
31.1326445649
31.2475137433
31.2878948732
31.3089388922
31.3643225569
31.468870026
31.6528926798
31.6620024777
32.5476233635
32.6398466074
32.69431196
32.7418018409
32.8632453651
33.6477826398
33.6941774064
33.7835503382
33.9903698631
34.0389642336
34.045730098
34.3645407337
34.4801945189
34.6329617195
34.8051196256
34.9433851318
34.9894977914
35.0295918096
35.0878273065
35.1736436899
35.2428982983
35.3456060372
35.4518926371
35.635214485
35.7590032241
35.9786724935
36.0804479439
36.1516913989
36.1983440802
36.2506069788
36.3404231021
36.3722243054
36.4469840156
36.4917898681
36.6212246543
36.6520513357
36.8128707031
37.1357895269
37.2352660595
37.2680295285
37.3344881232
37.4449160662
37.4838467113
38.420538728
38.4556259434
38.5069848576
38.7635846538
38.8461492645
38.9026343343
38.9501752688
39.0991453613
39.2033425013
39.2864259258
39.4486565223
39.6211601827
39.7869084153
39.8520266971
39.9389821075
40.0559918022
40.1627422906
40.3444495483
40.3779369135
40.4689840771
40.6672794219
40.8882928364
40.9813600282
41.2278539285
41.3059828878
41.3668355452
41.4607926074
41.6897518702
41.7790137943
41.7957654003
41.9626383244
301
