6.02975645731
6.0688355469
6.12004254341
6.41283877109
6.51883433561
6.61023673139
6.68388413205
7.07185279514
7.2611074514
8.20296021356
8.44557186095
9.72077756545
9.78037304195
9.86433451766
9.9476234447
10.5665984171
10.5898690397
10.8400278525
10.8957133966
10.9291598999
11.0221967894
11.0822547538
11.1786907007
11.2033660995
11.3162144827
11.3513877322
11.3573925171
11.5238129132
11.5702706064
11.5830945493
12.033847979
12.0658213005
12.1196802025
12.2525266049
12.2842933607
12.3922791769
12.4757889967
12.5814000892
12.703444167
13.0117562388
13.1042295869
13.2203279111
13.2493514121
13.3080188438
13.3470756376
13.4285321207
13.5289598643
13.5397158827
14.0067685589
14.1432745168
14.221963988
14.3099387587
14.4330525753
14.485823729
14.5408301155
14.5522688767
14.6427815593
14.7340302519
15.2445737458
15.4276205426
15.4559222415
15.6943171897
15.71369228
15.7664654114
15.8203270342
15.8543607425
15.9539712953
15.9838046418
16.0201365618
16.0738959628
16.1271814656
16.2595591332
16.4337093978
16.6698999924
16.8683065278
16.9204009992
16.967453651
17.0209161532
17.1417152265
17.2860603968
17.3348152175
18.0645660991
18.1027954919
18.2275989838
18.3176095414
18.4210888405
18.465633021
18.5558467862
18.5964860707
18.7162467485
18.8304474522
18.9770684142
19.0870005797
19.1057441619
19.324965049
19.3477087642
19.3900525069
19.4838466273
19.5421867377
19.7665666262
19.8834680952
19.9782894821
20.0744478649
20.2324961903
20.2571462413
20.3491705585
21.7393007669
21.7762206034
21.8229129825
22.9147690346
22.973005343
22.9966148773
23.0394497902
23.150174914
23.2221169125
23.337679105
23.4984596554
23.5828437307
23.6351914771
23.7611813161
23.8938187086
24.0232552196
24.0701405426
24.3385701445
24.3838712007
24.5096152871
24.5608837898
24.6336431854
24.7263441746
24.7718835749
24.9365379043
24.9884766451
25.0605625904
25.1776770194
25.322818478
25.337792557
25.40365149
25.768295449
25.7823229256
25.8407121131
26.4517791941
26.4892974619
26.5571621372
26.6125611071
26.6781196008
26.6979877834
26.8414376449
26.8491981921
26.9871357979
27.0680005629
27.1494306085
27.1903653001
27.2507399472
27.3455940713
27.5802283351
27.6603339712
27.7513270358
27.7758107409
27.7938513511
27.8180181204
27.9166066543
28.0416837793
28.0662711946
28.2312125031
28.4501974366
28.6723080115
28.814597809
28.8519928236
28.8909916164
29.0786073283
29.1188578018
29.2139336427
29.2580693688
29.3095607278
29.4610268064
29.5723704527
29.7871816104
29.8968518255
29.965097729
29.9928133216
30.0436774305
30.1757032841
30.2719557207
30.3147631682
30.3493790536
30.4011524814
30.532225183
30.5717315548
30.6468491118
30.7218477677
30.8479073555
31.2598964105
31.3479187159
31.4040125971
31.4708961448
31.5082624056
31.6089759129
31.7208698606
31.7638891692
31.8736670573
32.0406600254
32.1451133541
32.2394336843
32.257051496
32.3027422291
32.3918332994
32.4562892696
32.4963505166
32.6228973562
32.6324231421
32.7037614457
32.8947723593
32.9361059289
33.2228550443
33.3858270668
33.4587466022
33.6133193456
33.6535590224
33.6722824004
33.7665166255
34.0638626036
34.1140127847
34.3731056085
34.5822711689
34.7026924384
34.8329051224
34.8677152118
34.8783118781
34.8881165813
34.9462200058
35.0336364872
35.0770131911
35.1275072025
35.1844858527
35.3899239738
35.4169783556
35.8843569031
35.9043379882
36.0043209912
36.0874483355
36.1352761366
36.2082694718
36.2489406464
36.3141554635
36.6318907597
36.6575529176
36.7447015518
36.7743749283
36.8459071349
36.9515139391
37.1951472867
37.4955532295
37.5182163428
37.5961724126
37.7559937518
37.8411876672
37.9442186788
38.043738412
38.1322840809
38.4116009555
38.5522435514
38.6150909101
38.6838350919
38.7577333209
38.9163255446
39.0254064996
39.093350025
39.2488537445
39.3653976109
39.3934192605
39.5781867235
39.6343523539
39.7080327708
40.8050136408
40.8462793634
40.8860542334
40.9335186022
40.9862984155
41.1076474897
41.1380834002
41.1637364832
41.2388451805
41.3385495968
41.7254222882
41.9244304417
41.9952105976
286
