6.00358094521
6.04984807007
6.18765495224
6.28219427109
6.32215854876
6.49493291076
6.55799845794
6.71344108864
6.86907704239
7.19198044284
7.70768607911
8.43916411871
8.48924784458
8.53819668025
8.58911004007
8.61494152488
8.73270458043
8.8913546038
9.15335668503
9.32255900773
9.33822883563
9.63194777827
9.65729551517
9.71205255016
9.75016552203
9.83823683223
10.0794527428
10.1122875565
10.1296221837
10.1996693686
10.2093315643
10.2774864061
10.3820012281
10.4755078368
10.5459886689
10.6876615392
10.8269068676
10.8527264893
10.8635689534
10.8921947228
10.9532964575
10.9587645534
11.0194847276
11.0261609064
11.1538239018
11.161380296
11.2107742136
11.2700337796
11.3579625442
11.389690037
12.025999049
12.1142486772
12.174044089
12.1917314572
12.2363468792
12.2885755285
12.312376506
12.4566678696
12.5842050141
12.7571581888
12.8702337896
12.9227116841
13.1422290458
13.2538155266
13.2613111191
13.3059272078
13.3410248557
13.4705886509
13.4776113209
15.0455711494
15.6909821584
15.7546200706
15.7855240678
15.8318914755
15.9106861704
15.9916613294
16.0354612577
16.0843109155
16.4778325567
16.7341649768
16.8538952883
16.8975854256
17.0028155771
17.1559092311
17.228038115
17.3367447092
17.4167818661
17.468647835
17.5270653371
17.5811390503
17.5976447862
17.6138165021
17.7092866528
17.7829108796
17.9353335338
17.9500753409
17.9713141892
18.0121770158
18.0415226414
18.0671786734
18.4867771209
18.5972017302
19.1114362747
19.1663113781
19.2673108709
19.2884982461
20.5115975813
20.5593210113
20.5755622005
20.5912731872
20.6671433999
20.8241824962
20.9866343597
21.1695912415
21.2327706724
21.3715092172
21.646208212
21.6662859627
21.6961561345
21.7153630604
21.7351356039
21.765763268
21.7751474775
21.8398635053
21.9151970598
21.9482961607
22.0422401739
22.1150761558
22.160128499
22.5903753053
22.7288839769
22.8505867474
22.8933953807
23.4165487236
23.5067163409
23.6257888937
23.7430003696
23.847321795
23.9461664985
24.043160238
24.0743330053
24.125110035
24.1627186865
24.1991628813
24.2403758682
24.2496484605
24.3170977231
24.5584493901
24.7134720359
24.7618623437
24.9161624417
24.9429106212
25.136267327
25.227614264
25.2628370768
25.3405251341
25.3770703522
25.4345591231
25.4900075452
25.5565571554
25.6665276569
25.7503557019
25.8562813986
26.0047648857
26.0921813078
26.3313690777
26.4134674453
26.4585476396
26.5132071592
26.6066006129
26.6111847748
26.6738587423
26.7963942711
26.881560531
26.9486513535
27.1446062369
27.3077305462
27.3611782511
27.4994732624
27.65415237
27.6646792089
27.7021600013
27.7684020633
27.810445175
27.8767213814
28.8520817087
28.8921542359
28.9395992603
28.944183965
28.9891512246
29.0716395064
29.1142873696
29.1205482779
29.1523247311
29.2069003803
29.2791076557
29.3519443968
29.5533838645
29.6566092401
29.6706751009
29.8349853813
30.0530487923
30.1128328799
30.1654057588
30.2769408083
30.3841746021
30.654789025
30.6877926918
30.8521879949
31.0354565858
31.1361817902
31.2049527492
31.2278280037
31.2583066607
32.4269785599
32.4416533807
32.4660867259
32.575946839
32.6348079985
32.6711737608
32.6782796409
32.746887795
32.8073990135
32.9709334422
32.9970298652
33.0785683817
33.2431121158
33.4138856576
33.6637389876
33.7632844205
33.8078061825
34.1236494077
34.8309413776
34.873029992
34.9374111747
35.1363284837
35.2077187232
35.4654423443
35.5475908932
35.573800275
35.6184105286
36.0475401697
36.0734910114
36.1448737155
36.2008497269
36.2860527707
36.3237076985
36.4335697408
36.5473018826
36.6472220114
36.8446108343
36.8898859196
37.0789736403
37.2367538449
37.2797678249
37.2841164105
37.4765796508
37.5151002838
37.6154307543
37.7223507695
37.8409433107
37.9501319527
38.0483692898
38.228209157
38.5533188478
38.5965651228
38.6872551059
38.7065899625
39.6589689865
39.7122134789
40.803901116
40.8555519994
40.8859172416
40.9143087759
41.0034049227
41.0428564729
41.1139508321
41.1693718576
41.2463439081
41.2867465073
41.390704903
41.6153057831
41.6254229336
41.9302374871
284
