6.0326880878
6.11968822441
6.147092336
6.20012059527
6.24141079971
6.27682226993
6.33705967623
6.44675224011
6.48827243495
6.52971854517
6.57251443209
6.86434844861
6.94831171012
6.99429369387
7.14547565726
7.38841722443
7.45844264322
7.49865129147
7.57525096274
7.69089166846
7.72372524049
7.75107288741
7.86425401048
8.04913703657
8.17595972793
8.25320409058
8.47329152845
9.60572250887
9.6233964262
9.68502456112
9.73220654831
9.95553786166
9.98765406047
10.0934442223
10.2819682706
10.306777465
10.5923005184
10.612762842
10.7558934245
10.8207820791
10.8273555118
10.8613490101
10.9184867767
10.9538294316
11.164106446
11.292010075
11.2987413067
11.4034771424
11.6175685204
11.8231287903
11.916901834
12.0495776494
12.2887518867
12.310856084
12.3170932971
12.4444610474
12.549159038
12.6427842557
12.8569569155
12.9825800106
13.1710825866
13.3120824383
13.3276888639
13.4112598427
13.4699185355
13.4861114213
14.4201896115
14.7984309379
14.8343182193
14.842811206
14.9987880385
15.0956906335
15.3124675125
15.620558101
15.6328524029
15.6972689007
15.7372046576
15.7675955927
16.0007959665
16.0231483066
16.1094255236
16.1264841789
16.2558011657
16.3562918862
16.4522347572
16.4717685484
16.6419524006
16.7866762676
16.7997804687
17.2112147507
17.3478112523
17.4522088053
17.5836862396
17.7015516654
17.8539126445
17.9016393819
18.0295877691
18.1168567157
18.1678549722
18.2336674066
18.2996614901
18.3173772991
18.3798484068
18.4664578926
18.5140649354
18.6389563511
19.2659727072
19.7118925912
19.741302742
19.7963872511
19.8401936104
20.0164925985
20.0616813392
20.1654956456
20.2328620673
20.3489291823
20.4524117329
20.4819495846
20.5021463339
20.5070853034
20.5632052553
20.6070040797
20.6597934991
21.6266414105
21.7020492079
21.707185503
21.751213494
21.7575684005
21.830441141
21.889675317
21.9876039152
22.1110627416
22.1235046766
22.8222766103
22.8345886726
22.9168990196
22.966827833
23.0072927121
23.0299129274
23.0488801988
23.0714319887
23.1371047927
23.2174632501
23.2392374035
23.2870755158
23.8653710965
24.0613033483
24.1467813039
24.2343428337
24.3551308863
24.3980239759
24.431982771
24.4862967352
24.6072918927
24.8302898062
25.2151342509
25.3346595697
25.5592822724
25.5911098094
26.0865852994
26.1690246533
26.2459334568
26.3554416123
26.551848972
26.6008273767
26.8203348771
26.8824681765
26.9189749353
27.6684960452
27.747055641
27.7554827179
27.7589541837
27.85319786
27.8960273143
27.9192352496
28.0086405242
28.1420185013
28.2588394114
28.4084705762
28.5380064327
28.5891938945
28.7979225525
28.8253121434
28.8312950684
28.8614951093
29.9473405067
30.0041824708
30.012469477
30.0670210222
30.0911454382
30.106298535
30.1469661515
30.2406876884
30.3388885739
30.5123644811
30.5923230573
30.6498926941
30.7244621428
30.8833584486
30.9169015714
31.0224115887
31.2194054664
31.2813493943
31.312404108
31.344579713
31.3747364025
31.3930670769
31.4050124018
31.4351370864
31.4559831075
31.5192352518
31.619606908
32.4589530076
32.4914717992
32.5459687358
32.5617938039
32.6206235108
32.7226884215
32.812812944
32.8588697814
32.9340359605
33.1472175684
33.2924405666
33.3352804871
33.4545492526
33.6326171403
33.6482029486
33.8634964687
33.896137068
33.9406656728
33.9639576925
34.0006765742
34.0464226608
34.1709260566
34.3197979203
34.4050766235
34.4433031798
34.6109752499
34.7562270927
34.8194086271
34.9021658973
34.9808760801
35.035841453
35.1726124036
35.2978246401
35.3044238991
35.4016434957
35.4818426259
35.4971631333
35.837288808
36.1168557196
36.1479986271
36.2538505689
36.2760075087
36.559733821
36.6353761344
36.779403168
37.0759516867
37.3932517507
37.8537082299
37.8755468492
37.9076698842
38.082760388
38.1443219911
38.1659187962
38.3788611586
38.4653981955
38.4755323517
38.5983771359
38.6225736491
38.6483973516
38.7313510467
38.8238994774
38.8353704576
38.857538716
38.9102433796
38.9731759557
39.0284318124
39.1276445299
39.2609832645
39.4069049143
39.5040851717
39.6246943375
39.6582160519
39.6843003741
39.7766607428
39.8476425247
39.8702093455
39.9523099566
40.1536430928
40.1610241933
40.2000273608
40.3143698408
40.3932624947
40.8065651228
40.880585453
40.9140150826
40.9712811926
41.0197498315
41.130997494
41.174419422
41.2118460424
41.2477999705
41.2644813157
41.4222657512
41.4422669944
41.6609366524
307
