6.11377866021
6.15253689708
6.24251889727
6.33629832528
6.39134162422
6.47723891722
6.66171174476
6.76117175313
6.8215455821
6.9946343319
7.11050398389
7.20343634855
7.23413934867
7.26362415584
7.31299515335
7.3454098339
7.40050907631
7.49484037558
7.55524007702
7.57584484307
7.81540638192
8.08611894468
8.21270086924
8.39280864483
8.4448453191
8.44853877906
8.48796531781
8.5561497286
8.60649844429
8.72676184012
8.79120382934
8.90209639182
8.91882191551
9.64694120086
9.73609798318
9.7782792727
9.86634093296
9.93452096999
10.061057843
10.1567659273
10.1682874008
10.1971650965
10.2500132276
10.3780675971
10.8538273312
10.8710221845
11.0539918437
11.1427168636
11.2280646257
11.3310465016
11.4319631348
11.5625405117
11.6528914216
11.8094804154
11.879923726
12.0615445373
12.081108696
12.1220696212
12.1446218304
12.2500198099
12.2647780424
12.3665978521
12.4276172965
12.5083992829
12.6130245884
12.658392043
12.7767572271
12.8287006478
13.0691742636
13.1294229376
13.264026134
13.288852288
13.3737584994
13.4028829113
13.4504809416
13.499295873
13.5342912479
13.9306891873
14.0720190248
14.4064833038
14.5500209217
14.6033494536
14.6270004488
14.7017360356
15.3763425039
15.6350543197
15.6807214356
15.6884785449
15.694755311
15.8364929956
15.9190577576
15.9807787375
16.1493697807
16.1716494585
16.3624330435
16.667400898
16.8276131713
16.8653020422
16.906965663
17.3916214961
17.413323977
17.4900068869
17.5531011666
17.760204531
17.9027262223
18.0914672472
18.1581197987
18.166310267
18.2288271198
18.2474035073
18.3092775943
18.4022788432
18.522986807
18.6475997221
18.6701445822
19.2673927193
19.3614451285
19.6040893719
19.6947715175
19.7187843415
19.7488739294
20.0402411936
20.1500356899
20.2717766907
20.600427787
20.6498406938
20.7645718496
20.9523615183
20.960234551
20.9981856433
21.1314849737
21.305779353
21.430995617
21.4912029947
21.7709181476
21.8588139206
21.9030313289
22.0219465177
22.0649308306
22.0843853531
22.269801747
22.3569692942
22.5682794539
22.8528276898
22.9112507748
23.1099130486
23.1796567309
23.3014294179
23.3498609886
23.4128455803
23.6546630535
23.7778326983
24.023419112
24.0430101486
24.1036517036
24.1743282459
24.2728200461
24.408299919
24.4777244216
24.5882877508
24.6446801313
24.7689383142
24.8909832055
25.1311720772
25.2384205696
25.6723149031
25.7682696073
25.8359345853
25.9611013744
26.1069685498
26.2148296632
26.2426453881
26.4139477736
26.4769144175
26.5101272095
26.5238453073
26.562950749
26.5753888046
26.5829343998
26.718200201
26.8080879248
26.8854680177
27.0315642287
27.1154644142
27.4649557214
27.5049479083
27.6554727274
27.6862003136
27.7164768456
27.7846597629
27.8265784128
27.890498447
27.9362151595
27.9887086265
28.3112943996
28.3864495982
28.5543976578
28.7134373541
28.8617979677
28.9278720884
28.936517043
29.0043411705
29.139552199
29.1779256402
29.2214290582
29.3032140481
29.4174294137
29.5383204624
29.8917755892
29.9647185831
30.1327166805
30.1608957435
30.2189877841
30.2831629991
30.3916057702
30.4564907036
30.4890476344
30.6171573457
30.7178647554
30.8098446628
30.822531528
31.0390504228
31.1592715297
31.2283535287
31.2382898744
31.2658828273
31.3064199532
31.4699528184
31.521774296
31.5658670723
31.6723600217
31.7236993616
31.8495405059
32.0053402382
32.1423738126
32.38262174
32.4118303207
32.4440266775
32.501051336
32.5460848134
32.5965745934
32.7520098843
32.7828510213
32.7936782408
32.8023898692
32.8115466072
32.9542623488
33.0227400067
33.0407720077
33.1585714541
33.2097215423
33.3834021841
33.5209598158
33.5717997059
33.6665465692
33.7017426014
33.7609691892
33.8030298704
33.8647843571
33.9819701384
34.0633345537
34.3233907063
34.466210403
34.6276958056
34.7001218555
34.7964057561
34.8468827474
34.9128578098
34.9537495954
34.9847789273
35.0738910732
35.1304871361
35.2007314856
35.3133417767
35.4867749098
35.5146147987
35.6461741248
35.8629190369
35.945921572
36.0132766902
36.0374877454
36.1189060934
36.1671388476
36.1725841204
36.2029283447
36.2706650679
36.4390651144
36.5040077749
36.5603324129
36.6237839145
36.7097675293
36.7812434873
36.7975505991
37.0547595205
37.2593440278
37.2680607934
37.2896321078
37.3740800427
37.4110458083
37.4644000293
37.5484337206
37.5709983682
37.6096431004
37.6193783937
37.6776130046
37.7549411383
37.8610349306
37.9449491642
38.2803065238
38.3367539963
38.4446068452
38.4517999589
38.6300364257
38.6460778992
38.8474699516
38.9587361139
39.0749719845
39.1405972868
39.1728460307
39.3824139078
39.5358124773
39.5879632584
39.6296716982
39.6336695122
39.7128385857
39.8655792007
40.0158234884
40.8357967973
40.8493808696
40.8892700972
40.9724704991
41.0320518817
41.1458912885
41.1969184959
41.2254467388
41.2558289882
41.3603091109
41.5242823733
41.7637773694
339
