6.02242962961
6.10035918507
6.31702347417
6.3984968223
6.44384576545
6.52184698741
6.64386410932
6.72384590612
6.81993866233
6.9554689645
7.11510265784
7.2675598629
7.34693814253
7.39691348276
7.49767478005
7.55034442658
7.6126043795
7.75404791966
7.87441191121
7.96780068266
8.3623335446
8.44618696198
8.46258242176
8.47147782371
8.55537139983
8.58110890716
8.61288475381
8.67850484928
8.72122925161
8.89969767503
8.97015035398
9.61607971763
9.652626637
9.70404219591
9.75322100095
9.81615458331
9.88640915896
9.9202792421
9.96849145052
10.1047111493
10.2222971759
10.3658541264
10.7829472981
10.870068736
10.8763085814
10.948056129
10.9870997349
11.0607340707
11.0918421922
11.1471735955
11.2511504957
11.2577321499
11.3090615073
11.6986235075
12.0451157411
12.1105282404
12.1176023368
12.1479599092
12.245432002
12.3370688862
12.3687804651
12.4107357694
12.5076321524
12.5365725964
12.5953749724
12.7702595715
12.8004401766
12.8540468192
12.9192174844
13.2669723575
13.6062389435
13.8161145598
13.8332179493
13.9983458707
14.0074458804
14.0812725831
14.421282864
14.4388862809
14.4618092642
14.484117851
14.5566712871
14.5846559151
14.6718257089
14.7827079581
15.6553612633
15.6683034267
15.7204567663
15.7798677523
15.8926694322
15.9369523093
15.9950471092
16.0480066176
16.1137116239
16.1769923353
16.4538802671
16.6517702371
16.7902727953
16.8173977365
16.880389766
16.9065267306
17.0058375844
17.1890395232
17.1936217014
17.3004479716
17.4009937827
17.7542426067
17.8819847047
18.1522973464
18.2094717232
18.3202146798
18.6509707666
18.7096428741
19.2253740599
19.3400697816
19.4914868619
19.4979709168
19.5866601727
19.6176935644
19.6661598939
19.7445088983
20.407050999
20.4247960277
20.4957130488
20.5276407249
20.6684772835
21.0574371747
21.1321327257
21.2455519127
21.2622641966
21.4143877276
21.4940014019
21.5626427235
21.6552461494
21.6613632165
21.7269029266
21.7405206784
21.7731144919
21.7771831248
21.8303712627
21.9025953531
21.949763465
22.0005298399
22.0892515558
22.1096133285
22.1489181851
22.2822790006
22.3637207214
22.4983573953
22.6646710137
22.8422389292
22.8721510517
22.8955530967
22.9408702186
23.600856908
23.7353189621
23.8710051534
24.9730022058
25.095181331
25.2548840441
25.2730780328
25.3377807116
25.3858388996
25.4507587388
25.5247818394
25.5891271297
25.73098064
26.3751213052
26.4503795699
26.5141531272
26.6393046471
26.7307111741
26.7940318048
26.8800469508
26.9929312896
27.0257703757
27.0489556925
27.3172621313
27.3311871274
27.5459274079
27.621635007
27.6603948783
27.7315711225
28.0165734668
28.0764854737
28.1171469911
28.1548382587
28.2095597879
28.2764684273
28.3945255815
28.5191067057
28.5981391986
28.7139915773
28.8402537501
28.8594400435
28.8734860961
28.9205295872
28.9508310737
28.9606234044
28.9726636578
29.0313747932
29.7542582313
30.108216088
30.1576978485
30.1649043325
30.207520639
30.2525308038
30.4202753518
30.5853954093
30.7061749228
30.888180835
30.9972099066
31.0659571876
33.2244626276
33.2694958409
33.4301428355
33.4833073359
33.6492019409
33.7273461037
34.0109959422
34.1755356794
34.2357616299
34.3806424434
34.3965267834
34.6127728712
34.7218698178
34.7649471966
34.7931198771
34.8211431975
34.8321827099
34.9012403066
34.9512069904
35.0269218144
35.0383487749
35.1511859906
35.2286362004
35.2686838982
35.3735234381
35.5513300291
35.6484564956
35.8020043031
35.9365601322
35.9495514333
36.1194656305
36.1447170083
36.2091243666
37.0832571991
37.1901429218
37.2362335037
37.3224878093
37.4354731048
37.5035429678
37.5560933898
37.6164719809
37.7135525767
38.3952460405
38.4512806111
38.5147399576
38.5508986898
38.6694464946
38.7032457745
38.7668206396
38.8653152343
38.9938495244
39.1220485765
39.2023399908
39.2936201235
39.5000448513
39.6476520584
39.7266958542
39.7734429111
39.8552877556
40.8091756462
40.8921872034
40.9040941733
40.9268762745
41.0348025668
41.0764379468
41.1184836405
41.1402202563
41.1934003063
41.28041428
41.335615192
41.4011383306
41.4511756316
41.5044033319
285
