6.09413262204
6.11538936068
6.18273628002
6.28662959959
6.31491316777
6.35631772248
6.41896810842
6.4944395076
6.56073053439
6.63757646773
6.72057973443
6.78139596595
7.24696486132
7.31423587558
7.34322339112
7.43104692303
7.48756550656
7.63861078305
7.64988718364
7.7010472938
7.76767170795
8.14619950398
8.18077891748
8.27436991144
8.34352492417
8.43417262588
8.47676590403
8.53611115935
8.54461338802
8.6120110118
8.65417680395
8.99012585288
9.06419040487
9.39424132072
9.5189942488
9.64135748988
9.83757533649
9.91026122433
10.0059446911
10.0516054027
10.1013209084
10.2348991302
10.375787581
10.5118621979
10.8892366504
10.9090440498
10.9467584388
10.9607393324
11.0141426212
11.0183688566
11.0493481782
11.1588430828
11.3603562501
11.4695674138
11.6382112158
12.0034011632
12.0547823486
12.1825034983
12.220781667
12.3028397842
12.3694993844
12.3946563458
12.6879175336
12.7258684358
12.9956982508
13.139235183
13.2540698999
13.2980752775
13.3535921375
13.4342162659
13.8958490491
14.4400402435
14.808534553
14.8405038076
14.9687718487
15.1087106891
15.1915668685
15.3435786139
15.442184851
15.5835087647
15.6680945019
16.3669674349
16.4626183504
16.5174798835
16.824039075
16.9346572975
16.9875437678
16.9925557154
17.0429727693
17.1297088164
17.1694640904
17.2156178055
18.0241601252
18.0409775109
18.0760630209
18.134139196
18.1432327507
18.2040440752
18.2347427603
18.2875737977
18.3157719366
18.4749490096
19.3118236271
19.3732156762
19.4159675802
19.8266228481
20.4282954044
20.4665079018
20.4874003663
20.5136027212
20.6432636256
20.7662918834
20.9132164124
21.0872636359
21.5073915604
21.6219798251
21.7940059936
21.8630970681
21.9433786779
22.0373017696
22.1213466279
22.3127143316
22.39639085
22.4229833784
22.6117933306
22.623241961
22.845042466
22.8848007769
22.8904765293
22.9678080034
23.0343998927
23.359443609
23.4151213024
23.5729137499
23.7489978971
24.026050919
24.0518299539
24.1054580798
24.1587352698
24.301689531
24.3288161223
24.4378398749
24.5614444886
24.7191271358
24.9335347555
24.995715501
25.0425649234
25.1565928407
25.2158768846
25.2215594295
25.3070540595
25.4151432461
25.4368880962
25.489082066
25.5287512163
25.6254224876
25.6328815261
25.6942276987
25.7737485278
25.8680436013
26.0905002093
26.141813966
26.3061658366
26.3770561425
26.4404007587
26.4672916448
26.567660533
26.5741542193
26.5950806061
26.6804193932
26.7133337451
26.8435463498
26.8978683188
26.9133428504
27.0489868164
27.0588452517
27.2557311047
27.3015380483
27.5136344682
27.6102507804
27.6522154291
27.6901069909
27.7333893154
27.7769547845
27.7837441275
27.8251094467
27.8941579641
27.9478754091
28.0388770787
28.098785511
28.2422283882
28.2633979106
28.472081127
28.6373496371
28.8625675391
28.8933724507
29.1472492892
29.1528686497
29.4346009426
29.5398822722
29.8739252012
29.9630381032
30.0624629988
30.2264838009
30.2590429783
30.3846266839
30.4534236735
30.5625243066
30.6002021586
30.959076499
31.0517432629
31.2166984234
31.2473875897
31.3416571537
31.6034701998
31.7707550328
31.9086814981
32.1017775792
32.1484105337
32.3847272531
32.5432315323
32.5681659559
32.6261174069
32.6641234684
32.7077916457
32.755368421
32.9964233338
33.0365045665
33.1128959933
33.2024304906
33.2822848666
33.4303286112
33.7581411397
33.8351360482
33.889141543
33.9338590557
34.8690655934
34.8779343589
34.9034984274
34.950668745
35.0015403868
35.025931645
35.0321750863
35.0728184759
35.1188693865
35.2066908855
35.2822079553
35.9377932361
36.0241699822
36.0880361994
36.1857779379
36.2213800381
36.3199874905
36.3685208573
36.5288154207
36.7557117845
36.9410267894
37.0626972728
37.2703321483
37.2809929548
37.4012723733
37.5586692607
37.6627665157
37.7361012647
37.7750135941
38.0021927293
38.1107802028
38.2739827195
38.3555826904
38.4748725785
38.5595610698
38.7416506073
38.8584055228
38.9059044616
39.043008591
39.1696304244
39.6123936546
39.7022467357
39.7432695777
39.7770470655
39.8734132112
39.9650716607
40.038519158
40.2368813434
40.2653032661
40.3297399963
40.3664829122
40.4207841945
40.4361569367
40.4908068969
40.7066256308
40.7476973314
41.3729269091
41.7518254226
41.8572194376
295
