6.0680225263
6.09009167552
6.1566142718
6.29216912478
6.34956002806
6.46578409123
6.50637576074
6.55139338837
6.68820468075
6.81807407311
6.88194421419
6.95522890285
7.24317224648
7.26241601019
7.3576042337
7.44193116156
7.54039659146
7.62827864077
7.6838699962
7.74295857119
7.9472022759
8.09935972909
8.17646686841
8.22276229058
8.26375612892
8.35028228795
8.43758435398
8.45748053212
8.49453108016
8.59491373849
8.6373180284
8.7246164269
8.76411620879
8.84302540065
8.87296759757
9.02085232501
9.08225314771
9.23571020404
9.45012563117
9.5471347658
9.6779165519
9.74383428013
9.78211198672
9.88670867043
9.97257788618
10.0457398308
10.090119127
10.1747768198
10.3106173914
10.5128771041
10.6192102483
10.7445971964
10.9489204186
11.1176220613
11.3049329874
11.373718193
11.4686231127
11.5373824039
11.6673915918
11.7684447107
12.0151761985
12.057683108
12.1075827295
12.1388168205
12.1608337548
12.2973951857
12.3950405329
12.6610182523
12.8334833257
12.9440078123
13.0912615558
13.2051266649
13.2515208788
13.4034854722
13.4635013769
14.4176403435
14.4817700821
14.5569866549
14.6467597109
14.7733152647
15.6610038469
15.6796577361
15.7241624521
15.7276474253
15.7547036061
15.779957864
15.8771625416
16.0832608619
16.197857369
16.2595775205
16.2674381311
16.3645353213
16.3846363876
16.4371532027
16.5140964424
16.6173786696
16.8297512128
16.8534793612
16.9046116187
16.9747895961
17.0282885315
17.0783886532
17.1144412316
17.1406894624
17.2021991456
17.3386560524
17.7132819021
17.8017065033
17.9046024214
18.1038230793
18.146627984
18.1974264549
18.2776480082
18.4355716852
18.520373664
18.5691122805
18.8632577316
18.8828075272
19.0062870344
19.2389949857
19.2804925775
19.3738267203
19.3927168647
19.4677704521
19.5092174049
19.5153625121
20.3091721409
20.4374358023
20.4767164016
20.4956838041
20.5333870227
20.6598451706
20.9287645958
21.3485149999
21.4629162009
21.4757443051
21.627994363
21.7384363844
21.7627502861
21.8093785603
21.8826945154
22.0310125008
22.2289956776
22.2731659371
22.2885956481
22.3267991952
22.3598784577
22.5522010176
22.8465190549
22.8621688314
22.9030876713
22.9365421745
22.9793827324
23.0223799032
23.0871636746
23.3246845381
23.435739459
23.4470854127
23.6097171467
23.6805700954
23.8795551569
24.0391980391
24.0570476034
24.126463282
24.190829981
24.2901796344
24.3082570352
24.3886819121
24.5877335874
24.6681874307
24.7122845111
24.8875531226
24.9491858596
25.1555543701
25.2470404566
26.4648076624
26.5279292028
26.6010193542
26.6442640304
26.9672810514
27.0551983176
27.1001960063
27.1927308345
27.5154505969
27.6719712858
27.753350455
27.7898878032
27.871888178
27.8865961176
27.9201957264
27.9937455603
28.1246380272
28.1858742498
28.8217861289
28.8466033897
28.9361181216
28.9932436327
29.0272747343
29.0878455714
29.1665575798
29.2405730172
29.2668805603
29.3154239286
29.4332405284
29.4646194867
29.491783618
29.5058942103
29.5675384544
29.6078386249
29.6819897553
29.7676619006
29.8294355235
30.038799135
30.059301776
30.1005662479
30.1556350928
30.2057502017
30.2580887334
30.2656399715
30.2890722199
30.4916940628
30.5065243411
30.5907287063
30.7913063418
30.8046171377
31.0142581858
31.1473630001
31.2129663482
31.2755057103
31.5730310106
31.6199533675
31.6951296139
31.7656486649
31.9807215454
32.0285618853
32.4288420431
32.6578702889
32.7361355628
32.7658086805
32.8109376633
32.8398962688
32.846740096
33.2625612113
33.3333240086
33.3981803833
33.644446615
33.6707639108
33.676118307
33.7505897051
33.7857342964
33.8621040436
33.9243755786
34.0107679373
34.0558719726
34.1812474697
34.3807103432
34.4841570835
34.5718743649
34.6392018492
35.8580337389
35.9523670236
36.0370833292
37.2547976554
37.339774721
37.605024824
37.8709924251
38.0416718486
38.2025022628
38.2850997044
38.4483483055
38.543506642
39.1622713211
39.3696871715
39.5387476213
40.0251213947
40.0595598323
40.1424659203
40.8064490972
40.8582867115
40.9256205724
41.0356132227
41.0548222811
41.0908500246
41.1584551418
41.2057526771
41.2778908649
41.3894071825
41.7564297619
288
