6.01749563582
6.04013531812
6.18501090665
6.2955666108
6.37132897033
6.44772730132
6.45416030675
6.52683643188
6.58336693841
6.62501198786
6.80808559339
6.90939979529
7.02059888099
7.13222634886
7.22203556704
7.25877049795
7.51551624418
7.6073326397
7.65311691947
7.75837830295
7.89038082188
7.985287627
8.2129582343
8.33404039228
8.42156123644
8.49169091514
8.57045703166
8.61297944057
8.65474121587
8.67208736255
8.70017796838
8.79040040432
8.82202829806
8.8776732212
8.90582056003
9.12295750858
9.209949632
9.27138677279
9.33007143274
9.52052654927
9.62546608234
9.67689636144
9.71572675942
9.78834722726
9.94138301226
10.5320296773
10.6357717656
10.7858138249
10.8113011182
10.8388006556
10.9371160149
10.9623184027
11.0689611745
11.4802582264
11.5521916964
11.6267124463
11.7204980421
11.8002832036
11.9552275489
12.0155825026
12.0434158894
12.1871343601
13.237836397
13.2736961231
13.5528711484
13.8054586058
13.8570836502
14.0603967178
14.1717287466
14.1876203239
14.4574082364
14.4852094591
14.4896629828
14.5830521354
14.6021086353
15.0627375356
15.1983373287
15.2324254845
15.6849351357
15.7770343361
15.7808209668
15.8588010471
15.9439846783
15.9679697904
16.0214567344
16.0814124327
16.1656243619
16.3485777865
16.3832895824
16.4425642302
16.6237872108
16.7508594538
16.7832786319
16.8755372526
16.8957824089
16.928946217
16.9944527201
17.0490604875
18.0367477777
18.0702776753
18.1216389226
18.1974985766
18.223022902
18.2749799374
18.2799873813
18.4040127163
18.4652646447
18.5363943641
18.7809593544
18.8001045147
18.8667501892
19.083521289
19.1343519055
19.2252215798
19.2894880198
19.3777201766
19.4036726126
19.4632609949
20.5548806776
20.5936940598
20.6157347799
20.6922785902
20.8277862203
20.9458472408
21.0078901568
21.0557197743
21.190721229
21.2298194054
21.2909163775
21.5095951089
21.6326620974
21.6848680253
21.7204148304
21.9063575909
21.9488561966
22.0109383146
22.1646656682
22.1752917393
22.2476617342
22.2676240604
22.3455627827
22.3809066102
22.4103593059
22.46134304
22.7000349215
22.8045255202
22.8764201897
22.9239782675
22.9422836679
23.0039863859
23.0683509771
23.1577134726
23.2322085918
23.654029953
23.8668777219
23.9096562532
24.0820288754
25.3089343596
25.3176222211
25.3386603364
25.3842953296
25.4411332623
25.5812701729
25.69496614
25.7551123187
25.8897997114
26.029907588
26.1147823247
26.2885060416
26.4363840669
26.4545338834
26.4771384403
26.4904221373
26.495202314
26.5728827731
26.5932199064
26.7858163642
26.8405997324
26.8607792625
26.8953084226
27.3918430599
27.5443705783
27.6389373532
27.6883774535
27.7269120474
27.731925135
27.7902872879
27.875569498
27.8908786032
27.9774610973
28.0382086535
28.2164481525
28.3117380211
28.3723770552
28.5268852736
28.7359792914
28.7953930202
28.8233263117
28.9898937604
28.994657622
29.1058842386
29.1597073153
29.2269418899
29.3407622938
29.4147447686
29.5477432416
29.6303232829
29.8018940599
29.8924089164
30.2018964839
30.2090050568
30.2538049415
30.3968963635
30.4729587827
30.6124233575
30.672613998
30.7190628464
31.2205193547
31.2949820482
31.3038994026
31.3683125465
31.4368366922
31.4570502341
31.4903164407
31.6792974116
31.731083893
32.4339097937
32.4532657308
32.5317055202
33.6455923711
33.6536963114
33.6837610475
33.6970814032
33.7393604086
33.8250466965
33.8776805304
33.8909461517
33.9975756544
34.145967007
34.1556518657
34.2539776475
34.4375412527
34.5906572669
34.6201987061
34.6995331064
34.8193550544
34.8243030582
34.8445744867
34.902069891
34.9473117592
34.9846828807
35.0755258081
35.1019092392
35.2536739268
35.3848575466
35.415849899
35.6262296853
35.9077667889
36.0229393979
36.1024157828
36.1389354509
36.1944799315
36.2109008923
36.269557772
36.3394823671
36.4362705871
36.4997170887
36.5128508848
36.5479211823
36.6827078836
36.8796231112
37.2714033833
37.3060518819
37.3493934389
37.3915283896
37.4049204136
37.4385067444
37.4998375872
37.547691115
38.4122133519
38.417465165
38.4246959324
38.4457632916
38.4498437868
38.5278365085
38.5958743881
38.9319550539
38.9844991897
39.0104523681
39.0471239738
40.9427576997
41.1492712613
41.2499227518
41.4004053343
41.5009792127
41.5290778033
41.6213939194
41.9013949529
298
