6.02108926157
6.05215236599
6.09994853935
6.20318527473
6.20833708582
6.30377767461
6.39063482591
6.42699271849
6.5868978825
7.23648659706
7.26498180783
7.32556717207
7.33285301568
7.36341410899
7.42954084876
7.50710337815
7.62542142354
7.76504612234
7.79266260306
7.9256110882
8.05124377305
8.13498713201
8.4171793073
8.47849293377
8.52526633129
8.67323353016
8.72695750232
8.75923584935
8.8667413001
8.99645318703
9.14366343387
9.20328490571
9.44481079486
9.51688080762
9.61569280508
9.62603904385
9.6667935351
9.85900591107
10.0344048894
10.1224989517
10.3196893236
10.4821025845
10.8331650993
11.2798044177
11.3157196917
11.4448709805
11.5986906718
11.7142888422
12.0469151467
12.0738601193
12.2975595842
12.3845512706
12.3980904808
12.4394467234
12.5248996946
12.6275655362
13.0358095598
13.1317962788
13.2654330722
13.3892246501
13.4074691149
13.4466948025
13.4959114068
13.604276733
13.6762573247
13.7438436336
13.8357699292
13.9002322222
14.055686905
14.3443852958
14.4307065208
14.5411331039
14.7574846036
14.8492530732
14.8644248836
14.9477506582
15.0819350732
15.1253914789
15.2836258887
15.3633479432
15.6382877147
15.6516048125
15.6722369405
15.6764187302
15.7124998972
15.8205826513
15.8452359158
15.9018579978
15.9789791447
16.0524266838
16.1281289922
16.1386459035
16.2102474323
16.3882021368
16.6434079467
16.8990657888
17.1014966216
17.1632340703
17.522331843
17.5320424719
17.6010511837
17.695596195
17.8581983035
17.9638802292
18.0270108882
18.0793583564
18.13861379
18.2876337615
18.311204763
18.3204491271
18.4300380644
18.5216093204
18.5811596653
18.8491015944
18.9567189926
19.0209891355
19.2389529626
19.3240561085
19.3903271697
19.5180609711
19.6569050001
19.6930225162
20.1070253764
20.2858233233
20.5577933491
20.594940692
20.6502954583
20.7082802526
20.7740305751
20.8903095535
20.9690346404
21.0181331826
21.0930920257
21.1344040303
22.7424774501
22.8690503734
22.883974862
22.9647722591
22.9874987537
23.1592981473
23.2184374536
23.2297523682
23.4303224418
23.5600880748
23.7489698826
23.7673262879
23.8929367869
23.9024256317
24.0217900888
24.0642845971
24.1254960246
24.1498099097
24.1843129326
24.2523039895
24.3852063697
24.4851127089
24.6587698589
24.6808693743
24.7678708473
24.7902489038
25.0126165108
25.1166897992
25.2421195747
25.3992640982
25.4975467245
25.5933578144
25.6023133238
25.6753954278
25.7256215832
25.8772985217
25.8986222059
26.0692154135
26.222734952
26.464648847
26.4833135219
26.5638479133
26.6998830782
26.7558712664
26.8297941466
26.9556740892
27.0563671464
27.1058855458
27.6597458704
27.6687731953
27.7538210123
27.7978847282
27.8261974727
27.8679207055
28.0498094746
28.1624654274
28.3104165678
28.5508378367
28.6999962364
28.818794254
28.8567950328
28.8706119274
29.0949959301
29.1428211247
29.2566225175
29.2713744918
29.3466399115
29.4624735977
29.6423543335
29.7547645855
29.8321689404
30.0149933867
30.0976993491
30.1366603251
30.1976507748
30.2462564964
30.3053542743
30.3837296804
31.2463807498
31.314895143
31.3583009559
31.3880393632
31.4154791851
31.4481857519
31.9027538946
32.0522864026
32.4325132789
32.5101110928
32.5485640542
32.675078874
32.6792072378
32.7248935336
32.7946869841
32.8296750308
32.8619678845
32.8814546225
33.1308395643
33.1431081933
33.2706389853
33.5180250949
33.5676833325
33.6048887392
33.6303509032
33.6636795486
33.72706694
33.8129895481
33.8558719638
33.9187256557
34.0099969563
34.1295777208
34.583232487
34.6395301785
34.7362575522
34.8351343404
34.877211186
34.9812481214
35.4648017167
35.7896824162
35.8166665332
36.027308241
36.17849776
36.2577522887
36.3121857713
36.3613095836
37.2162062348
37.2299730658
37.4078915493
37.4412305415
37.5731062365
37.8233746847
38.0072583048
38.4459678578
39.0684606278
39.2147117716
39.3584944195
39.4028034673
39.4739371436
39.7061329826
39.712518287
39.7569057882
39.788100164
40.880970452
40.9082216681
40.9663302106
41.0452312596
41.1245439766
41.2746047158
41.3721114654
41.4228834345
41.555640084
41.7179987013
41.8027377401
41.927472799
287
