6.07672213753
6.21281503059
6.23028108676
6.29981195575
6.33303465701
6.36496255325
6.381253901
6.4123836847
6.54585176926
6.58915136405
6.67908070777
6.83984343003
7.08566683126
7.1408023692
7.3028783946
7.55140383122
7.63836932477
7.6784718239
7.78134580825
8.04973386468
8.18180154813
8.39994363882
8.50107364346
8.54139695574
8.57184841353
8.68980526116
8.90754111123
9.04511021241
9.14690809549
9.22941135783
9.29634273675
9.35478877168
9.54565283348
9.56771740538
9.6456613302
9.76322767472
9.79252271325
9.99030662302
10.000072511
10.0406923118
10.1345011939
10.167077773
10.2395370417
10.4347241657
10.488729471
10.5652163199
10.6300263061
10.7051701112
10.7673105412
10.8326875888
10.9468662892
10.9801001991
10.997522231
11.0468456738
11.1441343881
11.3148736403
11.4584884349
11.5571648033
11.6199427713
11.6426141349
11.8235812566
12.0811075653
12.141897711
12.286160298
12.3685304254
12.4128396243
12.5107281397
12.5665724533
12.7275931158
12.9756787108
13.2186523316
13.2337175422
13.3141919776
13.3590946112
13.3747803754
13.4108973596
13.478539487
13.6065636269
13.6937485489
13.8154650328
13.9746054044
14.231138251
14.4324765924
14.5982411302
14.61637279
14.6590465238
14.6678374527
14.6774119907
15.1960229803
15.4341046299
15.5668413954
15.6640473926
15.683503462
15.6873791921
15.7732047138
15.8222109228
15.8797740582
15.8944710686
15.9007243007
15.9263878515
15.962940391
16.0579041984
16.0987614577
16.2449858885
16.2904650334
16.3175613279
16.6773887418
16.7038019982
16.8220183867
16.8576099466
16.9211454652
16.963471663
16.9687240124
17.0334649326
17.0665724629
17.1219220136
17.1716429898
17.2360348181
17.37429555
17.4820742869
17.5891141426
17.612537412
17.7304248985
17.8841949458
18.0848852169
18.142937956
18.2233383849
18.3833130122
18.4612873634
18.5605869297
18.7292189476
18.8909800196
18.9130602021
19.1347180288
19.2318036098
19.2729978224
19.3745641708
19.4401124178
19.5382731721
19.5813845521
19.6490647559
19.7304332824
19.8310161374
19.8807445752
20.0216372444
20.0827004345
20.1041407717
20.418373594
20.456052391
20.551702696
20.6323487184
20.6568201176
20.6994407951
20.7521636687
20.7584656031
20.8500920869
20.9281691752
21.029074825
21.0381796933
21.2085300631
21.4129256236
21.6386706537
21.6993662789
21.7245534629
21.7504969827
21.7896260496
21.8913184459
21.8996163023
22.1852624431
22.2841623671
22.7392101966
22.7883259372
22.815028607
22.8498967916
22.8639011292
22.9144245772
23.0330231513
23.0782521078
23.1695676133
23.1766082967
23.2893475603
23.5468860358
23.6752530672
23.7255834082
23.8902167228
24.0436967593
24.0898905971
24.1399914049
24.2323305613
24.6165689817
24.7817709691
24.9256886958
25.1532655317
25.1886511769
25.2117642663
25.2388431647
25.2792266156
25.3319899834
25.4137157501
25.4620798498
25.6376461142
25.7671704899
26.0979688527
26.2540279424
26.4885735945
26.5198990849
26.5452738224
26.621697294
26.7112538295
26.7885717451
26.8338049353
26.851989654
26.8892317804
27.1133725049
27.126760878
27.351534892
27.5251918094
27.6294302234
27.6632847796
27.6931095728
27.7588079573
27.8243666696
28.1656570696
28.4830769186
28.5639944312
28.729353146
28.8703139264
29.9175755564
30.0288801748
30.0364608642
30.1285394148
30.2035178925
30.2212589301
30.3122871767
30.5148982772
30.551146587
30.6905752468
30.8004404837
31.2289614452
31.2905637544
31.3118750277
31.3437552073
31.3798677122
31.4352300787
31.4499051339
31.5505991586
31.6694719555
31.7891049456
31.8619383987
32.0909154971
32.4598376528
32.4748309258
32.5591551817
32.7808804174
32.8931074782
32.9694082576
33.1477485687
33.1927866393
33.3491250965
33.4360314832
33.6387341592
33.6856307119
33.7079123553
33.7602657225
33.787242815
33.9168444555
33.97973198
34.1173767182
34.4312685406
34.6589021141
34.8200571329
34.8673399107
35.6405840015
35.7092537873
35.7947137976
35.9738901781
36.0141184078
36.0571435092
36.0819479685
36.113585431
36.1570977954
36.1938421566
36.263869413
36.3490750231
36.4099547526
36.4824839907
36.6007229755
36.6579365382
36.6941035556
36.8616713627
36.9649849452
37.216670485
37.2453610274
37.2991543015
37.3921276504
37.4005828582
37.4421211375
37.5033705678
37.8151913845
37.8809658507
38.3277563256
38.4253137117
38.4704104443
38.4803053985
38.5392943535
38.5448735019
38.6686128883
38.739854042
38.911834052
38.9787332962
38.9892353604
39.109294761
39.2140782697
39.265860466
39.400271635
39.614895712
39.6634366666
39.7741886407
39.9663909891
40.0664685343
40.218013557
40.2783735124
40.4777734108
40.6953504537
40.9294401014
40.9858605352
41.0468193501
41.1947914587
41.2938295625
41.3995416498
41.4841527974
41.5896899033
41.8198738813
333
