6.05209223297
6.06111715041
6.1415869994
6.19685681077
6.23549133091
6.35827900234
6.57149057442
6.96752618939
7.04860017068
7.2405083671
7.33925758352
7.43911853397
7.48709002149
7.52546976957
7.61640384853
7.77417904231
7.86390130252
7.92065749309
7.99928610637
8.04691516377
8.16679721216
8.26156300991
8.33404099231
8.43649779177
8.45635095456
8.46108254779
8.50283840449
8.53024727766
8.71721750556
8.74320280499
8.784172607
8.8519511088
8.98995652303
9.06174951431
9.20448395564
9.23055459744
9.51089438878
9.65229219047
9.69735747041
9.77883328833
9.85480721071
9.98761759086
10.0397640498
10.1289242676
10.2735937687
10.5283958057
10.7387073708
10.8717593936
11.2000629877
11.2457363448
11.4257295656
12.0578414453
12.2832691961
12.3139383937
12.3751183431
12.3936540812
12.5171100554
12.5543028259
12.6448740576
12.7946450944
12.8966657553
12.9696159631
13.1177985128
13.3581473702
13.5236790061
13.6026340381
13.6447643311
13.8614086597
13.8716055379
14.0171846692
14.4436887751
14.4897336701
14.5959249465
14.7278495893
14.8232428405
14.9145127279
14.982549778
15.165645119
15.3545199578
15.697717505
15.7376137131
15.7800334156
15.8547135518
15.9151902669
15.9252837866
15.9577063427
16.0743827035
16.2637537218
16.5568566697
16.7036613862
16.8788906968
17.0192648005
17.1063221538
17.1498733557
17.1582254231
17.2722176588
17.3612528059
17.4165263932
17.4885575217
17.7168263462
17.9474643874
18.0361267634
18.0628853382
18.0960816029
19.2600349983
19.3922256083
19.4786519047
19.5789219674
19.8814902221
19.9218732576
20.0141019555
20.0681626855
20.4364423536
20.4743207037
20.5211365744
20.5542833552
20.6586756381
20.755364105
20.8284885473
20.9265531527
20.9389922543
20.9763595294
21.0681947646
21.0784803454
21.1803886362
21.2946399508
21.3506452522
21.4397882203
21.5631897373
21.7099882243
21.7502509706
21.7833521059
21.8630860145
21.8983029084
21.946708145
22.049930968
22.1481382537
22.3106344229
22.358827442
22.4956918915
22.6410057546
22.8467727078
22.9439482545
22.9882979391
23.065155129
23.16839353
23.2236665503
23.2802193598
23.3964280883
23.5566137785
23.6593286454
23.7633439111
23.8144409603
23.8846290448
24.0256802374
24.0469336278
24.0904692731
24.1231108887
24.1611652387
24.2336002528
24.2982076117
24.3843994389
24.421876089
24.5531349318
24.6800287953
25.2924653779
25.3345427037
25.3595234662
25.4431485081
25.6036108886
25.647646596
26.0546682018
26.2644926014
26.2761860009
26.3748129997
26.4499762785
26.6437621765
26.6549311355
26.7215510392
26.8007955298
26.8758263826
26.9536754096
27.050403618
27.0885026779
27.2457646541
27.3638185072
27.432876019
27.7447543851
27.816807561
27.9649123494
28.0864465404
28.2323989396
28.5766988078
28.8401147742
28.8453378838
28.8749162698
28.9257467696
28.9531823327
29.0080875292
29.174912747
29.2762001964
29.4680029451
30.0594977737
30.1158587493
30.2843485589
30.3702896111
30.4632582596
30.6880358901
30.7752197559
30.8361794935
31.0745531113
31.571332675
31.6340638271
31.805647104
31.8825981605
32.4471865513
32.4979987568
32.5541967085
32.5893827453
32.6111455321
32.646476382
32.741768182
32.9156833997
32.997513596
33.5864357849
33.6588003123
33.7113179252
33.7320121845
33.7795882634
33.801167224
33.8220512951
33.8805550048
33.9483969409
33.9851241444
34.0524934056
34.06141755
34.128312017
34.2630259516
34.3543253899
34.3863079738
34.575754715
34.87569698
34.9112184663
34.9908363863
35.091158535
35.1301584655
35.2345853552
35.3323038982
35.4222869686
35.538957338
35.6724653158
36.0538846983
36.1141940604
36.1926768776
36.2026990239
36.3043032522
36.3957769101
36.4964906518
36.6730013881
36.757622937
36.9592903455
37.1076180563
37.2809393643
37.3951451291
37.4404058919
37.4737016149
37.5231855104
38.115059297
38.1864320632
38.4979979077
38.5047946564
38.5170354929
38.6432730533
39.6392899526
39.7180341532
39.7434778487
39.7834573329
39.8572947014
40.0702494404
40.332450496
40.4573142397
40.6651968233
40.7896176932
40.8786663322
41.0432014618
41.12874473
41.3462765375
41.3590967576
41.3989705963
41.5095491403
41.6005291861
291
