6.06231672045
6.12924636571
6.16618379136
6.85969996643
7.04309845619
7.24528231452
7.25762739442
7.55976083233
7.58435273215
7.60040486465
7.67242815662
7.80194255847
8.48806452565
8.53314149745
8.59541842639
8.64914383859
8.72289437002
8.78365056719
8.84798207699
9.60465629695
9.6893985181
9.69483591935
9.75474037325
9.82380284131
9.90608127577
9.94586334173
9.96660384824
9.98672286673
10.0345756593
10.0725417171
10.2283805157
10.3155171675
10.4276705825
10.481723187
10.7567130663
10.854214237
10.8848152685
10.8889267357
10.8926480213
10.9020334532
10.9065682516
11.0069970701
11.0536596633
11.1457762872
11.2049441246
11.2367631764
11.2465216134
11.4582480452
11.6134077132
11.81432235
11.9025724315
12.0586153064
12.101898497
12.1068377802
12.134828897
12.1955896589
12.2041948522
12.2409076894
13.2605443173
13.3201488109
13.3881475172
13.4413410514
13.5632847343
13.6310181236
13.6574374812
13.6647752159
14.2010008957
14.5288678544
15.3841446161
15.5868945201
15.6188112616
15.7110340019
15.7977257035
15.8474194519
15.8939487848
16.0036769563
16.0318228141
16.0730033684
16.143673527
16.1863719124
16.8387887161
16.9108054818
17.0191113646
17.2244119316
17.3391316351
17.3770679211
17.4844749874
17.6239246393
17.7135794388
18.004355149
18.0288025974
18.0733852832
18.1163248774
18.1747558683
19.2198016171
19.2562038072
19.2789162247
19.3965296101
20.4344619775
20.5032423338
20.5277754059
20.5767428849
20.627432312
20.6517179612
21.567799465
21.6350833375
21.7004365764
21.7987002858
21.8557449343
21.9316746511
22.14472488
22.25441658
22.3202246775
22.3764224109
22.6742014062
22.8280675949
22.8707351026
22.9114746102
22.9845468849
23.0280353436
23.0770680269
23.1238505658
23.1934301137
23.2400768979
23.3083018295
23.3153721192
23.3801172437
23.5130399055
23.6345740647
24.0243123405
24.0612205578
24.4293152729
24.544014393
24.6706944393
24.7567374225
24.8296583628
25.1899432645
25.2512473053
25.3100431558
25.374403681
25.3965009889
25.4531257565
25.5092872009
25.6044929964
25.6299203606
25.8072769642
25.8206147911
26.2903898798
26.4954254875
26.5167760514
26.626480703
26.7174289212
26.744105412
26.800235039
26.8980519996
27.0022129159
27.0974598506
27.2874789934
27.3850273752
27.5537431965
27.5752365388
27.6441990263
27.7073540299
27.7893037804
27.8250789613
27.8573325249
27.9670500777
28.0482787945
28.1727519609
28.2214790532
28.2899067248
28.2986112289
28.3953193752
28.488404463
28.5838446184
28.5956802735
28.8173212448
28.8409747567
28.9113504917
28.9894756395
29.0300019386
29.0650143714
29.2058206667
29.2889595626
29.3343191966
29.4424997711
29.5915248406
29.8572491583
30.0264206868
30.0540030506
30.1035461137
30.4369956778
30.6293691205
31.1168645414
31.2423176811
31.399332883
31.4710780284
32.0483093608
32.0568660459
32.154379513
32.3490647113
32.4565172024
32.556571892
32.643005624
32.7503918656
32.839722958
32.9223690023
33.0437328452
33.09333533
33.2943671182
33.4087983174
33.5201852232
33.9860392224
34.0268667744
34.1518515299
34.459995757
34.4856977338
34.5698862692
34.7516369722
34.8537895064
34.8874849208
34.9100137392
34.9786591116
35.0650536082
35.069005056
35.1071634598
35.1502211128
35.2612464012
35.4027962723
35.4562653531
35.6541900784
35.7404033585
35.9066567805
36.0394308104
36.0913800725
36.1613064425
36.3842859423
36.8429016828
37.0636470119
37.1303250838
37.2461162415
37.2923138604
37.3694591273
37.3881274651
37.4589707272
37.4700947141
37.5698534149
37.7206672029
37.8634138348
37.9160677703
37.9487226216
38.0007693697
38.2265158684
38.4324107227
38.5134260162
38.5824063552
38.6178816376
38.6507561043
38.7442756777
38.8462445917
38.8618156941
38.985117981
39.1792237745
39.2883833237
39.3626020557
39.5514259755
39.6256638995
39.6879862807
39.7117978687
39.7504904118
39.8259060854
39.862337666
39.9080001498
40.0003141606
40.0806706418
40.2301910755
40.3277280841
40.5080369812
278
