6.01973970912
6.04439778388
6.08618972932
6.11245056311
6.18425848027
6.30881597758
7.02712534921
7.22103128822
7.28853549416
7.30781494413
7.34546648937
7.40934070442
7.63800404421
7.70830119522
7.91986268938
8.07794821103
8.24477158675
8.34926680852
8.45163840977
8.50057670398
8.55849402947
8.61290476932
8.66822975453
8.78708654075
8.90014327801
9.13725765646
9.65482521821
9.70531095705
9.71053047048
9.75898314632
9.82322629431
9.8813217385
9.92157535692
9.98375006105
10.0152900412
10.0726897767
10.1309773544
10.2586345135
10.3176309227
10.4539058609
10.4892229365
10.5006032604
10.6102499034
10.6816843773
10.7596879422
10.8638102489
10.9553870781
10.9785170461
11.0173000939
11.0274959694
11.0974972066
11.1784155139
11.34061454
11.4977148075
11.7249386026
11.9877868588
12.0222697275
12.0905014151
12.1033742807
12.138346837
12.1526134823
12.7037624654
12.7903275923
13.0321255815
13.0911315787
13.4796782885
13.5252296399
13.5801179778
13.6880196149
13.7680993448
13.9260209469
14.2242858383
14.3111695317
14.4467011992
14.4790985548
14.603295295
14.695318954
14.7216890419
14.8792569422
14.9740799058
15.2785946966
15.5416570519
15.5680977331
15.6259301009
15.7450750282
15.7866897874
15.9311192256
15.9611830457
16.0266384474
16.35484123
16.4042100835
16.8460516124
16.9308148646
16.9907267105
17.0654983903
17.1528829996
17.2285089966
17.3933633928
17.4778119802
17.5911689974
18.0785419762
18.0853171069
18.2352697295
18.3169772293
18.3706356872
18.4282279049
18.5110404616
18.7766000644
18.8605828728
19.2645623842
19.3036819803
19.3827526795
19.4302340914
19.4637088603
19.4726122818
19.4850667548
19.5196859829
19.662161721
19.7356307751
19.9323951353
20.0073777614
20.1074628861
20.254011291
20.3928389296
20.4197136448
20.5061209587
20.5360205332
20.5842487975
20.649700495
20.8429324273
20.8620386838
20.9705493675
21.0449584125
21.1401221253
21.2064423272
21.3102980712
21.5800402431
21.6986431369
21.7540182068
21.8660246098
21.8705053784
21.9403435301
21.9848373713
22.0014196302
22.1783694412
22.1937464772
22.2784209259
22.4411728652
22.4617560159
22.5491425845
22.6948215358
22.7319879557
22.8362804651
22.9146839447
22.9836886845
22.9999804751
23.0974862804
23.7044284532
23.7819120057
24.0350762957
24.0676747022
24.1057348057
24.137203359
24.400589677
24.5681556626
24.6711020071
24.7025404664
24.7737435091
25.0025715463
25.1753276699
25.2148092458
25.6041072638
25.6448707957
25.7487683628
25.7964501066
25.859508198
25.9943753439
26.0838984777
26.1888432628
26.4337641075
26.4700606564
26.5992174097
26.6870161813
26.6951537075
26.7968925794
26.8576273506
26.9406248162
27.0062430814
27.1232713407
27.2085198614
27.3363546349
27.3989518222
27.4444521559
27.5357381199
27.6657973221
28.8090973741
28.828698055
28.8346323813
29.0217696962
29.1138667853
29.1376345862
29.169881117
29.2639588245
29.2725421612
29.3335144018
29.4150270076
29.4770982355
29.5510974753
29.6713698089
29.7551598284
29.9000115207
30.0099413782
30.0358499543
30.068048005
30.1707341287
30.2845604594
30.2924418299
30.3233447035
30.4084070491
30.4566861575
30.5364045338
30.65488513
30.7684966115
30.8172276801
30.9133889099
31.0651713231
31.2200942581
31.2981022954
31.7122312704
31.72067859
31.7824048108
31.9128174527
32.0031244849
32.0319485398
32.0741328678
32.1969921382
32.3166269402
32.4921474916
32.5312949315
32.5810341802
32.6469674581
32.6742541344
32.7215168975
32.7383974058
32.8339012157
32.9062640848
33.022295476
33.1191974157
33.200830035
33.6218198256
33.7247484328
33.8135945042
33.8825932021
33.9117400508
33.9446752673
34.0507906062
34.206533095
34.3775593613
34.3904942509
34.4921473117
34.6108668936
34.7861183944
34.8166087892
34.8447259886
34.8913057096
34.98930641
35.0512674786
35.1048340439
35.2282072104
35.3849278959
35.445338451
35.7088114873
35.7248032253
35.7685819714
35.9079099168
36.0299607023
36.288685263
36.3188373317
36.6686257955
36.9597746976
37.0578269334
37.1950261461
37.324359514
37.3421861637
37.3806950571
37.4418084929
37.4971143091
37.5178065661
37.6719056159
37.9633215854
37.9753403501
38.0533377632
38.143326285
38.2353025446
38.3980985133
38.7233392787
38.735930928
38.7647628138
38.794000928
38.9166340568
39.103262949
39.619660245
39.7134622737
39.7534458431
39.8798856701
39.9417997953
39.9742675612
40.0248828552
40.1622425173
40.2537561898
40.4117480598
40.4455718355
40.5927181036
40.6654489606
40.7274041324
40.8363641289
40.8956198598
40.9283452202
40.981020161
41.0625045872
41.1110396593
41.1852625124
41.2589755032
41.3540808774
41.3984511861
41.4556438645
41.5839535182
41.6236020095
41.8024936551
41.9142858437
330
