6.03760768376
6.11522866932
6.24910296509
7.0169579901
7.09116668962
7.25677283135
7.32038297702
7.39301335768
7.56881830121
7.64610283366
7.67179960656
7.73996225677
7.79146061782
7.86186589807
7.93416713368
8.18538059143
8.20776341064
8.46976526469
8.49564027854
8.53811964991
8.61720314911
8.64309042224
8.67583955621
8.79040926266
8.81862404843
8.8959248752
9.4335093622
9.48516744872
9.66686814314
9.71475412686
9.79936588914
9.86492072811
9.90093153462
10.5262125157
11.2190752003
11.2803272456
11.5205527977
11.5880861099
11.6942491872
11.7891062985
11.9285519615
11.9694242301
12.0389817155
12.0535529539
12.1028902572
12.1895178913
12.8159495523
12.848767536
12.9952969124
13.2688052785
13.317910367
13.389698234
13.4694058255
13.4945408702
13.541368967
13.5668133878
13.696765078
13.7799235856
13.9286135667
14.0511203436
14.1247978303
14.6879233365
14.7527498922
15.6477657075
15.6921101907
15.8933086797
15.9656579723
16.3048131312
16.5896288885
16.7114001108
16.722090521
16.8749220681
16.9545001133
17.0101806222
17.0620899002
17.0839138679
17.1043299922
17.1286956678
17.1883777466
17.2650146535
17.2855680274
17.3797178264
17.4678418393
17.4833051028
17.5802662946
17.8205739733
17.9456027142
18.5645027496
18.697478628
18.7215376302
18.8396060834
19.1418719968
19.1688183354
19.258644806
19.3358294984
19.3405548653
19.3958898903
19.4801651629
19.5169445782
19.5228211257
19.602178904
19.6950096141
19.738463881
19.833490919
19.8457462054
19.8527814503
20.0194534865
20.1055775937
20.4357971379
20.4923247484
20.5339571987
20.5575928712
20.6325185221
20.6496122066
20.7147634798
20.7296662072
20.8157261786
20.8950444517
20.9487465479
20.9907500928
21.1338425017
21.2280250444
21.6775987594
21.6995394955
21.7660717397
21.8662948364
21.9566244238
22.5084889588
22.6118749303
22.7708148876
24.0750557853
24.1404615371
24.1614365743
24.2748402545
24.5353983949
24.6304360608
24.7447695512
25.0226410415
25.1429552255
25.1756050122
25.2624516062
25.3049399094
25.3975318849
25.4177732804
25.4820924287
25.5825503253
25.626650912
25.7167183417
25.9323572799
25.9655079347
26.1075381248
26.4463991751
26.474239977
26.7997170862
26.8979482125
26.9450045001
27.1997400468
27.323225369
27.5133585057
28.5283421379
28.852143106
28.9215794663
29.0030857028
29.0470699367
29.0508462779
29.1312879451
29.2262258953
29.4003637693
29.4920154929
29.6642993042
29.8833301868
30.097961699
30.1071215939
30.2037421781
30.2175007571
30.2780057211
30.3345080863
30.462845946
30.5088298506
30.5702789238
30.6596474895
30.8373292293
30.9282307381
31.0376823738
31.0541350326
31.2747835045
31.4474185234
31.4774841019
31.5504146124
31.6045333042
31.7265515365
31.8233909971
31.919943016
32.0345245278
32.2688556321
32.4281928783
32.4441323572
32.5085643793
32.6036938512
32.6913088323
32.7302809555
32.7650067199
32.7717896011
32.8321929754
32.8675995865
32.9913683148
33.2220254567
33.2940133863
33.3932567325
33.5100814727
33.6395819884
33.6455300956
33.7050105928
33.7201271421
33.8034352828
33.8173639048
33.8847881483
34.0018505358
34.1745021233
34.2493952033
34.3080644656
34.4192079726
34.4853490611
34.6072171095
34.8885071413
34.9371020307
34.9874128216
35.0254394689
35.1191561275
35.2918371835
35.4691610885
35.5205033145
35.7205659564
35.8783311194
35.995907677
36.0885362185
36.1688760172
36.2069166087
36.2537873759
36.2580201899
36.3626915282
37.2498041474
37.2680133611
37.3259815026
37.3836443662
37.6205730605
37.7019574666
37.8398404439
38.2022749613
38.3582460001
38.4517083099
38.5083711208
38.5797716493
38.6060138457
38.6870278129
38.7097751971
38.8120151302
38.9576113656
38.994189185
39.5248265581
39.626926003
39.699542481
39.7159840585
40.1036977722
40.2998604624
40.3946262994
40.6091347013
40.7546622631
40.8632297049
40.9582420186
41.0334771577
41.111396994
272
