6.05588065073
6.12426694517
6.15483934823
6.27051934861
6.29008892738
6.42023490372
6.5068480007
6.6004978404
6.81989964414
6.91500805798
7.03092939432
8.08435583776
8.14716918396
8.22133767189
8.25707677893
8.41970363217
8.56519299407
8.60868244066
8.64199973695
8.70223470809
9.01150321984
9.15093804271
9.23926679619
9.27772574134
9.39902480432
9.76233108025
9.83758232546
9.98804329454
10.0241675528
10.8198189933
10.9049937658
11.0764072094
11.111549481
11.2062952638
11.2166201219
11.3276727342
11.4577438195
11.5028348831
11.5965147248
11.8657115238
12.0814822241
12.2454270065
12.3229620354
12.4547933387
12.517692317
12.5990738726
12.6386409905
12.662283329
12.7517045496
12.8515588291
12.9228870337
13.1462946589
13.2482368394
13.2914799404
13.3555595296
13.4379257191
13.4615500166
13.5632257481
13.6101550269
13.646341288
13.7692993246
14.0503129012
14.0830152064
14.0980970831
14.222702652
14.3130192787
14.4160286705
14.5079507521
14.5344776185
14.5940412487
14.6697359718
14.7843747796
14.9546669948
15.0801114182
15.1664456652
15.1736655418
15.4056819015
15.659194688
15.6910838619
15.7555125645
15.8017310386
15.8413985448
15.8968294248
15.9668331694
15.9862464965
16.4767116936
16.8072714872
16.8385361353
16.886752565
16.9204703653
16.9439811118
17.0159752928
17.1041775546
17.2736768202
17.4449442764
17.5182942504
17.6860803328
17.7266035974
17.9247257345
17.9517857369
18.0525870878
18.2952283583
18.3199436597
18.3476892875
18.5069268063
18.5426666188
18.7770447043
18.8518740767
19.0408128867
19.1897682098
20.418127985
20.4683845992
20.4733507147
20.5217218063
20.5756064831
20.6407255422
20.7523273133
21.6662825403
21.703891517
22.1076595997
22.1819160572
22.2483287518
22.2587390479
22.3712429793
22.4460809681
22.4661067359
22.4956072657
22.7562823108
22.9093869578
23.0000290061
23.029698241
23.0524275578
23.1015807357
23.20211662
23.3781084955
23.582710344
23.6301559641
23.7516629495
23.973460915
24.0341218606
24.0425081505
24.0669559337
24.456892433
24.5330129919
24.6154184654
24.6695724318
24.9716669115
25.0878862312
25.203512305
25.2316028382
25.2436751835
25.2763075476
25.4100808713
25.5538738771
26.4301123871
26.4858952586
26.5497674365
26.5664294782
26.573681989
26.6400960941
26.7024377823
26.7266782696
26.770108868
26.7829477482
26.9262659896
27.044035849
27.1555931266
27.2694676902
27.5147492585
27.5947280179
27.6388301778
27.6920296506
27.7508140563
27.770760525
27.8194414592
27.8805316326
27.9308576285
27.9917974465
28.0833344838
28.3433582938
28.656698487
28.7063446882
28.8795750715
29.2543136607
29.4391461493
29.7546567377
29.7919480252
30.0049276365
30.0182137457
30.0748876815
30.126326727
30.1675145821
30.5162985737
30.5789230149
30.7661399383
30.9191982965
31.0670684134
31.1643846792
31.2168275192
31.2466136882
31.3242433216
31.455882922
31.4976758506
31.6260722649
31.6807520522
31.7127042946
31.789744324
31.8632298235
31.9084875357
31.9695184144
32.078506439
32.1512771466
32.2481870249
32.371445811
32.4335015457
32.4644802515
32.5050247601
32.546409901
32.693737851
32.7351003017
32.7688064211
32.868821396
32.8753319343
33.2126985032
33.2490889129
33.4106444852
33.7561241775
33.7977830905
33.8266181236
33.9537909286
33.9838571214
33.9955569392
34.0710962549
34.3478034336
34.7361552265
34.8420324907
34.8940451415
34.9198580728
35.3915145275
35.4922120186
35.7188476949
35.884435909
36.0971975586
36.1311646165
36.2549984078
36.2912630661
36.5269390604
36.5873531162
36.6760852149
36.798189738
36.9130882835
36.9874459585
37.2153182881
37.2956670165
37.3142015345
37.4871002172
37.57458662
37.5826705904
37.6674178361
37.8357430449
37.8998051889
38.0956716105
38.1645000617
38.1780139789
38.4459912568
38.4733780961
38.4853318892
38.5122525794
38.5826844707
38.6494482596
38.6605112167
38.6859223052
38.769660054
38.861746734
39.428648675
39.6194551231
39.6405215634
39.6691138922
39.7669053928
39.993709432
40.0439229087
40.0909681291
40.1403176328
40.2319012877
40.3755458161
40.555489147
40.8582451016
40.8707129005
40.9026465878
40.9448474374
41.026182473
41.158514385
41.2251649151
41.2683400089
41.2875412662
41.3446909592
41.4178988259
41.4599742832
41.7511040639
41.9956736478
300
