6.16594531361
6.35330187807
6.43431102049
6.4834708444
6.87295744156
6.94582895977
6.97388624535
7.16518736402
7.19621204843
7.23016792212
7.25722551678
7.29733739318
7.33915564603
7.42690285772
7.45663981999
7.88338502059
7.96932283992
8.06591403535
8.21059157868
8.42206485589
8.47860318971
8.48860007936
8.55166099548
8.57168070053
8.62818601372
8.63415743798
8.70648673738
8.81124202122
8.81881929922
8.96674416766
9.15280502937
9.70033391893
9.74824328692
9.87447279416
9.90504145916
9.91261175133
9.96835575239
10.070877219
10.1061428342
10.6392431769
10.8226056598
10.8506779011
10.9066547849
10.9348509631
10.9680200716
10.9899869011
11.0153073341
11.0753876425
11.1314952241
11.2666508098
11.2912166197
11.42615049
11.4788786142
11.5364312331
11.6752935832
11.8616206804
11.9794891127
11.9968363372
12.0278753202
12.1238503021
12.162562259
12.2421799376
12.6161337136
12.6863896181
12.7617148484
12.8441914668
12.9868051014
13.0555666131
13.0696894919
13.0820372984
13.2522695287
13.3885215571
13.8309288976
14.080275948
14.2743552641
14.3394026108
14.5025655302
14.5592048846
14.6265264433
14.7477681727
14.8888067387
15.0015093457
15.0492870764
15.2023736432
15.2781815372
15.3592482905
15.4826500191
15.6480312217
15.6766917226
15.7126333875
15.8197646817
16.0463463288
16.1049708732
16.1460908312
16.5861168208
16.7800489898
16.9243240661
17.0355934864
17.0464582095
17.1081219461
17.233583503
17.3085502441
17.3597726741
17.4008811668
17.5269230627
17.9034285412
19.1446608048
19.2744131839
19.3354869412
19.3494886508
19.3579188164
19.3975249804
19.4574575139
19.5110498922
19.6418104956
19.6877763949
19.7564846119
19.7858979921
19.8437480538
19.8539477488
20.2628582175
20.3370459438
20.4578683115
20.4743359704
20.4852063199
20.5092682625
20.7732915405
20.7849330884
20.9818198449
21.1884308952
21.3283362948
21.6686999916
21.7606316763
21.847834771
21.9203324096
22.8384886103
22.9107932555
22.9616930712
22.9806482208
23.0257900818
23.0467087523
23.1457802867
23.1787765519
23.2213927801
23.3151466456
23.4401357801
23.5240385235
23.7008953682
23.7746367934
23.8655607586
24.0041824197
24.0731617061
24.1281590992
24.1481670142
24.2173416681
24.4072908336
24.4342535712
24.5890676079
24.7091431064
24.9189337633
25.1236808223
25.2467379498
25.2621514037
25.3839007181
25.4577976035
25.5457346438
25.583171774
25.6535525464
25.6618504788
25.7635281593
25.8086143149
25.8980683294
26.4224635465
26.4783169562
26.4988681234
26.5182335861
26.6083598493
26.6302978817
26.6679752945
26.760556186
26.8154183398
26.8280123715
26.8760156982
26.9639257251
27.1488677197
27.4486225023
27.5941189856
27.6052804407
27.7367229723
27.8150950469
27.9438302454
28.0466450992
28.1243489884
28.159750285
28.2624279155
28.3119780208
28.3811137491
28.5530710243
28.6775859618
28.7726168848
28.8157869705
28.8976933098
28.9010618844
28.934906873
28.9959669359
29.1064983148
29.1709185146
29.1907491306
29.2502240218
29.3123175561
29.3427400293
29.3936655991
29.7331724782
29.7896332318
29.9845008438
30.0051259076
30.0533941768
30.1221504628
30.1635811125
30.1994992271
30.2879879836
30.3281057655
30.4262032377
30.4559244988
30.5475265291
30.6911984052
30.7445590218
30.849238767
30.9477611807
31.0430879226
31.304420867
31.4061757063
31.4904301427
31.5518247749
31.5584834178
32.0323106982
32.0436046567
32.0639378616
32.4467008824
32.5605534752
32.6229690375
32.6773141678
32.69496873
32.7034860966
32.7914875493
33.2759859052
33.4695605505
33.5586788976
33.8128702841
33.8484640399
33.9597077445
33.9987583301
34.0808942137
34.1630314991
34.202305711
34.3595990697
34.3997154461
34.4459796005
34.6092160279
34.8099774385
34.8677411425
34.9666851602
34.983446278
35.0641068502
35.0690677694
35.1350349061
35.2293247525
35.3151043688
35.3681461016
35.485515163
35.4943892507
35.6339635023
35.7135423639
35.9358924953
36.016104431
36.106683812
36.1543402482
36.1872270385
36.2563802756
37.2362527006
37.3015324017
37.3416127096
37.4085088804
37.4952644536
37.5156923805
37.5251885307
37.6215718353
37.6535428115
37.9567997022
38.0097719113
38.3549790074
38.4234325448
38.4583766254
38.4922860207
38.4965682903
38.8874846745
38.9089580511
39.0243101417
39.0406386065
39.6133062095
39.6200221688
39.6908317885
39.7078164125
39.7955338239
39.9062127905
39.9188996279
39.9454480071
39.9779872583
40.1193031797
40.2270975355
40.3196593568
40.3889985671
40.4803275034
40.692465946
40.7465084212
40.8673352667
40.9045050904
40.9358452415
40.9732562747
41.0464296468
41.2877709906
41.3252188844
41.4166634248
41.6471450729
41.6841514217
325
