6.05251286461
6.14192786221
6.25258379808
6.2578039993
6.55461053151
6.78868350545
6.9838590912
7.20498452258
7.24969007665
7.30955544206
7.32510563716
7.37228545443
7.42903396203
7.43779300144
7.50802536814
7.55083421076
7.58878415691
7.6529843065
7.73336413138
7.82775034706
7.84721271394
7.95043862992
8.35082828719
8.40485435826
8.48598555818
8.61454738599
8.73045240257
9.61300404849
9.66349879354
9.71096468731
9.7388929712
9.7709739644
9.84144703283
9.85766773247
9.91273175312
10.0397439179
10.1126226638
10.2157931974
10.7621828073
10.8595065393
10.964602611
11.2433685405
11.2766194965
11.2836512196
11.4685117512
11.6823785342
11.7855731542
11.9610324392
12.0577654578
12.0697492915
12.135164996
12.3398219557
12.5572564836
12.7537947319
12.892611094
13.225809132
13.2297910426
13.238827196
13.3007190775
13.3461621741
13.4046864119
13.4663430387
13.5960007446
13.6212841571
14.2695503262
14.3769855602
14.4275186737
14.4733198984
14.6494316732
14.7380838782
14.7706420831
14.7987180903
14.9488127968
15.0808792688
15.2452791164
15.4225000405
15.6523854613
15.6887681336
15.9154138965
16.049540967
16.1200076136
16.4639125327
16.850886375
16.9028381412
16.9520185945
16.9818367925
17.0164012238
17.1546335385
17.2179351275
17.3959145561
17.702281587
17.8774075512
17.9670077477
18.0078357008
18.0629025282
18.1962212025
18.3090247604
18.3297721887
18.5036494845
18.5824083372
18.7490695442
18.8612827154
18.9854819032
19.0835342394
19.2504224715
19.3083430533
19.4201493967
19.50703239
19.5523095089
19.5793030468
19.6400209109
20.4731726173
20.4973806463
20.5362218604
20.614961616
20.6262873062
20.75566785
20.8687834266
20.9720308469
21.2213938752
21.3290602361
21.4739304908
21.6420213098
21.6949562474
21.7363172914
21.837128111
21.8907473878
21.9169219244
21.9523031805
21.9624542956
22.4530752934
22.9779815657
23.0551231037
23.6946990313
23.9120458798
23.9724776289
24.0691784087
24.2161578319
24.288237284
24.3225637604
24.4087787592
24.5669022591
24.6489681627
24.6945859273
24.7101627288
24.7376389494
24.8070064826
24.8742000592
25.1071895153
25.2197559624
25.2796798537
25.3846813256
25.496839755
25.5305464099
25.6066760292
25.6848320664
25.8595089756
26.0082811396
26.0639635167
26.0766633461
26.1743434096
26.3458264009
26.494133466
26.5500169498
27.6304382553
27.9609195384
28.0194790846
28.0885428222
28.0946443523
28.205155528
28.263284459
28.2856346643
28.3924841355
28.540680322
28.8146408263
30.0618128936
30.1868131716
30.3008532806
30.3773890375
30.4617114568
30.6086057811
30.7166534605
30.75223063
30.8010077204
31.0441681607
31.1132227304
31.1975489627
31.2374212943
31.4611026895
31.4782261017
31.6153063767
31.6983639412
31.7895961133
31.9544150043
31.9699842659
32.0860255349
32.1698940381
32.3071911679
32.4609290627
32.4932489021
32.5447216345
32.687089446
32.7561523798
32.8580317196
32.9606265657
33.085244362
33.1709636025
33.2376398427
33.4426472566
33.5536122429
33.6820778959
33.747502983
33.8012260087
33.8397891743
33.9061256721
33.9242865261
33.9624563376
33.9857853567
33.9912145473
34.0711281086
34.3839436361
34.71502243
34.8975685367
34.9413817789
34.9800464343
35.118275353
35.1590541787
35.215323611
35.2966417538
35.371690303
35.4535651134
36.0223885028
36.0662998619
36.1818292982
36.2499591932
36.2848212781
36.3384787609
36.375032095
36.4324958005
36.5203416561
36.5571072722
36.6599700875
36.754504528
36.8557822808
37.0439700281
37.103555801
37.2418817705
37.3178927909
37.5419705187
37.5780156249
37.5844615721
37.8215553434
37.8410438603
37.9717406553
38.0336154282
38.4049394317
38.4227921519
38.4931755783
38.6459975222
38.69933336
38.793484824
39.0816027867
39.1513874543
39.2332903055
39.4511251349
39.6375179966
39.741634509
39.804650982
39.8954165624
39.9153732224
39.965526473
39.977631361
40.0165966734
40.1520487615
40.1913783278
40.4536133206
40.5268836908
40.6739685295
40.7742222637
40.8036103254
40.8812256537
41.0007816041
41.0540184711
41.0735562295
41.2013200704
41.3077016208
41.3148269865
41.3381508607
41.6203677648
41.7048962567
41.7195307309
41.8108993032
41.9265156239
293
