6.0545557014
6.05962374524
6.12588751273
6.17268821115
6.21733633571
6.27441223741
6.34457343446
6.36299536971
6.42220335728
6.51873042023
6.60462049082
6.69822154296
7.02258691399
7.2246757475
7.22801288781
7.24901372236
7.34141175499
7.38663381656
7.42394184436
7.49396939297
7.54037898989
7.66470542315
7.77746213733
7.82543807085
7.98088180723
8.14107880292
8.2767467827
8.37132514723
8.43051609304
8.48656062119
8.50779577849
8.56395248688
8.58940644772
8.69044767797
8.74965436891
8.81415324028
8.89024385866
8.91976589037
9.10448337558
9.22350232796
9.43721454106
9.50941881184
9.61131566272
9.62026128644
9.66496101145
9.67560470956
9.76049362631
9.81859231341
9.88440528209
9.93165150268
10.0119593573
10.1284331988
10.1795756797
10.2626049211
10.3979014544
10.4925940305
10.510072406
10.5766216427
10.6725377631
10.7685275786
10.8170174251
10.8348081902
12.2243181631
12.2621519463
12.3107720271
12.5266134386
12.5933073298
12.7402937057
12.7960224641
13.2035297822
13.3939389782
13.4417544375
13.4542488634
13.4608064922
13.5591167183
13.6211816503
13.7211871843
13.7883813224
13.9408447402
14.0791190001
14.121771935
14.2316518641
14.2969025363
14.4218364533
14.5245658005
14.5494998248
14.5741240397
14.611232904
14.6446334501
14.8229946521
14.9309059053
15.038794864
15.3506305445
15.4466700793
15.5764673871
15.6407002335
15.7324232435
15.8018808248
15.8527525314
16.0986290446
16.3556901471
16.4625963166
16.5889565761
16.7245909002
16.7447244231
16.8249156372
16.8508057428
16.8836720518
16.9696966342
17.0032940889
17.0395304556
17.0912001327
17.1197019185
17.2599653084
17.3310211593
17.45533575
17.5027836341
17.5219429597
17.5678592891
17.6515710706
17.7207058785
17.9501014098
18.0592614237
18.0904281797
18.1220865608
18.2318805363
18.2786715306
18.4341841078
18.4588019006
18.6724135839
18.8684387926
19.0161912605
19.3045323651
19.350649473
19.4097213354
19.4562488277
19.5661136916
19.7761027854
20.1245615137
20.2691796719
20.4169129809
20.4814088428
20.538750108
20.5607370898
20.6797325207
20.7446186198
20.7917142926
20.8896055485
21.0245850767
21.4400644352
21.4576693689
21.5789926671
21.635351529
21.7859951648
21.935862794
21.9858108511
22.1031734638
22.1524886073
22.1843241245
22.2204656939
22.4039330168
22.5158948965
22.5444562288
22.8461920211
22.9117402389
22.9837976874
23.0389034508
23.094041954
23.2638481603
23.4720881523
23.4937742354
23.5173542268
23.7010415985
23.7401432868
23.8168980588
23.8803515832
23.9472036725
24.0471751974
24.08641937
24.0997345452
24.1141308059
24.1735834715
24.2459424439
24.2857091014
24.3341719978
24.4576029688
24.5360173171
24.8379288178
24.9276801622
24.9389336185
25.1202264562
25.2388537473
25.2802996106
25.8557384828
25.8682555704
26.1058993525
26.1714160812
26.2538477534
26.3490874991
27.6258065061
27.721502562
27.7956845733
27.8260084026
27.9395173534
28.0351125923
28.0438133822
28.2899594729
28.3931325941
28.5782493837
28.8248948574
28.987864633
29.1071785485
29.144737272
29.1878546195
29.2918929943
29.350525948
29.606561335
29.7061740446
29.7495386662
29.8539998729
29.909419602
30.1374416922
30.1846913498
30.2688618148
30.3970298798
30.405823435
30.4118994617
30.5197047409
31.250293538
31.2771196732
31.3454451953
31.4202996975
31.4394643195
31.4896637248
31.5351635287
31.7014097631
31.7984281932
31.9412283144
32.0310508201
32.1170667193
32.1803814438
32.272200513
32.3677287758
32.4054107467
32.4411977096
32.5135242667
32.5812369952
32.6465265707
33.6566896101
33.9568622103
34.0622167546
34.2511023563
34.36367862
34.5676844494
34.7552508288
34.8655031506
35.0870603257
35.092540852
35.1239384244
35.1308438327
35.1928393199
35.2267437305
35.313488388
35.3918959506
35.548431719
35.5564839068
35.7695072728
35.958919016
36.0658439079
36.1132878375
36.1950793749
36.2342157146
36.2721489041
36.290824915
36.3257087644
36.3884863526
36.398376072
36.5115944575
36.5457874608
36.7299651929
36.7404815869
36.922845475
37.0939693485
37.1631483435
37.1810204192
37.2422718004
37.3241939342
37.367186321
37.3950007507
37.4020866126
37.5043375659
37.5353610658
38.0908785294
38.3507372714
38.4694242723
38.5159755838
38.6002595986
38.6232582769
38.7535103037
38.76743736
38.8053134447
38.9688895443
39.087734114
39.1977256617
39.2977883149
39.4789241985
39.7053877958
39.7201334922
39.7442467872
39.8544449134
39.8827164243
39.8981209189
39.9909194672
40.0375857634
40.0959426364
40.1158137608
40.2405841768
40.3352850949
40.4023571632
40.461141941
40.6263991185
40.6543697748
40.7308496919
40.7862497814
40.8693438404
40.8964939796
40.9337167
40.9527434449
41.0464815806
41.1707408331
41.182526188
331
