6.05145400492
6.09839391706
6.31872574266
6.42787806426
6.53110703808
6.60932030406
6.69917437319
6.90322103621
7.11495121744
7.18623099731
7.23035444503
8.27008421649
8.3783637843
8.4165812163
8.43907667149
8.47237787715
8.66370177991
8.69428498697
8.74547729671
8.82819718934
8.83893313027
8.89291729317
8.9570825977
8.99951742983
9.00949870789
9.0894371474
9.36984862158
9.43997306756
9.62098751821
9.64593003096
9.66028542952
9.6747174617
9.72616997701
9.77680660946
9.82705219237
9.8721473159
10.023206011
10.1303455336
10.2533125797
10.2814841618
10.3495571014
10.3915019473
10.4750680551
10.832814059
10.9555439915
10.9604300835
10.9993742152
11.2823834575
11.3077644386
11.7399893239
12.0428360314
12.0467392993
12.0648140855
12.0695369316
12.1110293955
12.1288487158
12.1583718036
12.1748195445
12.3054774089
12.3122987886
12.3668576945
12.4507269863
12.6806321376
12.7589687621
12.8483408779
12.9489840065
13.0496591329
13.1905215293
13.2320362291
13.2514311567
13.2816443045
13.4124510098
13.4615512087
13.4814297816
13.4947909825
13.5657162745
14.0252015686
14.0974934513
14.1757955752
14.1866282941
14.217123512
14.374045203
14.4420624122
14.4829607752
14.6108652397
14.6377663846
14.6448203257
14.6926634424
14.7322634259
14.8436833209
14.9952324351
15.1416187434
15.2787599155
15.4522989258
15.6214272565
15.6463004549
15.8184870721
16.022719634
16.2439935979
16.2664710364
16.435793956
16.5909595551
16.6685998992
16.8564043836
16.9058607749
17.0267842093
17.1130072177
17.169799664
17.3673263105
17.4577336697
17.5610095087
17.8398851251
17.9000689193
18.2860886911
18.3333792765
18.4394710421
18.7547085537
18.8440883112
18.921279398
19.1223146881
19.18220009
19.2486756418
19.2851419619
19.290667842
19.3273209079
19.4872396654
19.5180182556
19.6986496979
19.8247310994
19.8775673901
19.9307870315
20.0120526263
20.2966301581
20.4872424546
20.5631780359
20.8915033695
20.9614978582
21.1251047583
21.1369229147
21.4018709906
21.5995892946
21.6430558113
21.676947624
21.6832107955
21.7082191977
21.8697165114
21.9449993977
22.0080671962
22.1105624151
22.1667718249
22.5233226749
22.5989857582
22.762335628
22.8733346735
22.8782808778
22.9240818194
23.0854366596
23.1288658022
23.219887604
23.2663366712
23.4678314273
23.6005231538
23.6684537325
23.7518412556
24.1460269314
24.189721196
24.2341531525
24.3314276726
24.4821997613
24.7459027809
24.8691904075
25.0974537593
25.1939492506
25.2243570764
25.2578264982
25.3165916521
25.4521076678
25.5515157031
25.6728026578
25.7026037579
25.7727517724
25.810368565
25.9017875484
25.9524669286
25.9949670586
26.1026477803
26.3065791825
26.4083419701
26.4311557055
26.5532625638
26.6487559093
26.7539576898
26.8308000979
26.8718273232
26.9393238892
27.0897147134
27.1418369331
27.2069673195
27.3476140005
27.4595618069
27.5891188222
27.6505718135
27.6738571627
27.7464360316
28.8481441217
28.8640641284
28.8854775007
28.9049720826
28.9519537136
29.0384107206
29.1909580265
29.2616466029
29.391145258
29.557640879
29.7204329382
29.8109690422
30.0981751672
30.1281206527
30.1861110805
30.2799781182
30.359492199
30.4717263368
30.6036511738
30.6642538317
30.7279335412
30.7853621601
30.8547335546
31.1402975574
31.1604693648
31.2431606931
31.2843363007
31.3720716782
31.4081685728
31.5169633132
31.5631350696
31.9529028667
32.1344254929
32.5216429682
32.6119527419
32.715918968
32.7567982348
32.9224526827
32.9497843911
33.6421566281
33.6773140913
33.7498166429
33.7960573365
33.831556332
33.9470233443
34.0344450413
34.0625525754
34.1896007437
34.2818620434
34.3726131661
34.8503276968
34.8777807735
34.929013922
34.9671199471
35.021746975
35.1117105788
35.152912024
35.2595838346
35.4491598951
35.4914352145
35.4986495317
35.6160910401
35.6923401068
35.8261182902
35.9662543891
36.0260903787
36.1282535471
36.3822095509
36.516887897
36.7115037159
37.0272881725
37.2708451579
37.2896077225
37.322225422
37.3666536645
37.4443532559
37.5270901326
38.1141059272
38.1810070386
38.4269348403
38.458259657
38.4959318536
38.5879841624
38.5974990649
38.7326592749
38.7787030916
38.7844396216
38.8923869421
39.0025033168
40.0403305
40.1980701634
40.3076387217
40.397494198
40.4298054977
40.4886466599
40.5188830019
40.536112357
40.5675989185
40.6567260126
40.8654955519
40.9069402367
40.9333903392
41.2451351269
307
