6.0494368282
6.08644638529
6.13203417173
6.21672214102
6.23808392327
6.25656975656
6.26635244986
6.27041223005
6.31105466929
6.42537411867
6.56423242361
6.63162475728
6.7623845785
6.83428125036
7.01308650846
7.22572018998
7.3137322628
7.35958771446
7.61829683323
7.65721896476
7.82808855942
7.87335210551
7.92078768317
8.03066713976
8.12834737081
8.38630599631
8.46927215206
8.47439090227
8.53016479573
8.76096918742
8.88715478048
9.07338873307
9.18798149446
9.3330020031
9.59105943646
9.66603816582
9.70887402991
9.75464019907
9.83347580089
9.86679121368
9.87783147482
9.93878808887
10.120409166
10.1946584888
10.2739421692
10.4345513039
10.8169360835
10.8515092218
10.9181157299
10.9345674537
11.0030692488
11.0747226333
11.1084429137
11.1766399992
11.2226464332
11.3462378994
11.4404396384
11.5445748059
11.6006926549
11.7585323464
12.4606833239
12.4924235747
12.6073479147
12.7646919393
12.807131456
12.8612619016
13.0829916951
13.2629692461
13.3306367357
13.4057599185
13.5185193106
13.5519070292
13.6275602412
13.9287297186
13.9773712328
14.0713107922
14.1505191548
14.3469780037
14.3926223273
14.5249723764
14.5771196409
14.6418890538
14.6636112769
14.6876518987
14.7252032492
14.7398930973
14.8065932851
14.8607067984
14.9861824137
15.052972955
15.7996991475
15.8553238725
15.9214428181
16.0198126382
16.1270388817
16.2751879835
16.3754333577
16.4733007241
16.8634216418
16.8914146122
16.9541660122
17.4579774292
17.5967349287
17.6811975619
17.8327326711
18.0041844157
18.0814635041
18.1370377601
18.1478087837
18.1940583772
18.1989676933
18.2534283756
18.2599761469
18.3219195437
18.3524553512
18.4338169521
18.4584642797
18.4664354713
18.5829742568
18.5969264698
18.6059057315
18.6916419886
18.9552123209
20.3221838429
20.5157367293
20.5527011461
20.6379988908
20.6804518754
20.7253503362
20.8436285562
20.9097582668
21.639523353
21.6738465646
21.7082265804
21.7890641196
21.8796674064
21.9722007559
22.0899911042
22.2055937159
22.8241002292
22.8634805461
23.0149709742
23.0583237404
23.1337693025
23.1539093725
23.3046077248
23.4739885474
23.518314466
23.93319961
24.0579158447
24.1019488648
24.1862039161
24.2509825979
24.3663842751
24.3718153353
24.4610259437
24.5135659724
24.5879026999
24.7127578923
24.8473520507
25.0422243556
25.1228320095
25.1985337132
25.270082868
25.3271697442
25.4291695537
25.5133204414
25.53829578
25.575426861
25.7781520894
26.0837239355
26.4200799734
26.4779734324
26.6526610144
26.7654352136
26.9315235287
26.9472595649
27.1251187225
27.264579076
27.3519870225
27.4299947864
27.5544735992
27.6283426352
27.6521947122
27.6737756267
27.7159680958
27.7381584842
27.8475712559
27.9528580897
28.0148689339
28.089578304
28.2483966628
28.3469483055
28.4135352602
28.4903873797
28.588077242
28.7099589676
28.8085641757
28.8210262359
28.8760366357
28.929394205
28.9448194696
28.9711039456
28.9917926048
29.0914659921
29.1962591889
29.2281714089
29.3400694828
29.6057463664
29.7177184306
29.837685107
30.1091795755
30.1626579948
30.206590814
30.2831767962
30.3451653971
30.4232154068
30.5276432304
30.6528020347
30.7621064596
30.8692503411
31.2722166123
31.2973309655
31.4668533629
31.7984364306
31.9032676072
32.0307856318
32.0462617878
32.2500594694
32.3415165556
32.5010922747
32.5284439482
32.6181073053
32.6820665833
32.784967137
32.799972725
33.1966403741
33.4227051083
33.592544662
33.6354355282
33.6970973877
33.7329090798
33.7759325524
33.8151303697
33.8303935348
33.8854610245
34.0184914243
34.0949187391
34.1667217339
34.221337565
34.4398928005
34.7561888715
34.8231964858
34.8594533675
36.0396443295
36.0989156825
36.1744849991
36.2493418145
37.2262004749
37.2386859296
37.2794671422
37.28904628
37.3807385403
37.5309573994
37.599940505
37.6704401019
37.8373119322
37.9266269654
38.0362345543
38.2368119584
38.3642757966
38.4177611329
38.5258866583
38.5344015713
38.5552458304
38.696131109
38.7651481721
38.8278067702
38.8422599516
38.9041085368
38.9677164533
39.0444893918
39.6906864836
39.7322627455
39.749259613
39.8148715373
39.8608418799
40.0259571258
40.1957912638
40.26886852
40.3915298244
40.496256727
40.75552217
40.8130883742
40.8466239758
40.8746174687
40.8800567703
41.0736994281
41.1495172403
41.2174665724
41.2394152171
41.3541072624
41.4177891588
41.4737181788
41.5848158251
41.6770787854
41.7541820482
41.8747495713
41.996461271
309
