6.09935181809
6.16644491041
6.22357318086
6.32816539178
6.46948769984
6.66713562354
6.77587925619
6.88255562844
7.01402975035
7.0919145081
7.34377519624
7.34746821139
7.56427864528
8.08146032733
8.38566890679
8.44010519031
8.52187732231
8.54459907672
8.57356975072
8.5982131508
8.70355500438
8.80607722353
8.94327809231
9.36064772132
9.40970933844
9.65887717957
9.68002389999
9.71646461186
9.84154613894
9.89326739572
10.2231439945
10.4185610289
10.4991530106
10.5467809581
10.7087367555
10.8341126101
10.8769407114
10.9837118706
11.090574003
11.1473550141
11.2807394397
11.3873070856
11.4523045369
11.7689271613
12.0238867021
12.0424266545
12.1037077774
12.2096730347
12.2645261404
12.3057192663
12.3297940576
12.3636385794
12.3978709586
13.2425549425
13.2658852548
13.2826544682
13.3382256824
13.3701827756
13.674502503
13.8129954792
14.0342947202
14.1348195595
14.2690450741
14.3683853624
14.4196922469
14.4608734561
14.5407571259
14.5919211066
15.0402395713
15.2191909948
15.2638372333
15.437540147
15.5698701468
15.6049714829
15.6143837021
15.673047018
15.7451125571
15.8492675167
15.911814702
16.0245755636
16.0701365136
16.2312764765
16.3381401454
16.4522179226
16.471156822
16.6639174054
16.8420165307
16.900085319
16.927052314
16.9639416401
17.0725567734
17.1012131252
17.1850171472
17.2361235667
17.2610198903
17.373440791
17.5495804031
17.761486235
17.8221165144
18.0096362238
18.054180066
18.6479655172
18.7202914515
18.8500304867
18.9510616218
18.975367598
19.1286649391
19.2580377751
19.3125641065
19.3804854104
19.4035816301
19.4762652848
19.5587090038
19.9490327654
20.0997640644
20.3134294312
20.4116232512
20.4472984673
20.5587626883
20.6215638659
20.6668086464
20.7401757739
20.8408231918
21.2407053037
21.5599927533
21.5736041997
21.6405049243
21.7016232247
21.8211553237
21.9216165422
21.9657348651
22.0564598966
22.1574265798
22.2780640724
22.4177840479
22.501922519
22.5628591696
22.8735456534
22.9396506189
22.9927997282
23.030975943
23.1169908982
23.1495765462
23.19749391
23.239848437
23.2537673497
23.3058806337
23.3539523155
23.4274653178
23.6009133243
23.7380193351
23.9167178104
23.9990861142
24.0401175842
24.0920950741
24.1569166516
24.1680837893
24.2329822933
24.3160662942
24.3807352278
24.4180054285
24.4926245115
24.6152813304
24.648244848
24.7972942979
24.81943837
24.9729863632
25.0349864638
25.130308838
25.2470743526
25.2780888452
25.309269098
25.4034103385
25.4567211304
25.5090536785
25.5503938233
25.5864589154
25.6298449726
25.7513078074
25.8837112705
25.969505023
26.1554181679
26.1685071587
26.2980695789
26.4041051582
26.4646664438
26.5611651997
26.6250112847
26.6326111587
26.6649293805
26.7996323132
26.856603668
26.9323710314
27.1248287172
27.2247006565
27.2344550927
27.4279935141
27.6625208937
27.6871554201
27.7898653807
27.8128014935
27.8518916806
27.8735369745
27.9530614647
27.9981913898
28.2221287743
28.2717302857
28.3603088694
28.4694092199
28.6276007971
28.6781142042
28.8131467553
28.8352360563
28.9557274648
28.9950066223
29.0141451276
29.0607392869
29.1017751862
29.2108655888
29.2495702409
29.3036795073
29.6705091433
29.6976441398
30.1091037729
30.1897919379
30.3828361119
30.4147259466
30.4610547561
30.5183887275
30.6405925661
30.7455374548
30.9140061274
31.0688838303
31.2574685059
31.401956156
31.475437673
31.5016600621
31.5718595705
31.6423421621
32.4220289164
32.4549023873
32.493525297
32.5289586957
32.6808249631
32.707386954
32.8121327357
32.9138095877
32.9436760801
33.0123902145
33.0964355009
33.2128803491
33.3148966951
33.5209073707
33.626679721
33.6541322223
33.6894125734
33.7056604816
33.9616692206
33.9700632493
34.0399469081
34.1111844288
34.1572275597
34.8149211786
34.8343039463
35.4489177651
35.583991722
35.8337125979
36.0583048453
36.1422618086
36.358530593
36.4892864819
36.5650633806
36.6440018439
36.8152503357
36.8916076137
36.9604042705
37.0797697043
37.268769989
37.3222714706
37.3810731405
37.4132979742
37.4997828758
37.5851678395
37.8089333362
37.9430184826
38.2700755232
38.3498596135
38.4732927158
38.5741371054
38.5996851115
38.6208240446
38.6292888624
38.693967849
38.7546645905
38.9107384519
39.0066606954
39.1069141345
39.6480744026
39.8281596689
40.5001779793
40.5284236322
40.7419173852
40.7754860414
40.8064790379
40.8520813138
40.9037690926
40.9889581814
41.0633006934
41.1888619489
41.1950092947
310
