6.03718184479
6.11533748173
6.1847725729
6.25869881651
6.31676274537
6.50329336576
6.62914733185
6.71171480319
6.79329394003
7.02324483519
7.1131812601
7.223927856
7.25076894731
7.43185441108
7.51239874604
7.56371708821
7.61694412686
7.65528299153
7.73612445705
7.79157274745
7.91854611041
8.1434928373
8.33679251896
8.46844517378
8.4955980522
8.51808615977
8.68265135649
8.73015933829
8.75689511237
8.82665883175
8.90901103785
8.9393742924
9.0882757617
9.48739187635
9.65434626993
9.70830411849
9.80808119428
9.91074289696
10.0789008068
10.1925652346
10.2056830381
10.2894588399
10.3934048153
10.6384224059
10.6977018782
10.8811285066
10.9622897357
10.9661327195
10.9851293039
10.9910828049
11.0705707427
11.1277052714
11.1782437358
11.2368672452
11.3330055058
11.511928871
11.6238483108
11.7262922695
11.9836290223
12.1307391634
12.1495620162
12.2653307806
12.3086358785
12.3786675157
12.4827113953
12.598925078
12.7216360471
12.8623549537
12.9513114327
13.2394482843
13.3203463967
13.3267930328
13.3654988833
13.4293048795
13.4629565093
14.4475420333
14.5189123206
14.545123643
14.74684895
14.7689568371
14.7837256737
14.809633998
14.9495410532
15.2161860509
15.3185757356
15.5793060936
15.6283622798
16.3646467599
16.637084217
16.9053799624
16.9841244811
17.012443504
17.0743973654
17.1458588871
17.1547756103
17.2603049616
17.2975292702
17.3554652241
17.4899415585
17.9045586972
18.0638379535
18.1002691232
18.2229074479
18.3120397632
18.3334145827
18.4413110771
18.5502026482
19.0039246233
19.08700079
19.1813948715
19.2207150127
19.2715995786
19.3215564966
19.3720869799
19.4469423687
19.4978935619
19.5349463525
19.5707974546
19.6449879945
19.6807318175
19.6867241666
19.7982076719
19.9386684306
20.3261083077
20.4189318078
20.4747620147
20.5204141285
20.5981756439
20.6376659692
20.6960651376
20.7514264927
20.8480550977
20.8780434919
21.6757336498
21.7373701571
21.7672258793
21.8544129454
21.901659199
21.9275264537
22.5225416972
22.6284265408
22.7826017499
22.8339766553
23.9323436844
24.0572129062
24.1231663564
24.247964885
24.4432262144
24.4847990914
24.5304827009
25.3785198284
25.5317426135
25.7063522081
25.8351246717
25.9938262218
26.0232183955
26.0892273367
26.1370076011
26.2537056657
26.3109041335
26.3408502522
26.4409024088
26.5106347154
26.5398422503
26.5514806004
26.6322408193
26.8147161459
26.9078386511
27.0163566768
27.3344839456
27.5504364604
27.6792381072
27.7181029711
27.7847147918
27.9527246515
27.9957807673
28.0690228545
28.1742019324
28.2455081939
28.2569293142
28.2995747409
28.4419798158
28.5421145998
28.9069843819
29.4041319848
29.5291027834
29.7258664174
29.9992586693
30.027774003
30.0591934358
30.0969914211
30.1248799778
30.1440006506
30.1613295633
30.2201343435
30.3311752501
30.4399974505
30.4760551395
30.6205768533
30.699327892
30.8200325005
31.2162092836
31.2450155324
31.2485365597
31.2713827045
31.3060171971
31.5204416751
31.6611961374
31.7620297485
31.8318787316
31.9405229571
32.1731122642
32.3196299599
32.4453444613
32.4713205189
32.5287902722
32.5736095713
32.6033022048
32.6399742153
32.7032317797
32.7517250766
32.9053647987
32.9152007911
32.9406540992
32.9946468657
33.0052756771
33.0343946651
33.1708164962
33.3888351595
33.4073288221
33.4741918779
33.6130341621
33.8256778278
33.9071752216
33.9448683127
34.0086080199
34.1160148846
34.1362419947
34.3103123887
34.5788943286
34.6282908712
34.7995081612
34.8121602664
34.8306145985
34.9246752442
35.0369206464
35.1859046781
35.1951754964
35.2964959464
35.436671865
35.5242365039
35.6334048535
35.6702259688
35.7252396149
35.783966149
36.0360397662
36.0495162885
36.1912743415
36.2906988747
36.4884754893
36.5321081681
36.6245679447
36.9139638238
37.0220081419
37.0890747772
37.4991753282
37.5787648448
37.6507417382
37.7545541939
37.7759457414
37.8950791553
37.9102936627
37.9852893759
37.9980590166
38.0753122927
38.2274053861
38.2490638064
38.5116683691
38.5620618883
38.6660374304
38.710444193
38.7556246966
38.8170823809
38.8873865116
39.0341104274
39.2981097506
39.4899789576
39.5839505732
39.6591735847
39.8138042409
40.1121398553
40.2587806949
40.4042134883
40.5389107415
40.8129459026
41.0062086528
41.0304780809
41.1051012582
41.76658382
41.9525148466
300
