6.04947175076
6.08388949456
6.12277919385
6.13505082563
6.14217477794
6.1939630066
6.24960933262
6.26338397161
6.33539324674
6.380672092
6.47586064267
6.55149154031
6.67885232821
6.69015680728
6.71663045585
6.88835038557
7.02604487356
7.17428517413
7.19751724431
8.02928914543
8.08420465068
8.20132985243
8.22072387214
8.34830010205
8.42962526738
8.49277881389
8.50557085856
8.58804266084
8.64964264981
8.69168715364
8.71576002221
9.0053341509
9.05840509098
9.14276086541
9.22822600833
9.23726132666
9.28259456805
9.61326110615
9.62947288213
9.68403953768
9.72686719277
9.76222145348
9.92548980486
9.96848058323
10.0024760119
10.2458539651
10.3418042393
10.5354340801
10.8422056468
10.8685203317
10.911797514
10.9400894231
11.0257311054
11.0551303801
11.1647859828
11.19309876
11.3230342154
11.5286928763
11.5367515089
11.5894285361
11.6591220545
11.79034893
11.9881916005
12.0588304472
12.07779997
12.1230825883
12.1353043544
12.262801906
12.3369870745
12.3417456329
12.9136953265
12.930303862
13.1124085729
13.1701674627
13.2512008064
13.3212881804
13.3597182394
13.3993955983
13.5832323792
14.2603726915
14.3280427239
14.4320584877
14.4914352211
14.5670642253
14.6766864973
14.7494642419
14.771096063
14.8930061307
14.9216317684
15.6684800918
15.6739161306
16.8135447071
16.8281967025
17.0101740144
17.078068867
17.1074269727
17.9374099374
18.0249403767
18.1063619959
18.185409442
18.218932016
18.2826689242
18.3792343513
18.4363344646
18.4775760937
18.503469122
18.6642707191
18.826409556
19.0511647214
19.1238669763
19.2089293667
19.2488580405
19.2789014184
19.3597313123
19.3660961698
19.6482658403
19.7030414172
19.7223981515
19.7505108968
19.8360389569
19.9509594762
20.0554259308
20.1153646621
20.1955950128
20.2793874765
20.3708826323
20.4149885137
20.4324967699
20.5276516314
20.6098097317
20.6545486471
20.8260234287
21.622260103
21.6451471476
21.7080101357
21.7161821053
21.7744807807
21.8154899135
21.9818672568
22.0815313381
22.2621431823
22.3649943889
22.5247166233
22.842234587
22.8777225494
22.9397990655
23.0392483637
23.0808707598
23.1562735949
23.3557759536
23.4958809243
23.6868488605
23.7621812112
23.9878648937
24.0878910599
24.1632890795
24.2126824774
24.3206326456
24.3606736365
24.4887341768
24.53476038
24.7178331103
24.8211524378
25.0251838112
25.6952935714
25.9312480312
25.9564835948
26.1655237157
26.4270080269
26.4561755321
26.5252543563
26.5556826009
26.6548411873
26.7214397172
26.8103571433
26.8370042426
27.6958382133
27.7242797589
27.7961282825
27.8024644417
27.8748080718
27.8790270748
27.9547816923
28.0658285727
28.2368206471
28.2834212498
28.4688030318
28.478280044
28.5402468819
28.6305295888
28.8215458329
28.9596228782
29.0260556394
29.0956816127
29.1368374212
29.3119314599
29.3612361093
29.4625948606
30.0165451853
31.2831306416
31.3150856715
31.3923350277
31.4896793646
31.5326568462
31.6607746564
31.7451197758
32.2631799657
32.3043855842
32.5029472043
32.5431714225
32.5946137703
32.5994533086
32.6396726467
33.2019829082
33.2304659376
33.2491010367
33.4356283375
33.5823279127
33.6578329822
33.7607627565
33.8328412766
33.953124301
33.98568951
33.9951176619
34.1122248062
34.2365443547
34.2771383038
34.3021837725
34.3755911843
34.5379660239
34.6675339954
34.8387192762
35.0287238461
35.0788943475
35.1937339594
35.2557182037
35.3185005946
35.3919173771
35.4420842567
35.4521161105
35.5845791956
35.6215742578
35.736577409
35.7977887273
35.8901083356
36.05504071
36.1083132271
36.2381559117
36.2570381417
36.2870678124
36.379069475
36.3881183336
36.4124255624
36.7125195882
36.8100182471
36.9589228262
37.0300016282
37.1553446877
37.2251475123
37.2746003671
37.3188636793
37.3475410393
37.6245683186
37.6809920454
37.7179222762
37.8125071011
37.9153452358
38.3333088906
38.4493178146
38.5385782715
38.5803237518
38.6490272844
38.6874497365
38.7890122329
38.8214911727
38.8401749753
39.6649394048
39.7095373929
39.8070364905
39.9964694518
40.001271439
40.0103616424
40.0823419814
40.1500689169
40.4645410726
40.6504298561
40.8145400005
41.5357227447
41.6598196586
41.7748887949
41.8652792304
41.8932076595
292
