$ Stimulation Interval(ms): 1200
$ Delay(ms): 0.000000
$ Number of data : 194
$ TSTOP : 6010
$ PN stimulation current max : 0
$ LN stimulation current max : 0
8.30000
23.05000
33.07500
50.12500
60.00000
71.72500
81.52500
94.45000
109.82500
120.15000
129.20000
145.82500
166.67500
186.60000
200.57500
227.95000
245.22500
288.02500
310.85000
338.37500
372.50000
386.95000
414.40000
451.30000
473.32500
492.92500
505.65000
521.57500
639.52500
670.25000
753.55000
774.35000
787.05000
813.90000
847.07500
861.82500
876.50000
913.70000
967.72500
1042.60000
1081.20000
1096.22500
1207.90000
1220.00000
1239.15000
1301.35000
1317.40000
1335.20000
1363.97500
1376.62500
1410.15000
1458.45000
1500.57500
1534.72500
1564.55000
1599.67500
1622.62500
1655.45000
1684.85000
1715.80000
1729.25000
1749.27500
1764.35000
1780.10000
1795.87500
1852.15000
1914.50000
1950.17500
1973.57500
1985.50000
2006.20000
2030.47500
2060.80000
2077.57500
2104.55000
2118.57500
2147.65000
2202.02500
2372.70000
2410.77500
2427.65000
2437.65000
2448.85000
2465.72500
2506.05000
2554.57500
2570.12500
2585.22500
2601.90000
2630.42500
2658.77500
2704.75000
2716.12500
2733.42500
2764.77500
2787.07500
2880.30000
2899.25000
2916.35000
2938.85000
2984.72500
3044.07500
3062.35000
3082.35000
3115.85000
3141.42500
3164.42500
3247.52500
3270.90000
3294.62500
3328.05000
3366.72500
3407.55000
3477.50000
3521.10000
3594.67500
3608.72500
3643.92500
3663.45000
3681.70000
3694.52500
3722.12500
3734.30000
3752.65000
3768.50000
3785.20000
3800.50000
3822.17500
3854.82500
3867.90000
3881.15000
3905.40000
3932.82500
3969.22500
3986.12500
4007.40000
4035.97500
4079.65000
4101.82500
4140.37500
4152.67500
4194.05000
4212.70000
4229.30000
4247.27500
4260.12500
4350.65000
4376.12500
4426.82500
4445.22500
4466.80000
4501.60000
4567.57500
4808.92500
4829.37500
4842.52500
4861.30000
4875.37500
4893.57500
4911.52500
4963.22500
4978.20000
5002.15000
5017.40000
5034.37500
5051.32500
5084.32500
5118.97500
5142.75000
5180.32500
5196.05000
5213.17500
5238.67500
5287.77500
5311.65000
5330.75000
5397.45000
5427.62500
5450.42500
5469.50000
5538.50000
5559.45000
5601.90000
5613.70000
5686.22500
5708.67500
5726.72500
5786.62500
5856.05000
5915.77500
5945.02500
5959.67500
5984.90000
6008.57500

