6.08549244441
6.10725304646
6.14425673953
6.15094873146
6.15998236964
6.17798233012
6.23327434858
6.24796152622
6.30471356847
6.49747309992
6.54880968425
6.62365675336
6.63234791977
6.69136967935
6.70424995938
6.74630525705
6.78952124764
6.83810575411
7.04956266245
7.16803667669
7.28267105219
7.36850982052
7.5288684032
7.6351911852
7.72233738222
7.96209405033
9.05393765137
9.29791593833
9.36728700635
9.52975866399
9.83459222097
10.0301188218
10.0610354449
10.1499756133
10.3329096552
10.5057419479
10.5702039785
10.6649663733
11.1778660341
11.5212833154
11.6316274979
11.6677798993
12.1221955862
12.4367178039
12.8883532634
13.2997628883
13.5748480295
13.9546372424
14.7996975491
49
