6.01550326585
6.06307417008
6.07784163657
6.10431816646
6.12569128266
6.16788114907
6.1843387621
6.21555481072
6.26481595529
6.31922434486
6.37162650514
6.39047934982
6.42226622256
6.46871126396
6.49502413348
6.56235609774
6.62242152534
6.72184958713
6.7744666253
6.87414082675
6.93949140984
6.96383428022
7.12415506968
7.23850450413
7.28408332325
7.4435050065
7.60956801264
7.85259855984
7.93617984318
7.97385659742
8.01093860247
8.1876560894
8.38274163016
8.49527602198
8.74802851857
8.89671441917
9.40592444537
9.47028036045
9.65833027097
9.76366856111
9.97561590523
10.0848973653
14.6562542347
43
