6.03705934661
6.05447746289
6.07153067377
6.09674925961
6.10517350239
6.10858640285
6.11849453843
6.29528735321
6.35685251909
6.43539763914
6.50722445088
6.54686518266
6.57867779959
6.63719220507
6.72230686423
6.75344660699
6.83152771397
6.86085987674
7.01645565252
7.04097866959
7.14830038918
7.19568308946
7.62327855789
7.67801018137
7.9800164731
7.99358181812
8.17154554593
8.72852061173
8.83622772472
9.02164210909
9.13435421129
9.82251067733
10.1022551253
10.578936272
10.7906848161
13.1284043096
13.6413059661
15.2342408126
38
