6.01395549757
6.06345995798
6.1140281722
6.20738080502
6.22824438123
6.2498212859
6.28281830466
6.31172468716
6.32815448907
6.36846683058
6.41266180776
6.43578752956
6.56437934827
6.58653622704
6.59575682753
6.71076994987
6.75388715769
6.80222413418
6.85244407856
6.88544876387
6.9062817007
6.92201427454
6.94202939172
6.97142691918
7.04738201055
7.08353944908
7.3440365174
7.42413061439
7.72198430771
7.7518948667
7.76247869137
7.87250964354
8.0036137724
8.16162163568
8.36913129075
8.50127744445
8.59523110498
8.65141463229
8.72507874553
8.89082613994
9.04399171183
9.15653295512
9.37381925105
9.52689412681
9.84441844436
10.1292271295
10.9285948555
11.9077183367
12.4305288238
13.0304180857
14.4893264425
14.9988608284
52
