6.01513221934
6.03844226953
6.06512964567
6.16373197526
6.23676363613
6.26492809531
6.45740196862
6.50992951615
6.56467475189
6.6403268817
6.72060356788
6.83371402374
6.89883987725
6.98993712037
7.00100982649
7.00999128432
7.05239339723
7.20178136124
7.2614644716
7.35298796038
7.49088717602
7.57256100954
7.65524231085
7.72749165975
7.86575459774
7.91867946515
8.10468503482
8.14899211804
8.33022616997
8.75002610648
8.94495375586
9.21990101118
9.55988729756
12.4095856298
12.6823291958
13.2210682374
13.3895839449
13.8142436329
14.5700248323
39
