6.0638906188
6.08343993356
6.11725887823
6.22771734004
6.27052572433
6.29014129709
6.34273553773
6.34670688009
6.38299940639
6.41054537899
6.45160234407
6.98919000574
7.02120387499
7.11557702586
7.21380732624
7.25613905343
7.35251390794
7.5764847038
7.91352686623
7.9279983243
8.26350824291
8.3192207682
8.50413005601
8.86338293908
9.01017982258
9.1042206476
9.27728851158
9.31021225596
9.40078569405
9.67641294642
9.75810939467
9.87118609474
10.0815650031
10.5749291326
11.814406075
12.2320773769
14.1247201753
15.1791067557
38
