6.02930554926
6.05822444172
6.07487694068
6.10114795285
6.14772951846
6.18774308878
6.21849557777
6.25411921599
6.31318620471
6.37548917438
6.43162711634
6.46592298693
6.48202418009
6.56448978453
6.57175014781
6.69688688288
6.73209473781
6.77433158251
6.84414598912
6.88060897271
6.95631794627
7.08390950284
7.12141708439
7.28990759942
7.34501331865
7.54866256211
7.74459006013
7.7654643939
7.80360981965
7.92065958539
8.09576507761
8.35150531944
8.38300757993
8.46316637229
8.691179116
8.91047300881
9.82455290115
10.033715955
10.128231331
11.0322048658
11.44891893
11.7372098649
12.2799259167
12.7840236061
14.4958424319
16.4866526003
46
