6.01045271029
6.02859357245
6.05412075299
6.06392720518
6.0775770817
6.12497904208
6.14708665361
6.20751211467
6.38164687114
6.44716186936
6.52965605023
6.53769242863
6.65466540556
6.66577904207
6.69198333638
6.75363633797
6.79282242208
6.82648810791
6.92222533267
7.05183211379
7.11225447946
7.16315110195
7.22306208499
7.26755469284
7.34768430734
7.46543845675
7.47940478994
7.53296606241
7.59254771138
7.65291992568
7.6786519456
7.89160541038
7.98846410346
8.11647919108
9.72504733681
10.2724402239
10.4085656403
11.0323427928
11.3658853545
11.7076246751
11.7996767296
12.2326545154
12.5218828282
13.4975636229
14.460957412
17.699689496
46
