6.01672490174
6.03585551594
6.13042720632
6.15069980945
6.19092227184
6.22628667105
6.26436025063
6.28708320154
6.3261638971
6.35867871555
6.37628069106
6.38912205246
6.4153124397
6.44135562103
6.46690064407
6.48082400034
6.51349699681
6.52543327861
6.56680662223
6.58347846934
6.59932038705
6.63123007771
7.56547051998
7.6176423289
7.72144632475
7.81629444585
7.89934095488
7.97985893042
8.04807508081
8.08263511129
8.18097770045
8.26302144475
8.40214073577
8.42070021949
8.51261358798
8.54974227005
8.60225877486
8.71346780287
8.73388974963
8.90371169837
9.11296851681
9.27842065433
9.68543605969
9.8321033824
9.92756452055
9.95449734459
10.0212535259
10.2097992611
10.3313731248
10.3851037192
10.4601315065
10.5207555799
11.66411464
11.8203096362
11.9436172754
12.1160473046
12.2441624998
12.4902273967
12.6495221182
12.9008295195
13.0133013727
14.0886825163
14.4816419406
14.7120776281
64
