6.0286620491
6.04902241174
6.05659741565
6.07048501136
6.09366999787
6.10931979527
6.13152394947
6.16872798538
6.22519255551
6.24561349358
6.25317009116
6.27002392867
6.33081604543
6.34948027783
6.39009799899
6.61686961136
6.63131301591
6.66974779679
6.69503454894
6.72977341809
6.73658820723
6.75501245216
6.77237109769
6.83218091275
6.8627883079
6.87859996478
6.92362744322
6.98712601285
7.03948487759
7.10025711837
7.11487650684
7.17632792734
7.18036856364
7.18881310831
7.26421116152
7.3245969137
7.38451527076
7.39298756909
7.44442141027
7.94119947469
8.02909207407
8.06856797152
8.194383696
8.26292657277
8.31805715768
8.36487855178
8.45727709368
8.58191428683
8.65377859739
8.80856949571
8.85115410468
8.91826221134
8.93763928048
9.05634548076
9.12356811293
9.37581583327
9.42268709266
9.52844580645
9.73583597799
19.2538306468
60
