6.01274275876
6.03604658447
6.04657791049
6.05758669929
6.07579072041
6.09050461763
6.0955698133
6.10633430289
6.12250063276
6.14178965254
6.15598413946
6.20527673393
6.24145905608
6.68762622287
6.73802403589
6.75352323856
6.75914193836
6.7820458073
6.7854914058
6.79265076205
6.81697781291
6.85720907324
6.90240758099
6.91218909772
6.95759825203
7.02014364982
7.05178864187
7.12972452366
7.19575601145
7.29936109626
7.30779467435
7.38197037503
7.4131443658
7.42173934382
7.47086296866
7.63136217051
7.68327886729
7.81579741208
7.88076711371
7.92622500516
8.14995621413
8.40494934636
8.48603909632
8.76110235478
8.79137679304
8.89692543091
9.03082208915
9.18709783152
9.50540664368
9.56991060701
9.74945622967
9.91191218377
9.98717679752
10.0647315113
15.4110163989
55
