6.01115287319
6.03957383722
6.05696670969
6.07016899884
6.08495948846
6.09371088572
6.10700717895
6.2526079661
6.26727954702
6.28159523054
6.31151534132
6.32343435264
6.33343323167
6.36387578566
6.37837096603
6.38314889191
6.40446917261
6.41481002605
6.44056497972
6.47954012615
6.50754688881
6.52477512372
6.55310315462
6.5790667466
6.59756057972
6.65405545746
6.67690421918
6.69435356033
6.71652178519
6.74652044927
6.84509819014
6.88762538515
6.99093064714
7.0151690609
7.04798171193
7.05768991175
7.18156367213
7.23671699274
7.37326034265
7.41223245023
7.42163590544
7.42856213659
7.51114133964
7.56555051795
7.93980979439
11.8358314024
12.0491851875
12.062364639
12.2082359282
12.371746559
12.9736296721
13.159121336
13.3457123064
13.5731598013
13.9528229395
13.9971690747
14.4077516411
15.2810383195
58
