6.01890593815
6.04069124334
6.04811845094
6.09963225907
6.10796209526
6.13116955834
6.27019133951
6.28211232146
6.31965014581
6.3606485176
6.37703030703
6.42737041845
6.44613902505
6.46732918654
6.50772001496
6.52240893429
6.54877216658
6.57330792363
6.60013760571
6.87145254337
6.96631463782
7.05783396651
7.08666631669
7.10577324359
7.15366860225
7.18280694563
7.24381326394
7.30834675176
7.40657956526
7.46460161947
7.49772557447
7.50199841783
7.54260871613
7.58716133041
7.67247344934
7.71718573419
7.76987850359
7.81699294451
7.83011431686
7.90798716429
8.26798451031
8.43935261214
8.48766533422
8.53939028358
8.63649869099
8.75370227487
8.83784286284
8.88551814574
8.94607555468
9.18358331444
9.20397143982
9.26975212977
9.27827471937
9.35639644489
9.36949754801
9.55100836047
9.70210166568
9.95127038936
10.5351840546
10.5515373771
10.958565769
11.7883673859
11.9821003151
12.2458747103
12.7670235126
14.6483232112
66
