6.01241482374
6.02453916906
6.03235223287
6.05175649688
6.06878826391
6.08816234477
6.11293534339
6.14455054742
6.1615493201
6.17512031488
6.18020129401
6.20169490095
6.22102118125
6.23512138385
6.25925449788
6.45959623894
6.48456833691
6.50738283873
6.53246855926
6.56075942282
6.57688345282
7.02546640315
7.0641454643
7.12369225617
7.12791228306
7.3399525527
7.43297706511
7.46795763986
7.48135814304
7.54667129476
7.64227207244
7.72201416345
7.78495433224
7.84981730974
7.9080084012
8.33553361924
8.47613038466
8.57159779038
8.65740774407
8.71813353261
8.87748365656
8.9276373178
8.93658350391
8.96560725119
8.98855003858
9.10765839977
9.21280673671
9.43679141056
9.87788879854
9.96196535542
10.0614449054
10.1043702949
10.2107502659
10.3158635886
10.4311915052
10.6219625023
10.6885693695
10.7721267609
10.8109117214
11.0371862267
11.0753469117
11.3520816571
12.0555827426
12.0817370939
12.8499521966
13.0570871556
13.3205384377
13.863874972
13.9551881404
14.2464691101
14.4254107865
14.6402989184
72
