6.01282695023
6.02511950338
6.06104523144
6.09396658471
6.11932322862
6.13664182843
6.15655299207
6.16662741966
6.17424232511
6.19765127485
6.21389278364
6.228274395
6.52868679579
6.53297939537
6.55473051222
6.56583222817
7.27118035401
7.40519065366
7.42623420352
7.45309221836
7.46184284461
7.46625249433
7.5021420423
7.51829672603
7.53742939471
7.64562439097
7.77927381011
7.84807505695
7.99561004041
8.0061988614
8.06200471944
8.06794884615
8.08031974085
8.45619208954
8.46804573871
8.67029287671
8.75714581376
8.76510768166
8.77362850754
8.82081798764
8.97523888324
9.04043240553
9.7074408137
9.90348824388
10.5803941836
10.7866494827
11.001002287
11.1589981304
11.2736119014
11.4027170847
11.5204744418
11.5360930078
11.558651892
11.7381274612
11.7530777436
12.3623317307
12.9388473259
12.9730669685
13.0164981386
13.2515721652
13.6010595504
13.9278497654
14.5119460648
63
