6.02836849982
6.06448206288
6.08689114195
6.09637934186
6.10898675427
6.12075541145
6.20465927278
6.22922812198
6.25456146266
6.28848592463
6.30819895021
6.34892671384
6.39865842626
6.42886301644
6.4643320652
6.49282027598
6.53626911537
6.558441343
6.58307657637
6.60640153235
6.61880400893
6.63312905849
6.6635450173
6.70082599722
6.72026801026
6.74991389811
6.8611550265
6.89718150879
6.94923932776
7.07649382634
7.10719299754
7.17278138651
7.20058219206
7.25739327643
7.32373077671
7.33799598779
7.42859706198
7.45006761859
9.51310615033
9.68515138946
9.75910076456
9.90677937552
9.96656717095
9.97876961055
10.0150640726
10.2234823266
10.4657934831
10.5387850984
10.6895870883
10.9032862629
11.0156033318
11.0261421702
11.0902638654
11.3192198418
11.4407305895
11.570958905
11.7733902753
11.9682602759
12.0850017001
12.1914863524
12.575313707
12.7871360642
12.8166372656
16.0690621436
64
