6.00780473938
6.03053179623
6.05270496302
6.08723268935
6.10991043068
6.11672305904
6.12471278785
6.13068002924
6.13816921693
6.14683269542
6.17960458248
6.19590904593
6.21274234511
6.21946898127
6.22656463623
6.24269425885
6.26179205951
6.27548956457
6.30173814618
6.34951472619
6.36208857207
6.41507159492
6.45397705165
6.49022167302
6.51619177074
6.53629055303
6.57155322858
6.59057560491
6.61634972095
6.65849754802
6.69337897947
6.70985043902
6.89486817334
6.93503398076
7.57865428152
7.66325688915
7.76384888179
7.90828787746
8.04756541867
8.15753157286
8.3447837257
8.3694079238
9.00633425171
9.28223867399
9.382592221
9.51661145438
9.65496087644
9.72448770686
10.1302326613
10.2587235277
10.5745842248
10.7385778274
10.7678743138
11.1605176542
11.404282922
11.4404697022
11.4654293029
11.6175648151
11.6497415473
11.8596299391
12.353839363
12.4340468439
12.6048610373
13.1321474208
13.4630326278
13.7945194754
14.2951613613
14.6716905538
68
