6.0178140537
6.02554430314
6.05125571894
6.07016808056
6.09994574989
6.11215461809
6.1951751731
6.20642535227
6.22455359021
6.23249405452
6.25591328755
6.38559514464
6.3900095936
6.40342872593
6.59366142172
6.65336713681
7.00358729266
7.03990200781
7.06722876332
7.12713200172
7.17296114636
7.24198972625
7.37814771539
7.3945938619
7.45890315986
7.56634535998
7.62614708908
7.72255263432
7.81180431881
7.93976276976
8.08086429766
8.12150212028
8.31505787228
8.4068653637
8.4457951585
8.55454584407
8.65449306653
8.76883157193
8.89223501416
9.05500003839
9.32990160911
9.40826081545
9.48762648751
9.67556970348
9.7821547172
10.0113598783
10.0719109086
10.141482324
10.2897808377
10.3980543804
11.0728754671
11.2829374879
11.5403785225
11.6844804302
11.7098834772
11.9185167025
12.2637166776
12.4360433178
12.7284787689
12.9295526027
13.9283354435
14.0635244513
29.8115630871
63
