6.00353348114
6.02326015602
6.05585609135
6.05981508507
6.06758617154
6.09136916394
6.09589757218
6.10463523729
6.125169811
6.13457738774
6.15609664238
6.16292186238
6.17663454316
6.20551810025
6.22244513091
6.24474811336
6.27643759469
6.28157713983
6.31222460243
6.32476195121
6.33255644698
6.34465741378
6.36154001637
6.4097524952
6.46749091276
6.48423021374
6.5004330819
6.53403914632
6.60047611447
6.64471748996
6.72532881164
6.89487324742
6.91344730863
6.94147369958
6.98476487244
7.04948738409
7.12014444807
7.12428176181
7.13077373845
7.14969080345
7.15457698956
7.17294509688
7.29623056489
7.30857595476
7.36655829851
7.39092928793
7.46242581903
7.54969868272
7.57348514002
7.64520981668
7.73575171708
8.05919846037
8.19034043628
8.2298559415
8.32558921305
8.51081624791
8.6664233935
8.80004769979
8.92583525452
9.07388399481
9.48835852996
9.69442702072
9.8852803798
10.0159499248
10.0896339055
10.1832117071
10.2852152649
10.3712182978
10.5347954938
10.7905586236
11.0193200135
13.886563448
14.4633659696
14.9216556981
74
