6.01113306795
6.01480454809
6.0349038773
6.04157205487
6.05264884921
6.06816005941
6.1540267739
6.18087081048
6.18712690639
6.21672766625
6.23932707832
6.25788919938
6.28466927956
6.31024409216
6.3655002227
6.37586683622
6.38803037406
6.42758454363
6.46815394859
6.47833850637
6.48516095021
6.49377251894
6.52136821532
6.63146888881
6.67928475226
6.68347305062
6.71346145615
6.73634810278
6.76319857791
6.77436010437
6.78926128871
6.80786110886
6.81208635927
6.86465609468
6.88173137852
6.93785971052
6.99039284057
8.66225323805
8.74734764025
8.82066431323
8.99930344594
9.0877923652
9.23316085354
10.1979066632
10.3363965791
17.1717496778
46
