6.06862540963
6.07895555087
6.49489276875
6.50510137461
6.52481306375
6.54885548232
6.57088144929
6.62237145228
6.64157491627
6.66075421733
6.72250607101
6.7555336847
6.76069127971
6.78867637665
6.88433938739
6.88926073234
6.95052939766
6.97024635555
7.03132872442
7.04488858815
7.14586465623
7.17157939482
7.2414409116
7.30012208501
7.3373028408
7.43642340985
7.46258799088
7.49352753866
7.5850812932
7.99371644012
8.10580254778
8.30515320517
8.42104058999
8.42916785928
8.48339815976
8.51464073545
8.55217745482
8.58220923624
8.73848445208
8.74817534612
8.96612329058
9.01555858129
9.23666950104
9.36996061562
9.49228091173
9.61928131767
9.71905435423
9.76486230549
10.4780279531
10.6883005335
10.7851556139
10.9541627921
11.6517008272
11.6837327984
11.7032902271
11.9988021641
12.3799102519
12.4301662639
14.006925001
14.201957658
14.6031628034
61
