6.01185168197
6.01851322078
6.05938460512
6.08084561605
6.0947309628
6.13331097211
6.14382206929
6.15424435043
6.19665000144
6.22384924877
6.24042220165
6.26517535669
6.27816293033
6.28583960832
6.30952557773
6.33281806988
6.71444787017
6.80979254476
6.81758443337
6.85368446249
6.93871562662
6.96235309194
7.13755223641
7.20507679867
7.25576749239
7.32448607586
7.37090945826
7.5103134931
7.56587671833
7.60471754883
10.177639505
10.2086356383
10.2790218512
10.3818969624
10.5465202628
10.7694929817
11.3010102001
11.3725883917
11.5869533811
12.0385238361
12.1774699479
12.2869673812
12.7632222949
13.035660495
13.1764113467
13.647451591
14.0539369526
14.195654142
15.858455005
49
