6.01044692905
6.02766881662
6.03935790148
6.04790365797
6.06558771587
6.07564514083
6.092485117
6.10547146653
6.12060101419
6.13418042725
6.14652860397
6.1727309635
6.18798659445
6.19747685896
6.21329625472
6.23931126381
6.26551561392
6.28039947153
6.30278414968
6.33969652166
6.3494560635
6.36353782718
6.38063014094
6.40634732697
6.5349623321
6.58719475759
6.62317542071
6.63981313816
6.65638036067
6.66747498029
6.68374181478
6.71797221555
6.74948616504
6.78167729841
6.78570994136
6.87659760206
6.95345956937
7.03915917707
7.06469624477
7.13462386567
7.16303815617
7.20460602717
7.23091893954
7.2688026239
7.36054297624
7.39313528952
163.481543178
47
