6.01888171449
6.02694634196
6.03067626678
6.04750852137
6.11302277925
6.12616304712
6.1431249214
6.15569903112
6.17340142206
6.23077982653
6.25027738981
6.29148306631
6.31425395237
6.42030177059
6.44070206257
6.75861381621
6.90760935215
7.17892539578
7.19712138852
7.20938580098
7.27825231153
7.29742748606
7.39232017966
7.44912468926
7.52845028435
7.62323870677
7.72872509765
7.83427872982
7.91902635464
7.95464107918
7.97984112437
8.03286429574
8.16451965503
8.2504587815
8.67824650947
8.70050246919
8.86554819064
8.91043450336
8.93558190152
9.02233655026
9.57999638997
9.71019757435
9.76217683079
9.91952853157
10.0433052171
10.2947980011
10.4124184097
10.6456078588
10.8798991673
11.1140910399
11.1389318536
11.2551733474
11.6458481481
12.3634489584
12.4716347343
12.5079481784
12.7662202331
12.7999441286
12.8796441184
13.2313628196
13.3026818212
13.6175220253
13.6942475567
14.4670081664
14.6820013169
65
