6.01763856929
6.04718591559
6.05489025402
6.078027247
6.0922616893
6.1083589936
6.11586002078
6.20440471561
6.20777334517
6.21854804192
6.24844862047
6.28617229754
6.29893148965
6.32892263686
6.33299872218
6.34922081517
6.38552234988
6.39630596919
6.43015621061
6.45199906476
6.52064519023
6.52742535134
6.55077690733
6.57346038745
6.58302609133
6.65287576904
6.66182178999
6.71034405317
6.72957434163
6.75209524541
6.77780903667
6.835333693
6.87307259625
7.07968255978
7.54323261026
7.62476031873
7.89051110084
8.19454599857
8.27430003712
8.35453038508
8.42558871557
8.54815700991
9.15103483754
9.22405259052
9.23926536906
9.36559870567
9.41192248557
9.47172409468
9.6087186783
9.63274684917
9.71759356215
9.80074254624
9.89431557593
10.0027195132
10.0846632114
10.2505091145
10.3011158608
10.3577178356
10.5993964524
10.9667058093
11.098473416
11.2951610443
11.4028020013
18.3653835166
64
