6.00806718258
6.01637606959
6.02082103606
6.02778011475
6.06942659086
6.10861810463
6.12925953189
6.14158365783
6.15517100498
6.16725414199
6.18482473752
6.20890933104
6.21936087647
6.22275917846
6.25947560369
6.2852520849
6.31590563134
6.33920795562
6.35264934824
6.36132161528
6.40016971378
6.40733446912
6.43611999389
6.47920861162
6.52618053025
6.54576511216
6.61603725579
6.66191566784
6.71713562993
6.77966833773
6.81095372004
6.96914727388
6.99059470135
7.01782029241
7.13645882699
7.18909387659
7.39574848793
7.49869650425
7.55069997482
7.85844047899
7.91610785674
8.10792008816
8.14578954451
8.24923927105
8.32916369223
9.99607517544
10.1291616681
10.2208476026
10.3270934057
10.3385415546
10.4985380245
10.6217350908
10.8834583761
11.0057283905
11.2360262114
11.2823721788
11.440200928
11.7663412587
11.9327161628
14.7302528718
60
