6.00546698832
6.01697557281
6.02269939274
6.03850990406
6.05937610412
6.07440289492
6.07941348019
6.08988652595
6.10593441461
6.11143736413
6.14404708202
6.14953045157
6.16267645412
6.19344764251
6.20492884529
6.26843055266
6.31397061401
6.32376570478
6.33854783679
6.36297926067
6.40039415245
6.43000684785
6.43473745859
6.48870069175
6.51107898695
6.53393801061
6.55750818687
6.60166479547
6.64086126409
6.68650575914
6.72293265443
6.74200972271
6.77175662561
6.8094960211
6.8324120299
6.86059754354
6.89754672899
6.9561268295
7.00444185852
7.04014838536
7.33743007741
7.36438236567
7.4486822901
7.50635287475
7.55817176053
7.60448924581
7.67425935618
7.70499717672
7.75533185819
7.85387274376
11.249968253
11.2750825839
11.4188516279
11.525940758
11.7339353584
12.0645043059
21.3428931789
57
