6.00981316628
6.04040252406
6.06244962826
6.07037781584
6.08421186218
6.08894426195
6.11377811727
6.12136621925
6.12506489999
6.12979770969
6.16152190462
6.17275643717
6.19787666108
6.22551662561
6.28989760361
6.30407802339
6.33364945686
6.34699934003
6.39280503215
6.40077106556
6.43572753223
6.45460401881
6.47963840866
6.51812251887
6.52295970935
6.54498534236
6.55956651101
6.58371347518
6.63846082813
6.663586305
6.69542177046
6.72003915268
6.76335057047
6.82101475121
6.83759008606
6.8608472972
6.90103729539
7.08153677278
7.09836060279
7.20207001479
7.2402003428
7.30504743353
10.2265252449
10.3400726711
10.5438772556
11.1899355591
11.3193183497
11.5124965017
11.6357246748
11.7091105237
11.8288248198
11.874973104
12.0716066623
12.2153932495
12.2331191698
12.4948238384
12.7353936681
12.7683750619
13.0367301464
13.6958563281
13.879054013
13.938631633
14.5345686217
63
