6.02801323402
6.06402796094
6.09198340602
6.10978201403
6.13898877123
6.18629242127
6.20740174347
6.2298240095
6.25894224401
6.30960753226
6.32587504996
6.34613997599
6.35227920848
6.56299768708
6.6310133081
6.71376298995
6.71771992468
6.74359970735
6.78001377661
6.82784721883
6.93611296354
6.98491237279
7.04996146407
7.13086321283
7.22241259977
7.27184037928
7.28168380845
7.30241032434
7.38655716512
7.39843470242
7.43836616559
7.45572939597
7.55378961792
7.58452377689
7.61380902809
7.6537278348
7.70022657011
7.72392953952
7.79490907604
7.82779225776
8.03727339186
8.10595295965
8.15134539047
8.19823210485
8.24569951626
8.2814705781
8.38711287476
8.43776036571
8.47659663587
8.50319420899
8.53941065011
8.55392778284
8.56779656563
8.58639047114
8.60771398101
8.63193604302
8.68245152792
8.71918949066
8.72313972675
8.73554526216
8.79351909404
8.8077050262
8.84878577488
8.86814341509
8.9225763205
8.97215901191
9.03494805838
9.11088097647
9.16183566349
9.21051369883
9.29600477046
9.37615728961
9.56945694592
9.63182105989
9.66807867533
9.70020957822
9.72605272801
9.74275903032
9.74918132283
9.79028599692
9.83476443456
9.88367503371
9.89793427801
9.90990621002
9.9430208091
9.97504056822
9.98722184183
10.0049197902
10.0154080386
10.0607300966
10.1270898204
10.1361392212
10.1483499394
10.2113008823
10.2273400773
10.2595581413
10.3207762061
10.507412039
10.5753838549
10.6987739708
10.8512869021
10.8759305707
10.9112597502
10.9407262966
10.9980521511
11.0080129899
11.0587577066
11.1220407502
11.1884902816
11.2338930225
11.2899750279
11.2950827343
11.328897999
11.5314524842
11.5380207635
11.5487001136
11.6030064513
11.6084434861
11.6865702801
11.8038887607
11.8979636711
11.9768169282
12.0652939863
12.0843699141
12.0946766641
12.1467450286
12.2019757023
12.2156430882
12.2426708417
12.2585744494
12.2995925254
12.3343339348
12.3556880163
12.4048053155
12.4332385717
12.4989024978
12.5343643494
12.5407138568
12.6293379898
12.6536399833
12.7134800563
12.7701200324
12.8286695584
12.8672292311
12.8897222811
12.8982789798
12.9216700136
13.2077058085
13.2370428057
13.2593724314
13.2733628935
13.301836065
13.3530733333
13.3723774938
13.4147484837
13.4415631997
13.4996568604
13.5322069236
13.5648608881
13.6850529026
13.7299382515
13.7866940233
13.8605569558
13.9164462858
14.0149207793
14.1144003322
14.1217010521
14.1911705542
14.4138470828
14.4346165632
14.4618281
14.4713891167
14.4834247883
14.5362838536
14.5597990177
14.5903187477
14.6298769755
14.6758182794
14.6927021047
14.7197345302
14.7447681828
14.7556196128
14.7597743198
14.8083838936
14.8603302325
14.8963982329
14.9450293831
15.0249401644
15.6075629421
15.6454498727
15.6521414476
15.7321554472
15.7481767022
15.7735420468
15.8132096574
15.8252694068
15.860186126
15.9377357305
15.9566700895
15.9886999461
16.0093185613
16.0331786532
16.0802627719
16.1186742914
16.1489418585
16.1792482741
16.1977407689
16.2423813144
16.5164866771
16.5492890588
16.5885785577
16.6860358528
16.7034647049
16.7786144988
16.8373883505
16.8620014987
16.8983420369
16.9021549556
16.9059109185
16.9124054429
16.9448609486
16.9598131098
16.9776792668
17.0965553769
17.1372459381
17.1681730413
17.1839765599
17.2432366948
17.2826159001
17.324752846
17.393791981
17.4433769478
17.4907777668
17.5129748832
17.5171574698
17.5412437204
17.5967971819
18.0268247806
18.0517998296
18.0887379211
18.1431800727
18.1787750378
18.2035562028
18.2558701486
18.282374968
18.3237131582
18.3849444709
18.4097010843
18.4858833591
18.502552727
18.6207711701
18.6380569747
18.7005961605
18.7485405385
18.7707890371
18.7841664285
19.1760670247
19.2405766047
19.2588996953
19.2722665102
19.3107055169
19.3346790647
19.3986422665
19.4094190418
19.4325564713
19.5229025074
19.5686305505
19.6018354893
19.6401422128
19.6828663314
19.779221058
19.7933872485
19.872964401
19.9856993999
20.0437659651
20.4112465768
20.4249315602
20.4371321141
20.4489152512
20.4769199415
20.4963481962
20.5005448969
20.512037195
20.5440093577
20.5548477006
20.5674296668
20.6739749715
20.7337379839
20.7576140737
20.8806345399
20.9754004079
21.0242521863
21.0826058495
21.1583394547
21.2638732567
21.4223887522
21.4708396864
21.521030826
21.6228397709
21.6439606051
21.7048285615
21.7335028701
21.7793256713
21.8129323688
21.8283400347
21.8357045599
21.8783169466
21.8926272631
21.9058738084
21.9314602296
22.1826300655
22.1873261199
22.2391112354
22.303184775
22.3260963949
22.3607383895
22.3849736169
22.5378957211
22.644418796
22.6560565247
22.9374302234
22.9493634075
22.982040263
22.9921092532
23.033502842
23.0667351286
23.0857096448
23.1292392554
23.1576102354
23.1810912658
23.19606719
23.2133763554
23.2829062593
23.2865438178
23.3310459804
23.4822138259
23.524371268
23.7255083763
24.0272824359
24.0457552736
24.0813163446
24.0929724064
24.112884118
24.1239816629
24.1614994258
24.170588396
24.1917730971
24.2082641947
24.2340505118
24.2414651859
24.3096934852
24.3328883605
24.3510482253
24.4757746922
24.4803250036
24.5507022489
24.5731465873
24.6021168196
24.6776706793
25.2335111146
25.2850488399
25.3103268956
25.332400538
25.3708906721
25.3944580929
25.4192300936
25.4426801684
25.4878086006
25.5352549499
25.6040583662
25.6498025866
25.6664232631
25.715407489
25.7819840296
25.8216424933
25.8251782295
25.8504578724
25.856373023
25.8906834212
25.9331677773
25.9880543172
26.0715301199
26.1364235341
26.1695271975
26.2241171295
26.3146067156
26.4310119777
26.4452169221
26.4575643394
26.4715382526
26.5040531588
26.5451553159
26.6038658002
26.6918720741
26.7860681246
26.8320630414
26.8567416725
26.8779157373
26.9372589853
26.9555150044
27.0410389224
27.0801384613
27.1049052712
27.1419522744
27.1482834742
27.3055214943
27.3494002045
27.5520071777
27.6165886566
27.6353082583
27.6675380869
27.6738813916
27.6849985046
27.6956745816
27.7074089844
27.7355823763
27.7528350276
27.7832535446
27.7929412534
27.8270321914
27.8449404192
28.0672692658
28.1028016448
28.1558139387
28.1924019229
28.2578150534
28.2746084494
28.329510018
28.4198262999
28.5785574187
28.6500203389
28.828284212
28.8658057266
28.8944057074
28.9061622118
28.9261880962
28.9388884866
29.0011839919
29.1582110928
29.3301541678
29.3815612516
29.4147571181
29.4855664054
29.5149506326
29.5447645538
29.6013965398
29.6506724399
29.7493697756
29.8697479023
29.9281265266
29.9353902769
29.9545488528
30.0126972468
30.0172072634
30.0331437844
30.0396828409
30.0719139922
30.0954673797
30.1171382814
30.1504118768
30.1631817143
30.2038349399
30.2580163916
30.2878290707
30.3276174305
30.3371596032
30.3777119081
30.4410641068
30.4630468693
30.4908198346
30.5610510801
30.6076702352
30.7525887598
30.7924324003
30.7981631392
30.8264023539
30.8785985686
30.9268623432
31.0486611577
31.1802037621
31.2286027612
31.2642109274
31.3011126887
31.3327852595
31.4541357568
31.4718010674
31.4877308815
31.5749384909
31.6237950829
31.6751038698
31.7184011993
31.7470706287
31.7730490819
31.795320915
31.8320881656
31.8528674128
31.9325589998
31.9596377199
32.0550130831
32.0681700603
32.1142724866
32.1505101932
32.2856633866
32.4201913361
32.4398540177
32.4540520808
32.4655823528
32.4932894567
32.5089380255
32.5252309393
32.5449326591
32.5615654171
32.5993621404
32.6223323835
32.6665025604
32.6978507667
32.7089080381
32.7583047651
32.7893896664
32.8525633023
32.8840979165
32.9178137315
32.9553537468
33.2937526622
33.5882015544
33.6836439231
33.7065785911
33.7190148642
33.7400032721
33.7603341214
33.7807512233
33.8192664504
33.8337488543
33.8549033013
33.950498293
34.0276709982
34.0523522529
34.0948750875
34.1458218652
34.1793759187
34.2132665145
34.2179646988
34.2887689376
34.4114524651
34.4681507512
34.4726251804
34.4843947404
34.4929151038
34.6806390722
34.8548322845
34.8652991742
34.8733627718
34.908454759
34.9554615039
34.9898374621
35.0175165813
35.0725470924
35.2844588438
35.3330189343
35.3541267844
35.3906533972
35.4554134463
35.5260094997
35.579502523
35.6204732691
35.6611182872
35.6834639498
35.8254289027
35.9508463555
35.9902150155
36.033340799
36.0618094942
36.1001508387
36.1523368508
36.1695825138
36.1840378149
36.2084649375
36.2329280494
36.2725228755
36.3296952691
36.3744952812
36.4412130973
36.4536918207
36.4944471648
36.5319954532
36.6045578116
36.7430382966
36.7669527383
36.8392966137
36.872316431
36.9093477266
37.007684739
37.1043250338
37.1381862085
37.2491410586
37.3140900368
37.3340642621
37.3458138015
37.3876240351
37.4160662165
37.4371620553
37.4654884326
37.5090783702
37.5393962426
37.5610599743
37.5777626344
37.5849013061
37.6606683628
37.7408691395
37.7783814646
37.8082933323
37.8374857767
37.8630720638
37.8974886147
37.9274433179
37.9696879771
38.0899671506
38.188518936
38.2468179934
38.4284827325
38.4473191176
38.4583213482
38.5115251749
38.549714507
38.5760140627
38.628015588
38.6634894246
38.6672229018
38.6899007532
38.7052948004
38.7521544009
38.7863767466
38.7916185049
38.8313672545
38.8504594251
38.9040656694
38.9776302349
38.9959868022
39.0456213454
39.0983316148
39.1542040433
39.2348392605
39.3149508286
39.4231563269
39.4842797002
39.6395773133
39.6776314668
39.691754178
39.7164249596
39.7619563559
39.8106095333
39.8641641639
39.8962337839
39.9227639879
40.0515268217
40.3596156743
40.4935194977
40.5227750442
40.5701211654
40.6712854733
40.8244493369
40.83846693
40.8579872946
40.8951297598
40.9170760305
40.9385854844
40.9442664852
40.9526587937
40.9889241533
41.0315020717
41.0355555504
41.0931858397
41.3356812846
41.394009867
41.4164523664
41.4201319457
41.4333164272
41.4684336798
41.5615679445
41.5936470396
41.6505262537
41.7160292707
41.9664214582
683
