6.03016940559
6.05573452622
6.07993765779
6.10037187133
6.13387102148
6.17777569875
6.23326767905
6.29478869738
6.32310210608
6.36509512166
6.38419830847
6.4391707429
6.49379049664
6.51638457149
6.55501666293
6.58163704519
6.61495539362
6.62630632867
6.65489255699
6.67721294365
7.24081761026
7.24445476462
7.24891575688
7.27349237174
7.30087895659
7.41519172601
7.44042683031
7.47001899404
7.48738231297
7.58286356625
7.68575746998
7.76799493927
7.8405088352
7.92778367734
7.95128439549
7.98912151346
8.07596451845
8.37005381085
8.44330220327
8.46226253825
8.466546504
8.4798209607
8.49036578715
8.51289655858
8.5398301269
8.54584109105
8.59907123462
8.60763974926
8.64144359686
8.6585868723
8.69994843402
8.70771675659
8.71695599572
8.7293432753
8.77160234886
8.82435192059
8.86475635216
8.90657295885
8.97174003686
8.99738513243
9.06216069831
9.10557465286
9.1298513638
9.17733624191
9.25425543712
9.30377610992
9.3263097317
9.35066497277
9.46834463191
9.55272245675
9.59421236762
9.62096222305
9.65794139278
9.71487858291
9.7251237507
9.73737805058
9.76981896922
9.80372461182
9.82706989173
9.87424345065
9.89316670443
9.91221057963
9.95863517372
10.0065295158
10.0428146012
10.0466189435
10.1011053006
10.112257473
10.1575371448
10.2022796193
10.268545559
10.2866141345
10.3621665151
10.3682152924
10.4156537232
10.6797661982
11.7503166374
11.8962065828
12.0250779498
12.0495152147
12.0947351318
12.143077162
12.1827115854
12.4175420816
12.4917182096
12.5635200797
12.5736330828
12.6539199829
12.6980297605
12.7348248068
12.803517866
12.8381854512
12.9016962473
12.980392827
12.9886181648
13.2131422641
13.2192949448
13.234770889
13.2713351903
13.2845950005
13.296546148
13.3193659086
13.3564352267
13.4057428869
13.4187945592
13.4348641411
13.4840267286
13.5167152071
13.5782343125
13.6024291446
13.6177184592
13.6425943103
13.6719432792
13.7315007012
13.7737112778
13.7778454205
13.8028829166
13.8463672796
13.8819510688
13.9793947962
14.0208435028
14.0526979879
14.4216495153
14.4362084211
14.4844000978
14.4973287594
14.5066470905
14.5807241235
14.6180687699
14.6287768112
14.6685824365
14.8364485049
14.8845699597
14.8985970619
15.3511828831
15.4204447624
15.6167877854
15.6410090863
15.6543357605
15.6842093304
15.7065015952
15.7289517379
15.7424388772
15.7558639974
15.7728836344
15.8055901202
15.8380824589
15.8573595643
15.8753355763
15.8858072336
15.9539605726
15.975608359
16.007937168
16.0373145794
16.0775789548
16.0915577918
16.1048756683
16.1324614025
16.1906650752
16.205799543
16.2188967416
16.2616643051
16.3539296499
16.4081772367
16.53386753
16.6648338734
16.7814856385
16.8261929286
16.8385357382
16.870450471
16.8887248639
16.8955657644
16.9216549966
16.9422342182
16.9531500041
16.9782588341
17.0800029384
17.1050501712
17.1427548875
17.1786272495
17.2434809738
17.2834380827
17.347208407
17.429433155
17.7499747422
17.8047492499
17.8548502268
17.9284602812
17.9766817033
18.014878565
18.0405569695
18.0485820277
18.0647454224
18.1132907894
18.1377815839
18.158597068
18.1719472637
18.2089884744
18.2488230742
18.2947093121
18.3313462014
18.3482702917
18.4028925281
18.4309900655
18.4349742007
18.4502645346
18.4779358536
18.4959562955
18.5724039701
18.6049043973
18.6174584157
18.6339964795
18.8248377614
18.9243247857
18.9540591892
19.0547766348
19.1201053312
19.1736804589
19.1985075101
19.2369190351
19.2788602898
19.3000716437
19.3036552066
19.3171095025
19.3497280389
19.3712245259
19.3891922743
19.4040959805
19.4194118425
19.4955437474
19.5283843119
19.5496138275
19.5766614714
19.6144504852
19.654380594
19.6788956031
19.7424319655
19.7969853336
19.8479980704
19.8527064901
19.8996673337
19.9268326618
19.9768109243
20.0136085188
20.057102306
20.1168615236
20.1225693222
20.1841456369
20.2703768063
20.4246365689
20.4469503065
20.4985806001
20.579666349
20.6023743521
20.6098127762
20.6153235951
20.6319466613
20.64541154
20.7344935482
20.7862669864
20.8069249522
20.8110278751
20.8470199098
20.9208533623
20.9485669686
20.987503955
21.0526640624
21.1046405335
21.132991525
21.1532591245
21.1892547523
21.2078853653
21.3517686983
21.4618267283
21.5607575756
21.6234924765
21.6817790431
21.6903502213
21.7585895896
21.8152584836
21.8451438635
21.9427521804
21.9846127916
22.0346303914
22.064856086
22.2118086423
22.2633840309
22.2862020944
22.3083331548
22.3173016193
22.3217148328
22.3784106448
22.4173636418
22.4388266216
22.5244014885
22.6167970008
22.9852593814
23.0288810551
23.1424214155
23.173433245
23.2282404226
23.294683408
23.2986824954
23.358982512
23.3969095421
23.4389615911
23.4430755569
23.4856357704
23.5443208066
23.6806340567
23.8000767619
24.0319785417
24.0459551599
24.0591010632
24.0749600889
24.1749866017
24.1857612405
24.2074441417
24.2281447108
24.2453112133
24.2914786684
24.3540616624
24.657847812
24.6640345887
24.6978845761
24.7408375955
24.7758300001
24.8244276505
24.8440148868
24.9187167656
24.9582517338
25.0009090008
25.1507179257
25.2158198817
25.2828346877
25.3160773589
25.343671996
25.376705145
25.3921449177
25.4223300699
25.4621128357
25.4822147462
25.5092697998
25.5501278016
25.5591206643
25.56920293
25.5970119174
25.6284864613
25.6568649835
25.7021016396
25.7683844477
25.8233077552
25.8492984375
25.8864962812
25.9402904273
26.0078649192
26.168840183
26.2074266585
26.2788803917
26.3417687829
26.3657513844
26.3705763625
26.404470591
26.4262520022
26.457907781
26.5447444595
26.5772535718
26.5846912246
26.6185370148
26.6410184096
26.6609004152
26.6924253702
26.7653689079
26.8767204103
26.9387916613
26.9948005392
27.0148646723
27.0544104668
27.1099037786
27.1669437508
27.2446865005
27.2495780702
27.315840294
27.3450206755
27.4269160898
27.5288678403
27.5901754252
27.8472174953
27.8792631457
27.9046360754
27.9083241177
27.9522223412
28.081684526
28.1296486993
28.1843424381
28.2003707166
28.337676507
28.3766945343
28.5099722269
28.5858500261
28.645653991
28.6797446159
28.7336887464
28.8160130765
28.8484487391
28.8651148295
28.8765968341
28.8938929531
28.9970619086
29.0387142487
29.0462359799
29.0583049084
29.0736317094
29.1049786497
29.1275658709
29.1807571394
29.2019333571
29.2263753695
29.2467756934
29.2731413582
29.324413072
29.3489689048
29.3627660126
29.4039496524
29.4098521929
29.4393457489
29.4747964412
29.5762723084
29.6140896349
29.6569761621
29.6803440973
29.7890594547
29.9947294506
30.0115264644
30.0245230349
30.035195628
30.0716702401
30.1191363209
30.1366378823
30.1823846296
30.2261353376
30.2484681415
30.279394288
30.2996931128
30.3398817031
30.36049966
30.4187241874
30.4319497842
30.5097737639
30.5603363393
30.5755859252
30.6264227979
30.6657712149
30.7155757669
30.719692152
30.7590185232
30.8262774456
30.8619563385
30.879944053
30.922775792
30.9427239732
30.9862455259
31.0606758433
31.1476394265
31.2056703185
31.2634383872
31.274677609
31.3361257483
31.3397965632
31.3447151391
31.459229805
31.5688182182
31.595858018
31.6204226477
31.6454363821
31.6718302719
31.9610766398
32.0119242635
32.0789574253
32.1249963724
32.2001716459
32.29225119
32.3277962549
32.4180198697
32.4249817397
32.4321646751
32.4515532146
32.458108595
32.4973653506
32.525812048
32.5730994795
32.6114262874
32.6280336497
32.6523788576
33.6193393444
33.6540916146
33.6763796482
33.6886576048
33.6939137606
33.7061216563
33.7415651487
33.7488083179
33.7621205014
33.7941010914
33.8598209391
33.879955612
33.8971315052
33.9116851127
33.9327303886
33.9753321012
33.9993670488
34.0429254396
34.0875939992
34.1480447167
34.1878256848
34.459300258
34.5396200086
34.5798196706
34.6177060748
34.6689779026
34.6969390224
34.7869468072
34.8116480131
34.9210895964
34.9291091426
34.9429879846
34.9596644348
35.0172566708
35.0460862945
35.1190403648
35.1299010411
35.1364233789
35.196770256
35.2109210426
35.259202103
35.275600818
35.3711440932
35.4123309974
35.4781714086
35.5023176007
35.5381775646
35.5692347874
35.8422828149
35.9650195799
35.9890932826
36.0051324403
36.0503950892
36.0710915098
36.078854371
36.0895495174
36.1088380099
36.1307445101
36.13483545
36.1641059874
36.2343812579
36.2406022295
36.3629924244
36.410388019
36.4290860876
36.4344684891
36.6327765114
36.6789782798
37.2500304967
37.3928438933
37.4010481861
37.4104155382
37.4573694354
37.4970398578
37.5099904136
37.5655523298
37.5861293245
37.6211864008
37.7011191859
37.7178816557
37.7254120166
37.732996499
37.7372530134
37.7750997627
37.7914701572
37.8357983937
37.8845284027
37.9383176177
37.9677580944
38.0005368293
38.026916826
38.1290070683
38.1878250346
38.2291803106
38.4228356908
38.4458876316
38.4776175261
38.4913253319
38.499906096
38.5378250269
38.5838742879
38.6443849338
38.6607754382
38.7121673724
38.7221757733
38.7288687701
38.7744855937
38.7950752435
38.849667574
38.8639983908
39.0850887939
39.1065710398
39.3056385033
39.3507493385
39.3730768014
39.405421353
39.5214953317
39.5817415981
39.6215862402
39.6888458287
39.8376323382
39.8432730628
39.9055973449
39.944199533
39.9560946983
39.9726497506
40.0044325778
40.0296993513
40.0869035534
40.1408870812
40.5437518401
40.668301147
40.7092853173
40.7731210394
40.8175950464
40.8412844506
40.8863844245
40.9751018954
41.0393921183
41.1035046733
41.1135701762
41.1477789558
41.161328434
41.1756861442
41.1882539643
41.208045837
41.2374055077
41.2743842119
41.3030583191
41.3217853405
41.356808241
41.3637767591
41.4046788488
41.4557249704
41.487690102
41.5304947038
41.5967681981
41.7013257106
672
