6.03993302906
6.0484120276
6.07855012805
6.09437612632
6.13377074113
6.14175197804
6.19155495606
6.24878504769
6.26136162471
6.28422385446
6.35802157481
6.44278627372
6.45830118289
6.48179804017
6.55403449672
6.75504142328
6.80950563572
6.84690913684
6.97000429523
6.9812856045
7.06552838614
7.15513696749
7.20719340827
7.25213721537
7.2628757055
7.27253696033
7.28997521684
7.34476173476
7.40438563725
7.56068915076
7.62376916913
7.64759662752
7.6685053119
7.69465924749
7.72986216578
7.78558992659
7.82005056948
7.96189572684
7.98811791605
8.07310908975
8.10827380777
8.14913321804
8.21269742303
8.29372241355
8.37686343686
8.41383342257
8.42792669416
8.46999066988
8.50605714825
8.53210527335
8.54120560091
8.63793822802
8.64819858513
9.16132717075
9.18539814101
9.25242091584
9.31070783131
9.35960826595
9.46623602435
9.56474689002
9.62936449853
9.64947658727
9.9027508238
9.91291299417
9.93397810755
9.97474839744
10.0326599488
10.0978139047
10.3525803821
10.513058481
10.5422721899
10.7153680498
10.7432512447
10.8255859067
12.0135743816
12.0271881246
12.0387955992
12.0674909045
12.1184446953
12.1408535315
12.6379873657
12.765425253
13.2243434033
13.2461708572
13.27223758
13.2868207894
13.3819429904
13.4030616646
13.4347507372
13.5390628892
13.5621510882
13.6020770829
13.6149526694
13.6577925597
13.7092220344
13.7793887061
13.9860384201
14.0464744336
14.0819296323
14.0915961827
14.185588813
14.2302508831
14.3515206996
14.4410552551
14.468225423
14.4908831156
14.5061952867
14.5523314714
14.5754705781
15.2339108214
15.3689576369
15.3997041565
15.4507622063
15.6256218975
15.6378844227
15.655497116
15.6775308969
15.7084783688
15.7653053898
15.7805911978
15.8203015884
15.8561249452
15.9136819549
15.9305562658
15.9822519659
16.2158011922
16.2908654475
16.3488669695
16.407360467
16.5081547149
16.5520449158
16.5932086229
16.6769741019
16.701169968
16.8202393082
16.8285832039
16.8807131439
16.913273161
16.9494484785
16.9553198757
17.0083573469
17.0312544616
17.2273314992
17.2923738771
17.3155537188
17.3433854116
17.3856682393
17.4112787202
17.4776223005
17.5558829268
17.6037320165
17.8529728563
17.9200418092
17.9284398129
17.9362305168
18.0083804129
18.029719427
18.0479747737
18.0901820864
18.1044903876
18.1311956084
18.1353007835
18.1586107591
18.2084777985
18.252253149
18.2708382435
18.3255294805
18.3493310818
18.3589051761
18.3949201945
18.4356686495
19.1971495478
19.2254577508
19.2544083674
19.3770270612
19.5606630704
19.587794546
19.5974030052
19.627407076
19.6507913427
19.7292012984
19.7738066529
19.7847189352
19.858205123
20.066828763
20.1381153834
20.229778165
20.2611966063
20.3341373404
20.4229374248
20.4874509866
20.5162142423
20.7417792458
20.799709058
20.8176863174
20.8731725834
20.9335005567
20.9383749429
20.9830799143
21.007332166
21.037411863
21.0542491053
21.1167073544
21.1452659593
21.1660640589
21.2362069241
21.2957004139
21.3609604499
21.4319471751
21.5225970121
21.5646176794
21.5902800844
21.6240842852
21.6575838944
21.6794811175
21.6934272371
21.7414397879
21.7649949195
21.7894658674
21.8097218722
21.8495696718
21.8844077523
21.9336965202
21.9452266551
21.9773165253
21.982185792
22.0100507332
22.0382869649
22.0629144208
22.1136179579
22.1385423686
22.1558827488
22.2006002279
22.2394385318
22.6460535109
22.7171372833
22.7990422171
22.8057735716
22.8091836702
22.8290401051
22.8564788829
22.8694625164
22.8974119013
22.9221553368
22.9756277668
23.0231223362
23.0567131574
23.1649359476
23.1857941341
23.2329859844
23.2584970528
23.3033491891
23.3123690598
23.3517724327
23.3696564088
23.4017214823
23.5497789087
23.6353789063
23.6831512058
23.7247945736
23.7819562182
23.9111808004
23.9655740296
24.012709547
24.0546813929
24.1999100039
24.2204042593
24.2567751336
24.3325566184
24.3782695164
24.4159745273
24.4737747269
24.5098355012
24.5650545885
24.6266060104
24.6657968596
24.7044808971
24.7166448332
24.7664437366
24.8191009838
24.8407144821
24.8709139904
24.9407458465
24.9661445969
25.1175143166
25.1622758498
25.1800317882
25.2544350531
25.2720087766
25.3394621177
25.3889810395
25.5414189673
25.6619183698
25.7796166812
25.7961311002
25.8417681026
25.9186909973
25.9859734976
26.276721686
26.3227979509
26.3679206581
26.3749215336
26.4219584378
26.442463358
26.488758532
26.5079728658
26.5826619725
26.5864460064
26.6259398257
26.6361390659
26.6450618534
26.6653283258
26.6950579569
26.7302532031
26.782951854
26.8471828772
26.8676476789
26.9082448981
26.940648624
27.0695658734
27.1456243225
27.2095745731
27.3377268322
27.4315286089
27.4657944295
27.5081053232
27.5689158872
27.6176072125
27.6387213857
27.67815393
27.7007292627
27.7433926326
28.0038394992
28.0561519868
28.0759672497
28.1367966766
28.1521600581
28.1736526715
28.2481495301
28.2805716484
28.3356531328
28.3849704129
28.4227457732
28.4500112373
28.480655196
28.5675312164
28.6355779034
28.7237972416
28.8698998017
28.9071129835
28.9296573096
28.9746978183
29.031009045
29.0564451551
29.0716395763
29.1227326495
29.1635142147
29.1873680073
29.208186173
29.4232959769
30.0188457995
30.0426768294
30.0664096075
30.0744384557
30.109103568
30.1228851658
30.1676280761
30.2002174251
30.3344132835
30.3596945473
30.3768122158
30.4284458021
30.4332038854
30.4799900095
30.5095532884
30.5622950152
30.6412156175
30.6537400915
30.7216541686
30.7531833923
30.9093678358
30.9498596727
30.9705347186
31.0256087924
31.1776721118
31.2168483255
31.2573129562
31.3319694792
31.3629172254
31.4109351356
31.4257999133
32.415280324
32.4604073892
32.5785753097
32.5908528261
32.611286537
32.6507466021
32.6887727468
32.7560601856
32.7796851183
32.8180614666
32.863338962
32.877561775
32.8962590737
32.9018238734
32.9675956006
32.9775422552
32.9813753731
33.0025565569
33.0128592522
33.0445602924
33.1409429652
33.2141784865
33.6199061819
33.6284286866
33.6597156558
33.6788053755
33.7041947433
33.7397565467
33.766674047
33.7904298051
33.8038241248
33.8199897769
33.9631851243
34.5948711256
34.8525517735
34.8679135154
34.8860281999
34.9004146658
34.9337242869
34.9456016249
34.9731221922
35.0276439399
35.1003914395
35.1171326352
35.4321272861
35.5146346613
35.543991751
35.6008413867
35.7053862175
35.7698758128
35.8616057248
35.940099705
36.0458914304
36.1324145569
36.1539209153
36.1616166564
36.2010047691
36.2263802995
36.2413994784
36.2809090878
36.293454288
36.3792643624
36.4532842686
36.6111733631
36.6808768531
36.71444458
36.7751380952
36.8019366622
37.0259525502
37.229055541
37.3562980444
37.7202290949
37.8599417192
37.8676908085
37.8764454037
37.9426022721
37.9548838857
38.0390679419
38.0795203475
38.1510012878
38.4335419752
38.4418088407
38.4617853154
38.4865507362
38.5150532623
38.5309387871
38.5606292797
38.5727092764
38.5923249133
38.6234757354
38.6466378369
38.6645550856
38.6781910428
38.7200866657
38.7649853092
38.8026989424
38.8482315089
38.8712324597
38.9104784474
38.9335940901
39.0532379121
39.1055877013
39.1663786153
39.2547779195
39.3481661079
39.4401004165
39.496435168
39.566762568
39.6153009553
39.6341194347
39.6568085894
39.6663879891
39.7104674147
39.7500301456
39.7784238643
39.7912610795
39.815751528
39.8383758273
39.9559952341
40.0047759291
40.0858015697
40.1177115423
40.3998014919
40.641887732
40.685533965
40.7321848037
40.8391180639
40.849338091
40.8757977881
40.8924126493
40.9195619222
40.9422963505
40.978930993
41.0019868178
41.1845127317
41.2276781369
41.2742506198
41.425781612
41.5178071888
41.5522080004
41.618468892
41.6495089375
41.6739643855
41.77576175
41.9099282487
41.9886398433
537
