6.04080161088
6.10334992452
6.11148734218
6.20310787924
6.22009132941
6.26281870357
6.32552796061
6.34435985865
6.37813515152
6.44570344994
6.48390598754
6.51846028096
6.55557486507
6.587876278
6.63784383746
6.75873804729
6.93496203917
7.13619100656
7.23254259534
7.24286411958
7.27253587049
7.28991234205
7.3121094855
7.38444285617
7.42751425785
7.45037021256
7.5335568021
7.5388725496
7.5515217985
7.57265616836
7.58979740352
7.62437123227
7.63820071986
8.4317527872
8.51633979162
8.53435377817
8.64537475723
8.68258976317
8.74515601524
8.79629666216
8.83709583857
8.86245768511
8.91610634875
8.95481238599
9.02983051202
9.12155639651
9.16557448284
9.52984756595
9.62843201427
9.64068688465
9.68050634725
9.74934195633
9.8110121108
9.84426581018
9.87787466592
9.88282426296
9.92260337016
10.0134522375
10.0320973383
10.0787833291
10.094077779
10.1689635679
10.2115849536
10.2252609053
10.2867960213
10.3311362385
10.3391695614
10.3959140982
10.494988817
10.8367743375
10.8819159889
10.8976696756
10.9309991613
10.954801851
10.9861066498
11.0300060962
11.0511584569
11.0589402468
11.1629789909
11.1756661918
11.397845642
11.4401743718
11.4684009519
12.0209740596
12.084493354
12.1849782806
12.2147345453
12.2463443147
12.2870916705
12.3078057061
12.3328040991
12.5900856179
12.6086543435
12.6269207805
12.6671832776
12.7531258463
12.8568170196
12.9020874564
12.9495557157
13.2272415815
13.2660159712
13.2804675948
13.3263302082
13.3835269748
13.3917334535
13.42236254
13.450940581
13.4719668803
13.5015120905
13.5231944005
13.5328383522
13.6034524503
13.6246245862
13.6639776599
13.677068345
13.7696543386
13.7749625184
13.8042882829
13.8332589638
13.842611698
13.8693272662
13.8973443557
14.4922734906
14.5042401015
14.5457949331
14.7015134179
14.7464666539
14.7850745531
14.8299107005
14.8735777299
14.9206860497
14.9285085876
14.954253237
15.0280203181
15.0384345042
15.0649426971
15.1019619391
15.1603639945
15.1820851779
15.6093762688
15.6239033129
15.676450469
15.6919260702
15.7196452415
15.8210166107
15.840018933
15.8628839207
15.8705678555
16.3245098867
16.3297029091
16.4023477104
16.484786443
16.50537715
16.5824735315
16.6415251187
16.6954711406
16.7482956653
16.8216681163
16.8392090021
16.8610528975
16.9043423062
16.9189516408
16.9631149775
16.9866287401
17.0793054675
17.0945924934
17.1221622499
17.1424778598
17.1861567555
17.2349250575
17.2418249943
17.3097099343
17.351829205
17.4334536313
17.5045163941
17.5760787792
17.6122501682
17.6531174932
17.7260219668
17.7571008442
17.8261098269
17.8923255487
18.0276935309
18.0686840319
18.08513093
18.1129146543
18.1508351553
18.1681241391
18.2271594059
18.2536547067
18.3178469039
18.3457872535
18.4182031345
18.4401760409
18.4861092322
18.5102310047
18.5311583477
18.5431115361
18.6157699463
18.7044207562
18.7156134521
19.2093499783
19.2224219666
19.2455467621
19.2685982885
19.3084070397
19.3171071765
19.4481588606
19.4712471869
19.5055554081
19.5162679432
19.5616395979
19.6005155968
19.8248214047
19.8978400439
19.9282552399
19.9417951999
20.0000441307
20.0609010968
20.1167938551
20.4447032212
20.4729133089
20.4954580477
20.5266430742
20.536147497
20.5622676198
20.5808704401
20.6033066385
20.6198056579
20.6376538315
20.6676589366
20.7365609077
20.9966336067
21.0989093848
21.1338644241
21.1589502812
21.2935035587
21.3551326017
21.3906495983
21.4553931035
21.468792493
21.5335811414
21.6205364227
21.6524411945
21.6891464165
21.6988871531
21.7206185517
21.731319259
21.753756285
21.7703296992
21.8074841262
21.8382570746
21.8572306897
21.8734036347
21.9528741821
21.9569715839
21.9801063222
22.1230491383
22.1357934047
22.1864731133
22.2270677682
22.3209991457
22.4297473788
22.4552504886
22.6574490971
22.775938042
22.8071881818
22.8209180424
24.0405341024
24.0484327455
24.0628134205
24.0788420145
24.1085247954
24.1304607047
24.1800713383
24.1918682663
24.2352512186
24.3014522968
24.377871923
24.40965849
24.4386319258
24.4666304749
24.4807322246
24.5280915475
24.5749112888
24.6003602262
24.6160432958
24.6700999184
24.7585025159
24.7804640355
24.8912472627
24.9106856174
24.9390884395
24.9640635805
24.9916305706
25.0256532366
25.0418252256
25.0884614762
25.0987677714
25.2218949221
25.2399146835
25.2537133707
25.2841139701
25.3266292719
25.3488862052
25.3670374061
25.3973238337
25.4416685991
25.4909359618
25.5131338466
25.5522382803
25.5588991985
25.5942427179
25.6664020213
25.6704026349
25.706871856
25.7359141119
25.8634646166
25.9269772441
25.9543513956
25.9808360341
26.0130222244
26.096701338
26.1138027784
26.1777102288
26.2218423926
26.260720394
26.4123890213
26.4377940009
26.4604668201
26.9815478191
27.0059411887
27.0999636384
27.1266279978
27.1684579464
27.1731747957
27.2264197764
27.2486482444
27.2988976729
27.3550142316
27.4106220073
27.4646613077
27.5427645718
27.6076106873
27.6262469097
27.6593016484
27.6722033037
27.7054562304
27.7167892149
27.736068539
27.7611866111
27.792851542
27.84770185
27.8696420279
27.9200702949
27.9637228768
27.9687993884
27.9768430951
27.9824024327
28.0339559053
28.0646136888
28.1256663852
28.1678439263
28.1827199828
28.2470470736
28.273646086
28.2957720888
28.3004238842
28.3481709455
28.3546075
28.4518095887
28.4853951019
28.6017668717
28.6391855467
28.6907528469
28.6978550859
28.7608674213
28.8211720972
28.841566834
30.0237601731
30.0346843616
30.0484910963
30.0817116259
30.1004423846
30.1127479602
30.1256061763
31.2269770024
31.3538210528
31.3852046893
31.4083957011
31.4326635656
31.5894784293
31.6433150374
31.7054624559
31.7185650463
31.7903759938
31.8901295111
31.9272682425
32.0322150966
32.0807690279
32.1675561934
32.2376787051
32.3491678711
32.4190094108
32.4314149427
32.4612231317
32.4783276418
32.4953396231
32.5262083514
32.5463890808
32.6110775489
32.6214146182
32.6314439193
32.674483175
32.7064179071
32.7356262218
32.7658229312
32.8179623244
32.8364775078
32.8890203699
32.976407444
33.2968317967
33.3984153185
33.4036034093
33.473737844
33.5696502403
33.6062486359
33.6229247393
33.6472004952
33.6552360274
33.7369321792
33.8149627352
33.8411498139
33.8768130436
33.8844691408
33.8926334828
33.9246584723
34.2515756907
34.3283510101
34.3861168628
34.4239887613
34.4961581062
34.5238800718
34.6049029326
34.7176073192
34.8159503961
34.8479491164
34.8690760822
34.9191793382
34.9502540036
34.9577034979
34.9660171392
34.9708528204
35.0624146033
35.0952300997
35.1103646465
35.1204241436
35.1301647837
35.1610973976
35.185336683
35.2004001575
35.232094892
35.2689732499
35.2743059756
35.3350584994
35.375634362
35.4160383798
35.4720695688
35.5156993141
35.5599147843
35.5819689742
35.659171963
35.7070151805
35.7825521669
35.8232803651
36.0285135833
36.1076462566
36.1883449487
36.2119958937
36.2857478967
36.3037920521
36.3250188294
36.3362500925
36.3757446273
36.4380597646
36.4619101313
36.4900680147
36.5502025114
36.6098012908
36.6291503939
36.6723108744
36.7662927518
36.8320096882
37.1792306973
37.2340382082
37.2441321348
37.2502492034
37.2582598658
37.2734237094
37.3078668004
37.3342125292
37.4170316611
37.4687677653
37.5141582182
37.5217331132
37.5821246506
37.6026360027
37.668789884
37.8353456817
37.8689225792
37.9768498113
37.9934673411
38.0734523053
38.1467901066
38.2615648447
38.3280391533
38.3453123742
38.4404705153
38.4594105608
38.4854655305
38.5451284238
38.5636842244
38.5709074946
38.5920073572
38.6065639319
38.6104410452
38.6677129573
38.7167567911
38.7201998517
38.7247106476
38.7367062418
38.8042587466
38.8189226556
38.8833735584
38.9371164232
38.9506674323
39.0192732537
39.0621324889
39.1074560032
39.1958564473
39.2548450305
39.6498904871
39.8283611206
39.8465983279
39.8651574107
40.0915458284
40.149219169
40.1810456894
40.2470488593
40.2519479807
40.3531660541
40.3933147195
40.4027925916
40.4120569965
40.4510498277
40.4751912029
40.507044118
40.5238441845
40.5571474594
40.6338519768
40.7226885002
40.9314945043
40.9348487889
40.9472032363
40.9985458488
41.0135299033
41.0393411482
41.0491305873
41.0713471434
41.1766602859
41.316257762
41.3399303265
41.3539829789
41.405473177
41.4558368084
41.4662083719
41.5147101349
41.5387500036
41.5544019267
41.7146594074
41.7635674601
41.7785011268
41.7916587073
41.9165744656
41.9225974731
585
