6.02142746711
6.02781982985
6.06139250842
6.07590868518
6.18150094777
6.2021672336
6.21586999761
6.2561826966
6.28042703648
6.30603307388
6.33299899049
6.40898968307
6.47907341769
6.53547109571
6.59235751918
6.80350734478
6.81841814832
6.87413073299
6.94361611907
6.98573389304
7.02521780627
7.09700464329
7.12442845487
7.18048701972
7.21867784238
7.22454870713
7.27444745013
7.32422545731
7.37532235478
7.44743844572
7.4711871158
7.49717658853
7.5179050011
7.54939315503
7.62729168273
7.65940524365
7.70606404745
7.83345802549
7.84107277861
7.86539912875
7.88148919873
7.91552446326
7.9493152454
8.02029369718
8.11808184975
8.16163777851
8.25315796307
8.28280410752
8.41463741896
8.45324476775
8.46946860882
8.48055111412
8.48657058555
8.53230566196
8.54493165371
8.56284294522
8.58734525363
8.61747853769
8.62881107218
8.64569209223
8.68054626588
8.75064209955
8.7797777933
8.89009945108
8.99398640067
9.02836166948
9.03350883861
9.2979608229
9.35622169112
9.43074104111
9.52243790044
9.5623498911
9.61620996729
9.64718931986
9.66599318654
9.68244662371
9.69816354695
9.73438418307
9.75753166475
10.1945241712
10.4685890598
10.4951772864
10.8305672538
10.9150329229
10.9378490719
11.0010424076
11.0073582884
11.0810346597
11.0923418824
11.1389885321
11.184779753
11.2139308868
11.2746020639
11.3185585947
11.4043742533
12.0368696457
12.0622362379
12.1100226899
12.1274355684
12.1449651472
12.1567208794
12.1984509197
12.2072701402
12.2273976858
12.2515651262
12.2971265939
12.3171334845
12.361479678
12.4053230384
12.4515907659
12.4969940089
12.5404235426
12.5688740913
12.6169703108
12.6906114784
12.7574371186
12.8361226126
13.2140417162
13.2205143678
13.232980864
13.2478966098
13.2946682756
13.3154891621
13.3216012339
13.3400854524
13.3851072694
13.4152852358
13.5060098232
13.7637973327
13.8106455456
13.8176548672
14.0448838804
14.0955764322
14.1732192994
14.2141219191
14.4144413751
14.4292861948
14.4333184149
14.4568965897
14.4652166431
14.49345964
14.5105049628
14.5274006733
14.5532987411
14.5770228314
14.5996595325
14.6320507237
14.6436795315
14.6902528417
14.7092970458
14.7722240257
14.8023141395
14.832838107
15.0137005567
15.2097325629
15.2249258174
15.2739867188
15.293940418
15.3462557389
15.4123114956
15.5005600748
15.5842228011
15.6254840571
15.6551982772
15.6905630515
15.7135618406
15.7499270866
15.7728016309
15.7980496314
15.8311814185
15.8927885353
15.9291128354
15.9473311199
15.9526048457
15.9681252077
16.0136801773
16.148160499
16.1604447238
16.2088294661
16.2504250161
16.3264530908
16.354190028
16.37766295
16.3970933811
16.4246200799
16.4622512122
16.5471952307
16.5524485397
16.5973199137
16.6626741989
16.731887247
16.8307316244
16.8511291665
16.8786587126
16.8964223095
16.9279433635
16.991107177
17.0134485464
17.0288910698
17.0908667649
17.0963338917
17.1091123581
17.1681475342
17.2148030684
17.2627342843
17.6022202378
17.6298064149
17.6902756392
17.7672642308
17.8832206343
17.9362058206
18.0163193008
18.0297902774
18.0753178341
18.1231472504
18.1586531578
18.1797128844
18.1935385738
18.2119868718
18.2282168398
18.2703639087
18.2960910479
18.3388173755
18.3965483028
18.4391885736
18.5062199107
18.5492127948
18.6017776817
18.6404551148
18.7022571418
18.7405952232
18.8475472682
18.930015893
18.9818633478
19.1141886833
19.2097478714
19.2283083988
19.2451635209
19.2534162983
19.286862356
19.3352552035
19.3465200526
19.3773439758
19.4010299698
19.423565712
19.4338566165
19.4648964364
19.5900921213
19.6143014184
19.661684061
19.6820768638
19.7540429573
19.8178825059
19.8274120632
19.8660895627
19.9415854651
20.0308020602
20.0987176428
20.1868940583
20.2280949958
20.2387435902
20.3055778381
20.4337229594
20.6159689004
20.6203528761
20.6872313998
20.7107891992
20.7384290573
20.7829335848
20.8407317513
20.8807244095
20.90707861
20.9360849083
21.0105830209
21.2520564454
21.3067664672
21.3603273763
21.6196162303
21.6350609373
21.6884657106
21.7419919324
21.755282084
21.7660083836
21.7740282657
21.8195737173
21.8571240597
21.8710356816
21.8981075146
21.9421514879
21.9560866342
22.1960000811
22.2662025182
22.2772983103
22.3012276358
22.3226452753
22.5065184088
22.542222172
22.5963843727
22.7264900656
22.7793416844
22.8176613736
22.8519884747
22.9098569047
22.9358993391
22.957801167
22.998889024
23.0438228954
23.089089036
23.0990747167
23.1833635752
23.2079739971
23.2427604125
23.3070079013
23.344616821
23.3910189352
23.4308099195
23.5451276605
23.5832525714
23.642921868
23.7553046288
23.7785514475
23.7848738535
23.8661978002
23.9728548213
24.0233763869
24.0443845539
24.1200975143
24.125696574
24.1477736504
24.1719341336
24.193954699
24.2211348363
24.2660404808
24.2838389583
24.3260626124
24.3568097772
24.3726553492
24.4510966859
24.5107970305
24.5147549219
24.5627836335
24.5694789779
24.6221522968
24.6514966783
24.6699863132
24.7367752496
24.7809931739
24.8944589716
25.2220586806
25.2304498579
25.2875105861
25.3091789797
25.3209407892
25.3528547037
25.4668272434
25.4721603097
25.5022514218
25.5197090491
25.5301114625
25.5578456924
25.6135360984
25.6190461455
25.6587933971
25.6809306843
25.7565263608
25.8186626574
25.8498118018
25.8739500499
25.914554462
25.9419507112
26.0240808469
26.0597728631
26.0701852603
26.1478756713
26.2339116821
26.3006865088
26.4205682234
26.4523540234
26.4820124056
26.5007132955
26.5154102508
26.5397942656
26.5875828426
26.6251941518
26.6294753905
26.6661664288
26.6935165856
26.7518980014
26.8238683286
26.8274689968
26.8564611506
26.8811827821
26.9011753361
26.9060937437
27.0005196033
27.3055115789
27.3362903146
27.3437797749
27.3881240761
27.4253542778
27.5139006028
27.6103921721
27.6496250902
27.6699233612
27.6929139955
27.7025042058
27.7152744662
27.7736355435
27.8164237749
27.8437396728
27.8529562635
27.8715593153
27.8850551106
27.8961937357
27.9209105722
27.9717664249
28.0290740073
28.0913369341
28.1021519108
28.1559177089
28.1797058047
28.20736125
28.2325777753
28.2959671992
28.3744334852
28.4564170454
28.4882176099
28.5473789043
28.5732483349
28.5861328521
28.6820729038
28.7659497328
28.7775225306
28.8106552716
28.8265910396
28.8520152
28.8679982531
28.8909774306
28.9213707148
28.9619919756
28.9761372459
29.0075150018
29.0320678528
29.0475545007
29.2994834845
29.3244422472
29.3819018174
29.5583770657
29.568651863
29.6116948813
29.6399128318
29.6811394052
29.7556425865
29.7822662858
29.8494964034
29.905272388
30.0257986194
30.037106296
30.0455453013
30.1547824532
30.1874280277
30.2875506768
30.3241143207
30.4334757746
30.5722840561
30.6435825328
30.6480957344
30.6901485998
30.7244341913
30.7672654469
30.7934446721
30.9435192202
31.1257926698
31.1498291376
31.2260483552
31.2467914186
31.2579225339
31.2681981965
31.542335734
31.6313637895
31.6394300012
31.6674607157
31.706674048
31.7384612398
31.7866509584
31.8419155829
31.8619367144
31.90434829
31.9217046777
31.9701558765
32.0424419139
32.1707027012
32.2752881226
32.3333031365
32.3856145911
32.4273170651
32.4776175369
32.5359711948
32.6064620122
32.6206561036
32.6433413188
32.6591494083
32.7243232394
32.7939797978
33.3871454503
33.4711762601
33.5076085803
33.6218629971
33.6384455566
33.7651301101
33.805896408
33.8685577757
33.8868725096
33.9224198491
33.9719476287
33.9898166889
34.0093987994
34.0637750781
34.1514811334
34.2228620746
34.2564156999
34.379021983
34.3875174499
34.3934155761
34.4668034105
34.5134643414
34.5180345746
34.5261007812
34.5488322387
34.6123747875
34.644597534
34.7417264676
34.8166234662
34.8400364809
35.0169035713
35.058305134
35.0785432013
35.0998818045
35.1069736205
35.1434025861
35.2007783418
35.2595542632
35.2858878007
35.3666142668
35.4483943896
35.5566286619
35.5923579721
35.7259338884
35.7947085439
36.0298997462
36.1325253491
36.1367272053
36.163862741
36.1767715711
36.1859663831
36.2373755674
36.2688127661
36.2725985461
36.2955977051
36.3205711894
36.3644295995
36.4512374387
36.4976829233
36.6239016145
36.6574901122
36.6624512705
36.6821414139
36.7378087687
36.7545948779
36.8436963087
37.232024277
37.2722196077
37.3142206914
37.3280619009
37.4592623593
37.8120713992
37.9375839261
37.9658286718
38.0277694394
38.0898785244
38.0963053507
38.2133658328
38.2679920038
38.2762055133
38.4118432002
38.4393906911
38.4480910049
38.5273160418
38.5574052169
38.5759494387
38.5888761937
38.598293278
38.7001530134
38.7160304926
39.4226384594
39.4887096823
39.5280579662
39.5784281419
39.6489466309
39.6653882301
39.6969276021
39.7151008158
39.7315067857
39.7923988613
39.8372121489
39.8631169963
39.8780913493
39.9041450697
39.9675088501
40.017842435
40.0388802732
40.0682822407
40.1108493504
40.1370962142
40.1989914154
40.221591753
40.2516747626
40.2926083792
40.3602686572
40.4112354463
40.5071166741
40.5260080748
40.5340312026
40.744802643
40.7507607374
40.8376260368
40.841486538
40.8775262632
40.9745256048
41.0002740028
41.0174558822
41.0828593767
41.2002697383
41.237395377
41.2967761458
41.3235669929
41.3888172254
41.408059278
41.4456316579
41.4612798924
41.8023770234
41.8690360652
41.8907148164
41.998659062
644
