6.02492797323
6.03851013041
6.04450666924
6.05539439881
6.10158078836
6.13870073665
6.14307589048
6.22459135711
6.32138291424
6.35280927144
6.40298894983
6.41256784817
6.46630987192
6.490475019
6.57017185354
6.57725237793
6.59170284788
6.62711290966
6.647371155
6.68961407294
6.7344744176
6.88248436339
6.94761817203
7.03499821795
7.12955943376
7.15968254792
7.21371154498
7.22733146232
7.23646690688
7.33953684105
7.37675595893
7.39351824256
7.40421832816
7.40973249057
7.475346002
7.50162632524
7.54511651785
7.56766731262
7.58010919704
7.62292997351
7.62820873018
7.64638555035
7.66363806746
7.72773488283
7.74371048282
7.76930824908
7.77756510174
7.80483189223
7.81318118525
7.83958050097
7.92600107291
8.41040659064
9.63226215319
10.475832657
10.6408887875
10.725547195
10.8643082368
10.9201851382
10.974973186
11.1266730475
11.1742455273
11.1801685483
11.1891792445
11.2268843493
11.2884757168
11.2965131109
11.3388918226
11.3424206498
11.4588668151
11.5923204042
11.660292222
11.7470628346
11.8310243844
11.8597988181
11.8660132707
11.913490121
11.9751785622
12.0261793626
12.0645044357
12.1717987816
12.2033530339
12.2192461756
12.2542717565
12.4449476184
12.7518144808
12.8101800428
12.8275572152
12.8506540581
13.1781328923
13.2342680329
13.2561126044
14.4335438803
14.4552483599
15.6522589111
15.6886488446
15.710534885
15.7834844198
15.7996755575
15.8149145195
15.8256125839
15.8582055407
15.8831638476
15.9046152662
16.0917026601
16.1386690049
16.2566786653
16.8115612366
16.8355056155
16.8781652337
16.8917532527
16.9156257391
16.9569421078
16.9984542267
17.0142055457
17.0310446342
17.0409778896
17.0789066964
17.1469657207
17.2490950492
17.3869110689
17.4478621167
17.4707263376
17.4842357396
17.5078966595
17.5755691902
17.6670998218
17.721196732
17.7418625798
17.8361544725
17.9565731269
17.9880584759
18.254667032
18.2920618591
18.3233624045
18.3814362102
18.4134431848
18.4509258436
18.4759465531
18.5301334519
18.5585771845
18.6691157971
18.8029523923
18.8207202349
18.8893592903
18.8943624405
19.0910832405
19.1018735809
19.1882515012
19.2271273169
19.2634761509
19.2963602691
19.3052786458
19.3330147507
19.345027356
19.3565707117
19.3787716836
19.4095464233
19.4161705496
19.4662983163
19.4869999085
19.5859988021
19.5950154281
19.6078248543
19.6615791424
19.7077009404
19.7531989036
19.7946709923
19.8711200131
19.9168553627
19.9983984379
20.0586649164
20.1099265778
20.4111900115
20.4231842942
20.4478191625
20.5159167043
20.5467527958
20.9950057605
21.035962613
21.1163845692
21.2041280397
21.2792724559
21.3115405556
21.401173235
21.6155850679
21.6328123751
21.6367909538
21.644130063
21.6519055885
21.6990364879
21.7217854547
21.7446478288
21.7840231963
21.8004631427
21.8334191357
21.8614897749
21.8774820892
21.9196331013
21.9568862159
22.0390219361
22.0810834618
22.2359083529
22.4106950899
22.4166379542
22.4477854988
22.5147792549
22.5432636606
22.5811569458
22.5897956794
22.619282484
22.8057389978
22.9496975933
22.9660888101
22.9975052672
23.0132080131
23.026195247
23.0600821156
23.0847125158
23.0897159015
23.2466464383
23.2896860184
23.3424154742
23.3615327647
23.3934180352
23.3979698637
23.484619918
23.5401589654
23.5572288034
23.619226392
23.6574492087
23.7512337431
23.8224251844
23.9834099877
24.023796944
24.0359633692
24.0840383541
24.0930941207
24.1169548903
24.1453950666
24.1936823936
24.4430988281
24.4815074164
24.5010729818
24.5269899305
24.7339911418
24.7432374412
24.8498098198
24.8891912193
25.0197844787
25.0419474671
25.1428893022
25.2269273157
25.2463601407
25.2699691873
25.3052280379
25.5557449088
25.5819197274
25.605664969
25.6448140379
25.6859273374
25.7768588206
25.8061180358
25.8509383504
25.8857803218
25.921155639
25.9670606972
25.9716904211
26.0586861787
26.0924364843
26.219887616
26.2255405891
26.2310791789
26.3040923925
26.3736115911
26.4134853811
26.5139698628
26.5309448792
26.5915142653
26.6019118116
26.6147032229
26.6496714535
26.6924311951
26.6994024171
26.7189333247
26.7313817377
26.7923552581
26.8199593217
26.9194645456
26.9394542249
26.9823982935
27.0322296428
27.1706300045
27.4016792778
27.4691399849
27.6075535593
27.6632778313
27.6928294768
28.8295878686
28.8535505332
28.8718293289
28.8893497597
28.9384819472
28.9607057795
28.989054015
28.9970706004
29.1104871099
29.1683323738
29.2025232083
29.2114807903
29.2729404268
29.3418212014
29.4040698645
29.4207739876
29.494125536
29.571545922
29.5857834466
29.6585109309
29.6928010605
29.7022082981
29.8162024051
29.881173674
29.9744663302
30.0339264635
30.0592575458
30.0683905495
30.0872466539
30.1099470047
30.1214580001
30.1377910631
30.1753443699
30.1972756542
30.2112326738
30.252197485
30.3084949015
30.364805049
30.4041043728
30.4689699489
30.5108527816
30.6151980454
30.6294930046
30.6362661796
30.6715114113
30.6899076908
30.7571133954
30.7909864818
30.8564637912
30.8771672767
31.0253142488
31.1502009138
31.2226613293
31.2673002097
31.3011407064
31.313050554
31.3737313516
31.4566613276
31.5095626707
31.5584394965
31.6174633134
31.7512271196
32.4163765739
32.4579180228
32.4756005142
32.4920506617
32.5041935014
32.5322550466
32.5795470215
32.5900976461
32.6177198303
32.6612535941
32.6806574468
32.7834145813
32.8095325302
32.8605518334
32.8782339723
32.9027912517
33.0137943018
33.12702607
33.1589003455
33.28664345
33.6286391821
33.6697516017
33.704017837
33.7326158935
33.7933809432
33.8287706328
33.9327238623
34.0152639765
34.4106084473
34.4271528538
34.5725877656
34.6591447491
34.8768718843
34.8920966836
34.8971419888
34.9395086
34.9685506115
34.9792183166
35.0024555799
35.0324686632
35.0478947403
35.0832021235
35.1025209756
35.1213074738
35.1730417595
35.2683602412
35.3349958279
35.3513021323
35.4638371728
35.5244488789
35.528391154
35.5576076564
36.026108195
36.0462191719
36.0664044188
36.2188527298
36.227703609
36.2375115897
36.2698466464
36.3002348244
36.3424880773
36.4536746103
36.8447290516
36.9128573299
36.9900894098
37.0652695527
37.0999787267
37.2106813883
37.215421559
37.2276251712
37.2396783374
37.3147889346
37.3400426186
37.3553815248
37.3790168047
37.3884547151
37.4046194079
37.4414246976
37.4796803736
37.4986477046
37.5112991401
37.5962484948
37.6379614184
37.7020804418
37.7683136587
37.7979426992
37.8232421456
37.8681749997
37.9321900708
38.3244658536
38.363507458
38.4149753451
38.4491223304
38.473721773
38.4925328168
38.5395612345
38.6823972324
38.6930257634
38.7407055076
38.7557387074
38.8075332079
38.8441705211
38.8675937315
38.9024170778
38.9186722213
38.9234672333
38.9631223641
39.1795954432
39.2728700436
39.2996528274
39.383084064
39.6305894188
39.6413636111
39.6898989512
39.6996878247
39.744975798
39.7741469523
39.7881521044
39.8204216254
39.8392690787
39.8528472282
39.8990212033
39.9090741997
39.9325177294
39.9858673098
40.1673023245
40.1707392518
40.2391426119
40.2594327967
40.3306908483
40.4323444221
40.4802583247
40.6224510905
40.6540319685
40.8462648722
40.8800762896
40.9039723754
40.9291745205
40.9776428078
41.0064249389
41.0609296475
41.1033508663
41.1150922278
41.1463439686
41.1582482638
41.1863919125
41.2235701008
41.2373691074
41.246939445
41.4346090812
41.4918587066
41.58738537
41.6657422324
41.7320099624
41.7734243003
41.8312639944
41.9173510358
41.9846249239
517
