6.02335045508
6.04291500449
6.05669253169
6.06277689095
6.09903787403
6.12728279894
6.13949030499
6.1667263289
6.22854016564
6.26248145372
6.30286563201
6.32736637105
6.44548558561
6.48517745111
6.53222414246
6.54911803801
6.57585613056
6.82414489514
6.86074633455
6.91412794126
7.24381358966
7.25872263225
7.28540223898
7.33795355537
7.51758840502
7.60223056053
7.64333097316
7.68244160676
7.74043143334
7.80744898503
7.87585624462
7.94981938251
8.03443567086
8.06368470185
8.08383907757
8.1484233421
8.42270420721
8.43796410176
8.49000176491
8.50941518147
8.52371636834
8.55739168839
8.57520541473
8.60072957795
8.63217224462
8.69013966011
8.72511806696
8.75716637763
8.7976314578
8.82782254858
8.87637456386
8.97264655395
8.97853717577
8.99600144292
9.09700454529
9.65207745131
9.67153941274
9.69418212038
9.70367872388
9.73972009825
9.79127690942
9.83639702547
9.88609954838
9.90332383451
9.98936663143
10.0044229709
10.0109013729
10.0734144655
10.1456513925
10.1951410888
10.2125058457
10.2580699619
10.3344712843
10.3634456761
10.6678556417
10.6907015581
10.7886028593
10.9147462471
10.9309554272
10.9539297587
10.9702239556
10.9989437383
11.009814771
11.0368565612
11.0745781206
11.091108437
11.1015937604
11.181547498
11.2531517517
11.2916435508
11.3217381294
11.4365015135
11.5343378475
11.5671002728
11.6478234673
11.6787726739
11.6845528324
11.8998629851
11.922213048
12.0180837484
12.0317562723
12.1116299541
12.1294621517
12.1464416286
12.1589406517
12.2146483697
12.2595621709
12.3171929484
12.337090285
12.3903738051
12.4407288261
12.4552532563
12.5623184756
12.6419325804
12.6643282829
12.7388131572
12.7572296903
13.2317252742
13.2503583409
13.2685683268
13.3047597529
13.3326753058
13.34132425
13.3780885735
13.4128657113
13.4358523261
13.4613795561
13.473494991
13.5549663206
13.6890053734
13.7248958047
13.7608825012
13.7830385209
13.8285363045
13.9521192853
13.9922828173
14.0599251908
14.108768252
14.160806191
14.2198524217
14.2553802066
14.4074905268
14.4144684027
14.4495036406
14.4793744292
14.493614926
14.5498360761
14.5890763273
14.6429044542
14.6591448886
14.674507424
14.7306870189
14.7410326516
14.7593563095
14.7734805058
14.7851088629
15.4747549487
15.4815808787
15.5723498179
15.6423672075
15.6611841734
15.6954514808
15.7002788402
15.7173298734
15.7521173228
15.7628945344
16.2451041908
16.3027044432
16.4207121908
16.4727691563
16.5586455296
16.5868704624
16.6649117746
16.8120493508
16.8364331256
16.8691207528
16.8916894439
16.9161629392
16.9243065005
16.9642660986
16.9830513624
17.004994126
17.055058847
17.1321704313
17.160180662
17.1987904162
17.2484455242
17.3246162397
17.3510692807
17.3610167773
17.390640512
17.3958241437
17.4136900507
17.434732254
17.4385452516
17.4437720348
17.513454007
17.6141374239
17.7549599152
17.852087871
17.8605014996
17.8727372255
18.0252328788
18.0287023118
18.051497925
18.0697879617
18.0877640303
18.0953784592
18.1072017306
18.1208914353
18.1363401335
18.1452192845
18.1589572233
18.1829059649
18.2216499709
18.2681591711
18.297134707
18.3011009453
18.3338947123
18.3666418743
18.3850853968
18.4434953172
18.4910512026
18.5071339061
18.6175394794
18.6344305902
18.7027572511
18.7268011006
18.7900680446
18.8573378904
18.9367719054
18.9746445795
19.0808646656
19.1604540275
19.2211545842
19.2376202405
19.2575907545
19.3108378579
19.334294713
19.3778749131
19.4623388581
19.527996115
19.5396041493
19.5532120468
19.5797802754
19.589820617
19.7000173988
19.7265162218
19.9637560147
19.9784382959
19.9824013881
20.0338498196
20.0856300416
20.1771351554
20.1906213177
20.2944538021
20.411367282
20.4380511854
20.9230262941
20.9793487444
21.0395864638
21.6290873609
21.6367478077
21.6595197505
21.7038053596
21.707585188
21.7238403341
21.731292747
21.7428583765
21.7597214601
21.7716263796
21.8008513443
21.8370811603
21.8692797415
21.8816626864
21.9177877974
21.9274543332
22.0327634872
22.0770002267
22.2209490598
22.3003311795
22.3351928517
22.3602064218
22.3950710313
22.5189494801
22.5686656394
22.6424748641
22.6676686751
22.9246402102
22.9605374361
23.3182959399
23.3504054094
23.403485311
23.5922649261
24.0441347628
24.0589355516
24.0629082296
24.0781191298
24.1225217419
24.1749902537
24.2000618973
24.2508336452
24.2809998458
24.3516007064
24.3849269863
24.3885922051
24.4375919741
24.6995380416
24.7854805197
24.8524247406
24.893857863
24.9393693472
25.0015867488
25.0503829116
25.089196744
25.1873619358
25.2280627257
25.2369288627
25.2579116887
25.2971162057
25.3443558685
25.3798359412
25.3907051232
25.5285707658
25.5456830591
25.6006216817
25.6474674905
25.6669928321
25.7526192612
25.7935593163
25.8107862971
25.9463882701
26.0122348224
26.4175918201
26.4351864735
26.4426670952
26.4728823722
26.5103509161
26.6097567754
26.6347827506
26.6602252315
26.6880105319
26.7605547479
26.7934820754
26.8043217103
26.8726285421
26.9037613526
26.9609171849
27.0067020376
27.1600280855
27.2387719676
27.2929129363
27.3501563445
27.5192651691
27.5267686773
27.5387622421
27.6590733264
27.6893571017
27.7273038821
27.7455455023
27.7509606424
27.7898398227
27.7942982303
27.8236539525
27.8588946918
27.8623289943
27.9221637814
27.9614790823
27.9921927527
28.0045741865
28.1318001618
28.1486808539
28.2545676678
28.3303806593
28.440829369
28.5192754471
28.8081322543
28.8268892789
28.8728336256
28.8896348241
28.9416266106
28.9634344968
29.2292941983
29.2329230994
29.2552471676
29.2889770124
29.3252777236
29.3717666203
29.4209307473
29.4422057255
29.4918949997
29.5535619856
29.5631172484
29.6166993177
29.6308253676
29.6597074534
29.7554966026
29.8743906284
29.9372330838
30.0279639189
30.0493634629
30.1349443045
30.165204521
30.2664838263
31.1061543848
31.235678926
31.2614204559
31.2694837665
31.2799971284
31.2941788992
31.3111488846
31.3950516693
31.4078836614
31.4357078889
31.5074210136
31.5443534042
31.6036115966
31.6796507635
31.7455639104
31.8104815345
31.8671052536
31.8927960025
32.0141252223
32.074547839
32.0951444837
32.1831278475
32.2745557992
32.4417168424
32.4590884059
32.4756900852
32.5076335087
32.5179473654
32.5338038986
32.5842418706
32.5993539391
32.6027985493
32.6210946371
32.6610163087
32.6752451002
32.7150436027
32.8138778
32.8454306963
32.89749914
32.9253849374
32.9766454067
33.042498496
33.1219425817
33.2523625747
33.2945846745
33.3267800734
33.3914436368
33.4842664404
33.6711821498
33.8448989132
33.9037759701
33.9365816515
33.9538012588
34.0112440134
34.039188188
34.051135136
34.0617930284
34.0958170302
34.125936364
34.1526240377
34.2083098292
34.2522870459
34.3068490122
34.4314230796
34.783315037
34.8256318351
34.8563472074
34.8644056182
34.8932294165
34.9006093805
34.930969666
35.0239570668
35.0546221364
35.0779448126
35.0816477116
35.0868517958
35.0953726641
35.1484294987
35.1535852538
35.182742109
35.2299467975
35.2916206509
35.3635519266
35.4220422522
35.4322656746
35.4522303829
35.5617515752
35.7148155079
35.7722600684
35.8292191629
35.8934893319
35.9665609732
36.0145961071
36.0392420388
36.0896192543
36.1719271376
36.2070964554
36.2179438748
36.2291114432
36.2460894896
36.3714822969
36.3976314229
36.4111841052
36.4823194196
36.6009959911
36.8592374727
36.922897707
36.9536101927
37.127675601
37.2123263278
37.2382837452
37.2847651907
37.3200798936
37.3933414901
37.4249574395
37.4748399929
37.4984396175
37.6559111694
37.6652556235
37.6799032041
37.7158705201
37.7870417671
37.8531972656
37.9458440405
37.9764059725
38.1218282141
38.1265050265
38.2097363814
38.2739539113
38.3203031768
38.4228863786
38.4396037384
38.452457082
38.4666088642
38.4955941971
38.5252068507
38.5390585082
38.5695200641
38.6244323412
38.6673160639
38.7421599534
38.7783249915
38.8012217922
38.8278537034
38.8581325896
38.9688363457
39.0025802812
39.036328131
39.0710722759
39.1293599866
39.2170140061
39.2633357978
39.3509382712
39.4050026962
39.450400051
39.7253029994
39.7526867593
39.7958159773
39.8023489165
39.8735627767
39.9134040456
39.9320247342
39.9555706992
40.0276983191
40.0712655201
40.0835356256
40.1577698357
40.2420926337
40.256307067
40.2825376001
40.3173661147
40.3478175504
40.3911775579
40.4643042066
40.4769137276
40.5125835142
40.5700270107
40.5772570801
40.6405146845
40.723883501
40.8386437162
40.8564253056
40.8782428024
40.8956737133
40.9057655064
40.9186085878
40.9746901599
40.9820707045
40.9909317018
41.0072981076
41.0222465293
41.0347965046
41.1292816334
41.1568027592
41.2935565036
41.2970390217
41.3240295071
41.3428556157
41.3999704135
41.4609739568
41.4849580075
41.4888342163
41.5323669812
41.5362458812
41.5891055427
41.5927344374
41.6444369316
41.7435701117
41.8213136877
41.8553349591
41.8968062195
41.9440467868
616
