6.02288779593
6.03062102228
6.05670726953
6.08797350173
6.1120253801
6.15383803579
6.18642298563
6.23589562761
6.31583873562
6.33088447352
6.3698685982
6.39960469943
6.42948449928
6.54865478739
6.56326434648
6.63988477644
6.68575727514
6.71578687762
6.73785986172
6.84648774659
6.95927102837
6.9642086204
7.00136027256
7.02181577858
7.17055851195
7.2261045185
7.2568640946
7.26936272101
7.30082524086
7.31851752263
7.36923868514
7.38081466747
7.39693852989
7.43084712029
7.44904043564
7.48971676265
7.51294036467
7.52101012584
7.55733509426
7.65591064244
7.68341379916
7.86238491292
7.9447212913
8.01347388275
8.06686168806
8.19971470507
8.3622612392
8.4373656704
8.44820888139
8.47022897778
8.49411885007
8.51907102096
8.56974839745
8.58175222409
8.59750742901
8.61909621705
8.63537430855
8.65259138403
8.70962297442
8.79109587699
8.84407528091
8.8767839724
8.89430253802
8.98678871935
9.06108749351
9.13084620579
9.20114918668
9.31125054597
9.37426725345
9.40649648835
9.45808818177
9.47372204564
9.52123522768
9.58188307537
9.61845057276
9.62233310784
9.65567640017
9.65905641225
9.6737842292
9.68846901266
9.70679510796
9.7194777294
9.7484556222
9.77350674853
9.78711007581
9.83858415501
10.7571402497
10.8323886502
10.8423354531
12.0217475667
12.034466882
12.0529830063
12.0785864709
12.0990254198
12.1804172869
12.209380095
12.2187398042
12.3042530505
12.3272786943
12.4165632905
12.7049081237
12.7830345609
12.8361570043
12.8736095271
12.9392707169
12.9983769902
13.0166952182
13.0779711385
13.119789679
13.1583648702
13.171282608
13.2095923961
13.2284881688
13.2472744771
14.4229995349
14.4457441904
14.4556256218
14.4697817166
14.5593210812
14.5753379096
14.6032880898
14.6219523496
14.6597875615
14.7260748757
14.7462119407
14.784285942
14.7968868184
15.6458816221
15.6627867188
15.6732136086
15.6957032672
15.7156731131
15.790633241
15.8188031559
15.8373708503
15.848534676
15.869000058
15.876425535
15.8995056573
15.9240483435
15.9328030215
15.9493847418
15.9553586448
15.9959258278
16.0421558519
16.109555881
16.1510669805
16.1715327691
16.1828078266
16.2479815606
16.300245118
16.3632734211
16.3685143032
16.3999292073
16.4498762555
16.5509811111
16.600503551
16.679325767
16.7528304292
16.7944249489
16.8292104332
16.963078356
17.0161081076
17.0933320787
17.1593137861
17.1865766492
18.0060334771
18.0217243366
18.0378504975
18.0635186194
18.0879782292
18.1410526902
18.1791066563
18.1935842538
18.2018768888
18.254625377
18.2670256224
18.3043805727
18.3305137324
18.3571136923
18.4586892343
18.5376879694
18.5441383514
18.5793843839
18.611778298
18.6550852443
19.0814326311
19.1252755959
19.2123676209
19.330023624
19.3456362378
19.5107222785
19.547190046
19.5892921026
19.5963714959
19.6335100273
19.6876860281
19.8330447018
19.9687473994
19.9980641943
20.0029154498
20.4037402689
20.4268741445
20.444055632
20.474705762
20.5104147017
20.5419076445
20.5580881454
20.5678848929
20.5858915083
20.6410596805
20.6816413277
20.7925006813
20.8526743291
20.9053387663
20.9688548894
21.0569475323
21.1518445789
21.2116829539
21.2677592855
21.3234511847
21.4122888606
21.4710101478
21.4789742486
21.5071342565
21.6143373586
21.6273120679
21.6434481677
21.6773929941
21.6868037923
21.7031466045
21.7210608998
21.759739509
21.8421711031
21.8690976056
21.8781555877
21.8827507215
21.9077248589
22.0191996938
22.1476428494
22.1979080854
22.2459078959
22.2666898269
22.4837067399
22.6205137559
22.8322568248
22.8614418571
22.869896689
22.9135150147
22.9523467528
22.9743526537
23.0177642187
23.0289717888
23.0323757955
23.1590541861
23.2498856286
23.3310676725
23.3876657319
23.5525338946
23.649474626
23.7043949761
23.7675556869
23.8312528811
23.8731971101
23.9807544197
24.0072856448
24.035146925
24.4585499919
24.7097306434
24.7567768821
24.8274922672
24.9199815813
25.0397314461
25.0777627987
25.198015901
25.2168659019
25.24612551
25.2673717581
25.2853604909
25.2983203651
25.3252026936
25.369454562
25.4009183604
25.6080121571
25.658763426
25.6769261975
25.6961327618
25.9168795318
26.0063943784
26.2500004681
26.3560894055
26.4340045436
26.441187018
26.45919875
26.4820152549
26.4993311907
26.522869246
26.6154972731
26.6330542554
26.6603388884
26.6797670631
26.7228890828
26.7493848893
26.802990216
26.8373692009
26.8792589643
26.9030938333
26.9228987322
26.9550197517
26.9605269839
27.0621747792
27.0911461247
27.1602438486
27.2083506669
27.3203094437
27.329898605
27.3400607669
27.3644252086
27.4382528769
27.5093471266
27.5843872297
27.6310114122
27.6918944922
27.951469729
27.9549648237
27.9772235319
28.0163029493
28.0842046875
28.0895934658
28.1543973502
28.162913573
28.2403174902
28.2975873115
28.3663429627
28.4163149834
28.5012775428
28.5571013412
28.5982673236
28.6359879924
28.7224729171
28.7482409321
28.7826044572
28.8098315983
28.842328413
28.8762180848
28.8934173706
28.9175089181
28.9215033533
28.9442820634
28.9704883954
28.9753926113
28.9851410867
29.0057490636
29.0250336966
29.1803720156
29.2023697955
29.2622792472
29.3231024807
29.3524815736
29.3866527838
29.4455805579
29.5089979712
29.5520383485
29.6110139399
29.6420103196
29.7689906264
29.7986431538
29.9111733522
29.962303517
29.9825066173
30.0236714238
30.0428468647
30.1015130342
30.1459033845
30.1882879365
30.2145235823
30.2485819787
30.2825002701
30.3123169206
30.3297595217
30.377664202
30.5256851076
30.58318578
30.6419168817
30.6782876879
30.7162475054
30.7538131888
30.94693096
30.975749012
31.0920572025
31.1768100979
31.1825781121
31.2230657599
31.2290245187
31.4165531885
31.4477539988
31.4850239017
31.5021671861
31.5205539445
31.5635429718
31.5722665023
31.6181448971
31.6552278849
32.4137044613
32.4211645571
32.4765705284
32.5121847281
32.5232942626
32.5590884628
32.8444625318
32.8562645678
32.8755244089
32.9145784063
32.9514888591
32.9982539818
33.0256747331
33.0388383797
33.0681063583
33.6053788956
33.614535167
33.6641819036
33.6765768839
33.6932511175
33.8350575019
34.8300496836
34.8530723547
34.8632267948
34.8910006408
34.9206323934
34.9540395741
34.9695903768
34.9804480731
35.0785734368
35.1279167189
35.1892364158
35.5710694437
35.6512717852
35.6979305273
35.7628889236
35.8475686188
36.0179011144
36.036959102
36.0473859206
36.0537363445
36.0599713488
36.1006391962
36.1105281559
36.1431094647
36.2089479795
36.2196048461
36.2287292239
36.2849566272
36.3410912261
36.8900894812
36.9259316642
37.0254592926
37.1442425273
37.1669356919
37.2163091429
37.2633706045
37.2869219452
37.3373634165
37.3972840484
37.4432449051
37.4676288272
37.5026914599
37.566485971
37.5704411596
37.6708741668
37.6908796319
37.7053535719
37.7390948885
37.881589891
37.9360810469
38.0070652755
38.0486001858
38.135305218
38.1689708213
38.2747097494
38.3319447085
38.4281792316
38.8477620741
38.8910704805
38.961675795
38.9734898938
39.0182293778
39.1152884971
39.1187742413
39.1743185219
39.1972033256
39.6076905821
39.6128008348
39.6542461382
39.6747906981
39.7272642838
39.7664221089
39.7832894775
39.793021989
39.8035955262
39.8228922918
39.8377673701
39.8598385352
39.8784136907
39.9070891192
39.9111760039
39.9303989116
39.9745292162
40.0469100586
40.0824541791
40.1579613308
40.2017336223
40.2291723601
40.5228773092
40.5412531661
40.808646556
40.8233961133
40.8453975966
40.887758316
40.9102837007
40.9176512399
41.6037827836
41.613226624
41.6656828062
41.7013788385
41.7555478941
41.7899212363
41.8135067657
41.8603824018
41.8894320892
529
