6.01126487133
6.04432300524
6.09104501251
6.12166950577
6.14639859839
6.17534612539
6.18800403368
6.21830672245
6.2702246096
6.29555823716
6.33987620588
6.37209893667
6.41850061481
6.47555200261
6.52057677631
6.5358042636
6.58518296706
6.64348061938
6.68530904306
6.72463678643
6.79852883151
6.89106132636
6.94994490017
7.02875818518
7.09990176872
7.18657430522
7.57641290748
7.59473873273
8.30309101494
8.3731520001
8.42293113323
8.44054562322
8.47883043939
8.4881349232
8.49860993338
8.53503071379
8.56105527907
8.56958579606
8.59603989023
8.61789501263
8.63717966077
8.77896391144
8.84113579227
8.91847713764
8.9836587972
8.99331376914
9.02818667144
9.03874727594
9.45222075799
9.45762335809
9.53921445941
9.58810887391
9.62542462203
9.64096151091
9.65341102598
9.67152919093
9.69518679508
9.78577312733
9.79810778701
9.82377677636
9.84260192009
9.89951242456
9.91814475388
9.93674072711
9.95641724726
9.98078034277
10.0376198298
10.0760041401
10.0796246058
10.1843304346
10.2131394733
10.2243138135
10.3360267782
10.360277724
10.4113176548
10.4670998923
10.6370163248
10.6795113298
10.6999254861
10.7946077625
10.8224817168
10.8952279638
10.919305364
10.9416955048
10.9789984208
11.0227086567
11.0390345017
11.0641312676
11.1141948737
11.1307401597
11.1680497232
11.1965771684
11.2314004203
11.2773269186
11.3470436417
11.4239989522
11.4767516415
11.5077216576
11.5705032644
11.606318061
11.6414289668
12.0464129674
12.0582053845
12.0877841603
12.1008577686
12.1246877423
12.1820808649
12.2054847016
12.2398741003
12.2630116162
12.310124522
12.3452302919
12.372470235
12.4287155536
12.5298730084
12.5524820091
12.6048741282
12.6823429129
12.7199579676
12.7424214018
12.9102557365
12.9614925484
13.0495811113
13.2467565233
13.2608158782
13.266613163
14.3216301034
14.4181586314
14.4225108751
14.4261646646
14.4541640642
14.4713939561
14.497233979
14.5100301289
14.5202652263
14.5474176156
14.5600912978
14.5793112502
14.6116223098
14.6540047775
14.6818621402
14.7043267488
14.7217693171
14.750695239
14.7609177108
14.7943979766
14.8274028703
14.8763408035
14.8806554089
14.9396103746
14.9854140096
15.0285734603
15.0994734231
15.1685330205
15.2325609013
15.2909629999
15.3531652521
15.3984817075
15.4530487657
15.5150102579
15.5446858852
15.5895667817
15.606251097
15.6140752712
15.6267837829
15.7000625263
15.7779657723
15.8004812838
15.8500315034
15.9081359817
15.9202134177
15.9721127398
16.0265611547
16.0532271376
16.0736278523
16.8097199592
16.8532046659
16.8684286014
16.8912581686
16.9157831254
16.9363689544
16.9730556119
17.0759109797
17.1298837822
17.1693344588
17.2233508943
17.2578947101
17.3073113516
17.3152365446
17.3271815464
17.3522603839
17.4151254412
17.4489590199
17.5126963942
17.5445696209
17.5873874819
17.6673873337
17.7299597245
17.7720080756
17.8014584393
17.8679651225
17.9516338989
17.987249866
18.0220306319
18.0957531213
18.1159462116
18.1219011516
18.1677265143
18.210541148
18.2622959607
18.3092235258
18.3336126158
18.4375226382
18.4771649407
18.5304452581
18.5651418568
18.5990834837
18.8814495837
18.8900664815
18.8991393444
18.984656154
18.9909137906
19.0316277821
19.1022679943
19.2274471819
19.2524622552
19.2850676143
19.3045563862
19.3439291078
19.3555168872
19.3706424459
19.3909386793
19.4186899887
19.4422973986
19.462480698
19.4788216985
19.4866355108
19.5383398959
19.543217081
19.5476815675
19.6181053416
19.6538507297
19.8233210586
19.9198734132
19.9987028849
20.0452270033
20.1074284034
20.1562936581
20.2589563266
20.2711418563
20.3937243064
20.4155988672
20.4283574804
20.481798257
20.6420378896
20.675438409
20.7113346869
20.7295607711
20.7725053696
21.0440524856
21.0700647124
21.1170289323
21.1440768816
21.1796155627
21.3040342483
21.3644239022
21.613574973
21.621324619
21.6254929051
21.6492859776
21.6915473442
21.6977319699
21.714243715
21.7176040135
21.7431012846
22.0748498867
22.080471216
22.0979538556
22.1713489478
22.2287055016
22.262956156
22.2862319004
22.3134022297
22.3763938379
22.4921841542
22.6877091387
22.7955745557
22.8175857886
22.8706860158
22.9295757018
22.9548525343
22.9831261144
23.0427624093
23.0585223818
23.1292975945
23.1404895706
23.1480874668
23.3070558359
23.3455923223
23.4169752062
23.4545308088
23.4919031194
23.7532196612
23.8339327043
23.9161904021
23.9877690088
23.9972324125
24.0812871531
24.0859227615
24.1178789308
24.1429501061
24.1582195486
24.2265486651
24.2495803747
24.2625700086
24.35692878
24.3850169808
24.4720972138
24.5031091358
24.5686849822
24.6018730668
24.8702647585
24.9378331503
25.0442250264
25.1267718606
25.2183725619
25.2264530961
25.2365536914
25.2573395255
25.2770815536
25.4480480287
25.482041816
25.5025993224
25.5175583907
25.5258765391
25.5876409661
25.6210427441
25.6620929939
25.8054829067
25.9061012709
25.9760328411
26.0184593725
26.1549982602
26.2463778818
26.2927856346
26.3710738235
26.4333669692
26.4522058803
26.8092967387
26.8328268711
26.8758808566
26.9248149241
27.329400683
27.3376274518
27.4011101912
27.462680408
27.5100641747
27.6181309289
27.6375040226
27.6608521085
27.6902108602
27.7064147042
27.7259146352
27.7419732623
27.7515380434
27.7912158855
27.8159189396
27.8288712826
27.8591188378
27.8744439545
28.0866801028
28.144712046
28.2085915586
28.2281717936
28.2948950259
28.3261045048
28.3785039339
28.4652899504
28.5455559497
28.5686806169
28.6463472079
28.6905095273
28.7706426712
28.8290401196
28.8726318128
28.9011746881
28.9308556408
28.9546173824
28.9846041073
29.0109956022
29.0337560121
29.063078954
29.0713435804
29.0759580432
29.1283376412
29.1418332083
29.3058192846
29.3766749266
29.4735624586
29.5354460081
29.6073953568
29.6215473081
29.6611080773
29.7294526969
29.7709114098
30.0197164089
30.0436316038
30.0958491805
30.108135379
30.1376035057
30.1601783176
30.1649960839
30.1776801072
30.2049796857
30.2086431115
30.2151786608
30.2240182381
30.2725256029
30.2873608722
30.3267608525
30.3634927452
30.3782480427
30.3867101381
30.4034609798
30.4378196806
30.510869998
30.5401120234
30.5717526313
30.6125602388
30.6601224434
30.7103064587
30.7670946125
30.7883855023
30.8098941924
30.8788061872
30.9097449327
30.9963472268
31.0345649058
31.2612247184
31.2690023787
31.2867140228
31.3017970728
31.3185393889
31.3823627633
31.39919084
31.52327754
31.5678905918
31.6419379765
31.6487984243
31.7107781013
31.8463809315
31.9951278418
32.2685041553
32.3415087405
32.4055752623
32.4238106862
32.527149559
32.5407248111
32.5509227956
32.6331472908
32.6400470976
32.6534160533
32.6702533049
32.6897158252
32.7071763869
32.8128673731
32.846738133
32.8624773367
32.8858237898
32.9074691361
33.0505512028
33.1007095604
33.1407833964
33.1895384597
33.1985886491
33.257665372
33.3278086589
33.4049950373
33.4396564656
33.4709472499
33.545678027
33.6204399998
33.6542284778
33.658445288
33.6791703884
33.7133416749
33.7341709786
33.7473611608
33.7649619898
33.7955850565
33.8103390186
33.8308324927
33.8797156352
33.8900551467
33.9385593958
33.9468574674
33.9735932222
34.0068009143
34.031131954
34.0680424818
34.0998455944
34.1257759955
34.1737025214
34.2062444239
34.2363100427
34.3295781253
34.7771597704
34.8195994692
34.9680766838
34.9880607948
35.0216447686
35.0313283016
35.0755832018
35.3061771121
35.4188794988
35.4697265454
35.5469117351
35.5672580694
35.5813845849
35.7658945356
35.8169180222
35.8685387121
35.8924996776
35.9731007161
36.0255930923
36.1304699812
36.1376698728
36.177083681
36.1805900826
36.2420870344
36.2696085499
36.2890280443
36.7804795551
36.8847058767
37.0456013988
37.1033762499
37.1089732433
37.2077470622
37.2202457249
37.2349293928
37.266247728
37.2820822475
37.3036971078
37.3407209924
37.3552015298
37.3721654291
37.4055125657
37.4259039587
38.4184378896
38.4284873292
38.4333373984
38.4449842444
38.4788529952
38.4980668829
38.5146092478
38.560039098
38.5644054762
38.5893488492
38.634370932
38.6727149679
38.6895064145
38.8017668706
38.8490589294
38.9249257392
38.9836436031
39.0082436344
39.030656562
39.100078163
39.2071131676
39.241893664
39.2610913899
39.2656526216
39.3366741085
39.4025854344
39.4583198725
39.5103037363
39.5432334833
39.6176437408
39.633048156
39.6450045299
39.6705745198
39.6957887243
39.7056675443
39.7350190186
39.7527924373
39.7829704485
39.7893111369
39.8459477492
39.8967606919
39.918493047
40.0181547632
40.0663878115
40.1061602559
40.1505973623
40.2123437661
40.2164780199
40.2766885878
40.2952034714
40.3508602267
40.3788419862
40.4458289359
40.5830779495
40.6644073621
40.668937301
40.7451449926
40.8287933036
40.8330092236
40.8645657659
40.9262470622
40.9670382893
41.0516745728
41.1158429619
41.1257242993
41.1381607216
41.1987909001
41.2212466972
41.2247645042
41.2459948083
41.2614037833
41.2828042886
41.3531631684
41.4520596769
41.4567438787
41.4903081285
41.4970616711
41.5249569322
41.5792016919
41.623088879
41.7344907294
41.7942261964
41.8422502104
41.8820789725
41.9432935235
633
