6.02907893456
6.046222509
6.10977649753
6.17959823406
6.19592827587
6.21539688494
6.22935618153
6.26192732957
6.28153629112
6.32742607507
6.39486720818
6.43691582584
6.46982995638
6.52377413438
6.5272022775
6.53845297156
6.58068487843
6.6488775279
6.70051564301
6.70527115014
6.75800541881
6.7941536346
6.8184707475
7.85044262817
7.8782891275
7.88538790244
7.92520002838
7.93060050713
7.98355963769
8.00957082943
8.0677315462
8.09541607051
8.19611438418
8.25835881949
8.44776669204
8.46937194226
8.48878764452
8.5184664753
8.5290199205
8.62000839525
8.63368161262
8.65154254373
8.69134831195
8.70386238184
8.73574345606
8.76087057873
8.83122409129
8.85135794952
8.91028784403
8.94344360817
9.01828650547
9.36630467269
9.42857648915
9.5029584282
9.56634999405
9.62489326339
9.64548083679
9.6529895923
9.67816862827
9.7086098107
9.73741695176
9.77223131763
9.77676348414
9.79597405395
9.8554080405
9.86042524724
9.87677318452
9.9095407761
9.94548078042
9.98011675702
10.0270942087
10.0648454419
10.0884681397
10.1274994437
10.1615005859
10.2173815511
10.269019196
10.3006736788
10.3856242689
10.8043566253
10.8300823166
10.8423992029
10.8736675805
10.9078001547
10.9764913539
10.9860356491
11.0148718903
11.0807244677
11.1083207282
11.1565906728
11.2555373896
11.3215903009
11.3868232863
11.4197458769
12.0161987159
12.0499006866
12.0706601553
12.0983299042
13.2219796633
13.4668335031
13.5832095854
13.6374210254
13.6598535054
13.7007868756
13.7118307889
13.7729301163
13.7996670121
13.8284446306
13.8350885829
13.8575529577
13.9014757416
13.9502813643
14.0624323511
14.0838293457
14.0906958792
14.140390166
14.2317302689
14.3008989063
14.4178136825
14.4449923669
14.4698224526
14.4847677427
14.513938291
14.5336195322
14.542384114
14.5732585882
14.579413365
14.5921020688
14.6207248068
14.6339217074
14.6700395564
14.6933224669
14.703218962
14.7418288126
14.7561990144
14.8554122042
14.9232307999
14.9520395794
14.9658706556
14.9749674384
15.0090178135
15.041816154
15.2390897538
15.2471286173
15.3645244449
15.4110495283
15.4974695237
15.5249544358
15.5368202054
15.6224876656
15.6286159589
15.6417249447
15.6578024711
15.8579544796
15.8893334804
15.902672544
15.9311577676
15.9719923413
16.002121085
16.0082366169
16.0235011226
16.0462978223
16.0765252974
16.1283341825
16.1628188681
16.2019334997
16.247773148
16.2679818383
16.3449427577
16.4113408498
16.4910447837
16.5809243256
16.6099182189
16.7154253556
16.8073430028
16.8270497858
16.8493052661
16.8628447932
16.8778433013
16.8847366238
16.9096196553
16.9272910122
16.959135411
17.0748135375
17.1318604981
17.1910701706
17.260129155
17.2874413105
17.3318838556
17.4581095751
17.4857520965
17.6875976587
17.7195153566
18.0251500775
18.0401342124
18.0487588664
18.0528199751
18.0641253985
18.1676826496
18.2924615807
18.313409698
18.3461498509
18.3984761447
18.4885228202
18.6036477408
18.6535946805
18.6945530561
18.7316594397
18.7985535543
18.8885827099
18.9046075332
19.0216221646
19.1007076301
19.1285254971
19.2136257631
19.2226324661
19.2500263388
19.269299701
19.318313993
19.8870675356
19.9032471321
19.956610177
20.0699275144
20.1293403094
20.1600259926
20.2008153765
20.2805045377
20.285008332
20.3732864285
20.4097970135
20.428598538
20.4502244293
20.4587777398
20.468678677
20.5320702252
20.5706136104
20.6160399816
20.6743781794
20.751575346
20.8029562524
20.8075273724
20.8524901179
20.8769923655
20.9523869184
21.0014250226
21.0256635453
21.0621807118
21.1431632818
21.1722274145
21.2831242679
21.4103037062
21.4492345099
21.5227705636
21.5791636577
21.6201934775
21.6257430468
21.6517143491
21.6596412009
21.7030958482
21.7265112012
21.7713883795
21.8256173269
21.8595452695
21.8836535301
21.9154490424
21.9485595521
21.9886977742
22.0346695629
22.0497072389
22.081119303
22.1232191621
22.159221299
22.1882706426
22.2326994865
22.2783147704
22.2910329417
22.3411575729
22.4216720367
22.4463131529
22.5507046328
22.5775510207
22.63348592
22.7642136497
22.8159754798
22.8268498503
22.8536673127
22.8710289061
22.9015640721
22.9087854715
22.9299282078
22.956481033
23.0517707935
23.1174050998
23.120794626
23.1575679552
23.1709954924
23.2197097852
23.2273350635
23.2629667263
23.2676447986
23.3405076826
23.3782699427
23.3827158827
23.4306500078
23.4676230079
23.5442937633
23.614798385
23.8617727515
23.9467040828
24.019338054
24.0455886101
24.0606591824
24.0785270151
24.0844483416
24.1034747958
24.1078502741
24.1137349956
24.1184691245
24.130316703
24.1767331134
24.1863562591
24.210522434
24.2353799877
24.2877523929
24.3200045022
24.4193510762
24.4811215839
24.5095958383
24.5165909501
24.5736483955
24.6105891052
24.7186476452
24.81157145
24.8502085074
24.8883369482
24.909037974
24.9513692704
25.0608420602
25.0687969433
25.1011505147
25.1867951791
25.2174959297
25.2332935158
25.249236405
25.2928616326
25.2972040034
25.3008821907
26.4205042889
26.46558861
26.478770617
26.4884828172
26.5209851178
26.6234548408
26.6394656148
26.6562669205
26.6769286609
26.7156010235
26.7282438485
26.7666874059
26.8096075989
26.8269584717
26.8364798991
26.8599682094
26.872161865
26.9773380314
27.0106874039
27.0511460937
27.0692240304
27.2873822125
27.3794687792
27.3850533837
27.4485509287
27.5278524495
27.6078765185
27.6442937165
27.6914076604
27.7390910255
27.7669503348
27.8016587541
27.8552111593
27.8808360339
27.9903537338
28.0061044835
28.0423511696
28.2993664203
28.4873468866
28.562421374
28.5764239044
28.6203059703
28.6475650792
28.7169643883
28.8232546846
28.8422857663
28.9533016056
28.9666451288
28.9704840225
29.0318127454
29.07687993
29.1085787056
29.1316661458
29.2568615658
29.3233894291
29.437374565
29.5092193013
29.6061195451
29.63039577
29.6716083776
29.6862631242
29.7176052009
29.8493478354
29.9548605039
30.0067499815
30.0309015698
30.063490207
30.0761601394
30.1056549941
30.1339463958
30.1613318742
30.1724739489
30.1912665969
30.22051415
30.2669567751
30.4269035922
30.4884969951
30.5180775566
30.5777251369
30.5987216456
30.6466955075
30.6703540409
30.6956080718
30.7768522131
30.8123450273
31.1735086299
31.2106847631
31.2352871852
31.2466145751
31.4176263782
31.4229186749
31.5341386712
31.5757232769
31.6129605677
31.6634912721
31.6849726971
31.7774386678
31.8321071228
31.9003027695
32.0647558282
32.0698004298
32.2184908141
32.2765904567
32.3476115957
32.3930025459
32.4103556912
32.4373414729
32.7016951145
32.7083433379
32.7629624457
32.8339018407
32.9918091505
33.0102611352
33.1526457734
33.2040757097
33.2313717571
33.3086469244
33.513638514
33.6104634098
33.6366865716
33.6592333693
33.7496434462
33.7689017869
33.7986295663
33.8313684931
33.8480077336
33.8837617645
33.8979825466
34.0826164146
34.120607982
34.1585249071
34.2171288253
34.2458917331
34.4070417015
34.5344516184
34.5440366353
34.6056016718
34.6269737063
34.6926480969
34.7860619842
34.8208909149
34.8422503197
34.8756268483
34.8944836288
34.9138060845
34.9358236052
34.9469436257
35.0190803824
35.027019563
35.0308375537
35.0824971632
35.1000945832
35.1482499403
35.193084106
35.2681053025
35.3051745891
35.3414272119
35.4147458807
35.549474412
35.6792706056
35.6832393901
35.7380289195
35.864086423
35.9317042153
36.0350477188
36.0640522479
36.2941539803
36.3482942003
36.3799165934
36.3987620198
36.4734862623
37.2149755624
37.40248464
37.443963201
37.5815054518
37.5970660878
37.6387334169
37.7376151317
37.8003715379
37.8534020759
38.3007323381
38.4696060782
38.4865898326
38.5142170137
38.5418406712
38.5754900955
38.5830639705
38.6213020909
38.6361207378
38.6467294249
38.6878790787
38.7422456863
38.7787415851
38.8055389736
38.8389121924
38.8444535025
38.87479104
38.9005369684
38.9759010003
38.982245851
39.0038468593
39.0393795847
39.0751166469
39.0794592437
39.0843672578
39.0896532387
39.149633276
39.1984232333
39.2171265556
39.2849551018
39.3958988237
39.4491780479
39.6199038631
39.6286455197
39.6802622582
39.727473154
39.7612904197
40.1308317882
40.1428438601
40.1638190996
40.2235006502
40.2902039101
40.8287650366
40.8443401268
40.8575339404
40.8653680529
573
