6.06037274629
6.08341841265
6.13438507878
6.15719963443
6.18435067511
6.21461254295
6.23123789555
6.25859350118
6.29447339422
6.35605239943
6.39329789333
6.48156987558
6.53606000562
6.58459922671
6.62727292029
6.6365176072
6.67186613864
6.67866430106
6.73875257973
6.76529572763
6.86003137712
6.90446726701
6.92378410976
6.95883144703
7.20896127473
7.21426508778
7.24034744836
7.28960786708
7.34244945081
7.35078395518
7.37568148049
7.4007019181
7.41349324569
7.46891470215
7.85488695558
7.90589794431
7.95155337237
7.97011653776
8.11954647238
8.2322608397
8.27129755873
8.33270177797
8.41257461888
8.41765329852
8.42727982799
8.46163283192
8.49267217262
8.61654292395
8.62636962724
8.6791681558
8.73442465888
8.77402324527
8.78219390096
8.8388378401
8.85261323332
8.9183989404
8.95640154024
8.97996694829
9.08748674865
9.14602321762
9.21384764647
9.24545470679
9.27363550029
9.28701896792
9.32948722051
9.342783718
9.59226916324
9.62546281639
9.64305574069
9.76097272894
9.7749633583
9.79403735844
9.80590774001
9.90322956807
10.1024606591
10.1338181594
10.3270282582
10.3929208411
10.416138798
10.4513461325
10.5329426335
10.5872059837
10.6699823371
10.8066483764
10.817429927
10.8562698016
10.8620457757
10.8847144648
10.9331631331
10.9449291944
11.0206821966
11.0569888659
11.1453329656
11.1957316237
11.2475772232
11.285841852
11.3209442263
11.3558869557
11.3842208668
11.4122027544
11.4972089219
11.5604877296
11.6248184007
11.6304898825
11.7579492695
11.7998094895
11.8763464313
11.9855545684
12.0325465204
12.0735052826
12.0802294438
12.0836055044
12.1001370775
12.1180868127
12.1444039674
12.1755716424
12.1892292943
12.2405927222
12.261055715
12.3660120786
12.3803094254
12.3913340566
12.4370898684
12.5172954771
12.569964927
12.5741027842
12.6013842771
12.6990365933
12.8503504063
12.9154911242
12.9744965216
13.0625793521
13.2084053382
13.2287464017
13.2371087523
13.2702180837
13.2877056628
13.3043766325
13.3404400205
13.3542991116
13.3614302135
13.378502607
13.7872355792
13.7913572061
13.8076848597
13.8181257718
13.9107409984
13.9900378669
14.0508406225
14.0821114953
14.1195863476
14.1599500555
14.2332300236
14.4186387894
14.4362036581
14.4625312668
14.4776165393
14.4961118106
14.5238172258
14.5498744911
14.5881939405
14.5924528652
14.6285445503
14.6646127405
14.669456162
14.7159782897
14.7440525193
14.7970966761
14.8311446945
14.8407138605
14.9162154179
14.91996811
15.0753695296
15.1327398587
15.1547591626
15.1703906588
15.2388772763
15.3745919822
15.4169020588
15.446430227
15.5306668941
15.5885319505
15.6115963533
15.6208995227
15.6456458324
15.6698799769
15.7635403412
15.8491686479
15.8780275989
15.8992980148
15.9470455605
15.9976306271
16.0230112876
16.0605801076
16.3491367595
16.4036043672
16.4540927737
16.4994863652
16.5197559772
16.5321449526
16.6026123857
16.6427398677
16.7432342772
16.8344013624
16.8434231599
16.8640335396
16.8794045603
16.8883018197
17.4691437158
17.5154349258
17.5624405489
17.5848205777
17.5970263662
17.900642242
17.9264100285
17.9989310262
18.0274756392
18.0575995255
18.1236265836
18.1394532718
18.3374797579
18.3930637239
18.4839347392
18.4945442882
18.5582725656
18.5868311949
18.6372851965
18.6741697969
18.7542276016
18.7747868324
18.8059691316
18.8447844861
18.9006413929
19.2122335299
19.2689860826
19.2796502992
19.330952859
19.5511170056
19.5784645945
19.6309961969
19.661928402
19.7133757246
19.7533472425
19.7954868818
19.8189517536
19.8278868961
19.9761178453
20.0257284888
20.0802822802
20.1328494596
20.2241671508
20.3409511799
20.4092551918
20.4222354389
20.4410239478
20.4734538433
20.4891741688
20.5133538923
20.5253330765
20.5570798495
20.577391564
20.5877416146
20.5961145747
20.6337971293
20.6530621212
20.6668968723
20.7272381421
20.7382024998
20.8756248122
20.8813160676
20.9062259512
20.9510911969
21.0004548421
21.0199701322
21.1020117652
21.1062650099
21.1115482123
21.1749727541
21.2094400154
21.2277962916
21.3443533546
21.4015742883
21.5635599104
21.6334932804
21.6620922388
21.6984496951
21.7345029698
21.7464859813
21.7893766541
21.8230552342
21.827375895
21.8563572951
21.8901656143
21.9558389841
21.9902466675
22.0096504664
22.0750033305
22.1123844642
22.1630172779
22.2032438164
22.3279056058
22.4719187894
22.5424628985
22.5637203534
22.6463608974
22.6915127747
22.7839500848
22.8478394898
22.8605528396
22.8764413428
22.8995463945
22.9655084552
22.9827371915
23.00370928
23.0159247301
23.0241803161
23.1911571696
23.2002006493
23.2607496591
23.2809811736
23.3025363171
23.310095258
23.3480998012
23.3962218454
23.6591410302
24.0215748145
24.0360127932
24.0556039803
24.0723589132
24.1102655548
24.1405395015
24.1566844841
24.1667523575
24.1740890698
24.1868418884
24.2360383481
24.2611995783
24.4270924488
24.4420241275
24.4768052935
24.5138475641
24.6404284595
24.6925694287
24.7375763686
24.8572597103
24.9053969081
24.9195711947
24.9450373411
24.9611503272
25.0309314716
25.0446786761
25.0895825391
25.1490436884
25.2604589663
25.2735456069
25.2958928032
25.3147831441
25.3294195194
25.3935655361
25.4188466931
25.4367021019
25.4579677865
25.7316959333
25.7362379927
25.7617297323
25.8039571158
26.4116036038
26.4256834379
26.4522158801
26.4734999338
26.5068840199
26.5373049053
26.5888885561
26.6033631775
26.6289038323
26.638703539
26.6884267046
26.6927188019
26.769863826
26.8016932516
26.8234629699
26.8427086382
26.8548705759
26.8876301613
26.9078742196
26.9803048588
27.0574996819
27.150599762
27.2155019963
27.2839467468
27.3135390202
27.3976894716
27.4182701739
27.506249481
27.6210750826
27.6381008866
27.6512508715
27.6624457834
27.7117034769
27.7310362532
27.7527121367
27.7690208071
27.7968271575
27.8041604426
27.821883054
27.831554588
27.8938180473
28.0203697206
28.0381599925
28.0713774571
28.1150346311
28.1871767223
28.2614997265
28.2812281933
28.3458536171
28.359434333
28.3980864073
28.4208155759
28.4574112152
28.5004075808
28.5469710233
28.5802315213
28.6324921934
28.7876980425
28.8293179588
28.8434285136
28.8831332032
28.8900459995
28.9507915912
29.0374864585
29.0524390598
29.0934590075
29.1316016529
29.3002933702
29.3056552404
29.3377422563
29.4067226251
29.4532662739
29.4779872908
29.5339955948
29.6145900326
29.7185476516
29.7399902848
29.9308982172
30.0246756814
30.0378125142
30.0469932279
30.0710816457
30.0802580901
30.1562321901
30.1840915661
30.189026317
30.2039668617
30.2361290868
30.2918387633
30.3162958958
30.4527584072
30.4884780362
30.4963446302
30.5032869265
30.6377665761
30.6787790685
30.7168791785
30.7902562862
31.2483900682
31.2681236687
31.2854626822
31.4552578478
31.7078791933
31.7410006187
31.7776857527
31.795017892
31.8819201752
31.9935835427
32.0517536637
32.1133192868
32.2241014144
32.3438340829
32.4157798108
32.438737508
32.4597370827
32.4745088431
32.4867906729
32.5000098706
32.5482013833
32.5960194649
32.7234684417
32.7313467138
32.7374867383
32.7544676303
32.7637198218
32.8154615134
32.8553905393
32.8805848204
32.9218896262
32.9321089555
32.9696351008
33.1253841515
33.2261252996
33.2840095727
33.6257076147
33.6728797849
33.7143162893
33.7285871613
33.7379338326
33.7972708335
33.8741512289
33.919082393
33.9481490114
33.9728865656
33.9917411215
33.9959749885
34.0170970617
34.0879270469
34.118402651
34.1728089049
34.2011601179
34.238217441
34.2857843923
34.8379845056
34.8461002098
34.8679453613
34.908492965
34.9996290951
35.0263660201
35.0851508516
35.1093198025
35.1194017961
35.1362096295
35.1777755018
35.1815552787
35.2166469203
35.2392958764
35.2730303776
35.3469360793
35.423704282
35.4742826344
35.5203991755
35.5624266558
35.6818161603
35.7101705975
35.8747585372
36.0108191366
36.046808466
36.0771799746
36.1079804065
36.1167200525
36.1478448501
36.1813484649
36.2052194376
36.250121199
37.1121659656
37.2057835965
37.2329216105
37.2547028101
37.2953769186
37.3170043935
37.3369416253
37.3429688607
37.3811020127
37.4043290418
37.4203920638
37.4629952281
37.4834603438
37.5365711645
37.8541876063
38.2600696858
38.3110298614
38.3593632912
38.4489560893
38.4759974995
38.511396095
38.5262790049
38.552490777
39.6244375556
39.6314190267
39.6592830835
39.6921728784
39.7103259681
39.7398139402
39.7470874367
39.7769283799
39.8604241237
39.8965218409
39.916702429
39.935564496
39.941757003
39.946373324
39.9627029955
39.9887574017
40.0609006863
40.1080529282
40.1962680255
40.2476129252
40.2538476376
40.3366175273
40.3950023368
40.8376890974
40.8463373425
40.8676699894
40.8907209232
40.9199867742
40.9572340975
40.9879819576
41.0250398117
41.0569937826
41.0636239836
41.0967339492
41.1063708319
41.3100047493
41.3462324314
41.3789658487
41.3959636776
41.4123148812
41.446980514
41.5250750317
41.7112262242
41.7659329996
41.8666595112
619
