6.0399654006
6.05602014636
6.0794827138
6.10205986649
6.1175609893
6.14583581766
6.15792345871
6.19548603112
6.22156459102
6.24638470397
6.28618956664
6.30606308485
6.32838363057
6.42937961248
6.4419703946
6.45429739877
6.50216362245
6.51730126433
6.5299501823
6.55146597156
6.59144491652
6.59551153386
6.63167882044
6.66930599003
6.76215044873
6.83233069383
6.97694064073
7.06341899846
7.20536397682
7.42942338248
7.4643669402
7.47431612022
7.50184995376
7.59441424233
7.64790611587
7.67826915166
7.75966054567
7.79000541185
7.80666499133
7.99210811498
8.44061363381
8.45732605854
8.48775587716
8.58692248227
8.61018981995
8.64146660035
8.65921793662
8.67439804526
8.73384230448
8.75914821851
8.80859634899
8.86211637235
8.90631208062
8.97739963626
9.02324810093
9.06520805033
9.15111624618
9.22256667424
9.30512837075
9.31299575216
9.55859484951
9.61946598277
9.70090456331
9.71958221089
9.83179748679
9.85183142961
9.87772043093
9.91201241941
9.92227491899
9.92907062971
9.96009708202
9.97610287399
10.0601451473
10.0895169869
10.1982741934
10.2041015993
10.2660812584
10.3363110752
10.4463189056
10.5050200257
10.5783031973
10.6507974506
10.7003300008
10.8324909825
10.8707401652
10.8989200382
10.9393220209
10.9743899061
11.0316712308
11.0793258185
11.0943011657
11.102193845
11.1401078185
11.1802747919
11.1851589906
11.1887294021
11.2278981112
11.2534029422
11.2581043592
11.3428026298
11.3660626761
11.4069745706
11.4558068695
11.7315610688
11.8583799561
11.937021841
11.970115107
12.0103222437
12.028867182
12.053761471
12.0773084076
12.1099840472
12.286231938
12.4033557697
12.4104249604
12.4686550456
12.4769849345
12.5240057584
12.5419353926
12.5712476793
12.5945442124
12.7569943962
12.8422867771
12.87655241
13.2210688713
13.239926549
13.257308993
13.2653842523
13.2794393624
13.2912293455
13.3303848758
13.3482355981
13.3994741215
13.4467388081
13.4736015029
13.5014879953
13.5493505537
13.5580414532
13.5853429618
13.633441505
13.6970705461
13.7275574318
13.7434928351
13.7984375361
13.8344578127
13.8859709167
13.8960183354
13.9636981556
14.0018882846
14.0356340676
14.0607872878
14.26869003
14.4209868787
14.4916658025
14.5004568077
14.532068171
14.5652088248
14.576080833
14.6115380414
14.6224669725
14.635126063
14.7423495049
15.0775549836
15.1337640329
15.2245719052
15.3637866018
15.39766933
15.4481415512
15.5907908709
15.6224213336
15.6398644647
15.6570954352
15.6644521069
15.6772465719
16.8130962623
16.8216740961
16.8337990007
16.8586675897
16.892049836
17.0485568876
17.8947074055
17.9570753681
17.9817087141
18.1156068034
18.1604330981
18.4122854431
18.4335360106
18.6105383284
18.6742641144
18.7195571458
18.7962674473
18.8319856355
18.8772516943
18.9378669391
19.0032602153
19.0333129334
19.1855477706
19.2315203484
19.2572963646
19.2779653869
19.2938201754
19.3093389825
19.3359759134
19.3721075984
19.3799339587
19.3937288071
19.4138779145
19.4268001935
19.4311218767
19.4440614212
19.4612134176
19.4989262402
19.5182097363
19.5582974792
19.6002065099
19.692565902
19.7532596487
19.8582716351
19.9249433284
19.9547183926
19.976713107
20.0629133852
20.0998275074
20.1721178322
20.2631160143
20.3172419546
20.4178696667
20.4308100591
20.4688501766
20.5097106184
20.5500500356
20.5987229917
20.6021407602
20.637923299
20.6699698052
20.6769488311
20.7462208878
20.7601416513
20.7998871059
20.8895661282
20.9754500501
21.035725083
21.1593312234
21.2432982597
21.3776245263
21.4096605195
21.4489749944
21.4629029051
21.520997456
21.5939629502
21.629317943
21.6760187462
21.6887921006
21.7485781019
21.7560849525
21.7920905887
21.7961995678
21.8495134453
21.8676795001
21.8710689406
21.8890358445
21.8973158133
21.9132268415
21.9620482742
21.9724328472
22.0127877494
22.0762478176
22.1367459369
22.1627916187
22.1804358106
22.480920579
22.5524148422
22.577625103
22.6521260904
22.8207523369
22.8301603543
22.8536445233
22.8647904073
22.8737194142
23.0089932711
23.0523365924
23.0787271525
23.1218344831
23.1324135122
23.1676732512
23.2827922955
23.289211476
23.3218114352
24.0175995723
24.0256952864
24.5182953587
24.5688096506
24.6301553508
24.6524107737
24.7106443009
24.7853879752
24.8257482084
24.8634209726
24.8706621956
25.2175804186
25.2751393516
25.3005477725
25.3184725611
25.3748880507
25.3978120621
25.4215698466
25.4364776139
25.4553932447
25.4949594172
25.5259402308
25.543614936
25.6269572087
25.6399855465
25.6981134118
25.7143172096
25.7272549236
25.7452797524
25.810828926
25.8654391582
25.8942261052
25.9340411168
25.9718019428
26.0693682674
26.1620087385
26.2188231373
26.2981901902
26.4195007605
26.4335604036
26.4627540089
26.4827162594
26.5348425469
26.5526487396
26.588562793
26.5931235829
26.6242068169
26.6682389486
26.7135752283
26.7628260418
26.825212975
26.8581811564
26.9142128813
26.9427594841
26.9736873791
27.093990734
27.1059718846
27.1646388978
27.2365923027
27.3936620904
27.4717029256
27.5051517351
27.5152968107
27.6065286531
27.6150819808
27.6474920245
27.6632398978
27.7727252045
27.7831450381
27.8797199439
27.9072064365
27.9604352479
27.9795024696
28.0208850253
28.0707700243
28.127107841
28.2600664242
28.3598958011
28.8316376759
28.8392801661
28.8551429775
28.8739820752
28.8864030106
28.895097314
28.9082622392
28.9308192857
29.000797619
29.0282372191
29.0482623906
29.0571250517
29.1314589718
29.1514993742
29.1692494638
29.1981116021
29.219415606
29.2421640707
29.2746453607
29.3053994715
29.316930287
29.3565082838
29.3849280665
29.4135443144
29.4259407567
29.4798279814
29.6266042734
29.7649671103
29.7921730514
29.8235574426
29.862925221
29.8852172488
29.9899626977
30.0176684904
30.0314514947
30.0529985817
30.0887468318
30.1207937876
30.1375409556
30.1648356925
30.2093286335
30.2609996631
30.2761295367
30.4012917704
30.4105731798
30.4478811808
30.4556583477
30.522373482
30.5897926568
30.7269021656
30.7576297033
30.8011025101
30.8144854311
30.9022657658
31.0078447431
31.0547950151
31.0595407786
31.0984701156
31.1958169658
31.2194197909
31.2329921208
31.2462324432
31.3030487159
31.3144613576
31.3314009707
31.3623497498
31.3849134796
31.423033856
31.4504282178
31.4671867684
31.4876035134
31.5384264594
31.5766393412
31.6192644665
31.6315695825
31.6654514651
31.6875899611
31.6929430523
31.7968802887
31.9247543577
31.9530564378
31.9867111805
32.0492304794
32.1372411664
32.2560457149
32.3392593911
32.4139737906
32.4371585164
32.4619969392
32.5401208354
32.5708835537
32.615713991
32.6754882525
32.7179752397
32.7591255532
32.8540498071
32.8770426527
32.9156830608
32.9694132741
33.021029611
33.0589026211
33.0994985364
33.2821196671
33.3712862906
33.493430649
33.5343328583
33.6168170923
33.6410571704
33.6520237809
33.6584525332
33.6857085889
33.6986743637
33.71556376
33.7486090347
33.7722643628
33.7921638945
33.840453713
33.8513354749
33.8957230549
33.9173871507
33.9334000254
33.9620117961
33.9938365853
34.0157184317
34.0404104446
34.05363571
34.0843839551
34.1372767669
34.1838181354
34.2398241195
34.3186623898
34.3334999165
34.3582987075
34.3649979465
34.4520304215
34.4676476125
34.5247345754
34.6041106983
34.6739997129
34.7636645587
34.780816111
34.8163519668
34.8241347741
34.8502001346
34.8912200035
34.9214539664
34.9867718618
34.9929902924
35.0033305449
35.0260252426
35.2623337401
35.2776755532
35.3084745403
35.3540613401
35.3721461116
35.4040619069
35.4731921153
35.4947432288
35.5167735267
35.5270438107
35.6378869187
35.657324179
35.6771018486
35.6847224363
35.7642958423
35.8838298887
35.9441995366
35.9502336484
36.0086352947
36.0183608047
36.0353973642
36.0543194513
36.0743298577
36.0888449271
36.1026534027
36.1178114252
36.1304815938
36.1569464433
36.1725134373
36.2028324859
36.2303659366
36.3030934732
36.3240858559
36.3636242162
36.3698745418
36.3750138182
36.4432005337
36.5397539304
36.6057364138
36.6862378326
36.7034435447
36.7661069217
36.8381376366
36.9269403661
37.030002755
37.0926512432
37.1956617477
37.3752061433
37.4049079098
37.4261235092
37.4571189169
37.4873447329
37.5010410106
37.5857353373
37.6040591674
37.624095811
37.6991996553
37.7491040929
37.7673348445
37.8719506427
37.8847497361
37.9546168196
37.9917619014
37.9980693608
38.027057236
38.4131673257
38.4370394388
38.4710723837
38.4861123722
38.5460265071
38.5759830528
38.5987076458
38.6132580167
38.6765807691
38.7252978399
38.7425012094
38.7646786539
38.8107556796
38.8518835569
38.8873606551
38.8957149948
38.9672787192
39.0074117904
39.0345132424
39.1204887925
39.1408965706
39.2124749166
39.2657610693
39.2840631711
39.4110165624
39.4222413939
39.5960959617
39.6238859856
39.6439285624
39.7030022806
39.7200163132
39.7275882737
39.7495327551
39.7706220219
40.0427350175
40.0867873225
40.1086590188
40.1880950939
40.2421411426
40.3101485658
40.4297889473
40.4537270799
40.4657509312
40.5379069044
40.8182328996
40.8533432162
40.8829485192
40.8922488261
40.9273439221
40.9424633073
40.9633358969
41.0062749266
41.0297320092
41.0496071543
41.0904665666
41.1104405196
41.1181436986
41.1491395968
41.183765779
41.208123772
41.2460404509
41.4321930774
41.4362590735
41.4983045607
41.5599903888
41.5900476703
41.7797106553
41.7897591966
41.812790942
41.8441176444
41.9127054073
652
