6.02139534465
6.21121928445
6.24605895071
6.24952901944
6.27154614547
6.28619325711
6.31327098126
6.37568647798
6.42699917524
6.46373977834
6.51896719514
6.59451700792
6.60749174847
6.64204115628
6.73449611605
6.92762475368
7.05239693522
7.15179776945
7.21048250462
7.21840159429
7.23443493741
7.25570491656
7.28032813181
7.29907462892
7.32974732452
7.49495427647
7.52818862126
7.55370212308
7.56009208909
7.57729155976
7.64555229677
7.6772257018
7.7539728235
7.76338395004
7.77559022327
7.82788329058
7.89346934717
7.92251177632
7.98525674377
8.04499125316
8.053478125
8.08037168329
8.09252873177
8.17091999903
8.17647975419
8.41509039729
8.42327896478
8.43450652244
8.44069484746
8.46650121069
8.49415522517
8.53747238219
8.54728060143
8.60141991717
8.63683690385
8.69495070878
8.86571817254
8.90421478568
8.96185031401
8.99276746506
9.09518907806
9.13016018668
9.19389218858
9.24001308355
9.28782083465
9.29302647101
9.37517980446
9.42149998833
9.50221127155
9.5977878041
9.6197630462
9.64417903765
9.64807323352
9.66556448238
9.67639180765
9.69268478368
9.72964518935
9.74330758584
9.77061841466
9.79035215466
9.80123347523
9.85974566655
9.91834492904
9.94697118678
9.99367628143
10.0375765496
10.106088332
10.1340755245
10.1671797956
10.2258353702
10.2813902232
10.3082407087
10.3596134322
10.403899976
10.4381607114
10.4572834011
10.5523599801
10.6517934591
10.6609833802
10.7927234926
10.8123254044
10.8313227612
10.9663361643
10.9921537525
11.0249719593
11.1079182315
11.1518071953
11.1561466696
11.1723533205
11.2135875984
11.2630449805
12.0237346852
12.0531289228
12.0792203264
12.0980726233
12.1409236304
12.1668885234
12.1965224217
12.215696812
12.2473906857
12.2599819637
12.3475278146
12.3647006665
12.4216472792
12.5312056826
12.56497425
12.6358934566
12.6452945384
12.7023389452
12.8319051397
12.9071036283
13.1277473486
13.1656873366
13.2241150755
13.2341379641
13.5264908204
13.602902958
13.6260987547
13.6627880044
13.7371839172
13.7422333984
13.7652336348
13.7814955522
13.7992096068
13.8529929131
13.9501863557
13.975375923
14.0199351403
14.110284943
14.1692875494
14.2307975256
14.2793760681
14.3748830742
14.4390318364
14.4995332935
14.513895709
14.5279830425
14.5463436665
14.5812098764
14.5919623693
14.6705985831
14.6767506243
14.6925921778
14.6988892854
14.7560680633
14.8639655958
14.8880214555
14.9454226634
14.9910739946
15.0252714737
15.0981631167
15.1944631804
15.3277893348
15.3501655737
15.3683050369
15.4055114491
15.530837012
15.6200049323
15.6351598564
15.641303046
15.6685019526
15.6723690301
15.686783446
15.7343793056
15.7550583491
15.7749876645
15.7880966893
15.857610973
15.8636836988
15.9084748559
15.9130245975
16.1084025127
16.1312789263
16.1799115851
16.2351311975
16.2694968103
16.3136917098
16.5166384643
16.5234398522
16.6218751625
16.6580760585
16.741339543
16.8078968959
16.8258142011
16.8751534196
16.8863315684
16.897750358
16.9097389937
16.9674919349
16.9965928481
17.0222285596
17.0445924208
17.0613716345
17.1041515162
17.1326598357
17.1805689955
17.2364405549
17.2555095526
17.28527836
17.3257974738
17.3761684172
17.4453937023
17.5106000869
17.5249607178
17.5861149805
17.6142149586
17.6906334576
17.7453946827
17.7557423379
17.7711953494
17.8403906931
17.9350538911
17.9448942237
18.0187730665
18.0261072644
18.0404222188
18.0648603358
18.1002081789
18.1317178582
18.1502737812
18.2383241813
18.2787415228
18.3175024543
18.3628184459
18.5401298388
18.5519443192
18.5570248373
18.6041688718
18.6318710286
18.6885118874
18.7128102263
18.8475231012
18.8853769579
18.958630729
19.0684540798
19.0801165383
19.102103666
19.1691178046
19.3083649606
19.3214221901
19.3718535312
19.393168044
19.4705739084
19.5109926077
19.527959357
19.5580297707
19.5933022539
19.6453473602
19.7054977597
19.7583266742
19.7687176683
19.8030957522
20.2467762952
20.3655859237
20.428761789
20.4362323437
20.4735657865
20.4845860098
20.5053713619
20.5387669178
20.5475136182
20.6153415871
20.6497630088
20.6866394274
20.7140846383
20.7527921786
20.7731019444
20.790234967
20.813509184
20.8318403063
21.2528708266
21.3993224162
21.4237624131
21.4888200735
21.7164991338
21.7293103746
21.7511911517
21.7755170119
21.7920638536
21.8159843768
21.8312678127
21.857433449
21.8693565784
21.898734612
21.9269920519
21.9513739068
21.9661810913
21.9784584578
22.0003813505
22.015477759
22.041896815
22.8105513836
22.8270770059
22.8652946071
22.8702399201
22.9115359491
23.1149535543
23.155379188
23.1690023232
23.2115388682
23.2607667453
23.2654118131
23.2883292498
23.329630258
23.3842103711
23.4326698112
23.4501944972
23.5036441501
23.5988288536
23.7850247463
23.9104787498
23.9581459119
24.0174992151
24.0480051277
24.0581432542
24.1522241162
24.1743489518
24.1872495957
24.2521697362
24.2932058511
24.3251026864
24.3626388911
24.4192943807
24.4357540537
24.7365962282
24.8214002279
24.9638396601
24.9857088638
25.034252351
25.0945158826
25.1443875823
25.1751873705
25.2127976338
25.2522171249
25.3103927467
25.3381538156
25.3517706925
25.3719985648
25.4845734307
25.5231487409
25.5743234498
25.621224185
25.6851588308
25.6925418502
25.7315085977
25.760678527
25.8273810431
25.874008651
25.8988779236
25.9259618693
26.071804748
26.0779731116
26.1470603552
26.1821089492
26.3127215261
26.352385582
26.3883293344
26.461585214
26.4726255537
26.62875751
26.6424577953
26.6511685341
26.6680051714
26.7169334594
26.7426948934
26.7674466729
26.7713892245
26.8011408433
26.8188123069
26.843063973
26.8716991771
26.9533161477
27.0477528172
27.0668158782
27.1687480442
27.20611904
27.2329648153
27.2659220956
27.3171962313
27.3781341831
27.4181332106
27.4903606234
27.5381146291
27.5796300295
27.6080431946
27.6372023873
27.6844759485
27.7031029116
27.7221725469
27.8634792511
27.9598182389
28.2813459086
28.3003852789
28.6831358935
28.7357509777
28.7566856602
28.8502314471
29.6330389039
29.7082763456
29.7249863311
29.988728765
30.0039503575
30.0171190107
30.0679652114
30.310516711
30.3533067349
30.3779118373
30.5297682478
30.6339031711
30.641603077
30.6887089965
30.7056169587
30.744732119
30.8214466007
30.8805835481
30.9752491636
31.0215352415
31.0534789377
31.1540943162
31.2126635934
31.2348141069
31.2503922194
31.2745412866
31.2956090917
31.323379189
31.3392355865
31.3624385319
31.3735777342
31.4084036347
31.465438461
31.5329054078
31.5484637318
31.6047439353
31.8736804448
31.9569978946
31.9957759054
32.0650807791
32.2129586393
32.2202133946
32.2610060307
32.3228092514
32.442130096
32.4755270485
32.5325365451
32.5417881714
32.5823194471
32.6405597156
32.646203989
32.6744465576
32.7094058942
32.7250106675
32.8054771605
32.8716808122
32.9073243661
32.9200600588
32.9882805969
33.0338959409
33.0485832433
33.1105460109
33.1223890856
33.1670928968
33.2432358062
33.2823215965
33.306344155
33.3314758454
33.4508616583
33.4853551848
33.5695998139
33.6503179449
33.6653167465
34.05627658
34.0805701422
34.1399044208
34.150496558
34.1755796228
34.3141650329
34.5281768258
34.6344864449
34.6805995599
34.8101575528
34.820772728
34.8288472662
34.837830926
34.8540131984
34.8854731259
34.8942810151
34.9107549897
35.066106377
35.0734864025
35.0786630339
35.1014090742
35.1181742478
35.13460267
35.1727135445
35.3774565835
35.4001156608
35.4120651061
35.4242472737
35.4614655494
35.4848816697
35.5702661573
35.5924033773
35.5990672047
35.6510099109
35.6711911224
35.7618988572
35.8081660393
35.8577538001
35.9327958028
36.0648375049
36.0749409385
36.0867677362
36.0982725227
36.1086136869
36.527011079
36.5328402439
36.5868327472
36.6351473977
36.6601184294
36.7452584422
36.9156589326
36.958655794
37.0120932526
37.0875068618
37.1351282201
37.2286295178
37.2467324514
37.2893222503
37.3235381499
38.0377407311
38.0953214512
38.1352396546
38.2333347352
38.3057276254
38.3850162124
38.4123734498
38.4313857713
38.4570448795
38.4686067444
38.4914396725
38.5025540622
38.5557828594
38.5931276061
38.6319543725
38.6551202191
38.6862667569
38.7852460827
38.8116345141
38.8435670439
38.9058164445
39.420577022
39.4473773905
39.5097038877
39.6159314326
39.6240983982
39.6385435011
39.6543099845
39.6929053763
39.8933478494
39.9490259337
39.9651865461
39.9807149611
40.0033797893
40.0324556208
40.0550394924
40.0624506723
40.1136835802
40.1388639593
40.1511702195
40.1926361747
40.231648506
40.3436530789
40.4506743997
40.4876279013
40.5312942123
40.6243650995
40.6809136335
40.7589863127
40.8261371235
40.8414265293
40.8966527756
40.9732014835
40.9922764265
41.0346165196
41.0519007878
41.0725341916
41.1013330929
41.3241652256
41.3406393236
41.3890995978
41.4160383528
41.4646082939
41.51378397
41.5655156452
41.6411658645
41.7365949018
41.8039295165
41.8755173773
618
