6.01635521047
6.03710584309
6.04367219166
6.06989484555
6.09698551626
6.16491333924
6.18034210414
6.19546113189
6.23663029446
6.25845278947
6.31626039793
6.41106977932
6.43917542663
6.45535453142
7.22602793293
7.23607580922
7.26815936173
7.31660985086
7.33523259436
7.41468637878
7.49535679445
7.52755250658
7.5753254369
7.59432207313
7.6796650533
7.7146179503
7.72515253001
7.74337549982
7.77112591303
7.80047328441
7.80925272592
7.95637810614
8.00312310293
8.10277405834
8.17368128475
8.24980288918
8.25450947287
8.3537642859
8.36327313986
8.39934774755
8.41703444885
8.4284123423
8.45396780981
8.47177579794
8.51072231852
8.51462494337
8.53314316532
8.56150200276
8.80005675812
8.81550933242
8.83898341726
8.84332775027
8.89107678026
8.92572707983
8.95035381659
9.0028844172
9.03801425327
9.08080424383
9.09671982669
9.12147275665
9.14616815804
9.29379290022
9.37042110692
9.43466007271
9.46111409614
9.48154857823
9.51997411199
9.61468120764
9.62357582278
9.63895507388
9.66105371057
9.70656923289
9.71331823751
9.71803519235
9.73207760156
9.74544169482
9.75764212148
9.79417898645
9.82344866166
9.87604653172
9.90804200366
9.93457112533
9.99688153966
10.0373881413
10.0677700884
10.1622366354
10.1956032984
10.2263989723
10.2604695467
10.2858319847
10.3247300555
10.3760052318
10.3901321411
10.5142059031
10.5520584192
10.7300592548
10.8755991537
10.8855142151
10.897878093
10.9274299545
10.9710944021
10.9883928928
11.0032410216
11.1289672645
11.154289344
11.1766580938
11.2198852191
11.2283419082
11.241036222
11.2669796204
11.2710665301
11.362523919
11.4033936343
11.4708051975
11.5533807415
11.6454029895
11.6744950103
11.7137395026
11.7574583765
11.9766275785
11.9823724651
12.0159561837
12.0335806597
12.0617880807
12.1209141609
12.1296550795
12.1588111725
12.1752147869
12.211048424
12.2240187943
12.2786146908
12.3145845807
12.3476902215
12.3553835179
12.3987795497
12.4470182961
12.5034997871
13.0184154367
13.0692433474
13.1367303565
13.1661251112
13.2246310632
13.3844823638
13.3886294727
13.4201407862
13.4528898203
13.4872396129
13.4998562056
13.5719704516
13.5853777949
13.608725482
13.6549299675
13.7429939298
13.801695234
13.9286759404
14.000432384
14.0671555729
14.1020325736
14.3843143429
14.5397456223
14.6019415901
14.6428416825
14.6857331361
14.705380205
14.7231082474
14.7491809558
14.7854559239
14.8069800447
14.8616521598
14.9314070908
14.9412106727
14.9831518706
15.0073799601
15.0703898925
15.1545573684
15.2192095679
15.3405974226
15.3822447178
15.4081252828
15.5985830446
15.6568584564
15.678958613
15.7003553781
15.7100860019
15.8489505799
15.861069771
15.8831570518
15.8903777375
15.9242190443
15.9889312975
16.0109259876
16.0321899637
16.1246044825
16.1568124535
16.3352626302
16.3749449426
16.5147456153
16.6398641754
16.6633856455
16.7011647016
16.7938883496
16.818773313
16.8479563407
16.8833016212
16.8880020731
16.9106664582
16.9200173301
16.942734828
16.959833582
16.9757752553
17.010201463
17.0232690968
17.0670636608
17.0929202168
17.1215550325
17.1406174014
17.1716977853
17.2122874743
17.2668601489
17.4776852652
17.5801285024
17.6416610271
17.730472553
17.7722752761
17.8376902234
17.9214492338
17.9523858879
18.0183883872
18.027387598
18.0989148487
18.1229448934
18.1657036863
18.240322087
18.2457934379
18.2665808823
18.3628514261
18.4118549852
18.4672301974
18.5025422157
18.5844960449
18.6136687732
18.6898830804
18.7345589904
18.8276899464
18.8511301764
18.9908982921
19.064076303
19.1202264189
19.1931170944
19.2045071105
19.2222497576
19.2463696583
19.3027871001
19.3219920321
19.3267954382
19.3460324143
19.3566166189
19.3701785072
19.3972379421
19.4261711122
19.5735506653
19.5854758286
19.5998825381
19.6054139527
19.6491144354
19.6670282906
19.7171393269
19.7462700679
19.7797614125
19.806458333
19.8751614026
19.9388406334
19.9903238395
20.0189773781
20.032839169
20.1721958154
20.2802211434
20.2984781384
20.356297106
20.4237386789
20.4324920643
20.4827635584
20.4938171544
20.5119400899
20.5229725678
20.5918995121
20.634295298
20.6583405202
20.6791270429
21.0997848294
21.1567344298
21.2256918904
21.2708049439
21.4365256692
21.6810742497
21.6911563825
21.7532303152
21.7943673009
21.8817240124
21.9092151536
22.0028901343
22.0308325847
22.054279143
22.1290328903
22.1723690735
22.2029146042
22.2645063028
22.2916006737
22.3124755835
22.5278854074
22.5329375441
22.680551225
22.7609470611
22.8376656867
22.8799664657
22.8929473654
22.9191229879
22.9398337728
22.9648286022
22.9896606236
23.037455579
23.0648394245
23.0785580533
23.1126149636
23.1490964879
23.2378978574
23.4795394222
23.5151343852
23.615294133
23.7338638294
23.8550789767
23.9742861477
24.0358331454
24.0483005501
24.0595629904
24.0681250494
24.0913494766
24.1235218127
24.1476683442
24.2048056664
24.243437368
24.2509892246
24.2559438627
24.2770168199
24.2860079293
24.3070830305
24.3736730027
24.4144591757
24.4713049998
24.5652662321
24.6109341666
24.6416459163
24.8870114407
24.9461608906
25.0094166156
25.0732622097
25.1039842547
25.1567149675
25.2257804307
25.2557044439
25.3018293887
25.3201800238
25.353967083
25.4354724577
25.4566942274
25.5219312829
25.5614300963
25.5980707048
25.6323510854
25.6566439217
25.7478472045
25.8191059005
25.8258295675
25.8646296146
25.8936471978
25.8978382666
25.9301814596
25.9565971904
25.9630419143
26.0209175852
26.1114022316
26.1618733918
26.2801693006
26.3891403843
26.4250171422
26.458994477
26.4907969821
26.5005134512
26.534644759
26.5835201473
26.5869520684
26.7634584635
26.8046078875
26.8185498144
26.8516971518
26.8806238642
26.9351629486
26.9815059592
26.9914249567
27.0362594951
27.0937673373
27.1108556623
27.1242462831
27.3041925836
27.3166192873
27.3832100017
27.4717693415
27.567946342
27.629897458
27.6396682733
27.6967145348
27.7137542016
27.7292603994
27.7837149413
27.8663942726
27.896461232
27.9044458744
27.9138005877
27.9718272258
28.0051890089
28.028814895
28.1296006517
28.1956176122
28.2203764976
28.2612409794
28.352175075
28.432100897
28.7455312175
28.8117759805
28.8288471081
28.8606307201
28.871691444
28.9065386935
28.9120577351
28.934476724
28.9778444199
28.9920258687
29.1483838418
29.2270576523
29.2328656253
29.2426474137
29.2781802181
29.4176180639
29.4531279536
29.4611149569
29.553685012
29.5785584301
29.6761664787
29.7076184227
29.7236430381
29.7819082089
29.9083462098
29.9276541865
31.2295244188
31.2693100746
31.2933284372
31.3111834562
31.3283683424
31.3382943733
31.3679116161
31.3929614539
31.4383764119
31.4497227777
31.4876566365
31.5014210946
31.6480344373
31.6846153684
31.7312322824
31.8018156601
31.861445368
32.0799102612
32.1276558882
32.1497921095
32.2303888187
32.2359722466
32.3204477001
32.3279111544
32.3533716608
32.4066157665
32.4675008596
32.4944067917
32.5213837384
32.578631951
32.5887637907
32.6112160756
32.6419303156
32.7559874304
32.8029494667
32.848440068
32.8521031843
33.0024351773
33.0301611669
33.0788479387
33.2044383626
33.2290884891
33.2610718716
33.2699075797
33.3802910678
33.4313889741
33.489046251
33.5657068287
33.616124975
33.6379971317
33.6647998694
33.6792251621
33.8554884764
33.9047434954
34.1669117657
34.2159055331
34.2206015789
34.3752248847
34.3820903747
34.4171116268
34.4423655563
34.5170890796
34.5629910888
34.6633183746
34.6871282578
34.7584622419
34.794589113
34.8454090212
34.8771399888
34.8937643069
34.9080485635
34.920485358
34.9256111314
34.9354935187
34.9581964684
35.0214717762
35.0451293663
35.0743175601
35.0914089145
35.1680325741
36.0218901966
36.0406314642
36.0494573051
36.0789338102
36.1368322532
36.1635446006
36.1863324056
36.2229818925
36.2338862304
36.2417430256
36.2804907648
36.3216606118
36.3783846219
36.4057626113
36.5486680171
36.6278675609
36.7436128906
36.8144029684
36.89936854
36.9937143303
37.0875800854
37.2261887471
37.2657382328
37.2730850384
37.3124416331
37.5003346865
37.5041053351
37.5097835016
37.5207110156
37.5544803571
37.5964524452
37.7092679232
37.7291630861
37.8335029345
37.8454719
37.8996631379
37.9599334657
38.040961503
38.0702953867
38.182692079
38.2040082843
38.2560354285
38.3444281836
38.4135124251
38.4180999565
38.4627806871
38.5243022988
38.5528203092
38.5862145105
38.6828532333
38.6970729155
38.7221644111
38.7546574326
38.8002430326
38.8287532148
38.8582322587
38.8865451779
38.916797768
38.9604545899
38.9839548687
39.0400017934
39.1664774817
39.2413267375
39.287984659
39.4340992352
39.5184867346
39.5905547537
39.6225996613
39.6503585509
39.6639609497
39.6810568036
39.6990498034
39.7174609571
39.7487435714
39.7974557108
39.8397623705
39.8555752286
39.8806390938
39.9023686745
40.1288021754
40.2424793907
40.3521865132
40.3671759888
40.4213218086
40.4444424082
40.4805454127
40.5161770522
40.6071335373
40.6738560218
40.6878382726
40.7195198969
40.8055865105
40.8091720022
40.8412084507
41.1711461655
41.1930705116
41.2181049497
41.2499808167
41.284127295
41.3360020673
41.3607789507
41.4770631029
41.508502398
41.5334365615
41.6042512388
41.6385855378
41.7256518781
41.7602601401
41.7844101047
41.8358206491
41.8408218682
41.8807125758
41.923642698
41.9971123982
647
