6.04345266876
6.05995161953
6.09509959897
6.10450170205
6.14021731718
6.15928739957
6.27612554314
6.35430891718
6.38523146508
6.540790687
6.59372015769
6.65467195099
6.68854149777
6.7136145879
7.05641130535
7.06280435618
7.13737342716
7.22552395347
7.2568085345
7.2827656955
7.30882730399
7.37568015398
7.40760311291
7.44250328067
7.46325181241
7.46961771055
7.48600924147
7.50401143431
7.55601141513
7.60829110862
7.61211293217
7.65140887539
7.6771875878
7.69555063636
7.7415205369
7.82964712264
7.96819051121
7.99910334178
8.00638635024
8.02391321405
8.082340025
8.13020635362
8.24036437658
8.24986913508
8.38204674794
8.41317053025
8.44669583628
8.45345691852
8.46332248541
8.50229394186
8.54311003195
8.57785655631
8.61206863658
8.69144579911
8.71995200257
8.7342431411
8.79847778374
8.81788493346
8.85800832347
8.87511967808
8.87936606393
9.06847561474
9.10370439554
9.62208806177
9.63556351189
9.65192480572
9.67177801303
9.69784269563
9.70188021876
9.72856461554
9.79439986961
9.85946375704
9.90605701348
10.0742613435
10.0899123191
10.1075010761
10.1188200349
10.1631180873
10.2290261967
10.2327331001
10.2930064713
10.3889861046
10.4851671451
10.5171478918
10.6089825782
10.7020641631
10.8237045133
10.8454321176
10.8942091055
10.8976391678
10.9140449391
10.9234629929
10.946207916
10.9791070387
11.0129661944
11.0401520701
11.0913561525
11.1169034045
11.1218874874
11.1697379687
11.1902681096
11.2142833406
11.2486848996
11.2591932454
11.3065914145
11.3272933606
11.3593903791
11.396992899
11.4409314686
12.0132439395
12.0172121053
12.048649611
12.0642335465
12.0826037937
12.1040091474
12.1274998182
12.1455650982
12.1750602638
12.2538060301
12.3084509595
12.3572452149
12.3659201163
12.3888234296
12.7574100385
13.2260520998
13.2373548091
13.264874014
13.3058530177
13.3383080156
13.3576170315
13.3869294143
13.4355990848
13.4605756301
13.5168255273
13.532938145
13.5807849702
13.6395430651
13.6680749828
13.7549200682
13.7914280623
13.9029507198
13.9296706922
13.971455309
14.0032023764
14.0158733865
14.0321475943
14.0582872427
14.1045520077
14.1411704082
14.1847822558
14.2454614948
14.2746821287
14.3856111796
14.396942705
14.4167309018
14.4335915404
14.4563876728
14.4787688081
14.5042313629
14.5467363687
15.0789042704
15.1160057219
15.1196403237
15.1631702856
15.605799271
15.6384701807
15.651853003
15.6761679149
15.6856683229
15.7339553749
15.7686677213
15.7770193296
15.7992591382
15.9093665684
15.9302744974
15.982805078
15.9928410089
16.0218141713
16.1324622136
16.1734439447
16.2299085218
16.2478225992
16.2563314564
16.2978578292
16.5126960408
16.6178416509
16.6661774301
16.7295889815
16.8282195692
16.8701364757
16.9019807685
16.9093951423
16.9478582533
16.966265091
16.997525009
17.0382819058
17.0736979871
17.0863373969
17.1077998805
17.1151308129
17.1625329322
17.1851657764
17.2006863213
17.236774473
17.2450567395
17.2547066331
17.2730431865
17.512162856
17.5543049382
17.683126232
17.815690401
17.9587911634
18.0169375329
18.6852745069
18.7653869634
18.7796487286
18.7889423968
18.8246025355
18.8346828584
18.8832930028
18.9318940906
18.9807171212
19.0214732675
19.0725341672
19.2215278602
19.2609940091
19.2767134732
19.2878747206
19.4218966122
19.428134422
19.4321027802
19.4482604525
19.6137040827
19.6708681385
19.7087712702
19.7197539182
19.7399696184
19.7801223248
20.4476222298
20.46035505
20.4701818697
20.4876360795
20.5188965911
20.537990677
20.6070487346
20.6603218491
20.6688644039
21.6441945481
21.6715744326
21.7093391473
21.7585452147
21.7747751459
21.8135867138
21.8330906309
21.8949182509
21.9262873511
21.9449493307
21.9695505676
22.0161245175
22.0864045308
22.1341826134
22.1394918421
22.1846754993
22.2095296995
22.2491406543
22.274919715
22.5070422811
22.5466503284
22.6301289519
22.6617286084
22.782219936
22.8100409118
22.8224573165
22.8505852578
22.8717932492
22.9059239209
22.9944315343
23.0450243068
23.2331007173
23.2930340994
23.3237124286
23.3407610387
23.4262345061
23.500411584
23.5650636281
23.5696668256
23.6206964246
23.6371537986
23.6631733059
23.7328048688
23.7700824288
23.8091174437
23.8835458129
23.9336056996
23.9943579857
24.0135000937
24.0239154824
24.0501824758
24.068875681
24.0914665497
24.1057045021
24.1531848845
24.2519983709
24.2872029348
24.3393891855
24.4019354417
24.7717710931
24.8092609649
24.8714755856
24.8845263566
24.9579468307
24.9843228181
25.1633379658
25.2243230666
25.2493083
25.3259472467
25.3413644692
25.3471493301
25.3798994184
25.476403466
25.5066375582
25.6593174261
25.6879005205
25.7228933532
25.8099554013
25.8611544149
26.0091797046
26.068542521
26.11045841
26.2093190584
26.233033778
26.2694046976
26.4523142717
26.4994114981
26.5168250963
26.5594561978
26.6099458966
26.6533285544
26.6728466742
26.6913501544
26.8688674568
26.8791483087
26.9041899711
27.3214320797
27.3892688325
27.4321377804
27.4396088599
27.5367104051
27.6082469076
27.6335512858
27.6492819397
27.6621690864
27.701229198
27.7265958099
27.7577625196
27.7794649627
27.7839997805
27.8239740069
27.8908698704
27.919149609
27.9756345458
28.0034122202
28.0244371549
28.1062266481
28.1263504009
28.1475272408
28.1712732237
28.3112365482
28.3638033778
28.3722447714
28.5305205387
28.5708175753
28.8059479516
28.8167773886
28.828353006
28.8628643813
28.8876650804
28.9102677743
28.9221423161
29.4620398496
29.4977667588
29.5752636273
29.6030824406
29.7479538899
29.8212360564
30.0189618932
30.0317727724
30.0574306474
30.116784525
30.133446167
30.1549589155
30.179880566
30.1835632569
30.1878031212
30.2046876939
30.2454782472
30.3780190776
30.4164834937
30.5058720311
30.6863127282
30.7183106352
30.8818516566
30.9881739106
30.9963321615
31.0028526195
31.0907095103
31.1619667543
31.2168966705
31.23786003
31.2625767812
31.2824493244
31.2958848847
31.3109040317
31.3627720372
31.4007356906
31.5128355594
31.5648988812
31.5873936261
31.6720168772
31.7488719989
31.8066577968
31.8273689649
31.862513828
31.890113912
31.9664422375
32.0620851385
32.2172760121
32.2509438507
32.3974945214
32.4076722027
32.4300579258
32.4401320437
32.4712083826
32.4875595146
32.5030685136
32.5471538235
32.5700584065
32.5820535892
32.625020386
32.6329716597
32.6682814687
32.6870294194
32.7211947656
32.7383407673
32.7740379843
32.858841512
32.9258736087
32.9713439197
32.9974691523
33.0169551738
33.0793559704
33.1160772048
33.1394546041
33.2096872175
33.3522292668
33.3735253278
33.3906924453
33.7238269757
33.7525372393
33.7816441223
33.8173847743
33.8709221843
33.8976040625
33.9482116499
33.9745576497
33.99247659
34.0146025982
34.0747612163
34.1116929457
34.1786560122
34.1850050838
34.2539488495
34.283281248
34.4341425598
34.4764264304
34.5166521657
34.8167753524
34.8285758835
34.8371571952
34.8481816462
34.8606995082
34.9096804578
34.9263617514
34.9591777167
34.9784351812
34.984884511
35.0009874846
35.0106230961
35.1561320309
35.1902427487
35.2318547033
35.2772532577
35.2983749232
35.3410296862
35.3566524428
35.383842511
35.41085336
35.7727059092
35.8252064967
35.9018550566
35.9422292567
35.9839848147
36.0245736153
36.046813927
36.0858127755
36.1308955364
36.1406336243
36.1630433529
36.1747373874
36.2132249789
36.2422767521
36.26306465
36.4610747181
36.4807157566
36.5201032748
36.5540596492
36.5768961451
36.6108749592
36.6368214229
36.686365592
36.7227297159
36.7526010308
36.7795458642
36.8167724576
36.874477051
37.2040368095
37.2113035792
37.2286741226
37.2382811743
37.246287666
37.2513368543
37.2904855326
37.3019118719
37.313656616
37.3721287942
37.4035345567
37.415500602
37.4474765532
37.4861630949
37.5395216925
37.5502601339
37.5957244418
37.684421011
37.7579025307
37.8413188769
38.0735045204
38.100326913
38.1472579514
38.4240191633
38.4360694218
38.46371016
38.5779307632
38.6006827421
38.6189035555
39.0435193075
39.0605287786
39.1175718673
39.1395872955
39.1893183467
39.2372679142
39.2917336164
39.4117693445
39.4430410064
39.4677661053
39.502993633
39.5194385634
39.7251063253
40.8169269348
40.8353882224
40.8650326022
40.8972288079
40.9190283001
40.9545282354
40.9994484622
41.0181677815
41.0544502409
41.091872744
41.2067725646
41.2582484406
41.3050348472
41.3439108194
41.3624209734
582
