6.00874749164
6.03372007493
6.04197824541
6.05603009431
6.07667272728
6.10901146496
6.11938109542
6.14266314565
6.16149568974
6.19923964478
6.2534714917
6.32438821415
6.35573319916
6.36906144578
6.49566191628
6.52877162813
6.58228703424
7.06989668068
7.1143904003
7.23392947883
7.25333942851
7.28418438413
7.28878496976
7.31121301525
7.32693910447
7.34664964871
7.44821868249
7.57987709387
7.62906427564
7.64226883792
7.78812103877
7.80872915369
7.86529488733
7.90266716258
7.9321979623
8.00764065389
8.08133092847
8.26115957052
8.43568382175
8.44801319398
8.47120618121
8.51351034457
8.53710691208
8.55098490192
8.64657347133
8.85275014361
8.87588867812
8.8905987663
8.92632287619
8.93967476126
8.94556469899
8.9697426799
8.97523661178
8.97941638816
8.99402378957
9.035477326
9.07527994233
9.10290024402
9.12941078006
9.20682560105
9.28460356923
9.31284863971
9.32910561475
9.33349900874
9.5015000658
9.59202110015
9.61756188476
9.68866840206
9.69771420477
9.71917520149
9.74971263162
9.78280883146
9.81344926057
9.85419237249
9.87254043043
9.88448948926
9.93403189837
9.95546102193
10.0037394209
10.0632875399
10.0859390486
10.1166940975
10.1632558553
10.1998972235
10.2853491638
10.3107836578
10.3928651974
10.419576385
10.5105502847
10.5698307795
10.806522449
10.8480684653
10.8848114613
10.9255771995
10.957069727
10.9952959109
11.1378254213
11.2290185263
11.2486370103
11.2597020061
11.3081745227
11.3277105858
11.5212233159
11.5832319492
11.5975875537
11.7241064133
11.7950483881
12.0426777609
12.0559668508
12.0742969715
12.0947533267
12.1342724231
12.1571350477
12.206832491
13.2298177745
13.2432325412
13.2699970629
13.2917848695
13.3159721052
13.3223738811
13.3259180828
13.359044226
13.4390260594
13.4508822884
13.4665038529
13.4747271848
13.5051700046
13.523803214
13.5492157107
13.612892754
13.6164947073
13.6461422507
13.7425605678
13.8016377045
13.8074679734
13.8607233862
13.8759408101
13.9220777732
13.9407310797
14.0586178638
14.1638666023
14.1924755774
14.4711179485
14.4886894935
14.5113064787
14.545416906
14.5987163759
14.6219051782
14.6446219369
14.6586032955
14.6723617417
14.6935628743
14.7764190052
14.7894361822
14.8143573141
14.8576697758
14.9302051494
15.0004206338
15.0656231596
15.2555384826
15.3227745011
15.3657249417
15.3990479494
15.6584201539
15.6714005091
15.7017828926
15.70985998
15.7684923212
15.7920230165
15.7968544349
15.8162806181
15.9088182494
15.9179252533
16.0176514652
16.1526815971
16.1885220588
16.2368005774
16.3392376862
16.3787045925
16.4671210743
16.5407924279
16.7034950142
16.8726755462
16.8821023345
16.9127404642
16.9418988157
16.9715077606
17.0506878034
17.0778516594
17.1350087336
17.1772251637
17.1952031843
17.2534177876
17.5905734521
17.7926262751
17.826684276
17.9303137263
18.0122313878
18.0608609854
18.0854722739
18.1111811276
18.1386625963
18.1616730347
18.1927866233
18.2059729595
18.2415304555
18.2899519253
18.3329621335
18.3383021881
18.3561723679
18.4133542517
18.4285874873
18.4913617228
18.5316984114
18.5511381752
18.6193305
18.6518233941
19.0966093857
19.2094565606
19.2359470072
19.2485645683
19.2734420225
19.2936706698
19.3470714348
19.3563832403
19.5304308409
19.5445191555
19.5625432289
19.6219095308
19.6610505298
19.7059221033
19.7442283946
19.7822190396
19.8302626876
19.8672439072
19.8909802851
19.9273872438
19.9950665494
20.0026234548
20.0062887775
20.1001845988
20.1505419058
20.2432459937
20.3333093624
20.4167691108
20.4906069729
20.5016095087
20.5244120588
20.5847615841
20.6032826319
20.723516119
20.7707116299
20.7830635211
20.820683453
20.8383430024
20.8924016282
20.9101115823
20.9384206143
20.945811587
20.968430389
21.0196933616
21.1167417878
21.195898708
21.2360992207
21.2593104509
21.3742933062
21.5100072405
21.5713643961
21.6172598148
21.6448809694
21.7368639895
21.7592255376
21.7830171974
22.1610002569
22.1870199257
22.7480766884
22.754438778
22.787373681
22.8287405809
22.8603576262
22.8921243167
22.9165692707
22.9523304146
22.9708930786
22.9971626887
23.0625208434
23.0985907358
23.1606450075
23.1906237832
23.2088873544
23.2973670694
23.3254621596
23.344663289
23.3748232859
23.4226942746
23.7765939992
23.8103166269
23.8932289343
23.9906468974
25.2141027387
25.2797395419
25.2842269649
26.4421773723
26.4543564912
26.4784929998
26.4876902468
26.5001845032
26.5941475865
26.6154676135
26.6340768762
26.6604551132
26.6704057713
26.7227244715
26.7576774527
26.7832874976
26.7942198759
26.8301566371
26.8430399013
26.8915823984
26.9268268166
26.9999213679
27.0130797614
27.0386688928
27.1691041487
27.2112778082
27.619607392
27.6304257819
27.6356064215
27.6748720833
27.7083337379
27.7220150716
27.7334637798
27.7942346978
27.8015457965
27.8143361341
27.8341200854
27.8798279465
27.9312135825
27.9482107109
27.9665585685
27.9903372525
28.0151929243
28.06641707
28.356585507
28.4323369694
28.4957887111
28.5427120775
28.6509883314
28.6979016703
28.7088764301
28.8537413036
28.8773918113
28.8941785558
28.9208842204
28.9573490105
28.9727742148
29.0032018303
29.0101642936
29.0774651476
29.0882000915
29.1457725867
29.1618773631
29.1802219629
29.1956392945
29.2359918986
29.2633940842
29.2957242422
29.3356320818
29.3640870088
29.4214989933
29.4478314627
29.4626659518
29.4812451321
29.5262825454
29.5303725734
29.573129336
29.6376083494
29.6865724776
29.6964766908
30.0092535979
30.0560216568
30.1317069012
30.1679989642
30.1801500459
30.1944017051
30.2828448811
31.2594435537
31.2689778146
31.3382103317
31.3445804217
31.3527111702
31.3665670413
31.3935699436
31.4438536403
31.4916644691
31.6045825549
31.7995466486
32.0311789549
32.1075697301
32.1976226473
32.2876430174
32.3493749394
32.4293094279
32.4494419626
32.507869748
32.5266571496
32.5310657399
32.5484336874
32.5853850041
32.6450057843
32.6639775704
32.6776348038
32.7019117831
32.720899653
32.7380651909
33.6114858285
33.6265735254
33.6436838042
33.6594860333
33.7406993736
33.7500092966
33.7835056211
33.7963805569
33.825475699
33.8615683852
33.9122918209
33.9492807748
33.9695039955
34.0116588978
34.160222415
34.1763834943
34.3022102016
34.3716637328
34.5074814507
34.5384018603
34.5961918336
34.7053514916
34.7101586199
34.739217213
34.8136067523
34.8657794633
34.9128401637
34.9618854112
35.0631516749
35.1315737575
35.1912293491
35.1956102922
35.2151808865
35.2910521335
35.3419805052
35.4573378917
35.5040299797
35.6181262322
35.6770415149
35.8025342209
35.8758665438
35.9039691896
35.9668420889
36.0230056804
36.0531458502
36.073860843
36.0889967524
36.1027099822
36.1353575739
36.1752599255
36.1931565058
36.2120778955
36.2280219059
36.2843525171
36.3272827873
36.3429134732
36.5349701801
36.5848075346
36.6295220303
36.6782051096
37.2141886165
37.2989595414
37.3176162572
37.3243658015
37.3427031048
37.378182098
37.4006702965
37.4499810786
37.6948452408
37.754323592
37.8175227861
37.8228322907
38.2147939019
38.2646543635
38.3625443671
38.4354758348
38.4552648326
38.5692101954
38.6358098305
38.6551926358
38.7861358472
38.8116580421
38.869088569
38.9722934948
39.0944164599
39.1622554713
39.1854862967
39.2488384545
39.2853396676
39.3669709202
39.4126355625
39.5225669438
39.605873145
39.6300664929
39.671190462
39.7198987068
39.7672138207
39.8039222194
39.8264314017
39.8443840541
39.8860418552
39.964502069
39.9954616183
40.0458794899
40.0694050808
40.14292896
40.1491075387
40.2071822488
40.2190696994
40.2864661665
40.5296449261
40.6471292181
40.8287613183
40.8351990824
40.8472718353
40.8539621993
40.8992615172
40.9036673721
40.9268088933
40.9384128023
41.1275864043
41.1835007313
41.203920143
41.2136699663
41.3202011927
41.3824969078
41.4046986506
41.4640625215
41.5356892025
41.6815475545
41.7452319241
546
