6.04095732278
6.09722512022
6.11063443932
6.16118281468
6.17029006645
6.17835699069
6.50955757539
6.60921590627
6.62388458699
6.64638052976
7.21910258915
7.2266306143
7.27439416332
7.28655858136
7.29738286191
7.38239032998
7.40100645942
7.44020445014
8.42788057201
8.45560066656
8.46512361589
8.48160299568
8.5027738459
8.53295877438
8.63014949177
8.65209150128
8.69060057227
8.73349682526
8.82699908227
8.83299336131
8.88647607225
8.9939442472
9.02435957789
9.04311770618
9.12761663546
9.49476040739
9.54067306572
9.5884520246
9.61091235031
9.62961435391
9.64247127866
9.69099714169
9.71901704365
9.75784153151
9.7788056384
9.79018156437
9.81674870409
9.84260499418
9.84607837251
9.85543908019
9.87915884198
9.89136583272
9.91186160455
9.94315939665
9.95643885612
10.00126322
10.0117922922
10.027374289
10.1484376468
10.3058195272
10.3944091092
10.4360587138
10.5412647279
10.6403982153
10.763040436
10.817997908
10.8449893802
10.8484659794
10.8603796131
10.8959899527
10.9074328822
10.9255869544
10.9578832158
10.9756660948
11.0242921261
11.037504569
11.0725847213
11.0769061762
11.1266337408
11.190431338
11.2014112963
11.2393775158
11.4009245897
11.4203808158
11.4305148837
11.4796855848
11.5239967328
11.5589916069
11.672409449
11.8594450282
12.0099031803
12.0573571732
12.0921258224
12.149862039
12.1944439474
12.2615496091
12.2739642131
12.2905897261
12.2967020187
12.3303150009
12.3851081055
12.4078235816
12.4589638802
12.4816538135
12.5043981468
12.557066146
12.5764798338
12.6033389403
12.6387142045
12.6704076593
12.7217910286
12.7756956311
12.7966433544
12.8765103652
12.9651729912
13.0606367242
13.066957512
13.1276695464
13.2101806722
13.2482839214
13.2547356266
13.2816611104
13.2950639147
13.3069385852
13.3448046786
13.3913375611
13.4187185719
13.4693180888
13.4848791925
13.5352011144
13.5854589515
13.6187620395
13.6576191173
13.6800884347
13.7893158505
13.9872999657
14.1017100502
14.1554558133
14.1762910713
14.4371617771
14.4808244559
14.5120803517
14.5348240668
14.5781655134
14.5868403835
14.6003576861
14.6375529111
14.6413076125
14.9525788768
15.0174143594
15.0937932547
15.1234370164
15.1963194091
15.3828091605
15.40045262
15.5357604155
15.5818575772
15.6134330054
15.6384780629
15.6648237377
15.7083420445
15.729055055
15.8051072538
15.8931616729
16.0253251563
16.1559219166
16.4106264041
16.4422116843
16.567238943
16.6366356844
16.7430999269
16.8203447963
16.8805675201
16.9155917434
16.9413287517
16.9574919352
16.9903827439
17.0171999801
17.0664214656
17.1427603346
17.50459196
17.5254111646
17.5728320339
17.57832629
17.7133362728
17.7888700057
17.8893006551
17.8984090959
17.9221716932
18.0129371255
18.022585282
19.2209033551
19.2380870616
19.2699648569
19.3309221734
19.334282554
19.3568719645
19.385934246
19.4047677428
19.4363101178
19.5023993775
19.5742237519
19.5875920217
19.6220236259
19.6801552409
19.7130669812
19.7483844563
19.7974073681
19.8383990983
19.858072612
19.8879634451
19.9282403237
19.9449920746
19.9497383524
19.9801193223
19.9988589344
20.0522033436
20.212334402
20.3042168454
20.3170237731
20.3957098007
20.4454183651
20.4598515787
20.4789797019
20.4929823258
20.5131531561
20.5328545276
20.5581086566
20.607656417
20.643541165
20.7433759847
20.7820310841
20.9380756184
21.1169309371
21.2137566374
21.3417407516
21.4560594962
21.4820256497
21.5254642698
21.5789484838
21.6111116457
21.630559198
21.6535365113
21.7005144732
21.7104176471
21.7328883062
21.7405467868
21.7726396476
21.8035879402
21.8484901743
21.8536420632
21.8640243816
21.8920370762
21.9053834886
21.9470817977
22.0091496476
22.0407350389
22.0472332783
22.1165465452
22.1440878744
22.2346812944
22.2417924872
22.4523962109
22.5156849233
22.5625245285
22.6696809268
22.7091816788
22.8201092544
22.8625365282
22.8664044305
22.8852996055
22.9258729608
22.9419772008
22.9701140127
22.9759334198
22.9885591132
22.9955638511
23.0023598468
23.0189824989
23.0257481793
23.043822313
23.0759872809
23.082843029
23.1124193858
23.1922312806
23.5736428601
23.5895267238
23.6812321169
23.6961659588
23.7381230156
23.8022568998
23.9870120909
24.0188436582
24.0332635886
24.0645248662
24.0749001984
24.1008209394
24.1221047585
24.1285292963
24.1361721314
24.1621822175
24.179360235
24.2088028448
24.2215700367
24.2428010356
24.2916729117
24.3165668189
24.3516823443
24.3778173053
25.2114969101
25.2329783145
25.2530051218
25.2769197859
25.2808876028
25.3218601693
25.3542077532
25.3990045454
25.4128065391
25.4515362735
25.4636329059
25.4690779749
25.5041748415
25.6212537253
25.6685002977
25.6979394342
25.7087963162
26.0454427606
26.0529467104
26.1064149192
26.1260896212
26.4061910198
26.4452920418
26.4543164207
26.4610025646
26.4652692317
26.4947370676
26.514315372
26.5319998375
26.5719630262
26.6004396876
26.6697195566
26.7146958428
26.786903145
26.8254877389
26.8747003284
26.9150584181
26.9463375933
26.9823262135
27.0130662457
27.0630149783
27.0907145737
27.1332709625
27.1396061304
27.2694501442
27.4927643648
27.5391226692
27.5472178128
27.5886192454
27.6105609635
27.6358997363
27.6800059638
27.6935142187
27.714670542
27.743883162
27.7637503781
27.769527875
27.831081395
27.8474668949
27.8564730971
27.887688361
27.9301019759
28.0532147175
28.0954904914
28.1654305998
28.2239918957
28.3697833094
28.4303871463
28.5034485445
28.5940382568
28.6206997816
28.6611565903
28.6855527183
28.7147106895
28.832428131
28.8412833355
28.8660785444
28.8929099801
28.9566607023
28.9949579315
29.0460544068
29.0777750244
29.1420910182
29.1611806027
29.1752826152
29.3956831051
29.455485471
29.4954037853
29.5311413471
29.5629142575
29.6373767226
29.7083613185
29.7690267626
29.8071769665
29.8851624837
30.0183363895
30.0291144868
30.1070586466
30.2258078775
30.2855380495
30.3128561742
30.3330935051
30.3548160472
30.377034461
30.4109391876
30.4458115272
30.4593691934
30.4871664181
30.5441979901
30.5909569592
30.6081597018
30.6532950351
30.6680420963
30.7506391372
30.8020548484
31.246970822
31.2885996504
31.3026765731
31.3297494627
31.3450223119
31.3535339677
31.3829148881
31.4130324823
31.4667434417
31.5224053218
31.537992984
31.5891536736
31.7978771488
31.8266430254
31.8907546228
31.90564336
32.4254235124
32.5279321196
32.53470838
32.6076848718
32.6284542046
32.6637652342
32.6765049046
32.7272777148
32.7526526682
32.7755477719
32.818411736
32.867263905
32.985384109
33.2041210568
33.2407529976
33.2507630123
33.2921439307
33.3236353117
33.408119801
33.4275678062
33.529750321
33.554617388
33.5743400712
33.6169685467
33.6300164915
33.6551610535
33.6868593361
33.7170001017
33.7476412895
33.7645478056
33.7959970514
33.8135761113
33.8637938862
33.8989428001
33.9465470794
33.9661438819
34.0329471954
34.0952222443
34.1766420699
34.2380790689
34.2570094917
34.3009926371
34.3540196791
34.8287319829
34.8362422337
34.8656916467
34.8693253361
34.8745175689
34.8961515388
34.9118172504
34.9231792537
34.9638314987
34.9994355314
35.0132963817
35.0278865543
35.0681631479
35.0855450878
35.1049927096
35.1313340146
35.1415166028
35.1757580865
35.203944672
35.2083766252
35.2674148387
35.3047716139
35.3188962484
35.339953452
35.3781197973
35.4252523774
35.4495747799
35.5417443973
35.6026770835
35.6264589528
35.7254781775
35.7493668616
35.795110779
35.8506226364
35.9774486636
35.9956140565
36.0317821637
36.0565143015
36.098284513
36.1103182302
36.1381036731
36.1455684462
36.1818965028
37.241997981
37.2630079995
37.2750712517
37.2930313322
37.3053730456
37.3296150434
37.3568993114
37.3996077495
37.4464397564
37.4528270185
37.5210862864
37.5587736081
37.605476567
37.6573240593
37.6607041471
37.689904589
37.7218318542
37.8150172573
37.8467614369
37.8518417161
37.8707302527
38.4120054532
38.435977527
38.5354894989
38.5792194856
38.6002444682
38.6294337305
38.6350663924
38.6624069225
38.6888828375
38.713098389
38.7399736064
38.7664832568
39.6465295256
39.8780216099
39.919068813
39.952383301
39.9719842364
40.2184891625
40.2393139766
40.2809374729
40.3624776171
40.4345548356
40.4568157995
40.6041706164
40.7253144319
40.7834079231
40.8072866398
40.8401734501
40.8665441174
40.9036379587
40.9403382806
40.9542215499
40.9831931712
41.1035877256
41.1342763332
41.1577512365
41.1666509078
41.2448359576
41.2787435914
41.3008838872
41.3318971568
41.3602754219
41.4021367216
41.4770445236
41.6051263923
41.6561002489
41.7784438492
41.8222329864
41.8587557416
41.901462157
41.9909922229
598
