6.066518594
6.13085567246
6.17677617566
6.3046367773
6.32715683449
6.34410292258
6.4146786307
6.44409297792
6.50307473141
6.51801986469
6.5948905619
6.64640329521
6.66645003585
6.6987402988
6.75928117611
6.8509110044
6.95777747988
6.99936860691
7.18881467122
7.20889381163
7.23169819253
7.24645175571
7.26337436711
7.27305322851
7.29146048681
7.51950439136
7.53379603357
7.54867200734
7.60330761903
7.61404931471
7.65617045787
7.7184964443
7.80548460778
7.87311847019
7.94285544477
8.05542622575
8.10662981462
8.19315472133
8.23572842723
8.29077015381
8.3461075857
8.35201142705
8.43411652169
8.45356177002
8.47103738789
8.50548174868
8.54169461909
8.56278367313
8.59830234044
8.601850789
8.61340560072
8.63788835486
8.65012478639
8.6604005826
8.70352395022
9.19173203135
9.32165290556
9.33310648878
9.36327489682
9.39402539787
9.46316391604
9.56100102958
9.57312559363
9.6467410598
9.67649900994
9.69796792813
9.7024014412
9.74819369502
9.78345805155
9.7948712239
9.79823492833
9.84135213736
9.89923146891
9.91494944933
10.0253752141
10.049116951
10.0980168068
10.170292994
10.2114754581
10.2524886419
10.3681654635
10.5194253361
10.578186551
10.649492607
10.7824335929
10.8157178788
10.8336685851
10.8647516185
10.8695706058
10.8811906266
10.8937350639
10.9292292002
10.9547445031
10.967697362
10.9854943613
11.079399785
11.123573382
11.1567498397
11.1708806652
11.1886970282
11.2828099378
11.3561970902
11.4480249254
11.4821826842
11.4951369354
11.6102071416
11.7268409645
11.7943767389
11.8626407998
11.9270322008
11.9582780392
12.0351770994
12.0508393406
12.0738914541
12.0880502617
12.0959825053
12.2496596659
12.2538967745
12.2960865262
12.3229395623
12.3827851207
12.5103423972
12.5561879703
12.9959244581
13.0180425304
13.1003024289
13.1849910583
13.2298536599
13.2484760235
13.2622933037
13.353476003
13.3760362635
13.4233631939
13.4613752606
13.6927553944
13.7379736716
14.1603107416
14.2377282544
14.3833605929
14.4175058903
14.4244559532
14.5448301116
14.5665644331
14.6433659265
14.6580128986
14.6776499953
14.7716129032
14.7884922209
14.7943798784
14.827066244
14.850775114
14.8718689007
14.9454127797
15.0008007015
15.013639112
15.0585810807
15.1015892199
15.1392614895
15.2056571646
15.2534905196
15.4420416736
15.4973020894
15.5951789635
15.6049089796
15.6323203389
15.669837376
15.6807380005
15.7412386169
15.7651007432
15.7952402426
15.8253054442
15.8368207869
15.8893390388
15.9332829047
15.9749452437
16.0350392933
16.0740806666
16.0984960861
16.171276722
16.2784622662
16.2972696191
16.3474140339
16.3948329032
16.4290406891
16.4454173501
16.6109968878
16.699458491
16.7547878374
16.7831143614
16.7984926503
16.8447072866
16.8605477194
16.9139051812
16.9500764368
16.9646068984
16.9976304171
17.0480088027
17.059291585
17.1040172556
17.1397162507
17.1734918462
17.1852283421
17.2178970141
17.2735311026
17.3098063151
17.3239412519
17.3458718893
17.4102670356
17.4261942119
17.4510375018
17.4985877488
17.5056237593
17.5164960878
17.5746805604
17.6084586889
17.6588096611
17.7105964279
17.7622633144
17.8199262125
17.9033237774
17.9351536324
18.0274028139
18.0499658143
18.0974891233
18.1386679977
18.1717786491
18.2211363456
18.2806337589
18.3092078313
18.3600069976
19.2818394437
19.2974038039
19.330970946
19.3428178256
19.3547028198
19.3901285104
19.4383846899
19.4609479001
19.5204706893
19.5541628224
19.5899512426
19.6118460171
19.6740764298
19.7207394558
19.7496863537
19.7912320055
19.7997611211
19.8502840748
19.8857151408
19.9681593926
20.0015470454
20.1174882095
20.2139992094
20.2720643922
20.3652751759
20.4090678965
21.627832374
21.6442635771
21.7206075122
21.7766599655
21.8205736579
21.8457898998
21.883066001
21.8946483838
21.9422980609
21.9925516987
22.0022845346
22.0215137799
22.0604790304
22.1133048763
22.1632342872
22.4012479347
22.4135704408
22.5096738341
22.5198913009
22.5242701388
22.5790894298
22.6755608448
22.7526796075
22.7873631322
22.8382895002
22.8556954663
22.8592297457
22.8945605751
22.9539593852
24.0434686034
24.0716531568
24.0971619861
24.1279175223
24.1393354037
24.1754789483
24.2255592401
24.2499891318
24.317948213
24.4047672424
24.4437222078
24.4697370945
24.5121137708
24.6250827232
24.6368302356
24.8917508858
25.0022253894
25.0938158983
25.0992116
25.1781549092
25.2275258864
25.2656273347
25.2835147418
25.3374728138
25.3599838818
25.3926744066
25.4105067037
25.4311479501
25.4633845539
25.495469789
25.5998716575
25.6306060644
25.6778328863
25.7287943303
25.784281568
25.8831962235
25.9147080786
25.922108942
25.9687957757
25.9762547868
26.0050391875
26.064130617
26.4282754545
26.4321243903
26.4659380118
26.4751982137
26.4856302762
26.6859835774
26.7225270281
26.7539772951
26.9874505923
27.1196844368
27.182776266
27.2547446536
27.3918733163
27.4447223155
27.51870509
27.5465257131
27.5523800046
27.5799568346
27.5894650518
27.6331537031
27.6581889698
27.7060361141
27.7128747346
27.7291771748
27.7587985902
27.7927351174
27.8322739694
27.8622952205
27.9135160075
27.9180889383
27.9581354822
27.9840012081
28.0560515879
28.1608752211
28.231953476
28.2707472031
28.2843676788
28.3391970963
28.4284154871
28.4680371934
28.5066751468
28.5330104355
28.7077228974
28.8289147342
28.8416189333
28.8997617769
28.9036042907
28.9208138769
28.9298136518
28.9561857116
29.0599810791
29.1019888912
29.1236728747
29.1369531869
29.1475049465
29.172702519
29.2748059803
29.2991342218
29.303397294
29.3078027765
29.3112314117
29.3229561582
29.3544675452
29.4111227917
29.4252973177
29.4835371844
29.511720043
29.5746906599
29.6376109258
29.6959032477
29.7690339419
29.7759083255
30.0054638819
30.0228983527
30.0614545073
30.1200056614
30.1701538992
30.182007047
30.2117503632
30.2915565749
30.3056787463
30.317247392
30.3698243321
30.4325667893
30.4781229532
30.5420086375
30.6389161378
30.7093298938
30.820596324
30.8405025635
30.8932936376
30.9580861196
31.0293426296
31.0779937821
31.2270052414
31.2618277655
31.3176317313
31.3340498441
31.3462429284
31.4237131338
31.4606087922
31.4818405454
31.5545744419
31.5616983298
31.610079888
31.6316030172
31.638754944
31.646085327
31.6564957383
31.6746046196
31.7265547
31.8054222588
31.8711713716
31.8780842819
31.9307947085
31.9933225347
32.0231663265
32.0344299284
32.1570327696
32.1910307886
32.2414598241
32.2698490908
32.3736016937
32.3909068311
32.4112531098
32.4511027659
32.4824817259
32.5070064372
32.530610977
32.5489984634
32.585569749
32.5893838948
32.6006870288
32.6213440095
32.6416177675
32.6793252346
32.7372648775
32.7571213522
32.7726859111
32.8052035227
32.8583158248
32.8909188644
32.989469831
33.0052975568
33.036808905
33.1517174462
33.6043730422
33.6266462429
33.6427077993
33.6509064426
33.6762307508
33.717302347
33.7480638003
33.7631998817
33.7873966229
33.8277536441
33.8953772259
33.9236091694
34.0728771143
34.0912200968
34.1190678018
34.1617955282
34.2092322428
34.2451073946
34.2777580478
34.3585141224
34.3629747715
34.3886940274
34.4737187873
34.5830556517
34.6414698644
34.7280145797
34.8511054713
34.9144407419
34.9856945119
35.0145573977
35.0219668221
35.0467637677
35.0579327365
35.0827218902
35.1003471473
35.1154329497
35.1366017702
35.191450515
35.2634412317
35.2727968
35.2861720724
35.3168923854
35.337545081
35.3847116092
35.4270960064
35.509436412
35.7103373032
35.7792332621
35.828867491
35.8966997525
36.0257356602
36.0715922418
36.077057121
36.0978015102
36.111995632
36.1213560146
36.1535551311
36.1765639466
36.2003179067
36.2040243288
36.2337040421
36.2822540436
36.3210863568
36.3721184646
36.378406153
36.4266457521
36.7422810362
36.8001414921
36.8059582665
36.8474568299
36.8745191711
36.8802738918
36.9002279275
36.9635486568
37.0616689912
37.1812313628
37.2300150949
37.241689263
37.2788948913
37.2849600403
37.2995866664
37.3131362819
37.3177972471
37.3822320465
37.4029001496
37.4313738422
37.4356825953
37.4775810876
37.506628086
37.5262587143
37.5386089542
37.5819946667
37.6168147348
37.6533495393
37.690767061
37.7223036571
37.742977047
37.7475044258
37.7710638469
37.8383624403
37.9014546559
37.9326353563
38.4114211137
38.4247932193
38.4494114511
38.4626436638
38.4766244791
38.4926705492
38.5339105026
38.5655056601
38.5804819302
38.6048060362
38.6118782335
38.6414871886
38.667779341
38.6776172327
38.6917711733
38.7379595105
38.7528213761
38.7593757343
38.8077371248
38.8439691771
38.9044950785
38.9579833698
39.0447257856
39.1166155989
39.1631972937
39.3697514195
39.4351936023
39.5852010695
39.6540947741
39.7878196583
39.8058705394
39.8313724114
39.8400338847
39.8942019748
39.9346012846
39.9848366029
40.0173976846
40.0523530295
40.0959490123
40.1257048313
40.1670818217
40.1782485999
40.2411345409
40.2831382812
40.5086764862
40.5674057687
40.6378746775
40.8160021847
40.8782381642
41.0785297268
41.1846126848
41.406156397
41.5767390144
41.6011758542
41.6437224741
41.6863360097
41.8539684171
41.8958359525
41.9434016809
41.950215311
635
