6.02032803285
6.05970405166
6.09256863623
6.09993676379
6.12972544208
6.17549037268
6.19704251154
6.33331771289
6.35470732095
6.37024420925
6.37586913957
6.3836533985
6.45222893349
6.4859725507
6.53972105808
6.58243978305
6.70990517192
6.85715424189
6.98120719877
6.9893845947
7.06347455621
7.12981188965
7.2313127401
7.28881381334
7.31017336905
7.34711800741
7.37370501669
7.40002860117
7.4410235903
7.46447832428
7.52999002604
7.5837617395
7.61986442412
7.66431917737
7.67967805371
7.74634325308
7.99012415582
8.03606052873
8.12318039592
9.07815780707
9.15046187756
9.18286514878
9.31329171055
9.32190441374
9.32574048612
9.34477501651
9.5409349275
9.63041652912
9.63478560813
9.67455591364
9.78150639511
9.78504525196
9.79119998162
9.83816486082
9.8599621936
9.88676709949
10.0734240147
10.1363625195
10.1563536712
10.2191446685
10.3012547696
10.3463497828
10.4083959411
10.4612316008
10.512629543
10.6343114994
10.6986310638
10.7707421778
10.8109320032
10.8351840459
10.8747147942
10.9000879071
10.9159712304
10.9211584123
10.937845954
10.9668055816
11.0111642503
11.0506858463
11.0724242635
11.1196608438
11.1856190472
11.2213968363
11.2547269326
11.280763947
11.339449474
11.7729892586
11.843646197
12.0095967081
12.0306965109
12.0397158963
12.0768372529
12.1271302555
12.1429285751
12.2083404007
12.2238362407
12.243107437
12.4261668853
12.4451418697
12.4686284176
12.4750094615
12.4971235668
12.5606226231
12.6001809947
12.6088117768
12.797483963
12.805180408
12.898597781
12.9066816649
13.0044800956
13.0522710515
13.1125916836
13.1636865915
13.1698200206
13.2209306615
13.2456909604
13.2620400283
13.2773638537
13.287285496
13.2987779333
13.3344127157
13.3513178414
13.3718700634
13.4039961295
13.4504878289
13.4592552726
13.5107742904
13.5449797214
13.5492857972
13.5720703678
13.689242575
13.7339515551
13.9495408538
14.0086751621
14.0507050619
14.1843499541
14.2651564387
14.4395309911
14.4735310893
14.4978189851
14.5193509731
14.5459737559
14.5781904981
14.5965490521
14.7185520214
14.7785860305
14.7824658184
14.804897155
14.852947109
14.878982674
14.9073672541
14.9756045417
15.0515400273
15.1010918215
15.1345778868
15.2029739828
15.2623343682
15.3521487342
15.3987100933
15.4667509433
15.4834905915
15.4939662909
15.5705180384
15.6594378458
15.6837421812
15.6942315551
15.7142126084
15.7343627408
15.7696249974
15.8361549251
15.8762587595
15.9633683547
15.9808754734
15.9931823603
16.0664172962
16.1217434272
16.1718269723
16.1888644226
16.4291950165
16.4659743612
16.5285705768
16.5897937202
16.7044664221
16.7312624519
16.7855719436
16.8238825897
16.8412652189
16.8550203008
16.8783690811
16.8831495971
16.9343378729
16.9608638322
16.9770378808
16.983953423
17.0326461555
17.0743060827
17.2180718085
17.2294244082
17.2727109114
17.3088816654
17.3293148875
17.5510280062
17.574498403
17.6156800423
17.8669412356
18.0189716536
18.0609529429
18.0805515748
18.0989988639
18.1224118672
18.140147929
18.1803474419
18.1990850044
18.2247205283
18.2511631816
18.2764929628
18.6668244562
18.7453250943
18.7543373705
18.8171315716
18.8629121743
18.8828754662
18.9436934513
18.9960511503
19.1120093245
19.1378525059
19.1504843871
19.1552145366
19.2330636468
19.251209797
19.295554188
19.3078782621
19.3271605324
19.3384761917
19.3740380624
19.4013088146
19.4330031056
19.485037457
19.5289018539
19.5597955628
19.5898942835
19.6336348856
19.6606651178
19.8263188569
19.8585652659
19.9643405973
19.9880898408
20.0072389256
20.0463228609
20.129620599
20.2188765871
20.3389124624
20.4325115497
20.4607652652
20.4736301841
20.5057600178
20.5272199589
20.5477075298
20.5607070683
20.5782120221
20.6124013264
20.6722477984
20.703666465
20.7378460046
20.7778821203
20.8967903568
20.9342606254
20.944795214
20.9791747358
21.055772644
21.1150138118
21.1894277379
21.2263927439
21.3064003275
21.3406192108
21.3537153929
21.4074495801
21.4748443011
21.5424326789
21.6195330977
21.6372643672
21.6895981723
21.7156896377
21.7347681629
21.7624097651
21.7814140838
21.7927831903
21.8149368103
21.8421198127
21.8566022036
21.8896595051
21.9050470557
21.9263146067
21.9567554718
21.9693898435
22.0102931718
22.0337907022
22.0593612279
22.2444876856
22.3005017365
22.3791936841
22.4771197143
22.4973822806
22.606498668
22.6602034661
22.7244302931
22.8149101128
22.8587872074
22.8815742003
22.9015386742
22.9365676937
22.9754370612
23.0129982238
23.0185798746
23.0434477761
23.0823324764
23.1185744091
23.1301198216
23.133489187
23.1930432054
23.2288679198
23.2457129298
23.3423009807
23.3933256661
23.4276492469
23.5096590959
23.5745700137
23.655837104
23.7046928232
23.7436419872
23.7992165799
23.8748726876
23.9340162169
24.0222630844
24.0695822304
24.1180193614
24.1252170832
24.1665234481
24.1928714224
24.2169920397
24.2615704371
24.3001311891
24.3669511156
24.3947477455
24.480109575
24.5705314727
24.5936196302
24.7210149164
24.7708704313
24.8762876838
25.0197764084
25.0976987886
25.1429922966
25.1832492537
25.2170279427
25.2541501834
25.2804815797
25.2917664072
25.3024693288
25.3215078068
25.334610709
25.3416123167
25.6067954663
25.6308588688
25.6676756559
25.8742629083
25.9380511671
26.0079829814
26.1056835911
26.2460102888
26.3521201429
26.4098804224
26.4259138938
27.6073383984
27.6309661426
27.663980292
27.6726882035
27.7024484233
27.7375956889
27.7488092122
27.765669774
27.7775484813
27.7861849628
27.8421795409
27.8531447442
27.8846307017
27.9114825419
27.9618997502
27.9857163564
28.0178721204
28.0756452744
28.0883019916
28.2455984224
28.2504098689
28.2940704669
28.3545940021
28.4268233086
28.4859618091
28.5301282411
28.6100492201
28.6306846852
28.6653908158
28.7297340234
28.7473372402
28.8348888273
28.89751401
28.9115791905
28.9331466328
28.9664608789
28.9959395436
29.0729986901
29.0791774313
29.1417934631
29.2120937549
29.2769947135
29.319657053
29.3637251659
29.3977187477
29.4700298002
29.5326467282
29.5660198984
29.5740730269
29.6658969067
29.7149300388
29.8016220018
29.8520459097
30.0082500862
30.0438477383
30.0804083526
30.1064870718
30.1381472825
30.1527210193
30.1998781023
30.2144456869
30.2310487213
30.2773348213
30.3530847034
30.3579019471
30.3967672855
30.4478120259
30.4817478445
30.5138984114
30.5572080675
30.6184390414
30.6666898592
30.9839220436
31.0298145628
31.1922461457
31.2249976918
31.3011906283
31.3136460644
31.358411852
31.4101246541
31.4266332242
31.4681715039
31.4860725003
31.5382897038
31.5507729949
31.6241000387
31.6517055607
31.6875087395
31.7652967181
31.7804592658
31.7879497269
32.0372594996
32.1003626328
32.134240795
32.1952796118
32.2400495171
32.3103026492
32.35568144
32.4196001175
32.4322693402
32.4439768787
32.4604221483
32.4665125437
32.487254792
32.5546502481
32.6353808776
32.6647670429
32.7179324557
32.7362122072
32.7622103494
32.8048427541
32.8569528548
32.9363008633
32.990191737
33.0030646945
33.0435287476
33.1045555779
33.1741471533
33.2484039136
33.6832298123
33.8494145712
33.9141562082
33.9356218946
34.008612867
34.0405095951
34.0454107513
34.1169601926
34.1416189621
34.1733171462
34.2223660969
34.2773511578
34.2828111644
34.2864092055
34.3183414263
34.3630741964
34.4323289062
34.4793432804
34.499099633
34.5929608948
34.6205021781
34.685888089
34.7980322588
34.8091257653
34.828476145
34.9180220497
35.000963061
35.0432853649
35.0711330677
35.1208999597
35.150383648
35.1906435423
35.2084398227
35.2468066844
35.2651417376
35.2696960068
35.3652346828
35.4242642016
35.4592126951
35.534000862
35.589599896
35.6745253198
35.7140741308
35.7953592201
35.8035396659
35.9173257692
35.9404991005
36.0316855875
36.0397798968
36.1972807387
36.2446981608
36.3265239943
36.3374346769
36.400189954
36.4530887318
36.6513725579
36.8613235435
37.0017035586
37.0583910558
37.2225843944
37.2838714829
37.3059234985
37.3202003983
37.3319937605
37.3598967001
37.371740857
37.3969396641
37.4126114261
37.4395315889
37.7153798956
37.7705326947
37.7920640822
37.8119619692
37.8254440611
37.8706862797
37.9300439417
37.9401143902
38.0512054082
38.273781653
38.3963899465
38.4210460518
38.4770469442
38.4911989888
38.5218991281
38.5371488824
38.5555636416
38.600968591
38.6403910468
39.6147254947
39.6440346673
39.680677845
40.0653988287
40.0931174503
40.1354534534
40.1748878319
40.2044417801
40.2322004509
40.5328981801
40.5382607842
40.5705536704
40.6601198905
40.7146338448
40.7906729163
40.8885165453
40.8924604503
40.930753211
40.9352503339
41.0477000965
41.1112049167
41.299299774
41.3302569866
41.3710261575
41.3852998789
41.3912387474
41.4360692194
41.5002800223
41.5167052356
608
