6.01378370756
6.01844037377
6.10032879006
6.13350202808
6.2128596217
6.23565569034
7.23394087387
7.26498709314
7.27758119035
7.288637968
7.31522014856
7.35431710166
7.40000590355
7.41451260671
7.4255082519
7.82511172215
7.96439063632
8.03714576591
8.18850214301
8.20907888063
8.32063548214
8.72343102227
8.73716022397
8.76238961748
9.27370076034
9.38061975667
9.39361358674
9.42284657196
9.54268648255
9.60941059002
9.61745378895
9.63168349392
9.65489644884
9.90156330569
10.0240793869
10.0332348721
10.0933039262
10.2927896621
10.3803451795
10.4061090776
10.451753989
10.5036971594
10.6540766205
10.8086444786
10.8406529486
10.8523420478
10.9204614531
10.9668030534
10.9788211656
11.0176253275
11.0864328263
11.1399292239
11.1773590242
11.2334079652
11.2967523184
11.3445229364
11.3496238592
11.4035387147
11.4252719067
11.6806629907
11.7455946181
11.7544315787
11.8378249459
11.8960436739
11.9932122284
12.0138887961
12.0296533005
12.0665172809
12.0979144738
12.1091420441
12.115301159
12.1206680646
12.1726371671
12.2132826414
12.2394477716
12.2585953691
12.3572888344
12.470191664
12.607124026
12.6186029229
12.7152583514
12.7626777422
12.8187232672
12.9305037041
12.9986985956
13.0238409479
13.0968320923
13.2438728221
13.264983426
13.279729707
13.2938253046
13.3280842283
13.3381107085
13.3529740093
13.3641488965
13.449938559
13.5218791233
13.5319223785
13.5676100637
13.6028550944
13.6682476136
13.6838017987
13.774365242
13.8015807677
13.8456153931
13.9169881294
13.9574247588
13.9746423003
14.0401291749
14.1578555057
14.1808297007
14.4275483187
14.4387374871
14.4680118028
14.5402712486
14.6037322037
14.6404258159
14.6811426753
14.6878517498
14.7676143881
14.8590074459
14.9318611294
14.936425806
14.9404077249
14.9882268792
15.0524033959
15.1873584675
15.3127040669
15.4698834929
15.627193631
15.6501666251
15.6737182975
15.7006417335
15.735390237
15.7473513047
15.7774417549
15.7968841529
15.8645350049
15.880320755
15.8921028067
15.9067856624
15.9509085219
15.9945093361
16.0261754316
16.1150693869
16.1864227313
16.2066501947
16.2263659307
16.2822227342
16.3765933028
16.4173308571
16.4483804931
16.5522597766
16.6904351958
16.7530007761
16.8060746118
17.2938152884
17.3349073387
17.3394200243
17.3811023052
17.393947412
17.4434887568
17.46806465
17.4899005204
17.5926644848
17.6612807996
17.6875460362
17.7764712366
17.819055222
17.8444152566
17.9944571722
18.0429113432
18.0754263836
18.0814230711
18.0981156264
18.1309537014
18.1554959785
18.1684259761
18.2380332377
18.2683282172
18.3572082809
18.7150751273
18.7685456437
18.8075452146
18.9859186645
19.0947386498
19.2173274529
19.2381600589
19.2619724817
19.2890793483
19.3023519444
19.3498904303
19.377964152
19.4060959005
19.4278088528
19.4403327762
19.4995975867
19.537069362
19.5752720689
19.6233201587
19.644720321
19.6705938967
19.6955497447
19.7753557506
19.8125709068
19.893983285
19.9619308559
20.0090215283
20.061937045
20.1695603693
20.1814499837
20.2139577691
20.3502819154
20.441692119
20.457741202
20.4773928461
20.5056757503
20.5185409243
20.5281141521
20.5569838793
20.5821965061
20.6105177315
20.6641493132
20.6768270812
20.7396562419
20.8681504198
20.9021752958
20.9501990968
21.0527213558
21.1012796983
21.1292853643
21.2011969303
21.2275412258
21.2517122347
21.3068083323
21.3558326614
21.4461297902
21.5278355891
21.5614011838
21.6043318727
21.6166965344
21.6445600024
21.6558546034
21.6813001414
21.6984518811
21.8852154059
21.9073132337
21.9326578862
21.9562243557
21.9935711184
21.9984008166
22.0392499266
22.366651066
22.4322994806
22.6852396189
22.8104858818
22.838806427
22.8900631178
22.8936998995
23.7147592431
23.7399443489
23.7953862434
24.0416520157
24.0591991336
24.094850747
24.1124803262
24.1464999729
24.1848715937
24.1900132187
24.2070012978
24.2697696497
24.2738304432
24.3354097518
24.3506144973
24.3700701033
24.420897639
24.45205282
24.482937603
24.4996285289
24.5629419816
24.6520037437
24.6951362345
24.7254843715
24.7931117615
24.835232658
25.2069093378
25.3644238622
25.40381436
25.4423530568
25.554053006
25.585102427
25.6073880248
25.6706472773
25.7179019441
25.7425748853
25.7843408441
25.7978266507
25.8041640301
25.8324435513
25.8941917325
25.9662763149
25.9992431862
26.0455670767
26.2493797688
26.3512159395
26.4261265636
26.4513514671
26.4681285515
26.5178705979
26.7490213212
26.7951444497
26.8273704963
26.8333629934
26.8896739556
26.9308289516
26.9600938023
26.9689121687
26.9984335251
27.0187521823
27.0394895677
27.0766662085
27.6210816596
27.6594461932
27.6768927341
27.719837102
27.7488232369
27.7586861054
27.8052816316
27.8305369722
27.8368465412
27.8405955012
27.8644980098
27.9192792634
27.9421021387
27.9759869046
28.0089206873
28.0177342006
28.1681726684
28.227603855
28.2789819873
28.3131353254
28.4099723277
28.4326610457
28.4533120791
28.5460360193
28.7051109106
28.7746146114
28.8101899621
29.0972455369
29.1196071556
29.1524409805
29.1647697211
29.2060541279
29.243355583
29.2779263793
29.3186637726
29.3248479081
29.4468456974
29.4964442958
29.5760142642
29.6695772696
29.6860496651
29.7626228246
29.7730526827
29.8488946822
30.0159619419
30.0655128365
30.1313954063
30.1476523074
30.1576212684
30.1645844838
30.2000308161
30.2419785076
30.2783652106
30.2864084545
30.2906049471
30.301435153
30.3506000774
30.4515617091
30.506431687
30.5463477588
30.5680301986
30.7229658841
30.8755180808
30.8873439711
30.9192969083
31.0194518171
31.158892433
31.2184360087
31.2416744085
31.2932623491
31.3851975809
31.4235982189
31.4431588699
31.4976685654
31.5174552725
31.5355131874
31.584808747
31.6018194397
31.6563695983
32.4555487262
32.4827703314
32.5148192434
32.5814382993
32.6151699071
32.6464822026
32.6661922343
32.7011696754
32.7516933732
32.8011620206
32.8434907074
32.8654746044
32.8829828781
32.9290045517
33.0081879002
33.0573079265
33.2183579332
33.2237938886
33.2324723027
33.4417979409
33.4545345122
33.5539453385
33.5829478166
33.6278439132
33.6409424549
33.668490413
33.6892616427
33.7391091701
33.7625441439
33.8198354034
33.8283368804
33.8958021279
33.9137725786
34.2801239397
34.3693136717
34.4416757238
34.5280414833
34.6143985847
34.8103511942
34.8278523761
34.866978505
34.8804923489
36.0463122907
36.0765173468
36.1269168719
36.1446550095
36.1528891241
36.1875761667
36.2074542962
36.2519442364
36.2637060321
36.2954441695
36.3447074283
36.4140516373
36.4428567303
36.4631286099
36.4674333415
36.4716254083
36.5426850754
36.602304223
36.6573094945
36.7355064258
36.7484230159
36.7599217417
36.8389860193
36.9030037894
37.2149742949
37.2370070493
37.2475713124
37.2633732632
37.2917345701
37.325352151
37.3503904086
37.410862498
37.4179428631
37.428311738
37.4317173188
37.4437709666
37.5010043427
37.6918597903
37.7340362489
37.7377149522
37.7548419836
37.7886830604
37.8565274493
38.4156601904
38.4474910604
38.4770839888
38.5197544726
38.547364862
38.5840845522
38.6018349397
38.6064542631
38.6333659789
38.6463522164
39.3987242038
39.4597026291
39.5406183497
39.5725907776
39.6163902424
39.6397880131
39.6925595854
39.7042138422
39.7229943074
39.7674369311
39.7909733399
39.8033447577
39.8091509445
39.8365741337
39.8682954719
39.874621753
39.8899626402
39.9411827963
39.9820379635
39.9972469372
40.0369017849
40.0968168548
40.117729743
40.1601861773
40.2482440098
40.2834787963
40.3596072301
40.4136639675
40.4894893754
40.5710691198
40.6352823773
40.8092568505
40.8452859014
40.8990362433
40.9147867645
40.929859982
40.9509049248
41.0620495263
41.0758100305
41.1166344972
41.1703652109
41.195450965
41.23945541
41.2435262963
41.3042577062
41.3912010286
41.4171527748
41.4588506488
41.500987067
41.5478028976
41.9103940178
546
