6.02169063113
6.02685707672
6.10075365449
6.11222414184
6.12947173917
6.15039074336
6.18175004021
6.22125132677
6.23551724929
6.26665208015
6.2854874265
6.30021589916
6.31692276435
6.37683997557
6.40132433335
6.42707308659
6.48997651376
6.51902081739
6.5419452532
6.66827581662
6.74403075657
6.75016433013
6.80159369681
6.81005817165
6.86213198731
6.94543449105
6.98830184458
7.1011840871
7.16609223008
7.21677369813
7.29730132487
7.3168709453
7.37842921589
7.46853872348
7.51415579965
7.53503485247
7.54217479014
7.57494810934
7.79793377703
7.83964201315
7.88164985029
7.94572173729
7.99286498097
8.18094610482
8.22522537296
8.4094416869
8.42949958387
8.43898454516
8.46906122663
8.47889989309
8.4938766072
8.50806895262
8.53207755387
8.56507673891
8.58445212321
8.60388635168
8.63417770687
8.66797513752
8.69075604561
8.70320602586
8.81972178754
8.82486691145
8.8772706859
8.91299339621
8.931412362
8.96233699896
8.99039119687
9.05707890049
9.08771469378
9.1235852823
9.18413200642
9.2175792572
9.26899614106
9.31762943347
9.3940418863
9.56378880083
9.61899473562
9.6252110723
9.63478838139
9.64127342294
9.66988200817
9.7102456099
9.71795273723
9.76485650398
9.77699335559
9.79288339366
9.81181902111
9.95715521173
9.96690883635
10.0104022494
10.0514303217
10.0701382223
10.0961427764
10.1824781389
10.2394288598
10.3051265102
10.3134291974
10.3188893093
10.3814019874
10.433972091
10.4417715962
10.8037558172
10.8296861555
10.8540625804
10.862340652
10.9168403045
10.9357925701
10.9506486724
10.9618752523
11.3440529404
11.4142525453
11.4462466771
11.5030681713
11.5489462062
11.6143246762
11.704129709
11.7201021662
11.9500813507
12.0120902633
12.0389379511
12.087384826
12.1088261702
12.1143217
12.1605908309
12.1970876615
12.2011201441
12.2373473299
12.2499809518
12.4437498165
12.470234771
12.5125656145
12.5217562019
12.8755520695
13.2436521936
13.2679155401
13.2863816452
13.305933409
13.3266053671
13.3395648594
13.3550663961
13.3812892417
13.4131452247
13.4452132211
13.4677682997
13.4711414541
13.5029561678
13.5366492376
13.6071632368
13.6353831081
13.6627120019
13.7106476504
13.7802825516
13.8200090152
13.845679721
13.8813069726
13.9131256551
13.9588592312
14.0195326025
14.1054035944
14.2425023383
14.284389469
14.3246676064
14.395395564
14.4371287373
14.4478781365
14.4568767555
14.4763576661
14.52307599
14.7231783226
14.7631241881
14.7807784441
14.9148646404
15.4371991454
15.4767715197
15.5229105787
15.5616890761
15.6395683214
16.83939849
16.850531728
16.8803327368
16.9059097647
16.9156806952
17.2527052365
17.2745532921
17.2810422361
17.3082481541
17.3336037459
17.4313839312
17.4446898146
17.479968305
17.5733988857
17.5877720175
17.62637382
17.7530753349
17.7695233334
17.830264844
17.8649695664
18.1409589171
18.1493641918
19.2147017823
19.2203445697
19.223882599
19.2396651655
19.2582070013
19.2986023467
19.496986657
20.1759585552
20.2183979567
20.2381679184
20.2607915551
20.29284511
20.3419732424
20.4373325934
20.4463270246
20.6986298794
20.7403723978
20.7761154561
20.839392819
20.8806321156
20.9829571793
21.002375291
21.0601521978
21.064804849
21.1179328775
21.1230055034
21.1337891426
21.2389719658
21.2704058488
21.3248647554
21.4072629336
21.6378640517
21.6451740942
21.7009680547
21.7261594667
21.7321462318
21.7678612079
21.7855782998
21.836187422
21.9806539702
22.0920563415
22.1233567469
22.1446540052
22.1809388121
22.2611040493
22.4167909582
22.5250149301
22.6200342115
22.7053008939
22.8132807623
22.8525922523
22.888979254
22.904629193
22.9155504384
22.9591417752
23.1372140184
23.170114358
23.2170980835
23.2365357098
23.252556159
23.3007458863
23.327282627
23.4105183357
23.4970969676
23.5127264929
23.6283631267
23.6782746269
23.6859546789
23.849875902
24.0103648416
24.0315730331
24.0442363839
24.0476801463
24.0777420131
24.103438686
24.118801291
24.1661571691
24.2759810326
24.2852987837
24.3629096063
24.3780259819
24.4203968841
24.4267148136
24.4810629045
24.5016721032
24.5110765917
24.5610595713
24.569703113
24.6215252433
24.7062226392
24.7537961532
24.793008312
24.8081712146
24.8397029815
24.9041369014
25.002428337
25.0440694905
25.1016793265
25.1545122417
25.2152852844
25.2310775656
25.2435598949
25.2507785609
25.2751488141
25.2894213007
25.3137964157
25.3353182268
25.3610406952
25.401906065
25.4457971495
25.4718921198
25.4770039981
25.5251841759
25.7276091606
25.7885257165
25.8469620356
26.0448293425
26.05107355
26.0918143303
26.1747637822
26.2247565711
26.2582085631
26.2749784051
26.3011165179
26.3251368218
26.3618737141
26.3877582945
26.421431721
26.4365312364
26.4807314799
26.5080462761
26.537660409
26.5562367383
26.5907838714
26.6429135385
26.6540594395
26.6877083289
26.7162069898
26.7298213105
26.75653844
26.8107817911
26.8382626733
26.8565393578
26.9133701595
26.9770155084
27.0013214595
27.005607248
27.1517124763
27.1714857299
27.245000082
27.3190261763
27.330562496
27.3779293911
27.4100603561
27.4382942312
27.4838544237
27.5773834951
27.6385551592
27.6779411674
27.7123738073
27.7628620177
27.7800081027
27.8804720271
28.803368234
28.8190300066
28.8359479362
28.8593196006
28.8976849866
28.9052289049
28.9894389594
29.0030729317
29.0234459
29.0402861619
29.0694066606
29.0830533554
29.1038816704
29.1462516411
29.2009408472
29.2429726112
29.2513846205
29.2805927172
29.3440465922
29.6770814984
29.7613460421
29.7710995412
29.821346689
29.827643222
29.8356705855
29.9222678165
30.0111377284
30.0294402317
30.0632086148
30.0709646056
30.0828345791
30.1451100294
30.167237104
30.2171955029
30.2911606864
30.3408306573
30.3916886894
30.4127570585
30.4944530142
30.5621112791
30.6207444175
30.6597333523
30.6940460873
30.7148373097
30.7652608252
30.8128256467
30.8233902963
30.9008573716
30.9250624541
31.0446018368
31.1064834031
31.2474936914
31.2804950838
31.3121502382
31.36193303
31.3737700401
31.3941301606
31.4296584438
31.5043767016
31.5655504887
31.5906202294
31.596008267
31.6515661657
31.7184224656
31.7220247745
31.7504144263
31.7835114901
31.794191438
31.8212436846
31.9524842458
32.289414256
32.3971494661
32.4485927487
32.4810191152
32.5162565496
32.5584207299
32.5861636247
32.5964163952
32.6398822767
32.7973212919
32.8137102053
32.8822350586
32.9171354582
32.9753521273
33.0235873388
33.0681160928
33.2152111089
33.3106711724
33.6198454361
33.651879803
33.659850829
33.6881496202
33.6973492554
33.9598045147
34.0016816132
34.0272094629
34.031350828
34.0461786705
34.1447222987
34.1759915101
34.2285261352
34.3049471615
34.4017475869
34.4158991148
34.5355918397
34.6098605288
34.636751102
34.6427889634
34.6630062032
34.7199950749
34.7612599011
34.8310621385
34.8450065759
34.8537593826
34.8833491528
34.9079264328
34.9234595515
34.953569733
35.0000699998
35.0280655212
35.0427472584
35.110756058
35.1583429598
35.1820104967
35.2349485493
35.2865268764
35.320770341
35.3532220791
36.0292369664
36.0419832145
36.1661682079
36.1837217513
36.2183503683
36.2448370274
36.2674406162
36.3058485194
36.3102871924
36.3248347495
36.4004364603
36.4271056194
36.4926140169
36.6594287191
36.6761945753
36.7467554861
36.799922841
36.8576281583
36.9261541659
37.0259502438
37.1708872333
37.2204404073
37.2543265895
37.5008748588
37.5122309741
38.199860401
38.253021894
38.3009258479
38.4283566502
38.6318984144
38.6699540378
38.7077229293
38.728279173
38.7766585357
38.8195192686
38.9254176241
39.0095270778
39.0284012668
39.1260176998
39.1554290969
39.2335803169
39.3047794919
39.3110705079
39.3570733625
39.3831876221
39.3937909966
39.4560677134
39.5803866772
39.6111995836
39.6388332422
39.6508744248
39.6869184573
39.7083272859
39.7277493675
39.7815305192
39.7909376287
39.8078327349
39.8580104452
39.9620769801
40.2983507314
40.3227741468
40.3950464167
40.6745069308
40.7855824115
40.8180047375
40.8329248711
40.8473867632
40.8539936587
40.8706252114
41.2732478145
41.3241141631
41.3600545078
41.4022794807
41.4394539062
41.4788565785
41.5192891091
41.6804829678
41.715692328
41.7990787465
41.8833201422
41.9358745729
571
