6.01803844418
6.0286547265
6.04076810502
6.06704175112
6.07912970656
6.08761356331
6.12600018986
6.16546372038
6.21964762947
6.23098252919
6.26181229736
6.27914382092
6.40544502971
6.41525253644
6.48661824141
6.52277698109
6.54028970863
6.60142054476
6.66817733703
6.74109663803
6.74833679488
6.76412043879
6.81398221537
7.07577003783
7.23670042678
7.26034768745
7.2750505982
7.29484408243
7.30006645406
7.32753238438
7.33686179542
7.35429293038
7.36315146539
7.37330712461
7.39879431304
7.44421012066
7.47717210791
7.50423345563
7.56283752747
7.59009948794
7.59680328124
7.62596426163
7.83788177504
7.88031068597
7.90968675359
7.96158902234
7.99155492681
8.0085214453
8.04162966235
8.07176531376
8.12242959379
8.17976454697
8.27922534464
8.38871643275
8.43605884714
8.47029975862
8.48895247982
8.51455958375
8.5403036151
8.57438707448
8.60135993794
8.60614613381
8.64387674249
8.65642307039
8.67656431675
8.73116007567
8.75405611248
8.80094058596
8.84594277966
8.95174067417
8.97826465816
9.00602203915
9.01681352598
9.0553616845
9.19172855801
9.29890194493
9.4136916887
9.43199678001
9.49668815918
9.59118005795
10.0247281304
10.0486168248
10.0811460469
10.0987279333
10.1691346293
10.435095958
10.5074499773
10.5402276693
10.6544495682
10.6865450863
10.7138624537
10.8310580708
10.8549080455
10.8635411156
10.8755618299
10.8924923949
10.9167607255
10.9422285632
11.0130847707
11.0379443806
11.0714557608
11.0987425355
11.1337941607
11.1976757639
11.257909292
11.3889226357
11.4963321517
11.5486015771
11.6572598145
11.6757875709
11.7284121947
11.8245128093
11.8733706031
11.9444962088
12.0326259851
12.0446206801
12.0925657786
12.1699082578
12.2168804849
12.2358859587
12.3145436657
12.341150278
12.4207896912
12.4413119825
12.4659711267
12.5920410658
12.6369020442
12.6660048009
12.768037551
12.9040898809
12.9232388051
13.0042158718
13.0149116236
13.1081041729
13.2199875063
13.2367636274
13.255290417
13.268648394
13.2899902638
13.30716745
13.338265077
13.573803195
13.692615724
13.7192638043
13.7255676588
13.7523810947
13.8637784066
13.8996119261
13.9282102137
13.9405779197
13.9693129183
14.0274713118
14.2409392668
14.2638989648
14.2974017388
14.3749186217
14.4145753544
14.4731200116
14.5421871203
14.5714761557
14.5877717415
14.625454788
14.6507420495
14.7952842636
14.8016588998
14.8308758284
14.8401875358
14.8919890375
14.9692502243
15.0046289653
15.0108225218
15.0384284595
15.0865476831
15.0976799434
15.1569873514
15.211615551
15.3755159856
15.4400750273
15.472252721
15.6078135059
15.6283881514
15.6510624923
15.6869063355
15.696152898
15.7658132087
15.8763578842
15.8901769428
15.8987837945
15.9247447662
15.9954396717
16.0398065036
16.0450439217
16.112858156
16.1562633325
16.1690446759
16.2763432966
16.2936094611
16.3627333308
16.6567545258
16.7544605578
16.7885764546
16.8277786291
16.8493727225
16.8915417368
16.9354414401
16.9409274795
17.0026110018
17.0208175389
17.0847495811
17.1037231603
17.1326746363
17.1699461067
17.2864389793
17.335184918
17.469492588
17.5641610761
17.6200434595
17.6921283534
17.7729107549
17.8548600312
17.9354347946
17.99948171
18.0200756795
18.278246725
18.2908734482
18.3493799059
18.3584672959
18.4349278393
18.4886277976
18.5497362238
18.5903367057
18.594094168
19.1623373595
19.2192590644
19.2464668307
19.2642932342
19.2948415009
19.3861728419
19.3900120536
19.407848936
19.4305344737
19.4487287022
19.516311493
19.5508497065
19.5567856197
19.5664345329
19.6165838447
19.620910023
19.6941594579
19.7317326587
19.7606971061
19.7815509635
20.0442692756
20.089844331
20.280110941
20.479156453
20.5033480842
20.5404288089
20.595445399
20.6144875814
20.6234822225
20.631731578
20.6449055574
20.6758422801
20.7192463632
20.7635653393
20.7770740367
20.7972399905
20.8094717949
20.8223453061
20.8405311497
20.8724860072
20.8864972716
20.9897563677
21.027063909
21.0318112746
21.104573092
21.1292159587
21.2299287196
21.3144307695
21.3898096629
21.4370054029
21.4529662154
21.5430151693
21.5854312203
21.6155532284
21.630085581
21.6617272082
21.6823753192
21.7152902815
21.7470847348
21.7619996193
21.8070296515
21.8177436285
21.8379688047
21.8605899534
22.0548687311
22.0721884257
22.085077618
22.095887316
22.1171504098
22.1427610517
22.2125569917
22.2493853854
22.2709170914
22.8140026454
22.8227809211
22.8654696567
22.8901772782
22.8996795895
22.9369569677
22.9730473318
22.9842774909
22.9884387523
23.0149263761
23.0245638879
23.0399335642
23.2063764145
23.2243696459
23.235892952
23.2402501741
23.2786698108
23.2995919402
23.3619725076
23.4566259233
23.4850807261
23.5202471806
23.5816205715
23.6234788415
23.6980412859
23.7481807927
23.8316993946
23.8754482571
23.9853243525
24.0275961477
24.049017391
24.0862418145
24.1477267744
24.1578513057
24.1894536842
24.2374039959
24.3092701398
24.3213299055
24.3443875234
24.3942727146
24.4252637451
24.4542829191
24.4825485134
24.5275054578
24.5717068276
24.6139706218
24.737028479
24.7779352292
24.8758485722
24.9569569293
25.1109714747
25.1823980525
25.2282396512
25.3876654525
25.409340182
25.4352386717
25.4822871859
25.5103555612
25.5538506016
25.6596818924
25.8302961716
25.8800908813
25.9398511858
26.0167035063
26.0688339686
26.1195505525
26.1467623301
26.4362343948
26.5677269724
26.5930168185
26.6100461245
26.6408431574
26.9206743806
26.9830676503
27.179291538
27.2368186113
27.2623734754
27.6242933318
27.6343701257
27.6532453629
27.674039975
27.6976640895
27.9996857236
28.1464749353
28.1853527934
28.208314031
28.2562689661
28.2864132113
28.3235324141
28.3755977837
28.4110420001
28.4616727479
28.4826892762
28.5744538472
28.6039823296
28.6110988918
28.6406167926
28.6450364647
28.7720136071
28.8271372662
28.8399738623
28.8659308643
28.8984783137
28.90927728
29.0470351057
29.1085263857
29.1643121653
29.2821497736
30.0195229357
30.0409488414
30.0667145015
30.0748182109
30.1354289352
30.1426229561
30.2341861575
30.2434461052
30.2952916333
30.3114544676
30.3675118251
30.3728622985
30.4024685057
30.4472339854
30.4659547323
30.4989725046
30.5835901979
30.6115266088
30.6580944119
30.685924191
30.7720948914
30.8414539862
30.8634340827
30.9589755455
31.0556004454
31.0689766216
31.1495397943
31.1621056079
31.1857425428
31.2135183242
31.2322892025
31.268749001
31.3087998226
31.3542828907
31.4232223578
31.429317165
31.4561317025
31.5874681741
31.6238855784
31.8336882627
31.9007435211
31.9577578498
32.0211237044
32.0995164314
32.1893717568
32.2767131292
32.4478704453
32.4708568293
32.5013708985
32.5608523082
32.573342849
32.5860635962
32.6029941848
32.6700912109
32.8034231585
32.8433426292
32.8783638913
32.9729895555
33.0113505869
33.0360593187
33.0621495196
33.0791951703
33.1003534448
33.1091216594
33.1721124801
33.3097655681
33.3414394127
33.4035382516
33.4614264292
33.5107860193
33.6283484296
33.644915091
33.6600674753
33.8251536564
33.8750251825
33.8886138013
33.9360486973
33.9656940484
34.0234504843
34.2033654962
34.2283182501
34.2448635757
34.273747285
34.4271005426
34.5298236959
34.5346951497
34.5734389332
34.650854953
34.7215126288
34.8191822792
34.8336083379
34.8657271441
34.8775592301
34.8930299489
34.9126560467
34.9308215328
34.9553221093
34.9740605177
35.0310102141
35.0501304471
35.0844957009
35.1200992138
35.1328093162
35.182158575
35.2188504527
35.2838096017
35.299090944
35.3286712789
35.3463512575
35.3813593782
35.4519180318
35.4682332978
35.4977636004
35.7072665233
35.7876365623
35.8657079224
35.9757302649
36.0213502852
36.0280923915
36.0426690719
36.0738188152
36.1051290032
36.1175492201
36.1266275022
36.1423556208
36.1618412539
36.1824488991
36.1941280388
36.2208339547
36.3055611313
36.3148666757
36.3369621834
36.3654751593
36.5276108596
36.558391616
36.5702669193
36.958650271
36.9947189533
37.0218346216
37.0403994283
37.0527634468
37.1513446526
37.229890564
37.2415225293
37.2578326728
37.2647838137
37.2999531387
37.3357358404
37.3985155533
37.4350886876
37.4546278412
37.4929540618
37.5117264073
37.5479474413
37.5770093843
37.6638074438
37.6836112322
37.7439823939
37.787263835
37.7927035261
37.7964588385
37.8584162346
37.9186190931
37.9389654565
38.0566643432
38.2106977117
38.2772432625
38.2866156549
38.4211395586
38.504029016
38.5211865269
38.5527549004
38.7217466313
38.7298467428
38.7378407474
38.7522672629
38.7680729397
38.7962283615
38.8460779141
38.8640699416
38.9237684461
39.0000813393
39.0342792161
39.0662072422
39.0882397732
39.1347598141
39.2131948921
39.6118176815
39.6289735015
39.7555226329
39.7950362466
39.8073292306
39.8135549745
39.8259078937
39.8667629804
39.8928025262
39.9139438875
39.9302670344
39.9919506748
40.1883514628
40.2334966627
40.2607787036
40.3386807407
40.4069799115
40.4545453645
40.5061357125
40.5524370703
40.5829908688
40.6706404213
40.750714817
40.828666362
40.8427184517
40.8865893165
40.890284181
40.9161556769
40.9441724483
40.996339854
41.0360886947
41.0518873832
41.0890388433
41.1666800594
41.2839093657
41.3155771095
41.3527389186
41.4244666524
41.4904208858
41.5247089934
41.5970891287
41.6239572195
41.6612221468
41.7410049415
41.799226518
41.8836913727
646
