6.00650674654
6.08992572565
6.14206542728
6.19728664173
6.24271327001
6.31494391239
6.36230249557
6.46502388206
6.56707649804
6.58718785526
6.61248769322
6.78306807709
6.812766942
6.82973921218
6.84426873695
6.9354377205
6.95733447248
7.00493980078
7.06335675527
7.12343337589
7.23206532038
7.27141362384
7.29603297525
7.3132958073
7.35866673905
7.40551584186
7.42358976214
7.45968886797
7.50040315907
7.54534379536
7.58038106244
7.5995528919
7.63102518425
7.64227634656
7.65806557949
7.71669415978
7.75617384047
7.82785327143
7.86169043719
7.88420926098
7.99235337759
8.07803696843
8.121664474
8.15050594395
8.20348220106
8.44901520218
8.46153101166
8.48688810309
8.52261723065
8.67758111106
8.69412922237
8.72637211937
8.76200292438
8.7710707761
8.78743115465
8.81789008161
8.84965240897
8.85593293741
8.90427585101
8.90957447146
8.94668233318
9.00649123991
9.05658087629
9.62408331712
9.6353348024
9.64926638401
9.67904080481
9.9504588254
9.99394066697
10.0434306677
10.0557159733
10.0766511097
10.1504821344
10.1733523054
10.2630483992
10.3252230816
10.3884087157
10.43748547
10.6809816532
10.7780784655
10.8358355213
10.8424236958
10.8472737985
10.8585604427
10.8640396393
10.8721110712
10.8906924498
10.9121209644
10.9344976635
10.9598444182
11.0285225634
11.0560237596
11.0871293211
11.1250453959
11.1584959087
11.2129880547
11.2594352029
11.2665170174
11.3101065077
11.3499481596
11.5040911366
12.0088162287
12.02043189
12.0366244088
12.0511568384
12.0834358417
12.1068280365
12.1214364719
12.1517646016
12.1785536678
12.1864958673
12.2309553625
12.2456852899
12.2752886219
12.2932724298
12.3002334006
12.323142009
12.3569658948
12.457763628
12.4999835635
12.5656906772
12.6680032486
12.7758562775
13.0519280342
13.1185611906
13.1577825257
13.245784169
13.2558314043
13.2765764332
13.2926312424
13.3653604616
13.3856857204
13.409843179
13.4461035628
13.4527463876
13.5008953234
13.529807104
13.5561524668
13.6220105621
13.6583865783
13.7245125936
13.7954658996
13.8366328311
13.8916443817
13.984406102
14.0130064368
14.0765555795
14.1258792047
14.1731438376
14.4149629722
14.5587366488
14.5901677543
14.6140349695
14.6288180503
14.6480356649
14.6867772281
14.7313345101
14.7571486865
14.7897514752
14.7971686013
14.8030914687
14.8688778159
14.914648514
14.989998283
15.2094843782
15.3789633783
15.6256618749
15.6330087224
15.6654132735
15.6978386097
15.7040149463
15.7360931607
15.7587646212
15.7916284207
15.8126648901
15.830893753
15.8346548005
15.9004542412
15.9233806335
15.9539254985
15.9686814884
16.0188671219
16.0567655062
16.0971052946
16.1820491476
16.2863599766
16.3708404321
16.4304558009
16.447705638
16.5157515873
16.6051980253
16.6784841873
16.8217589725
16.8283464014
16.8856619731
16.8973252668
16.9010482619
16.9165637142
16.9278110202
16.9500367514
16.9823443402
16.9971363331
17.0100326684
17.0466107361
17.0587432637
17.220249208
17.2462636223
17.2827184559
18.0436650749
18.0634470703
18.0797233895
18.0976732896
18.1392709844
18.1499115117
18.1978692887
18.268009678
18.2942945507
18.3366336151
18.3662561982
18.3982582701
19.2146253848
19.395972569
19.4370772486
19.4657651231
19.5044069378
19.5199836023
19.5507202024
19.5767255072
19.6008816274
19.6465921598
19.6513851371
19.6580782875
19.6954614885
19.7057303478
19.7216941827
19.7782736011
19.822636254
19.8692096847
19.8996057044
19.9944815935
20.1076260235
20.1576231308
20.1970720229
20.2846539178
20.3316087539
20.4186581479
20.458742309
20.4914351444
20.5960111514
20.6158254472
20.6534191546
20.6882445296
20.7399502819
20.7609437433
20.9787894622
21.0642374704
21.2607421998
21.30588128
21.3693308162
21.3949755746
21.437684041
21.4877670469
21.5342252334
21.5683219205
21.6268135416
21.93778552
21.9925955315
22.0374681033
22.0636308658
22.0993698978
22.4834649927
22.7116828402
22.738306402
22.7464711029
22.8083886335
22.8250148377
22.844755107
22.8797154829
22.9168132301
22.9562418444
22.980446422
23.0083303104
23.0372704407
23.0475817552
23.0698713668
23.1120413405
23.1509013468
23.2208423506
23.3299724385
23.3831729945
23.4473280696
23.4618618819
23.5284380417
23.564445571
23.6172505713
23.6454146704
23.7053846433
23.7549197803
23.8168216163
23.8469327501
23.9590917938
24.0829067273
25.22843316
25.2688617647
25.2867140617
25.3155709584
25.3411030837
25.3689876476
25.401000667
25.433233238
25.4392751456
25.4619902767
25.4686178762
25.4807552095
25.5157787419
25.5260172107
25.5305698368
25.5899419515
25.6034511769
25.6420538669
25.6733245709
25.7229434939
26.6448655127
26.6736693308
27.1607382731
27.1961516947
27.2727718568
27.5038370624
27.5729013205
27.6126239576
27.6644834064
27.7141768799
27.7214588918
27.7304299377
27.7383623822
27.7549791021
27.8051860629
27.8213689086
27.8762295653
27.943125395
27.9740781854
28.023577205
28.0520642033
28.2527473362
28.2641116108
28.2805988854
28.3141665371
28.3301365235
28.4012576973
28.4641760662
28.5159612387
29.1957611466
29.2208453981
29.2882645869
29.3618900767
29.4227195426
29.5973335938
29.8859347561
29.9373085699
29.9879763874
30.0299548573
30.0360796299
30.0584229257
30.0738096538
30.1065513633
30.1818100953
30.2019664004
30.236851493
30.2610033736
30.2784144644
30.2939588586
30.5044505607
30.5319138863
30.5406337127
30.59841191
30.6199890747
30.6556161442
30.6614948032
30.6923935808
30.7969866691
31.2218326666
31.2329240043
31.2425528658
31.2699817828
31.4034527043
31.4169111785
31.4536042618
31.496388534
31.5298713607
31.5570431894
31.5723045383
31.608335568
31.647550645
31.6616802148
31.6852418011
31.7133019989
31.7877898367
31.8292825989
31.9509338837
32.0356820406
32.1198823606
32.1443160944
32.3949287252
32.4140140007
32.4616412228
32.547487111
32.5567993569
32.576173342
32.6077151638
32.6206815526
32.6463303748
32.658040381
32.7068527811
32.760898767
32.7691479903
32.7874534872
32.8021812077
32.8448504435
32.8801606494
32.9580462397
32.9967555321
33.0540410406
33.1166396656
33.142048081
33.1970175474
33.6403472619
33.7236665787
33.7588600471
33.8578240436
33.9711810437
34.0175609155
34.0332811261
34.0850142836
34.1363862398
34.1661133718
34.2189077978
34.2397608339
34.2926344282
34.3219001583
34.3821323075
34.4274959615
34.7885549397
34.8306120492
34.8445697465
34.8781478102
34.8990765489
34.9164764445
35.1306155686
35.1786884952
35.2584277946
35.3046901488
35.344717483
35.4297781719
35.5272318444
35.5736715565
35.6764496891
35.7134234873
35.7874872556
35.8962237576
35.9103006806
35.9515763201
36.027986735
36.2056827433
36.3876423497
36.424560084
36.4857594007
36.571387244
36.7483289905
36.9405751517
37.0207871576
37.1391265516
37.2216454035
37.2440116659
37.2533665488
37.2665426808
37.3007336296
37.3256513131
37.3460291603
37.3864958306
37.3988329866
37.4503118394
37.472998369
37.4796464626
37.5066576409
37.5656729353
37.6300927602
37.6340692149
37.6854771477
37.7295821138
37.7337994093
37.833441224
37.8786261761
38.1058608184
38.1718593385
38.2544855217
38.2957185566
38.3360323546
38.3743435423
38.4166456438
38.4496151617
38.4677444729
38.4837986483
38.5221023289
38.5556459344
38.5858923266
38.6043584725
38.6604361104
38.6776913224
38.7013682699
38.720771119
38.753356104
38.7869538264
38.80889296
38.8380836253
38.9105298429
38.9335386367
39.0498247078
39.1640749783
39.3130614649
39.6265025337
39.6378160098
39.6587875229
39.7044029622
39.7124476118
39.7485502724
39.764275679
39.7942911108
39.8152313828
39.8428971322
39.8575811972
39.870605553
39.8982495606
39.9543952121
39.9587312151
39.9772926893
40.0121801025
40.0369967802
40.083331174
40.1214867976
40.1932257103
40.2259070007
40.2767823315
40.2879404472
40.4333548628
40.5047013199
40.5587792485
40.6284108722
40.6826813296
40.8322837869
40.8537319303
40.8840327931
40.9059235924
40.9259640905
40.9569671451
40.9985434776
41.0069132394
41.0612957487
41.0827865284
41.0953718659
41.1010377234
41.1426793063
41.2029685842
41.2390499847
41.2493835967
41.2926224701
41.3308813661
41.3941113348
41.4452435534
41.51992568
41.5297189721
41.6133897992
41.6681289553
41.7819322047
41.8529571584
41.8781540983
41.9575160696
576
