$ Stimulation Interval(ms): 1200
$ Delay(ms): 0.000000
$ Number of data : 90
$ TSTOP : 12010
$ PN stimulation current max : 0
$ LN stimulation current max : 0
9.97500
75.75000
95.90000
116.97500
130.20000
274.50000
302.65000
342.20000
375.10000
931.82500
1096.85000
1209.50000
1231.45000
1252.12500
1282.22500
1381.35000
1402.45000
1420.57500
1435.82500
1466.85000
1602.95000
1687.67500
1780.90000
1984.30000
2134.27500
2390.97500
2409.30000
2447.35000
2465.87500
2574.80000
2659.60000
2704.70000
2726.72500
3434.45000
3609.05000
3697.12500
3791.30000
3854.02500
4036.70000
4230.77500
4798.80000
4810.60000
4843.75000
5001.30000
5037.55000
5053.02500
5264.07500
5448.65000
5488.35000
5751.70000
6008.47500
6089.02500
6162.05000
6185.80000
6218.20000
6286.00000
6457.45000
6491.20000
6554.77500
6699.97500
6810.17500
7012.50000
7145.95000
7190.05000
7209.40000
7228.05000
7395.95000
8409.70000
8493.00000
8510.30000
8710.45000
8833.22500
8884.52500
9132.72500
9368.97500
9598.82500
9611.75000
9632.27500
9930.15000
10412.62500
10477.62500
10810.00000
10862.47500
10878.82500
10950.27500
11083.27500
11101.05000
11156.12500
11831.70000
12008.65000

