$ Stimulation Interval(ms): 1200
$ Delay(ms): 0.000000
$ Number of data : 241
$ TSTOP : 12010
$ PN stimulation current max : 0
$ LN stimulation current max : 0
9.62500
32.57500
74.35000
90.17500
123.05000
141.57500
162.17500
179.45000
209.25000
247.85000
269.75000
318.80000
370.55000
386.12500
399.50000
455.57500
476.02500
490.82500
613.12500
805.97500
820.72500
878.05000
891.30000
917.50000
934.95000
978.82500
1209.45000
1220.85000
1267.87500
1336.52500
1351.20000
1371.07500
1452.17500
1479.30000
1504.30000
1534.55000
1563.40000
1576.95000
1589.05000
1643.32500
1669.32500
1710.47500
1749.02500
1804.02500
1818.20000
1927.52500
1950.75000
2018.85000
2078.92500
2140.92500
2250.50000
2270.57500
2332.57500
2380.55000
2408.40000
2421.60000
2432.90000
2446.75000
2496.95000
2518.12500
2563.15000
2577.07500
2599.42500
2681.45000
2741.67500
2806.60000
2941.72500
3003.20000
3022.97500
3037.22500
3055.60000
3144.20000
3159.95000
3248.27500
3263.77500
3357.52500
3404.87500
3491.55000
3609.75000
3695.35000
3708.87500
3742.17500
3753.65000
3809.40000
3826.57500
3951.42500
3966.30000
3989.07500
4008.82500
4023.70000
4040.17500
4062.90000
4130.67500
4178.55000
4213.32500
4249.60000
4281.25000
4307.27500
4342.22500
4357.30000
4401.52500
4480.95000
4497.35000
4608.07500
4678.30000
4729.80000
4767.52500
4808.92500
4865.80000
4882.85000
4969.15000
5019.12500
5068.45000
5144.27500
5156.27500
5178.20000
5208.25000
5252.80000
5333.35000
5350.40000
5392.25000
5408.62500
5542.90000
5559.47500
6008.10000
6045.05000
6162.82500
6187.35000
6199.32500
6213.87500
6230.52500
6257.35000
6331.67500
6358.82500
6403.82500
6459.37500
6514.65000
6671.22500
6822.35000
6916.22500
6994.60000
7076.10000
7238.02500
7258.25000
7405.10000
7429.02500
7444.52500
7475.47500
7499.07500
7512.52500
7597.07500
7611.02500
7690.02500
7717.55000
7836.75000
7921.37500
7935.32500
7948.27500
8147.35000
8409.57500
8422.00000
8445.57500
8469.32500
8493.07500
8569.40000
8585.60000
8608.87500
8730.50000
8842.02500
8855.87500
8870.57500
8993.12500
9053.25000
9122.45000
9223.35000
9244.22500
9263.17500
9325.35000
9342.77500
9379.32500
9414.55000
9436.07500
9452.75000
9528.70000
9545.67500
9608.85000
9629.35000
9641.45000
9704.12500
9718.95000
9741.42500
9801.62500
9816.37500
9833.87500
9848.10000
9873.15000
9885.47500
9917.35000
9956.72500
10076.75000
10191.77500
10207.62500
10223.62500
10327.60000
10424.55000
10453.30000
10602.45000
10661.42500
10682.75000
10720.65000
10795.60000
10809.15000
10826.50000
10866.12500
10880.47500
10903.67500
10951.67500
11021.85000
11039.47500
11054.00000
11072.17500
11107.25000
11120.35000
11154.90000
11169.42500
11186.02500
11260.82500
11319.90000
11443.22500
11493.52500
11510.00000
11592.75000
11624.85000
11668.22500
11749.47500
11771.05000
11788.97500
11832.07500
11955.07500
11984.05000
12008.77500

