6.01241744252
6.03805317863
6.08105607455
6.11829895097
6.14190816288
6.18132428652
6.19529810233
6.2168609667
6.24337456354
6.27820328626
6.2880282178
6.30090666613
6.33750445628
6.37753794352
6.40657545217
6.44859569532
6.48807213163
6.51295906501
6.58216833623
6.61247441986
6.65809312888
6.70587142084
6.7828167855
6.83695114533
6.88262398629
6.96998096263
7.04338479763
7.1333038257
7.15439584087
7.46634835565
7.49319645402
7.52241305033
7.56579046148
7.62998482595
7.67206949676
7.72792095224
7.81001172757
8.24745408385
8.31335800232
8.43054010011
8.66248380707
10.1975123526
10.369752822
10.6292747505
10.7892060057
10.9334134169
11.3376967687
12.1711817992
12.4759539615
12.9738614866
15.6919799463
51
