6.01104708282
6.02194788235
6.03629857358
6.05245484832
6.12477995685
6.15257456521
6.16252866426
6.29626095477
6.37879635072
6.41103633874
6.46336133728
6.57057735704
6.59060346166
6.75233172176
6.78835106944
6.81908915879
6.83338258038
7.09429733817
7.12918681948
7.18327485897
7.21548841072
7.26218032924
7.26862736932
7.33813457885
7.4257633892
7.50477782102
7.5195728793
8.67239288429
8.73348040815
8.74209832924
10.2512080315
10.5083351921
10.72420892
10.9400585959
11.1915484551
11.275095074
11.6160270081
12.0392016159
12.3099841862
12.3346622888
12.5862795618
12.736780058
13.0703987212
13.4904939947
14.0077174219
14.2909154417
89.5225667872
47
