6.01030454695
6.03598019024
6.09603960644
6.10718263053
6.13883223966
6.18543986725
6.19808397055
6.21415286474
6.23266336113
6.27545059086
6.29531892994
6.31735281339
6.34074461737
6.35982079177
6.37358813351
6.43348701444
6.46571621949
6.50825623382
6.52562780809
6.56929697284
6.57663805687
6.62906839414
6.64518392682
6.67121433143
6.79454728851
6.88742535395
6.93199897945
6.96537089955
7.00278669277
7.07063492303
7.17002255429
7.19378706331
7.23843251761
7.28353461991
7.31545330664
7.38987602038
7.48039720602
7.592999197
7.94715154408
7.99749074418
8.14614115183
8.25024273701
8.67082566781
8.78690466669
8.89414320906
8.96295488788
9.12423493695
9.17814042005
9.29228697584
9.40431340227
12.0277334775
12.1763686062
12.4943038173
12.8126428553
12.9468649926
13.1267139726
13.5281515074
13.9467169391
14.4169275663
14.8899467194
60
