6.0140307919
6.03419027511
6.07674467891
6.09468952675
6.14203997036
6.19294184207
6.25609948417
6.26262326961
7.91882343178
7.94438043203
7.96024852823
8.09133917412
8.18563165136
8.36150907565
8.51812362274
8.80664647438
8.96461995001
9.1668310567
9.18306632425
9.89877775884
10.0732781836
10.246923009
10.43182533
10.6130304123
10.7384950999
11.7209788138
11.855977116
11.9826083011
12.3776115596
12.60873588
12.6526414532
12.700759814
13.2330701049
13.7141768419
13.7701763025
13.9408567033
14.3565730413
14.6895176105
38
