6.01860686996
6.03799756324
6.0461042267
6.06550061937
6.08326018192
6.13219972929
6.1490099986
6.18809767272
6.25830700257
6.30002052034
6.31242981317
6.39796967142
6.46375452022
6.48056614053
6.50868540205
6.54235841815
6.68482794163
6.72657371603
6.78621769841
6.84336661496
7.00343128789
7.07396848786
7.22021594908
7.32284024155
7.38212224725
7.44068047434
7.50297584971
7.52304920455
7.79799308222
7.88516174741
8.08472869713
8.13840355051
8.28481330542
8.34437106191
8.48460652896
8.5799035664
8.70745774657
8.8812494039
8.98390694875
9.20164187481
9.31063647278
9.38937757038
9.56621268192
9.66142819382
9.83341286993
10.6908458026
10.7706233575
10.9867670473
11.079403692
11.3922254201
11.470375594
11.5030988171
11.6219734646
11.7746436179
12.0346424891
12.1153514724
12.1548424776
12.2231917816
12.5741707504
12.8126332089
13.420937382
13.7563961002
14.4039879826
15.411690977
64
