6.01833677215
6.02927154353
6.0418839371
6.05985682645
6.08264609761
6.10450378787
6.11244300025
6.13126008152
6.17949606443
6.1900990048
6.20600294842
6.22040387678
6.28340118762
6.32234694871
6.36841095867
6.37449349112
6.4301842643
6.4724605472
6.48501673198
6.55331791885
6.58542356285
6.60068228578
6.63201214093
6.69824236106
6.7895285067
6.79366998353
6.84075141695
6.86890738742
6.90280616113
7.38434036788
7.41976939028
7.44052749214
7.47511055725
7.53022121475
7.63314625928
7.83205216296
7.98635737441
8.14210722953
8.20722853646
8.28091240745
8.58806972432
8.74605057708
8.86046489778
8.98377862539
9.12872157368
9.18713954726
9.25686359184
9.50102441847
9.52446205372
9.62180562891
9.82393014117
9.85163971063
9.98075749991
9.99643774993
10.5476149315
10.8662515733
11.1425490397
11.2145038942
11.5874448872
11.7154859509
11.9587581878
12.6129970937
13.6135928677
13.7122194761
14.2277545711
14.8129695282
66
