6.02740735376
6.03870908116
6.46809350936
6.52892318156
6.81351633154
6.82128490084
6.89664075272
6.93365828393
6.96028261296
7.03103420093
7.04699019469
7.16686546738
7.25346317788
7.27033710064
7.38528348143
7.52112104825
7.61314763683
7.76695010161
7.7999558265
7.92833643726
7.96329708305
8.03564858438
8.17789252074
8.26470820708
8.324927523
8.38908967297
8.43093173375
8.5932102642
8.63383392129
8.78953562935
8.93999964807
9.15267189611
9.16633733984
9.28759482359
9.37234465097
9.54435723954
9.70390394992
9.81010498888
9.82324709344
9.89982831285
10.2888678568
10.6070678544
10.6233700587
10.9041528483
11.1061256242
11.4705568817
11.7722670126
11.9716068268
12.2205380561
12.4289130015
12.7126566805
13.5584947651
13.7712761716
14.1482654991
14.2823789706
15.1561426835
56
