6.02463800658
6.04678064606
6.07904473673
6.09952392358
6.10356860836
6.12532834178
6.16173575319
6.17409758995
6.19736308712
6.22259809117
6.24486394339
6.28140147575
6.32294086998
6.35763622477
6.39757958096
6.41551136985
6.56840144201
6.64029178329
6.65291231413
6.70309005344
6.75201770921
6.80341201935
6.83920058279
6.84533093253
6.90013282578
6.91203625949
6.9848256333
6.99180579087
7.02959142853
7.12786547178
7.17839674844
7.28044807913
7.39967380742
7.44114234789
7.56546946978
8.52293050547
8.77263439737
8.95892813568
9.31283094989
9.44260504849
9.82382851467
10.0000282769
10.0849578277
10.3510293314
10.5970893269
10.6392780406
10.9546748666
11.2561541418
11.3033800454
11.5299308843
12.0407744287
12.2628103732
16.5011801134
53
