6.01256294829
6.02859193829
6.03589284847
6.0913717874
6.09757526912
6.12504829887
6.13882506829
6.14942543885
6.18512863242
6.19510105755
6.20164814413
6.21231522585
6.22554950692
6.23901449741
6.3229716745
6.35593470035
6.62716798427
6.63187079878
6.99123964022
7.05099847132
7.1141562713
7.14933003186
7.20591109673
7.23932308107
7.36460001714
7.39210421995
7.4415434493
7.558529673
7.58937071089
7.66750496466
7.76963483117
7.83508926816
7.9747908795
8.0167375928
8.24354902369
8.29792738682
8.43136188913
8.51396302343
8.59416497042
8.62418737635
8.84349453781
9.04173888375
9.18473730105
9.42918315091
9.67185505698
9.73843542931
9.87270224449
10.0671970082
10.3304538575
10.5053270742
10.7753135919
10.8238025982
11.3062340601
11.3319447777
11.429667894
12.421866182
12.9672159037
13.2384056955
13.5477337129
13.7541020616
13.9732601731
14.2852877167
14.860335081
63
