6.00845694948
6.05299255794
6.05804478854
6.07724956335
6.10548902318
6.12583365969
6.15771478616
6.19681861663
6.2002187782
6.22929223312
6.26619550789
6.28963702537
6.33873297114
6.35345707891
6.37797141404
6.40846286134
6.44170614941
6.48192271195
6.49892951425
6.51537845773
6.54146146241
6.60113896427
6.62706827817
6.64290017141
6.67629009122
10.9103730401
11.1952355933
11.2768436158
11.5463076221
11.8973367464
12.0343751739
12.7897638101
12.9874653534
13.3637199738
13.4703033244
13.9977586464
14.2513885788
14.6452934462
38
