6.02327936545
6.03500666083
6.06305003242
6.08275924812
6.08702873176
6.09370350189
6.11554202381
6.16017156509
6.17196836371
6.19559051716
6.21585407191
6.23408945705
6.26866704129
6.70565997857
6.71590505244
6.73933934436
8.95583216537
9.0636553307
9.15290912316
9.28429843147
9.32938615599
9.44998839355
9.59271214663
9.73041328518
10.0124717016
10.1447152266
10.5858733071
10.8497371351
10.9554417313
11.1719416065
12.1172351302
12.25619487
12.429923715
12.7642535174
13.2445080487
13.8108225258
13.9504803586
14.2129018748
14.5543049165
39
