6.01414345513
6.0380341056
6.05780648763
6.10515918191
6.12132710785
6.13601208577
6.14395869108
6.1558603883
6.1631046839
6.20596568193
6.2224297681
6.24032488684
6.25702153922
6.27706448294
6.39553985118
6.42335905858
6.45857010382
6.4959913647
6.52675495552
6.55123237167
7.2568930643
7.30975139885
7.3733626167
7.45639208085
7.52224221463
7.55138738924
7.69693243785
7.90050963881
7.95328252232
7.99874906782
8.10559546258
8.22778382781
8.44716347925
8.4736021527
8.55240614142
8.63610027173
8.69760063051
8.77135350505
8.98861371686
9.37764751569
9.53450219069
9.75931814496
9.90060346291
10.188708399
10.5451526451
10.6171967394
10.9138613572
11.2329062704
11.4785379917
11.5489785064
11.8806963453
12.1331051112
12.1581807548
12.4458779643
12.7738328977
12.8304212783
13.0941270309
13.5667052023
14.2770190663
14.7314002989
60
