6.04779072343
6.06699631713
6.08683271156
6.11010932113
6.13053796216
6.14729670888
6.18481299475
6.22904865132
6.26496417853
6.29101076591
6.39388981938
6.43422542588
6.46476811466
6.4898515833
6.5415703602
6.67670655989
6.69650881857
6.71887934809
6.80630558303
6.86232029482
6.86730531867
6.97886205395
7.04138602788
7.06125683319
7.14289431059
7.18600484273
7.27845840155
7.3504016567
7.41231594445
7.49010546793
7.59195014162
7.62223323497
7.67764744219
8.02235482093
8.13827512693
8.14864592704
8.25307587014
8.26576532525
8.40743451306
8.48646744256
8.66431658782
8.79597164247
8.90342562097
9.00469189848
9.14932833139
9.23286671019
11.2837644402
11.8720430567
13.0822991355
13.596763555
13.9341322717
14.5644351594
52
