6.01489981708
6.04754992096
6.09848654602
6.12874448319
6.13277885553
6.15995411991
6.16744617521
6.18814383502
6.20861071181
6.21996537427
6.23851227716
6.25698975845
6.26800571267
6.28836407877
6.30091986194
6.3240332404
6.33465994852
6.36692986979
6.39753053088
6.42423754303
6.52239428335
6.52717466901
6.58806057898
6.60281302157
6.66665872052
6.75898912792
6.78343704677
6.8559494666
6.91067542909
6.98521038595
7.08683327066
7.1704902971
7.19409751619
7.23005914704
7.27908307686
7.35641565128
7.43423200775
8.79895251385
8.85639950813
9.07954214879
9.29703653753
9.42000409283
9.92509975725
10.2558914387
10.3751626281
10.5102574612
10.6399604618
10.7866532409
11.1784851929
11.5438428673
11.7570274151
12.0918863983
12.3118866584
12.6258421633
12.7609448293
12.9643509589
13.25448969
13.5724345232
13.7620437371
13.9046145034
14.1247116207
14.3520589864
15.2339918048
63
