6.01758182605
6.11933206204
6.30672692601
6.32881401263
6.35076912911
6.37599251079
6.41234017902
6.4318543143
6.45545915529
6.48418086317
6.51186792689
6.51967646935
6.57067609426
6.59454957059
6.59902710022
6.84822247317
6.89058040264
7.00549169982
7.06607073826
7.11161444661
7.1459340812
7.16046971421
7.42504527002
7.54120341354
7.57158474673
7.66480147661
8.68359884755
8.81580339628
8.9770752978
9.09011218626
9.19490301048
9.26400501578
9.50152251746
9.83038621294
10.138248466
10.2613799827
10.6204959497
10.9190405155
11.1442292897
11.2250006697
11.5565964126
12.0091892657
12.2525030771
12.4862999898
12.7418159701
12.9649340999
13.0659575378
13.1902419654
13.368958289
13.7488018246
14.0238347441
14.183515816
14.6831385936
53
