6.02323349468
6.03771630339
6.04865495263
6.05206503301
6.07314342588
6.09491767309
6.10687064773
6.12482215464
6.14880358466
6.22184443038
6.23236280922
6.26848166293
6.29986652017
6.34084847738
6.57459831233
6.61875281114
6.70027660471
6.71650798645
6.73432027061
6.75189509035
6.76193227775
6.79099088642
6.81049934397
6.9387397545
6.99781956306
7.07709400378
7.24873411971
7.30333493414
7.38181940524
7.70035851086
7.76870907385
7.85181689506
7.92048145593
7.98376705374
8.05932120714
8.15594468722
8.30611507635
8.43885295059
9.01906583845
9.05088898935
9.06547327331
9.10146721497
9.31431884102
9.473317385
9.59615235026
9.77452792049
10.224684982
10.324252663
10.5024149588
10.878580802
11.0826558957
11.2639822788
11.4533270052
11.7672073022
12.4677791703
13.0684655817
13.6258056084
13.9916300149
15.7865828106
59
