6.0203447015
6.03121724066
6.05049036337
6.06275047478
6.08954143737
6.09966427025
6.14162003993
6.14943882487
6.16570398523
6.1948973716
6.20327534786
6.23902008546
6.24720635031
6.266464795
6.27866520732
6.32459189919
6.3761592941
6.39155345074
6.41127132719
6.43927993033
6.44490431971
6.48501551837
6.51776630283
6.55763942039
6.57498810321
6.62331666684
6.66164065858
6.68824797417
6.77385555854
6.82987237914
6.86162091041
6.93333144577
7.09437994157
7.17766511719
7.2099526237
7.34130980779
7.39872256122
7.5710163559
8.01944831186
8.06905643785
8.29687042749
8.3783807903
8.56997892119
8.84296722675
8.95795142444
9.00845133119
9.26309386348
9.38860530115
9.58647665659
9.85063109872
10.171164925
10.7312129754
10.7536269153
10.7684563137
11.0934705392
12.9855778964
13.9212547542
13.9785534602
14.0121504504
14.0951956222
14.4514433295
14.9758820516
62
