$ Stimulation Interval(ms): 1200
$ Delay(ms): 0.000000
$ Number of data : 69
$ TSTOP : 18010
$ PN stimulation current max : 0
$ LN stimulation current max : 0
6.45000
12.90000
16.67500
21.15000
26.92500
30.60000
38.47500
43.52500
48.40000
53.52500
57.97500
63.87500
69.62500
73.45000
80.20000
90.67500
100.00000
110.15000
116.15000
128.02500
133.92500
145.80000
152.92500
165.25000
181.15000
217.00000
1238.70000
1264.27500
1300.20000
1322.82500
2432.72500
3628.05000
3641.22500
3655.20000
4832.50000
4843.00000
4859.85000
6018.02500
6045.67500
6097.97500
6127.45000
7221.27500
7268.52500
7287.77500
8420.17500
8429.75000
8451.12500
8463.22500
9650.30000
9668.45000
10833.87500
10878.40000
12027.35000
12059.12500
13219.07500
13239.92500
13254.87500
13278.77500
14431.22500
14457.55000
14477.87500
14504.45000
14531.95000
14567.25000
15695.90000
16819.92500
16849.45000
16861.55000
16896.05000

