$ Stimulation Interval(ms): 1200
$ Delay(ms): 0.000000
$ Number of data : 66
$ TSTOP : 12010
$ PN stimulation current max : 0
$ LN stimulation current max : 0
9.32500
52.75000
68.60000
85.52500
129.87500
675.75000
910.52500
1209.45000
1266.45000
1404.07500
1438.47500
1536.87500
1986.02500
2408.82500
2447.57500
2724.52500
3091.87500
3190.70000
3609.15000
3643.67500
3659.32500
3803.35000
3883.35000
4143.57500
4437.52500
4809.65000
4852.00000
4894.17500
5278.70000
5597.55000
5790.10000
6008.30000
6034.40000
6061.10000
6089.20000
6459.22500
6710.02500
6749.45000
6931.52500
7209.10000
7254.65000
7296.95000
7448.45000
7536.12500
8409.45000
8425.35000
8525.20000
8553.02500
8577.25000
8748.70000
9263.62500
9312.20000
9477.32500
9601.00000
9653.25000
9841.92500
10048.05000
10118.12500
10810.12500
10840.25000
10861.10000
10878.52500
11082.35000
11589.87500
11681.32500
12008.70000

