$ Stimulation Interval(ms): 1200
$ Delay(ms): 0.000000
$ Number of data : 87
$ TSTOP : 12010
$ PN stimulation current max : 0
$ LN stimulation current max : 0
10.22500
23.82500
51.00000
85.65000
117.02500
129.80000
225.27500
240.17500
273.40000
341.62500
864.57500
1077.92500
1097.40000
1186.65000
1209.45000
1231.72500
1403.57500
1437.17500
1467.32500
1651.60000
1899.62500
1985.90000
2044.00000
2348.90000
2409.87500
2563.32500
2703.65000
2725.12500
3140.37500
3306.10000
3580.25000
3609.02500
3673.87500
3789.10000
3970.60000
4143.22500
4220.07500
4731.20000
4811.65000
4868.72500
4964.10000
5018.75000
5053.32500
5427.20000
5449.65000
5470.52500
5728.60000
6008.32500
6046.22500
6117.50000
6219.72500
6404.45000
6456.57500
6473.95000
6712.90000
6857.55000
7146.22500
7209.37500
7254.77500
7316.90000
7510.47500
7607.32500
7665.25000
8071.60000
8130.35000
8409.77500
8424.80000
8440.55000
8453.15000
8479.72500
8587.75000
8832.07500
9092.37500
9609.42500
9861.27500
9931.67500
9996.02500
10212.55000
10366.85000
10612.32500
10695.40000
10810.22500
10890.92500
11034.57500
11182.60000
11657.50000
12008.77500

