6.00837766796
6.0197806945
6.02993815498
6.03750041123
6.04879918975
6.05986852132
6.0794197933
6.09770399415
6.10254607366
6.1065386318
6.11040342454
6.1149051249
6.25873325685
6.26599912228
6.28862111573
6.30636622055
6.3220867665
6.33332498432
6.41620184413
6.42110797803
6.44984569988
6.45682198372
6.46734360168
6.49458894302
6.49983011188
6.63189706312
6.64160886834
6.65248769111
6.68302650695
6.74784329013
6.75284773365
6.77875233583
6.78055935524
6.78541924471
6.79943412583
6.83500867313
6.8366866323
6.84491401599
6.86654068837
6.89523586496
6.91613390207
6.93347642156
6.96237803579
6.98506503125
6.9978960194
7.05334769421
7.07539830901
7.08483600103
7.10731998706
7.12279159649
7.17786241598
7.22903063354
7.27130011658
7.30017248562
7.62977754167
7.68512814521
7.73426915565
7.80676223861
7.81442444978
7.85123901735
7.86263987292
7.87670469638
7.91972879904
7.94070972286
7.94877652823
7.9791284493
7.99914891991
8.09034309149
8.09653204705
8.18734468267
9.21170983099
9.27585909176
9.33212429162
9.35327561937
9.42087433403
9.52372619204
9.56014751088
9.591020764
9.67367918891
9.71531280322
9.75302370573
9.90620429143
9.99679707044
10.7107888572
10.7252249744
10.8202474642
10.979874195
11.0984773921
11.1853860236
11.1987504242
11.2667831268
11.3007926855
11.3963806343
11.6887012798
12.6843172169
12.7535694824
12.9608865508
13.1270573758
13.2328491039
13.4560718558
13.5825503665
13.8255611107
13.9121459737
14.4619992315
14.550355742
105
