6.00441329305
6.00626719006
6.07924101059
6.09748538532
6.10247082076
6.10836302135
6.21826046168
6.22436376508
6.22642589819
6.24130718186
6.24891237734
6.25782122781
6.26608031101
6.27768966727
6.28637556213
6.2947343124
6.30339225336
6.30906137115
6.31357066622
6.35189077026
6.35937594386
6.36969308346
6.39240413307
6.40738694482
6.42687346214
6.43295947018
6.44192051034
6.4547968842
6.45586716833
6.4712222145
6.48210891092
6.49887753303
6.50292647259
6.52554768999
6.54431204835
6.571118138
6.57771884802
6.5988981543
6.62940412007
6.6309659777
6.64359688094
6.67500113128
6.74377826897
6.76178961823
6.79131368394
6.79995876015
6.82677490388
6.83976304786
6.84886234837
6.87087375069
6.89313602731
6.9122830027
6.91950112457
6.93000148923
6.97414929172
7.0385450143
7.06337965688
7.07586704333
7.12208236093
7.52132329431
7.5454514119
7.58071512077
7.62354347708
7.66803838843
7.89355340515
7.90992298353
7.93814884893
7.99429259455
8.19763006264
8.22099853206
8.25278826537
8.29290460541
8.33801971176
8.39533111896
8.47758792149
8.50813794327
8.56917352534
8.60162721299
8.66311809296
9.04536012313
9.16829374189
9.20485077982
9.2414671124
9.28593924718
9.33236464873
9.36444504167
9.44865657856
9.47513336685
9.51544925354
9.54743171284
9.65506785566
9.70530397053
11.814042625
11.9353875487
12.0879424651
13.503363332
13.5516873177
13.8760259127
14.0090701328
14.328299444
14.5530565754
101
