6.00653022504
6.02409785128
6.03653077399
6.04242509185
6.04857267128
6.05371339122
6.05420744118
6.0642845001
6.0785830789
6.08832899671
6.101035173
6.10630878254
6.1130857755
6.12032991582
6.12212136307
6.1233453319
6.13431807511
6.37588186933
6.38266648608
6.40073201135
6.41102844693
6.42715393423
6.45322235904
6.46876910388
6.48105480643
6.48986232391
6.50164586775
6.50486335265
6.51727919947
6.53348830818
6.54777636174
6.57840953125
6.59032834171
6.65271671798
6.65435449618
6.66687975732
6.69808753986
6.71287401235
6.74166166742
6.76809645672
6.76958774931
6.78963637268
6.80315299435
6.81442331794
6.84881059379
6.87034932516
6.90140449068
6.93589976105
6.95581284379
6.97631932317
6.98334345558
7.0114081877
7.01482288268
7.08057194255
7.08263784968
7.10714576927
7.14552364138
7.15494114407
7.16049441398
7.19133831822
7.20172530102
7.22388430799
7.24713633309
7.26124699377
7.27669336171
7.33987836897
7.44894248779
7.47162677451
7.50705798606
7.54971023891
7.57396104035
7.59546839738
7.62928302244
8.62627852228
8.65444275375
8.98343968126
9.14489277184
9.20031544683
9.24609669952
9.33307686362
9.37374817338
9.40856567142
9.43266939775
9.45739798152
9.56750768869
9.58734098572
9.62251535562
9.70659843655
9.75553208437
9.97425088963
10.0092073831
10.0844849308
10.1446182498
10.3077978207
10.354716103
10.496810318
10.6253013397
10.7438324235
10.8646690355
10.9534152948
11.1096735312
11.1646902571
11.2731332871
11.4786376423
11.5391443283
11.5981250049
11.7001236166
11.7843503349
11.8575604764
12.0342950377
12.0882753304
12.1980009015
12.2272780143
12.381042187
12.4761133668
12.5173222296
12.6622766037
12.6758651757
12.7502699441
12.8731536926
13.040719455
13.1878927757
13.4382994672
13.8137213984
14.1161726762
14.1494088956
14.2925704188
14.4744208995
14.8777355977
129
