6.02640927219
6.05150613538
6.06596342525
6.07148108354
6.07623370382
6.08071660184
6.08480026758
6.09100929158
6.09200213353
6.10042041473
6.10434208471
6.12559125368
6.1316978553
6.13576246941
6.14036480042
6.14440708427
6.15560082212
6.15739027276
6.16920834256
6.17560320764
6.18505820805
6.19666039139
6.22298487316
6.23052044307
6.24645216698
6.30679703197
6.31173688415
6.31702281313
6.31851193635
6.32405212961
6.32634764469
6.33716700114
6.45263884943
6.46429846732
6.48719321739
6.50251656668
6.50421090643
6.51939022294
6.536420018
6.7085244023
6.73626404175
7.09716776856
7.11236765648
7.38849129417
7.47421522081
7.72464780277
7.74024379273
7.77822324206
7.83585336443
7.96701422395
8.06673391098
8.09489710604
8.15094905508
8.19816128833
8.31017120897
8.3566176093
8.41655752921
8.45830356555
8.82734893766
8.89595596067
8.92910235375
8.97156183286
9.02669535137
9.06497803098
9.11729581658
9.20241552539
9.25334847911
9.26074108787
9.27858502822
9.35807263211
9.44427502731
9.63978865869
9.71949533148
9.72533736669
9.74896436735
9.81680983462
9.91182227791
9.97441977547
10.0516731048
10.2677317932
10.3296109991
10.3748658549
10.5332978051
10.6635479985
11.0705779476
11.0788679875
11.2251021207
11.3597294771
11.5262287921
11.6782127651
12.0339716483
12.1763545285
12.348938962
12.4443399517
12.5269461818
12.6723592227
12.7619346067
14.5816006618
98
