6.00254545969
6.0033878382
6.00616984896
6.02966535251
6.04327100508
6.06887722931
6.07956692922
6.08764778259
6.09957441689
6.11318782046
6.11449936328
6.12192378857
6.12947140533
6.13348110552
6.13991057879
6.15113743507
6.16139590705
6.17013024161
6.17491102413
6.17857181304
6.18277600059
6.18888271995
6.19982271109
6.20859325975
6.25670592043
6.27499791006
6.28343054366
6.28433066454
6.2991499526
6.3092629244
6.32554589126
6.33373004874
6.34810075832
6.36364016279
6.37439772604
6.37872211517
6.39227209405
6.43472660977
6.47893055509
6.48252924589
6.49566546824
6.50584962909
6.50972070765
6.53322237356
6.5533246315
6.60845171869
6.62393573658
6.64788246874
6.67993947974
6.69040616014
6.70318328741
6.72731542728
6.73563291931
6.74381785202
6.74543016412
6.77607330643
6.77899120153
6.79743821146
6.80736408036
6.82230121187
6.83644339929
6.842533385
6.85955295362
6.86849058254
6.87810222969
6.9111541192
6.94987560085
6.98276660388
6.99198787777
7.02724669156
7.05003455604
7.06226764078
7.07844835471
7.08066787193
7.17109341112
7.17687197491
7.17888239326
7.20660031444
7.21642472291
7.38170946016
7.55086235497
7.56259849809
7.63619216157
7.66628471053
7.68407490762
7.71693892851
7.74153552135
7.78014317771
7.79269364852
7.80642728269
7.83644036299
7.92056793065
8.44013468977
8.46554158916
8.47793645101
8.54390452879
8.592316699
8.6657002661
8.69492758709
8.73814270945
9.08738400407
9.55820025881
9.56424534416
9.66847577889
9.70266814053
9.93176776857
10.0166906475
10.0483554365
10.1083929272
10.1438387623
10.2151796602
10.2240359591
10.2603473561
10.3181508472
10.3842994995
10.4590256485
10.5060511199
10.5507714537
10.6353229809
10.6553947369
10.7144971898
10.722268128
10.8122998188
10.8961385221
10.9607387351
10.9969767266
11.2810033746
11.4886035462
11.5050130414
11.5341653832
11.6039387367
11.6390083867
12.1553475479
12.2631430543
12.3920735863
12.5463656095
12.6043011665
12.8487241063
12.9386607356
13.5968019171
13.6108241764
13.669993895
13.841549455
14.0412520421
14.0599828681
14.1461794448
14.2991129609
14.5755298407
148
