6.0064210591
6.01268275945
6.02136761988
6.02767814929
6.03588652839
6.04871015401
6.06917301789
6.07404349636
6.08219539427
6.14053996446
6.15046050154
6.15372205679
6.16740157119
6.16914336957
6.17848437865
6.18766114599
6.21585166046
6.22032565371
6.23232239108
6.2402022944
6.2455785312
6.25702862511
6.40677543452
6.41162539232
6.44431984542
6.45974654091
6.46485054899
6.48018177938
6.48931173698
6.51239073127
6.52511497961
6.53402509449
6.57315299443
6.60013727207
6.64085946378
6.70218207437
6.71388659644
6.75302463162
6.75662365461
6.78663229275
6.80498331848
6.80803092533
6.81177919087
6.81744239926
6.83809830945
6.89148058183
6.89613047014
6.89867944322
6.93993558544
6.954153562
6.97488496489
7.03102615469
7.06477518042
7.07608024985
7.11146902449
7.11749482277
7.14891327036
7.26761465873
7.28564022451
7.28752117403
7.32622260074
7.65346723601
7.66444670093
7.71155691741
7.7312793616
7.75134357822
7.8189000517
7.8267361256
7.8948470388
7.96047795234
7.9883682557
7.99710026428
8.01699227912
8.04808494817
8.07548651407
8.11473760108
8.12669200917
8.14181738861
8.26812059294
8.7625374695
8.79248265097
9.52068756154
9.59108504927
9.65571188718
9.81928330082
9.879076741
9.93847665355
10.0025178152
10.0806114709
10.2087978246
10.2238214286
10.2831846864
10.3402819325
10.4614417353
10.4883309005
10.5196780812
10.8497396072
11.0438951035
11.1785737596
11.2075388496
11.2156749415
11.4374858369
11.4582568572
11.6636729427
11.811261466
12.3049059619
12.4624018955
12.4936575991
12.5087802341
12.5994824543
12.7743300239
12.8476499527
13.6065588056
13.7420566549
13.9753501891
14.1044218664
14.3382644523
14.5738378464
118
