6.01455293714
6.01708021562
6.02260542013
6.02769099081
6.02966812208
6.0416843243
6.04386891368
6.05413583717
6.05521936685
6.05595271513
6.05644580885
6.08024543635
6.10166113901
6.10778002992
6.11600322494
6.11771063735
6.12449635332
6.13167056353
6.13858692321
6.13946794443
6.1548830248
6.16013219783
6.16153605132
6.16884725935
6.17544029114
6.189956727
6.19372525037
6.21934371743
6.22841318469
6.22987274657
6.23502676679
6.24569239462
6.26082648206
6.27597522001
6.27690581701
6.28102354202
6.28188097315
6.28857961462
6.30393426688
6.31947471026
6.33995354466
6.34444652195
6.36070921157
6.37384003621
6.38041172603
6.3879893851
6.39401887439
6.39981839504
6.4079245803
6.42278358613
6.44498779318
6.45458210792
6.46052837622
6.55811568446
6.58646508838
6.59387368889
6.59548370969
6.61972731152
6.62125141858
6.65270134461
6.67228731769
6.69318930186
6.69680993789
6.69808258252
6.7052581802
6.72045552531
6.72786146472
6.73791777184
6.76212736257
6.76958574336
6.78769652382
6.79538845356
6.8025353599
6.83541714688
6.83954923317
6.84736187066
6.87742430135
6.88574767406
6.8957264965
6.89856236738
6.91938938731
6.95201215782
6.95444796789
6.97691355106
7.01237197729
7.05776757299
7.09794305718
7.1105998125
7.16596001176
7.22835263847
7.23175961334
7.26594718069
7.34105370779
7.35075582165
7.40082741585
7.41216342027
7.45290388997
7.47193268702
7.51502784855
7.57357395657
7.59976867102
7.62065651342
7.64045612736
7.68111460154
7.72013654245
7.75127980407
7.81575762118
7.85898145876
7.87209792573
7.88426849089
7.94582193993
7.97524428899
8.02320566338
8.0359199607
8.05427754588
8.09873593611
8.13568210723
8.19790786662
8.25647424847
8.33538925136
8.40119711744
8.41933672508
8.44938997912
8.48739153443
8.52046907574
8.60249135379
8.64709382965
8.72956629537
8.77456249717
8.84556918696
8.95940108234
8.98216628846
10.1589218619
10.2818221691
10.4252488441
10.5067479309
10.5554102386
10.5639030511
10.6121755478
10.6198015284
10.6575140726
10.8096034964
10.8575958627
10.9764294757
12.1550795676
12.4258731621
12.4515925555
12.5269486446
12.7242909757
13.0440666091
13.1291174491
13.1959305656
13.2348114484
13.4636576778
13.5881530165
13.6461042572
13.8314996874
13.8576541395
14.3239819165
14.6064785694
160
