6.00234497611
6.0064152227
6.0126349452
6.02209298986
6.03019076065
6.03204431045
6.03696710533
6.0457039554
6.05973392868
6.062267417
6.11161082232
6.12166178899
6.24050716392
6.24622589584
6.25597057425
6.26778771823
6.26972556506
6.27381141232
6.28492093518
6.30129576411
6.31420759902
6.35815880356
6.36516388858
6.37879238747
6.39024713954
6.48549923198
6.49389297689
6.53790637821
6.54935738306
6.5548078447
6.56485825776
6.58182104227
6.61258909351
6.6646755339
6.6839719115
6.68527077935
6.69888724324
6.71889609806
6.73233648427
6.75342969274
6.75490368689
6.7617125822
6.79875415349
6.80845235053
6.81143134174
7.14287686995
7.14928841059
7.28453343909
7.30972412225
7.61790263372
7.67337678623
7.67573690306
7.68142397921
7.76626075388
7.79778532705
7.85702639729
7.90575339389
7.94758404497
7.97135943415
8.04341149794
8.05204457739
8.11446968932
8.21387051274
8.28201537919
8.34536339444
8.35862684882
8.72365279184
8.76658221667
8.84938411674
8.8755927781
8.96634138889
9.03412846658
9.1002382152
9.11914878702
9.2262619323
9.30461848233
9.38201200127
9.40178711662
9.51907280514
9.59130987423
9.69273877899
9.76287103106
9.79126384636
9.81870225273
9.90266949323
10.074218148
10.1853778918
10.2181547408
10.4407479733
10.5713806537
10.600596535
10.7372350551
10.7997085809
10.8074131397
10.8404001837
10.8652940654
11.0864026242
11.1089588927
11.1493699015
11.171389244
11.2597269062
11.4170822745
11.5599904722
11.722641313
11.8705594184
11.9310852195
11.9789766079
12.0496169413
12.1775593631
12.3490252081
12.569483167
13.1480224133
14.3477592358
14.5140371138
114
