6.0010079582
6.00262261509
6.01601614378
6.0329364365
6.03815672997
6.04428635679
6.06959129556
6.07760440298
6.09302379266
6.47160746404
6.4918046544
6.52385442479
6.5420322285
6.55454801723
6.56699049378
6.58718878816
6.59985440334
6.61601998412
6.62555134505
6.63851594432
6.65840358157
6.67585208107
6.68935431582
6.70378294452
6.74441622912
6.75634038454
6.76208775084
6.78077347028
6.81908303475
6.82853634405
6.84227561962
6.8707953964
6.89937594413
6.91825153452
6.92650521904
6.97584446636
7.05317652012
7.07704668354
7.12138569166
7.15685133327
7.1635251198
7.22003723944
7.22598609191
7.24788026945
7.31676423056
7.45382360812
7.50398350123
7.53746987971
7.57424624017
7.58893968581
7.65331541728
7.66064358125
7.71471604279
7.76112622
7.78630674976
7.82094804613
7.85156164703
7.9076229174
8.01754853549
8.0222893524
8.07370881925
8.1257097304
8.14767560279
8.17306522055
8.18850643888
8.24106887102
8.39280224327
8.40498131743
8.40850004465
8.53682212446
8.57315815041
8.61121797263
8.89813740548
8.97239510782
9.66930572957
9.8417738649
9.87650784453
9.89769749305
9.9368746412
9.99396282276
10.138589946
10.1581191091
10.2250976599
10.3020378642
10.3737077617
10.5077906755
10.5496910199
10.5866067593
10.6208034052
10.7160107712
10.7600151601
10.8389570335
10.9707673594
11.0220641653
11.0894617992
11.2387455893
11.3136947165
11.3754389301
11.3931246478
11.5006134427
11.7179007359
11.8010454739
12.2097271362
12.705713034
12.7170652852
12.9545970844
13.1082981248
14.367281697
14.5185868298
109
