6.00301096489
6.00394623798
6.02121620697
6.03524647464
6.04115383353
6.04990448133
6.06759245215
6.07500196251
6.08241838031
6.086540349
6.08922762195
6.09756159685
6.10009614354
6.10351971412
6.10938708068
6.11920006435
6.12996675953
6.20381560323
6.20492046245
6.21593879838
6.22262227355
6.23568515603
6.25828991292
6.27015887904
6.28202547036
6.28583346438
6.30369804311
6.30526051107
6.3855517405
6.41970811937
6.43258574737
6.44596063842
6.54357838236
6.54687258909
6.5794611279
6.69697671433
6.70553858947
6.71592726458
6.75062008185
6.81753386544
6.85959311074
6.87152926776
6.87628424203
6.87977385664
6.90301494935
6.90828341943
6.93578713367
6.95066956905
6.9630928014
6.99979681251
7.03286103272
7.04259819113
7.05397348255
7.08340853461
7.11809156333
7.15398774722
7.16365524871
7.21230029885
7.23863616612
7.28918934007
7.30381245277
7.32113901208
7.34047712891
7.37033617919
7.38804345501
7.41540800537
7.41901579864
7.44732001334
7.52650694161
7.59830322829
7.63685616427
7.68295217555
7.70758726402
7.76112214853
7.78931523554
7.91667270808
7.92446659962
7.92813144902
7.99142224795
8.08331868339
8.11159762669
8.13597126884
10.087192601
10.1580398757
10.9020989015
11.2541142447
11.3193709539
11.4764183646
11.4893038501
11.5546476366
11.5977686932
11.6849363935
12.4848074319
12.4944883622
12.6334316094
12.6492993794
12.8581853473
13.0606418636
13.1761282842
13.2505598322
13.2924108648
13.4332717285
13.5990387533
13.6966742447
13.8179752349
14.0828782383
14.2544824835
14.6009924365
108
