6.00128251612
6.00857259064
6.01547292072
6.02987132314
6.03108616485
6.03863500771
6.06182435522
6.06397132854
6.07041520759
6.07447677907
6.08804460525
6.09042374254
6.12061407348
6.14953646426
6.17081580274
6.18307590468
6.19382929494
6.19820694392
6.20628634782
6.21362625681
6.2374903244
6.25674113999
6.2655299335
6.27080690075
6.27650336646
6.27769622452
6.28301469935
6.29847035963
6.31307029315
6.32291918183
6.33296043189
6.3516775176
6.3686000034
6.38695428567
6.39121645437
6.40067745287
6.41095765094
6.41520049622
6.42572294328
6.430147452
6.4519841558
6.46034257522
6.48599560764
6.50044408122
6.51697610822
6.73620172458
6.76552999146
6.78111903333
6.82375905065
7.20962417188
7.24428355158
8.08581156079
8.12488103803
8.16196558316
8.24097967194
8.28819910095
8.36220384341
8.40916394646
8.46261261702
8.52207055767
8.62202598402
8.79067032833
8.83712615358
8.85351201926
8.87288229667
8.96812004971
8.97455645044
9.06192095612
9.16356105336
9.18878457416
9.2232414818
9.38631016931
9.48816263747
9.51333942815
9.54661085665
9.70160195766
9.75881189707
9.79314791285
9.88113034007
9.89055421153
9.9390138868
10.0631464294
10.0729680878
10.1936605116
10.3042904444
10.702384091
10.7936200779
11.1780783382
11.3099858047
11.4297149513
11.4972538688
11.5550011055
11.6927810331
11.7036356157
11.8698097355
15.9156863336
96
