6.00600083872
6.00980029238
6.02264205079
6.02782722505
6.03700731569
6.04273658146
6.0436270481
6.04713729262
6.05240041225
6.0590984497
6.06514647529
6.06716086631
6.0791638888
6.08999743609
6.11137361515
6.1223782007
6.12975693642
6.13896998458
6.14203116697
6.57191987756
6.59950360892
6.60620842596
6.62634179595
6.64839153553
6.64965217596
6.67527888331
6.68681763754
6.68797839802
6.70251344501
6.78326942743
6.79201902424
6.82366253029
6.82997517466
6.85260432681
6.86897975101
6.88640853049
6.9008043157
6.93238946895
6.96323927944
6.98112473565
6.98783412306
7.01241129166
7.09151017499
7.12482520175
7.13680922389
7.25730957708
7.27577142903
7.30752988491
7.31155171319
7.34779937997
7.37247457051
7.38141358896
7.42689223489
7.4420674552
7.46473748962
7.52062751092
7.554901738
7.87322306901
7.91349663963
7.96411377619
8.00016620933
8.0301114668
8.03696397837
8.08638188512
8.18678110441
8.18932183276
8.21352716803
8.22593076562
8.27991149787
8.36903564194
8.47761267685
8.54401133369
8.56987095563
8.65048147971
8.69291828394
8.71228845476
8.7495935683
8.81748758509
8.85738812674
8.88055488209
8.91296697049
9.10007734081
9.12750931504
9.13123622233
9.25674266461
9.38894566355
9.3985200376
9.40387816382
9.44162483926
9.48932618171
9.53196635865
9.57509393278
9.71405443519
9.76200377638
9.80707468277
9.96367238878
10.0548361015
10.1101615179
10.1493892243
10.1989452812
10.3862963413
10.5857546625
10.7453851929
11.017121132
11.0358214093
11.0550788599
11.118252698
11.1997717968
11.2581900572
11.4187672922
11.4615648752
11.5190557059
11.5717535371
11.5975636882
11.6979372394
11.8599619479
11.9943125178
12.0558887521
12.1998522066
12.3330262797
12.4581273944
12.6367509402
12.8189613602
12.9499469306
13.0655488238
13.194497369
13.4346461984
13.5210922436
13.6280588201
13.7454584822
13.911059925
14.1789146872
14.2721527283
14.5599930469
134
