6.01178537841
6.04281557172
6.05113829116
6.05609052779
6.06809095222
6.08369942567
6.08953895514
6.09631973747
6.10455739947
6.17019712684
6.18408683544
6.19171570504
6.19571294186
6.20478243445
6.21103318829
6.23150942189
6.24822150948
6.25279701383
6.26659535228
6.26841854184
6.28297411873
6.28928104955
6.29603114458
6.30774965308
6.31450859182
6.37064745666
6.38787092789
6.40278153328
6.41535679065
6.43711687248
6.44154644851
6.45632953253
6.47543742972
6.47937280632
7.31868175745
7.32981579371
7.41869674755
7.45333857286
7.48819788403
7.51944880626
7.57096043328
7.61661123561
7.65146153217
7.66823548882
7.683319334
7.70745486285
7.74958048276
7.80600986107
8.26074499532
8.27935888122
8.31963141061
8.39643764225
8.43566341789
8.48846117319
8.53976082747
8.79174944544
8.82222768545
8.83000414694
8.8993975885
8.94617009035
9.01804233138
9.09808192537
9.10330444429
9.61934102426
9.65026373081
9.74367342292
9.85873679816
9.97431987102
10.077848385
10.2056002073
10.268142639
10.3194355531
10.3374868359
10.3488942723
10.459604901
10.5484112708
10.8945883977
11.0447474817
11.1547566904
11.1694350496
11.2737744888
11.7600145351
11.808738718
11.8535067771
11.8805786303
12.0079742829
12.425190551
12.4787848993
12.6527340626
12.8306783631
12.9376735125
13.0345237697
13.2459314641
13.2565366726
13.4586709734
13.7997758044
13.9179603654
14.2083900767
15.069843722
99
