6.0061873705
6.01397385445
6.03373634379
6.05057583224
6.05901728528
6.07894365109
6.09370647714
6.09437103928
6.099945334
6.1106278115
6.12242717731
6.12500150333
6.1309242314
6.14087022803
6.14256409992
6.1478592513
6.16199651421
6.17097115318
6.17734610942
6.18241151782
6.1835557689
6.19095450802
6.19467075576
6.25402838553
6.25765077861
6.26237940474
6.26993700382
6.28166010674
6.28523799486
6.33155291781
6.33247338636
6.34463974861
6.36376529756
6.36557454555
6.3694517828
6.37637542393
6.38392626815
6.38582849173
6.3869662425
6.39065304696
6.40321300297
6.41147004776
6.42108009865
6.42825469005
6.43220540851
6.4392743588
6.45205787352
6.51688210267
6.53559928313
6.56047336236
6.56466493931
6.57471044132
6.58831776921
6.60964091706
6.61942532288
6.63397682413
6.68141953628
6.71008487155
6.72643668862
6.74420784437
6.78160731464
6.78854031094
6.79702376555
6.80341894943
7.86301207896
7.87081983946
7.92510886888
8.01944002654
8.0718283332
8.13600981714
8.19500258382
8.19891809806
8.21955806509
8.29649815023
8.31958729872
8.3880308199
8.45731612507
8.83908198056
8.89444629843
8.99907647264
9.03077315942
9.05969587847
9.11001856799
9.19578220493
9.33602974939
9.43816782937
9.52472174079
9.72679258139
9.79561436795
9.89575370346
10.0256521974
10.1985156926
10.2584525827
10.318118847
10.4249162953
10.4819740187
10.5016873312
10.5955920043
10.6829413074
10.7253315307
11.0658667658
13.3030047531
13.3351951337
13.4504811537
13.7033631394
13.8523477612
13.9448422558
14.88473682
108
