6.00431406051
6.00843625338
6.01770029966
6.02212318253
6.02856755043
6.11357331452
6.20281310739
6.27169150427
6.2755353957
6.29725511777
6.31550059583
6.33237302144
6.34349334535
6.44200603663
6.44947955722
6.45332473961
6.47884481076
6.50126003181
6.53838591905
6.55679433195
6.56590292195
6.57658219314
6.58167506242
6.59037905506
6.61190667425
6.62315472427
6.6718940909
6.71165784247
6.72895957285
6.74595468164
6.75211731171
6.76846573195
6.8019837672
6.80408668826
6.82075182819
6.83475215175
6.86541937216
6.88712516015
6.90207515521
6.93395037653
6.95083588881
6.97905618455
7.02673716853
7.10710162714
7.11208842861
7.13479838151
7.15892119607
7.16852151014
7.22829341819
7.26399120049
7.28273051033
7.39954664799
7.42065029235
7.42366631957
7.43795207416
7.45687318545
7.46994919658
7.51827975056
7.56311727515
7.79337213476
7.80048523015
7.84407929439
7.86158704372
7.94727740186
7.9532729394
7.96784041563
7.98215079314
8.03884496656
8.04756785751
8.11222622457
8.13996572267
8.16411281072
8.32065824869
8.36762994147
8.38884502304
8.68748645877
8.7935676809
8.83945762658
9.02072809991
9.13515611976
9.14321904355
9.1569101592
9.24416463836
9.27882465808
9.31051418226
9.34229114818
9.37254043937
9.52822328791
9.55269562114
9.60075011345
9.67588370812
9.72166686066
9.72771200032
9.76623899714
9.84995301976
9.87801032624
9.88608523505
9.97812509179
10.0656148492
10.1064326756
10.207752946
10.9216102095
10.9792864595
11.1068991322
11.180230132
11.2106471399
11.2707910946
11.6392589008
11.8676356146
12.0801336629
12.4631562858
12.603959085
12.9465281842
13.0561451137
13.1984230685
13.3730594453
13.660140701
13.7189558758
13.8274749837
14.257598189
14.5315326766
121
