6.00089267683
6.0117660993
6.0166072465
6.0217086406
6.02306330446
6.03095440343
6.03765356536
6.04435783519
6.04560146848
6.05086396382
6.05974033539
6.06908473728
6.14364453467
6.15188108372
6.15768791433
6.17196185992
6.17639484596
6.25286321159
6.25608299505
6.27598758114
6.28483472494
6.29764237074
6.31240801575
6.32342478347
6.32500247282
6.34520445213
6.36197722248
6.36980849301
6.37637860659
6.40401103661
6.43562633156
6.449940187
6.45552957856
6.46683269741
6.49732131743
6.53448081375
6.56998722807
6.58143422958
6.58854521741
6.62155790227
6.64532326342
6.65377158933
6.65894322878
6.70281861006
6.70874202736
6.77196768586
6.78767236645
6.818525319
6.83448942695
6.8658271488
6.88421131861
6.91196566417
6.9226599698
6.93840601354
6.95317888426
7.46624948285
7.47215733956
7.5027241374
7.51287666022
7.54803703637
7.55943664242
7.94981824228
8.02871298565
8.07994837009
8.26120970311
8.26799568478
8.31107323067
8.33310201665
8.38384052858
8.4354412571
8.45026428638
8.53422158192
8.58070095756
8.59921666873
8.67856021511
8.68207524764
8.76321778387
8.82001166704
8.86599644174
8.89782323886
8.9609506184
8.98345086991
9.01005988535
9.02912572538
9.10101725243
9.21054255326
9.22154838766
9.34477806997
9.40096729275
9.41794144943
9.481764167
9.54520411861
9.59095115927
9.7039892699
9.72522245239
9.79450539219
9.86687575324
9.95506466928
9.98462225096
10.0852275263
10.193685551
10.9803002054
11.0673441082
11.1993321805
11.3837612088
11.4506108398
11.5374710025
11.641851079
11.8007546511
11.8855018588
11.9482895799
12.065710496
12.1369993291
12.2459237286
12.2920810158
12.7274138789
13.0298884466
13.1608592999
13.2653443855
13.5213787716
13.5880847511
13.6642429763
13.9038780333
14.1507726243
14.2001076058
14.2202799141
14.3382359638
14.569666657
128
