6.00920144706
6.01429501724
6.01703134413
6.02503525834
6.04077210348
6.05057694103
6.05136859668
6.06033346691
6.12231706009
6.12549298882
6.14031460325
6.15226262869
6.16419794169
6.17465682877
6.18303953463
6.18540870167
6.19890517035
6.19970552836
6.20288569435
6.20353669774
6.2049578532
6.22063186481
6.24067776022
6.24516839599
6.2622997792
6.27995015659
6.30311024491
6.31528311803
6.32612932308
6.3349732233
6.35683818217
6.35890188867
6.50495228094
6.52336304944
6.54358649202
6.55316071226
6.56031637004
6.57581221297
6.58199865577
6.60897131026
6.62290007481
6.63169613977
6.63589446697
6.6612872122
6.696478467
6.69817388322
6.7240311221
6.73546773622
6.75300576617
6.78798997771
6.83785976848
6.86442781893
6.87284939931
6.8916911621
6.90396892804
6.92693313801
6.95639140235
6.98284259019
6.99791767037
7.09014881631
7.12793441736
7.17302341349
7.20151706205
7.22681024234
7.26167357082
7.29849298725
7.36711197727
7.39857509777
7.42906716349
7.45142885856
7.49988798787
7.53259543756
7.57104856358
7.63362219047
7.67129645235
7.69274138727
7.71383617393
7.7698793322
7.85650366005
7.86185455628
7.89905683505
7.90428605144
8.08705880037
8.7683547939
8.78548415651
8.8486461298
8.8655290533
9.03648481315
9.08947657579
9.16140614121
9.19811205763
9.25389822965
9.31201534638
9.41229532264
9.48051135028
9.69884997566
9.81333830258
9.83470668966
9.84461025871
9.94772336382
9.99754839543
10.0897939281
10.13772927
10.2859514325
10.3070047051
10.3492413247
10.4616841529
10.5421960395
10.6326710585
10.698429411
10.7511839105
10.8898205564
10.9968133371
11.0845228811
11.1163519748
11.2236678647
11.3151667857
11.4238777143
11.4750283507
11.8561233604
11.9869242255
12.0926450865
12.1730202397
12.1951524071
12.3778384023
12.5946521104
12.690486753
12.8184263415
14.9255195736
129
