6.04123401455
6.04621532193
6.05378538625
6.06050297957
6.06269583724
6.07626376261
6.09228784547
6.09483625474
6.10305982308
6.12168867407
6.12899926739
6.13692806232
6.14333630131
6.14934469167
6.16966934218
6.1720011275
6.18080223815
6.18675646539
6.29488900399
6.43098219815
6.44492976579
6.45105473063
6.4542084964
6.46989178704
6.47783484383
6.51106341149
6.53347907216
6.54027654967
6.56055041614
6.56697639169
6.5718818659
6.58516057303
6.59284225374
6.59792619059
6.65556885495
6.6809526064
6.69411055169
6.71417099428
6.72088913647
6.75968666506
6.76624685111
6.78172697267
6.78586901735
6.79346761696
6.79507979216
6.81937009823
6.83695211558
6.85747369233
6.8742051721
6.88437662668
6.89791578452
6.92468626264
6.94222080586
6.95136987844
7.00014053168
7.03023740083
7.04366443867
7.0687547759
7.10440104524
7.10639569781
7.12562903671
7.15391695683
7.19595420372
7.23088389114
7.25301621122
7.28084673325
7.3089134767
7.53834739651
7.55165454244
7.58435137443
7.61419474604
7.61873195682
7.67436435978
7.69763053706
7.71455074321
7.73200646604
7.73520598053
7.79250559681
7.81467458161
7.86134935855
8.71086409789
8.80330652093
8.86257636563
8.89148428382
8.96381388947
8.98818836815
9.22247841914
9.28728205968
9.32939297601
9.38632257417
9.46808431551
9.51559555355
9.57601857707
9.58075292561
9.58800097996
9.5949570114
9.72546931393
10.9666710315
11.0574435603
11.0812643921
11.1997292358
11.3441331027
11.3562962789
11.5584663604
11.8108590274
12.9240143596
13.0111603358
13.6148722841
13.6403109496
14.08863932
14.3935177255
14.7013638291
112
