6.0007446235
6.00569419117
6.01080220026
6.01176049772
6.02830645178
6.03139656657
6.04403392743
6.05343998472
6.06613837703
6.06889131896
6.08437206167
6.08599263548
6.0878030099
6.09014096239
6.09247754401
6.09638100821
6.10475277089
6.10594721973
6.10674450639
6.11350330098
6.11936941311
6.40690531284
6.4119215559
6.42451269831
6.43523663746
6.45278733996
6.79832747169
6.82132301202
6.82984591123
6.83261310916
6.8553304921
6.87610815509
6.87821109262
6.89433124903
6.91480706239
6.9373293161
6.95497085193
6.96653807031
6.9832205108
7.07131638161
7.07971071065
7.10239419371
7.14912635046
7.20865996759
7.22005298124
7.27364312948
7.32353950116
7.34505222845
7.5194066219
7.53082482187
7.59136303635
7.64248462424
7.70892022048
7.77070060619
7.79176903156
7.85195907339
7.86391268443
7.89445554212
8.80374554762
9.07747934462
9.12663196559
9.16454950378
9.2277565364
9.31140376045
9.36191008271
9.42382318968
9.45601273197
9.53871694902
9.57198073548
9.57932011242
9.66665356318
9.67358010037
9.73512881911
9.78789513744
9.850261878
9.8988356827
9.91305924
9.92785734891
9.99983773708
10.0877746038
10.7145914146
10.7893398648
10.8467766521
11.0042061226
11.0860391625
11.1957713698
11.2478710594
11.3106135031
11.7832290688
11.9465386968
12.7718976817
13.0734811795
13.3346190438
13.420545666
13.4940096063
13.6938221555
13.7734794839
13.8000074209
13.8994496082
14.0612531051
14.1970975898
14.3301126028
14.4592934628
14.4797556534
14.7097796157
105
