6.00576241617
6.02576514254
6.02636997351
6.03911778066
6.04078290165
6.04401537572
6.05058972079
6.06149239344
6.06616863656
6.13255867908
6.13598122365
6.14471606154
6.15407840255
6.16749051375
6.20733209957
6.20885145422
6.22001752105
6.22145153367
6.22216830678
6.2285063054
6.22911449084
6.23571373948
6.24140022871
6.25181343333
6.25635466169
6.2608695317
6.26889203857
6.2735294686
6.29284108094
6.30660254886
6.31164398603
6.31883508853
6.32888675301
6.33196590377
6.33798701372
6.35111391371
6.36147233094
6.37975025367
6.38394622486
6.41060383517
6.42750754368
6.4342042543
6.43737266763
6.46515524348
6.5005775136
6.50942002552
6.53847117319
6.55445110233
6.56307979525
6.59963748769
6.62756874118
6.64714658863
6.66163285392
6.69414924756
7.69295964155
7.70489160092
7.74351200651
7.8353735298
7.91040591913
8.02192143923
8.03267593621
8.0367253737
8.06795983509
8.10170984108
8.2120529299
8.2615960873
8.2876658283
8.37474412128
8.43913558836
8.48633281596
8.52943081604
8.63375531395
8.73825920356
8.74625905506
8.75457695569
8.83348846109
8.93295754552
8.99828345966
9.08772331727
9.162199525
9.18873236671
9.23779920293
9.25347744742
9.34790301341
9.65851692998
9.68825377592
9.75489356855
9.78614429196
9.79098494394
9.81413923262
9.89274771805
9.93730847465
10.1319194772
10.1372570188
10.2482610014
10.3074138632
10.3174186371
10.3495679023
16.3254269094
99
