6.00590223413
6.04693949765
6.05714561013
6.06515672952
6.06935467982
6.0764990779
6.07881080263
6.0862652748
6.1230925918
6.13807110213
6.14691143803
6.1593476874
6.17156605314
6.17745871319
6.18946698805
6.19438942186
6.20917908851
6.26209937073
6.27286215011
6.27983672561
6.30041332103
6.32316530392
6.33343753641
6.40896368671
6.41375096289
6.42551999687
6.43374322239
6.44740218274
6.45426411047
6.45648621888
6.4837841516
6.58569063392
6.61689289822
6.62369832797
6.63701067236
6.6787391141
6.68730915841
6.70978354227
6.71611984481
6.73012018011
6.75334031508
6.76780891437
6.78480727724
6.80170050948
6.84641784284
6.87944982046
6.89762092839
6.92466695463
6.97160732064
6.97854705604
6.99200631357
7.02021993167
7.03085348064
7.04879285312
7.10699437454
7.15652171167
7.16031202151
7.16240762057
7.16823221754
7.17995192789
7.19913906373
7.22816206028
7.26379867622
7.31542839095
7.34341903989
7.34712955706
7.35768824311
7.36011857465
7.3900717366
7.40604957034
7.43356056692
7.45520473975
7.49386580242
7.52641093776
7.90604983096
7.95533785916
7.98258535305
8.02514834116
8.07033915048
8.12186504967
8.22108694849
8.32426260299
8.34990469421
8.42569185187
8.44560400191
8.49130750207
8.53084619792
8.57022139436
8.62887622733
8.63393167789
8.68052880045
8.76451964859
8.87034049677
9.11233643769
9.22600074713
9.24118478099
9.30942868269
9.38046015869
9.41126400784
9.46251454485
9.4859386626
9.52744090156
9.582573669
9.59280672295
9.59953632167
9.73215523663
9.87801981553
9.89901610276
10.0299005216
10.2112847659
10.2698859382
10.3579777252
10.3937414597
10.4491815265
10.5905018819
10.6193337132
10.8893360256
10.8948849331
10.9365943338
11.0354166749
11.2419879466
11.4018683446
11.4094304119
11.5526169917
11.7355243865
11.766226254
11.7764763344
11.9267976173
11.9755015209
13.2271167991
13.4333436175
13.6826450999
13.8435872508
14.6179157307
134
