6.00583550801
6.01614938062
6.02387009386
6.03207517446
6.11945352479
6.13288290453
6.14849277449
6.15330674388
6.1605958088
6.18295930728
6.194855266
6.19561402582
6.22323843596
6.23184270003
6.24824132721
6.25552825644
6.25620225007
6.26271725531
6.29306917643
6.30351345062
6.33953819517
6.35581382627
6.37738169236
6.39080128194
6.40155894433
6.40890030479
6.42869996539
6.45755634558
6.47442284423
6.4965910816
6.50330991964
6.50879066286
6.53824235292
6.55176386272
6.57602311691
6.58166931503
6.58372405767
6.59093293855
6.59743618871
6.61216665152
6.6258318783
6.63406014947
6.63669850287
6.64686130753
6.66567171835
6.69298632741
6.71203552146
6.72421925884
6.73340522185
6.75935210889
6.79410717121
6.79562597819
6.82558197604
6.85618533013
6.88268158346
6.94288842685
7.06178915002
7.06517423702
7.09161344662
7.12018384835
7.14693801568
7.18845714873
7.21605071591
7.26441602605
7.32562808573
7.32966605027
7.35136106086
7.36957817906
7.37196320674
7.39731505493
7.40541008365
7.43782510178
8.54155343198
8.58096270836
8.62068949355
8.64340588692
8.66710788069
8.70715624958
8.71884290842
8.79144544184
8.87264080799
8.91740204097
8.98044837167
9.09950940398
9.11608085298
9.22639387502
9.3033686376
9.42851826003
9.48181126062
9.58028797865
9.62733090225
9.64237935458
9.74452067105
9.79719035921
9.8025192478
9.91863299258
9.97887950126
10.1071457509
10.2845735541
10.29008549
10.403546203
10.4861182462
10.5827760619
10.6313145243
10.726220972
10.9427096986
11.3817624499
11.5117974152
11.5297986505
11.6079542941
11.6901107765
11.7835927711
11.7986476588
12.062319009
12.0772351825
12.1646590786
12.2028442365
12.2600168396
12.3810779705
12.6628533027
12.6798126203
12.9279869004
13.0169810974
13.2140771673
13.3251991516
13.4318434272
14.0801328368
14.2328042959
14.4124287338
14.6791463704
130
