6.00306368748
6.00609309666
6.01186425542
6.08910370971
6.09294423318
6.10278578882
6.1124465353
6.11586453956
6.11801728917
6.14588985032
6.15787653188
6.17156135673
6.17335677791
6.17999100236
6.18942973286
6.20031378753
6.2031106553
6.21876631426
6.23167544808
6.33265606533
6.34547814706
6.36345629833
6.37854945921
6.38068089233
6.38990664541
6.39926917365
6.40603209679
6.41298821529
6.42296893879
6.53109828432
6.54007920831
6.56135837831
6.57181358541
6.57296198815
6.57573658766
6.58970782764
6.63374790757
6.64120125889
6.66121558027
6.66835320667
6.67832157043
6.72020996096
6.73980307921
6.75924694412
6.79824597105
6.83706324539
6.85096231059
6.88078695311
6.8908746022
6.89463000622
6.9299252888
6.94913040241
6.96121346809
6.98622625777
7.02452527642
7.02830008189
7.03549441428
7.04652276114
7.0529063642
7.07367930877
7.07867125296
7.08463105807
7.09914231
7.11929385295
7.17485414884
7.35231651211
7.38586993398
7.44347516582
7.45355733936
10.1178330147
10.3289508545
10.382464909
10.5982671626
10.7218585614
10.7849710212
10.9762429152
10.982508741
11.0271152443
11.1665841078
11.1857560255
11.325212572
11.3924775778
11.4314739322
11.5933181809
11.7636962268
11.8232780998
11.9527305279
12.0063660202
12.1097064131
12.4040699721
12.6899891945
12.8606931251
13.5266299983
13.5810942132
13.7297393019
15.3214993724
96
