0.252925
0.270900
0.449450
0.547425
1.493175
1.738550
2.203575
2.230600
2.564150
2.631700
2.699975
2.843100
3.884400
4.365250
5.047775
5.075000
6.113775
6.263475
6.437075
6.686625
7.211825
7.237675
8.245525
8.692000
9.463900
9.478625
9.811100
9.861200
10.065075
10.549600
11.102475
11.133075
12.060250
12.253875
13.839900
14.227750
14.650075
14.683275
14.730425
15.052675
15.070850
15.524525
15.882125
16.344275
16.892100
18.249175
18.261325
18.312350
18.324550
18.455075
18.521625
18.782850
19.466475
19.656750
19.712225
19.987375
20.133725
21.866600
21.873025
21.980875
22.053750
22.942900
23.042950
23.083200
24.676750
25.100725
25.784925
26.122550
26.200625
26.549900
26.564925
26.806925
26.903300
27.867575
29.080150
30.047475
30.344550
31.682200
32.696975
32.987825
33.018875
33.038200
33.332900
33.885000
33.931475
35.250050
86
