0.318625
1.537850
1.546875
2.083075
2.374950
3.138950
3.246025
4.248375
4.883750
6.288825
6.320425
6.329700
7.638800
8.685375
8.705225
8.821825
8.862700
8.873475
9.925450
10.353450
10.364725
10.379300
11.035875
12.001275
12.308025
13.491425
13.973000
14.321275
14.806400
14.859450
15.368225
15.526750
15.795425
16.009175
17.070425
17.897350
18.268625
18.328350
19.434250
20.756850
20.867450
21.813775
21.834125
21.923850
22.009500
22.184675
23.861725
23.985750
24.135500
24.234275
24.242100
24.262250
24.700900
25.033775
25.076950
25.951625
26.487800
26.734925
26.831900
26.907600
27.759375
27.895350
27.970425
29.242675
29.422625
30.796150
31.295625
31.582775
31.736525
32.813600
33.011625
33.836600
33.848575
34.360625
35.081700
35.399700
76
