0.289700
0.666225
1.314350
2.675800
2.677900
2.973475
3.878800
5.718650
6.256775
7.124050
7.696425
8.260500
9.359225
9.945000
11.490400
11.975600
12.310150
13.155600
13.280725
13.442300
13.477225
13.997925
14.705600
14.770675
14.810975
15.646050
16.855350
18.263600
18.292600
18.309175
18.523425
18.975300
19.488325
19.841500
20.889750
21.098150
21.823375
22.880375
23.018200
23.073200
23.178100
23.208550
23.275375
24.021725
24.276150
24.292300
24.436175
24.726375
25.349150
25.628550
26.048925
26.167250
26.633600
26.754975
26.839925
27.576200
27.728350
29.218775
29.528425
30.281075
31.257375
34.002100
35.051000
35.212150
35.460125
35.920325
66
