0.238800
0.284200
1.270100
1.720100
1.967925
2.634025
3.791300
3.836325
3.865975
4.110675
4.996150
6.002700
6.138400
6.377700
6.473350
7.537450
8.139000
9.290450
9.567850
9.819075
9.851925
9.954750
9.961700
10.995725
11.017700
11.027975
11.967325
12.272475
12.279525
12.371850
12.383075
12.980700
13.405850
13.476150
13.510200
13.526650
14.378450
14.656700
14.687950
14.708825
15.290950
16.650500
17.073125
17.172875
19.120000
19.498950
19.611725
19.870300
20.308075
20.650975
20.677825
22.185975
22.983900
23.159625
23.248200
23.286150
24.467025
24.515275
25.220750
25.345525
25.424300
25.444475
25.461275
25.498750
25.521400
25.792800
26.263200
26.610325
26.663600
26.707725
26.721100
26.965100
27.849300
27.852350
27.973100
28.054175
28.423100
30.268050
30.400075
31.265025
31.437375
31.540825
32.089375
32.093600
32.665075
32.789775
33.584775
33.710750
33.814600
33.846800
33.890950
33.951850
34.143175
34.794950
35.055975
95
