0.007450
0.244100
0.262325
0.281450
0.300500
1.074625
2.044100
2.055050
2.820500
3.052150
3.701125
5.095750
5.474275
6.017625
6.043300
6.281650
6.336075
6.513600
7.074900
7.431375
8.883450
9.149525
9.295600
9.906975
10.017575
10.357625
10.474050
10.682900
11.225725
11.712900
12.582025
13.225525
13.563675
14.625900
15.876300
16.873350
17.246875
17.739650
18.331625
19.573150
19.927450
20.832950
21.529750
22.582675
22.841500
23.102575
23.327325
23.779275
24.115925
24.248825
24.934100
25.425400
25.438175
25.463400
25.473800
26.351225
26.788600
26.859600
27.416600
28.480975
29.233550
29.684800
29.892000
30.734775
31.473975
31.510775
31.626975
32.131900
32.673625
33.846150
33.907300
33.951000
34.046550
34.465425
35.060375
75
