1.589100
2.544075
3.495675
3.595025
7.459825
7.678350
8.722100
9.447050
9.463700
9.843925
9.874225
10.053625
10.301800
10.486850
10.937875
11.275000
11.278050
11.369625
12.606750
13.796300
14.032000
14.629325
14.805100
14.960850
15.243525
15.840125
17.081525
17.275450
17.467850
17.687475
18.754475
19.524175
19.700125
20.587400
21.316650
21.366675
21.474000
21.643525
21.817125
21.839050
21.866850
21.879250
22.379475
22.998400
23.092375
23.114900
23.818425
24.340875
24.710425
25.066125
25.564400
26.822850
28.754350
29.019050
29.357850
30.264050
30.926775
31.489475
31.744375
32.547575
33.996600
34.121575
35.093250
35.126525
35.479275
65
