1.131225
1.131775
2.643025
2.706625
2.870775
2.942475
3.322975
3.712950
4.067175
4.168725
4.922550
5.080950
5.121650
5.736875
5.795175
5.854950
6.384600
7.002275
7.976850
8.515925
8.569675
8.691475
9.052575
9.810575
9.849575
9.869775
12.257175
12.328025
12.344900
12.456975
13.037200
13.369250
13.889775
14.340025
14.439875
14.624600
14.801525
14.955225
15.569600
15.577350
18.303475
18.305575
19.238600
19.448625
20.196725
20.616125
20.637175
20.676100
20.870200
21.906825
22.047775
22.123025
22.946225
24.284925
24.469975
24.883475
24.888450
25.739825
26.102600
26.554475
26.607250
26.702550
26.730850
26.752925
27.319725
27.416850
28.579425
28.681925
28.709800
29.049675
29.274100
30.190200
30.195300
32.532175
32.579475
32.621525
32.676950
32.683875
33.076800
33.605550
33.712300
34.084375
34.410900
34.706175
34.724475
34.949325
35.236775
35.514275
88
