0.322925
0.366000
1.548250
2.027975
2.145500
2.645875
2.779525
2.928825
3.663650
3.850675
3.854650
3.868425
4.512450
4.520575
4.822225
5.589600
5.926975
6.677000
6.934650
7.258800
7.381825
7.463075
7.516300
8.397175
8.656075
8.671000
9.546775
9.642250
10.294350
10.596300
10.912525
10.915150
11.299575
11.755650
12.281225
12.892875
13.567500
14.757275
15.474275
15.687350
15.854375
15.875675
15.953575
16.062350
16.095575
16.423875
16.752800
17.053475
17.117400
17.572325
17.768000
17.775225
18.291300
19.225750
19.749125
20.664750
20.687325
20.791850
21.619525
21.866450
21.892325
22.701800
22.932200
22.961975
23.145400
23.209575
23.412750
23.643275
25.406275
25.640050
26.669725
26.866750
26.897200
27.694300
28.144750
28.400800
28.805550
29.058225
29.325175
29.387825
29.467525
29.620625
30.536775
31.078600
31.127225
31.437100
31.463250
31.743600
31.913575
31.933175
32.750275
33.060075
33.736150
33.892150
33.995975
34.035825
34.043825
34.482175
35.032300
35.040950
35.065475
35.583475
35.852425
103
