0.211125
0.239125
0.592050
1.277925
1.308675
1.418425
1.472775
2.427775
2.504525
3.760500
3.867325
5.022400
5.096575
5.166625
5.389000
5.698275
6.211175
6.216525
6.222400
7.420175
7.920725
8.588225
8.625950
8.709350
8.873100
9.647925
9.837500
10.867500
11.077475
11.148125
11.200600
11.380200
12.360675
12.364950
12.498350
12.580000
13.095925
13.381500
13.475750
14.042400
14.642275
15.614900
16.367150
16.586775
16.614650
16.617575
16.791000
17.098075
17.139050
18.278100
18.303175
18.308925
18.333575
18.502825
18.587200
19.301575
19.471625
19.716125
20.635675
20.665875
21.096225
21.240075
21.600100
22.414375
22.432550
22.731525
23.044250
23.125450
23.205775
23.621725
24.259425
24.567050
25.381100
25.436150
25.973850
26.697700
26.703275
26.757450
27.061075
27.852775
27.971425
28.053575
28.917700
29.122225
29.204075
29.913250
30.138975
30.246375
30.342975
31.240200
31.585800
31.859050
32.611800
32.725125
32.797475
32.807175
33.784925
33.786875
33.894900
33.907050
33.986350
35.211450
102
