0.273125
0.325475
0.409675
1.514775
1.898700
2.587600
2.630975
2.745975
2.770650
2.994225
3.110325
4.140550
4.187425
4.517150
4.563550
4.801700
4.890725
5.100200
5.306575
5.633125
6.022075
6.248625
6.257125
7.195850
7.464275
7.468375
8.336100
8.585725
8.628900
8.675075
8.679000
8.769525
8.823450
9.726850
9.864950
9.990575
10.062425
10.483425
10.692550
10.910475
11.127925
11.299575
11.888100
12.257875
12.263875
12.535575
12.661025
13.177375
13.574675
14.613875
14.702750
14.707075
14.720700
14.969075
15.129775
15.378875
15.821200
15.872775
16.020725
16.453275
16.800200
16.880150
17.060100
17.845375
19.580350
20.640675
20.686925
20.694950
20.826975
21.032325
21.338775
21.670325
22.057950
22.871200
23.131400
23.151025
23.160650
23.427325
23.927375
24.265475
24.303975
25.530650
26.576250
27.169250
27.810550
27.851500
27.986850
28.050100
29.017375
29.041950
30.034300
30.336500
30.387725
30.782900
31.486175
31.524825
31.567425
32.643300
32.676850
33.339700
33.838225
33.962000
34.068725
34.776225
34.969750
35.287625
35.674300
107
