0.258500
0.468225
0.942300
1.307275
1.703200
1.864800
2.318975
2.535750
2.613925
2.763925
4.563875
5.067625
6.103900
6.136300
6.255450
6.401500
7.446450
7.688575
7.720925
7.721575
9.886175
10.137450
10.260775
11.347250
11.712250
13.150800
13.265575
13.475350
14.428725
15.214050
15.830150
17.019225
17.145225
17.592850
18.223025
18.289300
19.473550
19.893875
20.641325
21.101850
21.295775
21.496725
21.661875
21.846775
21.857950
21.888575
21.969975
22.378375
23.034475
23.750150
24.514000
25.005050
25.483625
25.499025
26.662625
26.711375
26.725900
26.979475
27.145625
27.401725
28.688825
28.758800
28.767050
28.974650
29.124200
29.854525
30.252800
30.493350
30.533825
30.666425
30.879900
31.093525
31.789875
32.070175
32.084925
32.713125
33.547775
33.814050
35.034050
35.044125
35.953925
81
