0.242450
0.294525
0.623025
1.306150
1.712525
1.831475
2.658725
2.662325
3.118950
3.219700
3.475225
3.783150
3.857500
4.139050
5.310000
5.478525
6.467000
7.336700
7.379275
7.973100
8.698725
8.944025
9.108250
9.512325
10.056250
10.555550
11.022150
11.764125
11.841750
12.259750
12.341725
12.344075
12.352150
12.587700
12.715125
13.261200
13.446900
13.457775
13.468650
13.528550
14.057850
14.167325
14.245950
14.329325
14.575400
14.664900
14.693250
14.719950
15.893075
16.448025
16.657475
17.006625
17.987025
18.265475
19.178900
19.373825
19.523500
19.881800
20.695875
20.763175
23.062325
24.352525
26.560450
26.751425
26.787525
27.789425
27.865500
29.281600
29.737650
30.225800
30.268925
30.422750
30.632975
31.400225
31.400675
31.693775
31.837575
32.063575
33.647375
34.399575
80
