0.244450
0.269650
1.444000
1.600275
1.713075
1.846875
1.904850
3.668550
3.762100
3.861725
3.969275
3.983525
5.039675
5.051175
5.141450
5.867100
5.890675
6.217800
6.247425
6.257450
6.347950
6.380725
7.077900
7.460475
7.544350
8.169625
8.311125
8.609825
8.725900
8.813800
9.082150
9.095425
9.919025
10.544525
10.631900
11.053400
11.133950
12.278900
12.377275
12.424175
13.943025
14.779150
15.084300
15.109000
15.378550
15.407075
16.713750
17.722800
18.258900
18.276200
18.685125
19.151125
19.456400
19.491825
19.679675
19.860250
20.774800
20.785250
21.169325
21.958600
24.104200
24.245300
24.292150
24.354350
24.363150
25.653200
25.866975
26.662125
26.694600
27.617525
27.966975
28.037525
28.123125
28.214600
29.039950
29.052175
29.254250
29.613225
30.116050
30.857600
31.280225
31.470000
31.479050
31.494000
31.588675
31.638725
31.803425
32.621875
32.695950
33.202650
33.241050
33.394525
34.123075
34.563325
34.787150
35.052925
35.058225
35.062475
35.394075
35.588725
35.969450
101
