0.209975
0.348250
0.415750
1.059525
2.963425
3.861275
4.176075
4.226200
4.592450
4.866125
5.132800
5.382125
5.879450
5.893400
5.908575
6.216675
6.225275
6.329025
6.888325
7.370525
7.533900
7.731625
8.725125
9.068075
9.395075
9.573125
9.702225
9.848300
9.891225
9.946800
11.122675
12.261650
12.559725
13.570750
14.671525
15.030950
16.339300
16.529875
16.888650
17.016375
17.247100
17.434700
19.213150
19.426250
19.486200
19.558525
20.589150
20.671325
21.882525
22.768825
23.096450
23.140775
25.554325
26.699525
27.602575
27.844900
27.872475
27.878225
28.025000
29.068800
29.142525
30.564200
30.816150
31.059100
31.343425
31.416925
31.509450
31.597550
32.648750
32.653100
32.678050
32.811075
33.866150
33.883925
33.916250
33.923525
34.521950
34.910350
35.560075
79
