0.162325
0.169600
0.227125
0.246025
0.272175
0.662475
0.887325
1.449975
1.523525
1.543875
2.371625
2.640550
2.647650
2.694150
2.748700
2.766675
2.794300
2.886325
2.995425
3.423850
4.871925
5.317325
5.399250
6.235500
6.321700
6.503650
6.692475
7.469225
7.777450
7.795025
8.477250
8.648050
8.747625
8.796875
9.352825
9.353225
9.832550
10.155650
10.275900
11.006200
11.172100
12.015825
12.123700
12.381000
12.424175
13.119125
14.169375
14.650850
14.899500
16.209625
16.616025
17.045425
17.187075
17.199575
17.310600
18.220400
18.566850
19.240325
19.242750
19.388075
19.567975
20.449375
20.645525
20.696525
21.124250
21.258650
21.876600
21.918950
22.370675
23.046450
23.774775
24.253950
24.256975
24.271675
24.953800
26.366675
26.473000
26.715925
27.257950
27.317100
28.351750
29.148775
29.153425
29.220925
29.364800
29.512625
30.319175
30.456750
30.549400
31.131300
31.281925
31.295625
31.479725
32.692375
33.369700
33.408000
33.654250
33.723500
34.315125
34.601700
34.898525
35.120850
35.217475
35.284400
104
