0.340000
1.284200
1.958250
2.503375
2.621150
2.741975
3.853875
3.958875
4.594925
4.630125
4.802350
5.048400
5.052225
5.055450
5.375000
6.244950
6.267950
6.332200
6.351025
6.530400
6.926550
7.464000
7.474400
7.474975
7.844925
7.920050
8.651175
8.774850
9.823175
9.860300
10.474925
10.604825
10.845725
11.039650
11.066025
11.079875
11.168375
11.568675
12.280900
12.415250
12.551525
13.211425
13.544175
14.760200
14.776850
15.802675
15.837075
16.851525
16.899800
17.036075
17.044250
17.094825
17.113900
17.307250
18.317725
18.368350
18.507000
19.442875
19.676775
20.536925
20.586875
20.835775
21.174650
21.861725
21.874275
21.938200
21.958050
22.007625
22.066900
22.157875
22.486725
22.943825
23.017050
23.167775
23.315475
23.993075
24.395275
25.428050
25.439750
25.457350
25.528950
26.065925
26.450650
26.566250
26.760425
27.166575
27.406175
27.503175
28.059225
28.181575
29.077125
29.115800
29.138250
29.181575
29.512500
30.403100
31.364000
31.451700
31.452175
31.482875
32.914500
33.871200
34.019625
34.741450
35.075800
35.514075
35.567800
107
