0.084975
0.136650
0.441150
0.615200
1.290200
1.455475
1.487050
2.314050
2.821275
2.921825
2.944475
3.602175
3.883975
4.287325
4.291525
4.330150
5.179050
5.466375
6.313425
6.368425
7.224350
7.702800
8.127150
8.975225
9.719275
10.172450
10.768825
11.040750
11.104875
11.208500
11.789625
12.816950
12.982625
13.260425
13.746050
14.070850
15.484125
15.842025
15.872450
15.878175
15.902350
16.016725
16.075150
16.574225
16.665700
17.434350
18.274825
18.632075
19.673475
20.943800
21.312650
21.554600
21.841750
21.860025
21.913100
21.930750
21.962250
22.894250
23.550250
23.834750
24.230350
25.196100
25.496675
25.552200
27.792950
27.847450
28.428300
29.080975
29.136200
30.272550
30.504200
31.763800
31.797550
32.406950
32.621075
32.735775
33.436250
33.849700
33.882050
34.429100
34.848650
35.039200
35.554700
35.609200
84
