0.290850
1.382075
1.383000
1.472075
1.534500
1.741725
1.768200
1.964575
2.088700
2.211025
2.471950
2.648425
2.714475
2.751175
2.785600
3.297800
3.880375
3.967025
5.009650
5.089550
5.089600
5.090525
5.295275
6.096175
7.495550
8.303700
8.305000
8.665525
9.646200
9.865900
9.868925
10.412225
10.926625
11.052925
11.057700
11.071850
11.202975
11.982125
13.772800
14.154500
14.275050
14.351650
14.706700
15.420950
15.615500
15.911650
16.336625
17.036050
17.116150
17.185275
17.273150
18.091225
18.245650
18.311575
18.313450
18.640100
18.659700
19.492450
19.540450
19.572200
20.811000
21.706050
21.937500
21.939000
22.993275
23.012450
23.317700
23.487800
24.313175
24.350050
25.470550
25.538025
26.153375
26.249000
26.658925
26.662200
27.865150
27.967625
28.004350
29.045250
29.060575
29.321375
30.434825
30.535000
30.705150
31.047175
31.396250
31.469225
31.772175
31.867175
31.907825
32.116050
32.278250
32.392500
32.674600
32.679625
34.338300
34.585225
34.879375
35.060400
35.071625
35.273850
35.392675
35.402525
35.580950
35.600050
106
