0.318675
1.094475
1.434525
1.490350
1.825250
1.877125
2.246450
2.623100
3.067375
3.877575
4.875150
5.296675
5.597450
5.999550
6.310850
6.881000
6.953425
7.469250
7.473325
7.501100
8.548425
8.630750
8.724625
9.081500
9.892875
10.357250
11.007075
11.063125
12.246075
12.288825
13.257550
13.446775
13.454300
13.478850
13.540675
14.656150
14.942450
15.267175
15.777875
15.840050
15.844200
15.974975
16.714675
18.196025
18.351025
18.388125
18.496350
18.550425
18.779800
19.435975
19.557675
19.610375
21.257425
21.735250
21.761250
21.893675
21.951950
21.974350
23.053075
23.057875
23.102800
23.165375
23.359200
24.040400
24.193650
24.259950
24.275400
24.318025
24.338200
24.391125
24.756675
25.464850
25.508875
25.757025
26.437400
26.803600
27.255975
27.722750
27.827200
27.935800
28.095200
28.670900
28.828200
29.014800
29.152225
29.250150
29.564425
30.190025
30.377625
30.603725
30.767150
30.930550
31.142025
31.181475
31.424950
31.583775
32.664650
32.685050
32.689775
34.735600
100
