0.110850
1.462475
1.514500
1.514825
2.636250
2.885750
3.851550
3.929550
3.939675
4.834775
5.063875
5.127000
5.172175
5.390550
5.471725
5.713125
5.971575
6.605900
7.458225
7.736150
8.070125
8.182725
8.750325
8.806875
9.161850
9.393950
9.848775
9.901300
10.111625
10.422400
10.964375
11.040425
11.277650
11.316050
13.110475
13.346825
13.436975
13.437925
13.452525
13.502875
14.220775
14.860750
15.233900
15.606725
16.175300
17.051575
17.627825
17.991575
18.211425
18.253300
18.751025
19.353550
19.378450
19.540550
20.832975
20.879075
21.679350
21.814925
22.170800
22.512525
22.667675
23.151725
23.158850
23.238775
23.620925
24.294825
24.492050
24.875425
25.086700
25.142700
25.280625
26.593325
26.680475
26.774650
27.049100
27.869425
27.889025
27.903025
29.106525
29.123475
29.583425
29.785500
30.217550
30.369075
30.477525
31.438050
31.460225
31.559350
32.145575
32.653900
32.760725
33.715075
33.847025
34.321175
34.590325
35.200800
35.541650
97
